2.721781637292424421e+02 2.319652205647770860e+00
2.701170197786438507e+02 6.539450442772263727e+00
2.680558758280452025e+02 6.182714320722408452e+00
2.659947318774466112e+02 5.574904828257711387e+00
2.639335879268479061e+02 6.485495043997890896e+00
2.618724439762493148e+02 7.246416668003822892e+00
2.598113000256506666e+02 7.141267996922785244e+00
2.577501560750520184e+02 6.911580666129117034e+00
2.556890121244533702e+02 7.098817888345417160e+00
2.536278681738547220e+02 8.424824483235354933e+00
2.515667242232560739e+02 6.039035855418867449e+00
2.495055802726574541e+02 7.198940257078019656e+00
2.474444363220587775e+02 8.412295117539530409e+00
2.453832923714601577e+02 8.498952923600631593e+00
2.433221484208615095e+02 6.515833604924791800e+00
2.412610044702628898e+02 9.832828748909534511e+00
2.391998605196642416e+02 1.052191711540038455e+01
2.371387165690655934e+02 7.984450600750824023e+00
2.350775726184669452e+02 8.699143840429044872e+00
2.330164286678683254e+02 9.267517497434225149e+00
2.309552847172696772e+02 8.773557468940790471e+00
2.288941407666710290e+02 9.253843748963015869e+00
2.268329968160723809e+02 9.042425821078605708e+00
2.247718528654737611e+02 6.163010130574502199e+00
2.227107089148751129e+02 6.302098206513268686e+00
2.206495649642764931e+02 6.948527421621134792e+00
2.185884210136778165e+02 8.313093819716884880e+00
2.165272770630791968e+02 7.384548332447001151e+00
2.144661331124805486e+02 7.895152844425732397e+00
2.124049891618819004e+02 9.659622230895465123e+00
2.103438452112832806e+02 8.892098616304700442e+00
2.082827012606846040e+02 9.486813490882632038e+00
2.062215573100859842e+02 7.625445836457356741e+00
2.041604133594873360e+02 8.802574715226873181e+00
2.020992694088887163e+02 8.861948399609619997e+00
2.000381254582900681e+02 6.177965016869388926e+00
1.979769815076914199e+02 8.383867976416892631e+00
1.959158375570927717e+02 7.784402507576120733e+00
1.938546936064941519e+02 8.937515098406004554e+00
1.917935496558955037e+02 7.627342658395174446e+00
1.897324057052968556e+02 6.677349972203938222e+00
1.876712617546982074e+02 6.753777859591906463e+00
1.856101178040995876e+02 8.186929100471656895e+00
1.835489738535009394e+02 1.070241475719095448e+01
1.814878299029023196e+02 9.991288971357214166e+00
1.794266859523036430e+02 1.072132434630009534e+01
1.773655420017050233e+02 8.483926952117881726e+00
1.753043980511063751e+02 6.913929967988384995e+00
1.732432541005077269e+02 7.529379565050454026e+00
1.711821101499091071e+02 7.379589306212711364e+00
1.691209661993104305e+02 8.061283956478332513e+00
1.670598222487118107e+02 7.452630089669300517e+00
1.649986782981131626e+02 9.512774784965072783e+00
1.629375343475145428e+02 1.004573596237563038e+01
1.608763903969158662e+02 8.094280553867616135e+00
1.588152464463172464e+02 1.016917575515619632e+01
1.567541024957185982e+02 8.534624185388551609e+00
1.546929585451199785e+02 7.151568398039339414e+00
1.526318145945213303e+02 8.338896161428310805e+00
1.505706706439226821e+02 8.144969380360340239e+00
1.485095266933240339e+02 8.111506386166926319e+00
1.464483827427254141e+02 7.421905585088588886e+00
1.443872387921267659e+02 1.100680518311246203e+01
1.423260948415281462e+02 5.571380168951332479e+00
1.402649508909294696e+02 7.324671638768317727e+00
1.382038069403308498e+02 5.872275204927812631e+00
1.361426629897322016e+02 7.237997506870137876e+00
1.340815190391335534e+02 9.233279377689555645e+00
1.320203750885349052e+02 9.830148756786094566e+00
1.299592311379362854e+02 1.087217932627685713e+01
1.278980871873376373e+02 7.705755403101789192e+00
1.258369432367390033e+02 7.688615923603020263e+00
1.237757992861403551e+02 7.315443524862512703e+00
1.217146553355417211e+02 8.471771939040603883e+00
1.196535113849430729e+02 9.314314869947795117e+00
1.175923674343444247e+02 6.946505821093911237e+00
1.155312234837457908e+02 9.669960037707800993e+00
1.134700795331471426e+02 8.893183380818925343e+00
1.114089355825485086e+02 1.107089160007224926e+01
1.093477916319498604e+02 9.849753739775382044e+00
1.072866476813512264e+02 8.971429005915306121e+00
1.052255037307525782e+02 1.021092931379688018e+01
1.031643597801539443e+02 8.036000599816228274e+00
1.011032158295553103e+02 8.468424987908388601e+00
9.904207187895666209e+01 1.040092411306082987e+01
9.698092792835802811e+01 7.291665573204817008e+00
9.491978397775937992e+01 9.815858683101229332e+00
9.285864002716074594e+01 7.821809714268621150e+00
9.079749607656209776e+01 1.008033492178181412e+01
8.873635212596346378e+01 7.484496429418768138e+00
8.667520817536482980e+01 8.305892515628162442e+00
8.461406422476618161e+01 8.555127798763329849e+00
8.255292027416754763e+01 5.333897432803389904e+00
8.049177632356889944e+01 8.101528084698571774e+00
7.843063237297025125e+01 8.053487479045189801e+00
7.636948842237160306e+01 8.002752613794713810e+00
7.430834447177296909e+01 5.900155168250321935e+00
7.224720052117433511e+01 6.367315359730623570e+00
7.018605657057568692e+01 8.310327386788193493e+00
6.812491261997705294e+01 6.280769156828285738e+00
6.606376866937840475e+01 9.386478134504187665e+00
6.400262471877977077e+01 9.984285534813924556e+00
6.194148076818112969e+01 1.063596784661680772e+01
5.988033681758248861e+01 7.336530992303421428e+00
5.781919286698384752e+01 8.034908169032432212e+00
5.575804891638520644e+01 7.638650914790635404e+00
5.369690496578657246e+01 7.973343903697063695e+00
5.163576101518793138e+01 7.760973709808284937e+00
4.957461706458928319e+01 8.313968017239309560e+00
4.751347311399063500e+01 8.180910036131102459e+00
4.545232916339199392e+01 1.003192776617598447e+01
4.339118521279335994e+01 6.674469244521524125e+00
4.133004126219471885e+01 8.560770769487138665e+00
3.926889731159607777e+01 1.288993113810188973e+01
3.720775336099743669e+01 1.276636973888379600e+01
3.514660941039879560e+01 1.249412007148202441e+01
3.308546545980015452e+01 1.071583495202217229e+01
3.102432150920151344e+01 1.576049227078821247e+01
2.896317755860287235e+01 1.593498618177025783e+01
2.690203360800423482e+01 2.045939304218694232e+01
2.484088965740559019e+01 2.349042928942155939e+01
2.277974570680694910e+01 2.626110834394011562e+01
2.071860175620830802e+01 2.928369117059836313e+01
1.865745780560967049e+01 2.928017476114774098e+01
1.659631385501102585e+01 3.030660196468422285e+01
1.453516990441238654e+01 2.764348870320939255e+01
1.247402595381374546e+01 3.000728040485979164e+01
1.041288200321510793e+01 3.742015530076844954e+01
8.351738052616465069e+00 4.420612735254562153e+01
6.290594102017825762e+00 6.104554305201322961e+01
4.229450151419183790e+00 6.904027403988754941e+01
2.168306200820543150e+00 7.215103317252798831e+01
1.071622502219021916e-01 6.238947077330690405e+01
-1.953981700376738795e+00 4.430921845414423643e+01
-4.015125650975379656e+00 3.002590024693321880e+01
-6.076269601574020740e+00 1.938657046229135616e+01
-8.137413552172660047e+00 1.555247797470974902e+01
-1.019855750277130113e+01 1.245483352996679827e+01
-1.225970145336994221e+01 1.202133718730563849e+01
-1.432084540396858507e+01 1.162586333761662516e+01
-1.638198935456722438e+01 1.011115479510647752e+01
-1.844313330516586547e+01 5.884337360934323691e+00
-2.050427725576450655e+01 9.969513091004806427e+00
-2.256542120636314763e+01 6.578557536191309119e+00
-2.462656515696178872e+01 8.430421281706470538e+00
-2.668770910756042980e+01 7.544528367483771092e+00
-2.874885305815906733e+01 6.000866301063556563e+00
-3.080999700875770841e+01 7.420134501431672192e+00
-3.287114095935635305e+01 7.388544960748410162e+00
-3.493228490995499413e+01 6.450896557039003554e+00
-3.699342886055363522e+01 5.964517864629829802e+00
-3.905457281115226920e+01 5.970259651526450106e+00
-4.111571676175091028e+01 3.960581055393247674e+00
-4.317686071234955136e+01 3.778816460551996048e+00
-4.523800466294819245e+01 7.420981152165635919e+00
-4.729914861354684064e+01 3.016710590002458225e+00
-4.936029256414548172e+01 4.784129755787573046e+00
-5.142143651474411570e+01 3.202686025003198100e+00
-5.348258046534275678e+01 6.673833663336755428e+00
-5.554372441594139076e+01 3.971936847054988284e+00
-5.760486836654003184e+01 5.627663061064996697e+00
-5.966601231713867293e+01 7.480692460090518026e+00
-6.172715626773731401e+01 3.712883029572412674e+00
-6.378830021833595509e+01 3.485767102564552911e+00
-6.584944416893459618e+01 2.762609041548968136e+00
-6.791058811953323016e+01 3.770182254054533555e+00
-6.997173207013187834e+01 5.050972820419119103e+00
-7.203287602073051232e+01 2.375062528338753864e+00
-7.409401997132916051e+01 4.896569820028942921e+00
-7.615516392192780870e+01 6.402538470146730276e+00
-7.821630787252644268e+01 4.160233980525961606e+00
-8.027745182312509087e+01 4.269186463856720515e+00
-8.233859577372372485e+01 2.823456955544032976e+00
-8.439973972432237304e+01 2.611202165107980644e+00
-8.646088367492100701e+01 4.384216415455726157e+00
-8.852202762551965520e+01 4.443878060908099670e+00
-9.058317157611828918e+01 3.041729757995978556e+00
-9.264431552671692316e+01 2.087438365184430378e+00
-9.470545947731557135e+01 3.007987367968457448e+00
-9.676660342791420533e+01 3.073886199298733857e+00
-9.882774737851285352e+01 3.747792280264563125e+00
-1.008888913291114875e+02 2.154693372061263101e+00
-1.029500352797101357e+02 4.435972538191360393e+00
-1.050111792303087697e+02 4.847844925114180192e+00
-1.070723231809074036e+02 1.818904891619727460e+00
-1.091334671315060518e+02 2.258732609601420638e+00
-1.111946110821046858e+02 3.564039113426364036e+00
-1.132557550327033340e+02 1.874037788847844554e+00
-1.153168989833019822e+02 3.434752191397640875e+00
-1.173780429339006304e+02 1.425648733420181502e+00
-1.194391868844992644e+02 2.681806356653859247e+00
-1.215003308350978983e+02 2.903145643293596034e+00
-1.235614747856965465e+02 2.615053697693578094e+00
-1.256226187362951805e+02 4.133471591432587466e+00
-1.276837626868938287e+02 3.527496954214315750e+00
-1.297449066374924485e+02 1.689918056188865814e+00
-1.318060505880910966e+02 5.351840552093866110e-01
-1.338671945386897448e+02 3.655005908754764832e+00
-1.359283384892883930e+02 1.668981987475820716e+00
-1.379894824398870128e+02 1.694332209038177606e+00
-1.400506263904856894e+02 2.623093018348988448e+00
-1.421117703410843092e+02 3.169284551062733879e+00
-1.441729142916829574e+02 2.712726079837775028e+00
-1.462340582422815771e+02 1.416642768429417165e+00
-1.482952021928802253e+02 1.685768722182686696e+00
-1.503563461434788735e+02 2.654729164581539624e+00
-1.524174900940775217e+02 1.961392114690772903e+00
-1.544786340446761415e+02 1.147973797445086319e+00
-1.565397779952747896e+02 2.250834125737333213e-01
-1.586009219458734378e+02 2.412320819609066747e-01
-1.606620658964720860e+02 1.498028111057684963e+00
-1.627232098470707058e+02 2.611224184121133440e+00
-1.647843537976693540e+02 2.459872052914524154e+00
-1.668454977482679737e+02 2.876400173315677211e+00
-1.689066416988666504e+02 -1.460083337617434640e-01
-1.709677856494652701e+02 7.568649352854870394e-01
-1.730289296000639183e+02 1.890562907921869096e+00
-1.750900735506625665e+02 6.951475991577565905e-01
-1.771512175012611863e+02 1.999868562286210238e+00
-1.792123614518598629e+02 2.383032392696384505e-01
-1.812735054024584826e+02 9.697056264547944116e-01
-1.833346493530571308e+02 1.694493285255374682e+00
-1.853957933036557506e+02 4.098539394220114263e-01
-1.874569372542543988e+02 2.415426533343492943e-01
-1.895180812048530470e+02 1.418870919046594015e+00
-1.915792251554516952e+02 1.578398489782316672e+00
-1.936403691060503149e+02 1.962195322128537311e+00
-1.957015130566489631e+02 2.009519641941092338e+00
-1.977626570072476113e+02 2.533471690157290901e+00
-1.998238009578462595e+02 1.554851854458881411e+00
-2.018849449084448793e+02 1.739951678485329944e+00
-2.039460888590435275e+02 1.538914304378661058e+00
-2.060072328096421472e+02 -9.763279400239384120e-01
-2.080683767602408238e+02 2.572854018099235418e+00
-2.101295207108394436e+02 1.395029919082664494e+00
-2.121906646614380918e+02 1.169543528825681244e+00
-2.142518086120367400e+02 -5.332266473925404426e-01
-2.163129525626353598e+02 1.688204372195696967e+00
-2.183740965132340364e+02 2.567478165743054319e+00
-2.204352404638326561e+02 1.412469096392834134e+00
-2.224963844144313043e+02 1.757664017228520281e+00
-2.245575283650299241e+02 1.528542096619807777e+00
-2.266186723156286007e+02 3.555095207351183451e+00
-2.286798162662272205e+02 2.796753576310022638e+00
-2.307409602168258687e+02 3.208886096466422977e+00
-2.328021041674244884e+02 1.180102035967411256e+00
-2.348632481180231366e+02 1.291775620852113171e+00
-2.369243920686217848e+02 1.520501886660877489e+00
-2.389855360192204330e+02 2.919794520246096425e+00
-2.410466799698190528e+02 -4.396517100024371349e-01
-2.431078239204177009e+02 2.132262175623035549e+00
-2.451689678710163207e+02 1.649805164033112836e+00
-2.472301118216149973e+02 3.104303749318387151e+00
-2.492912557722136455e+02 4.846234192331527524e+00
-2.513523997228122653e+02 3.781641337804030112e+00
-2.534135436734109135e+02 6.429681863076549320e+00
