2.664899475442130665e+02 -6.044066970329881272e+00
2.644288035936144183e+02 -1.134508323103549898e+01
2.623676596430157701e+02 -8.937192166120997427e+00
2.603065156924171220e+02 -1.336997175936693694e+01
2.582453717418185306e+02 -1.347050364829070013e+01
2.561842277912198824e+02 -1.283970544206434461e+01
2.541230838406212342e+02 -1.040410049355044464e+01
2.520619398900225576e+02 -1.305021628249798660e+01
2.500007959394239379e+02 -1.357411903218962479e+01
2.479396519888252897e+02 -1.378736815851978648e+01
2.458785080382266699e+02 -1.104413616484356808e+01
2.438173640876280217e+02 -1.318148900111157928e+01
2.417562201370293735e+02 -1.201823860658229925e+01
2.396950761864307253e+02 -1.084109671062057956e+01
2.376339322358321056e+02 -1.352001884322725900e+01
2.355727882852334574e+02 -1.389512609399386811e+01
2.335116443346348092e+02 -1.310852308646904163e+01
2.314505003840361610e+02 -1.519687065542177073e+01
2.293893564334375412e+02 -1.215437578234185345e+01
2.273282124828388930e+02 -1.240746003542203546e+01
2.252670685322402733e+02 -1.435144733967649167e+01
2.232059245816415967e+02 -1.037911338235742953e+01
2.211447806310429769e+02 -1.122167183710463512e+01
2.190836366804443287e+02 -1.028083656793706702e+01
2.170224927298456805e+02 -1.482424960811670367e+01
2.149613487792470607e+02 -1.285360276635278076e+01
2.129002048286483841e+02 -1.362222199378239118e+01
2.108390608780497644e+02 -1.152029375240322651e+01
2.087779169274511162e+02 -1.206317574231224654e+01
2.067167729768524964e+02 -1.287767643022755237e+01
2.046556290262538198e+02 -1.160858370855384081e+01
2.025944850756552000e+02 -1.314952137121368736e+01
2.005333411250565518e+02 -1.371334528209267845e+01
1.984721971744579321e+02 -1.133567430871888781e+01
1.964110532238592555e+02 -1.481514597000638211e+01
1.943499092732606357e+02 -1.317665169712098283e+01
1.922887653226619591e+02 -9.792234130491275224e+00
1.902276213720633393e+02 -1.338310237657660373e+01
1.881664774214646911e+02 -1.261781398048633029e+01
1.861053334708660714e+02 -1.088872338994091749e+01
1.840441895202674232e+02 -1.244329045578165527e+01
1.819830455696687466e+02 -1.221152471860598965e+01
1.799219016190701268e+02 -1.252310216355398431e+01
1.778607576684714786e+02 -1.053947682317522805e+01
1.757996137178728588e+02 -1.075252977924034603e+01
1.737384697672742107e+02 -1.176011452412782710e+01
1.716773258166755625e+02 -1.086794209681372614e+01
1.696161818660769143e+02 -1.224122076547562088e+01
1.675550379154782945e+02 -1.212705442350217311e+01
1.654938939648796463e+02 -1.112616442899853908e+01
1.634327500142809981e+02 -9.920136736870226457e+00
1.613716060636823499e+02 -1.158854750872385075e+01
1.593104621130837302e+02 -1.159770002049424420e+01
1.572493181624850820e+02 -1.211782460320223187e+01
1.551881742118864622e+02 -1.085547521947499483e+01
1.531270302612877856e+02 -9.434917240843908814e+00
1.510658863106891658e+02 -1.187044229950377883e+01
1.490047423600905176e+02 -1.191003624224758894e+01
1.469435984094918979e+02 -1.018658490152919072e+01
1.448824544588932497e+02 -1.362198927638297086e+01
1.428213105082945731e+02 -1.199902298428058778e+01
1.407601665576959533e+02 -1.167377657514909650e+01
1.386990226070973051e+02 -1.010235753882719933e+01
1.366378786564986854e+02 -8.867526516251027502e+00
1.345767347059000372e+02 -1.224631785798753825e+01
1.325155907553013890e+02 -1.170594016246729474e+01
1.304544468047027408e+02 -1.070357936841632451e+01
1.283933028541041210e+02 -8.999743576344428675e+00
1.263321589035054728e+02 -9.559143302916362828e+00
1.242710149529068389e+02 -8.658332542865961656e+00
1.222098710023081765e+02 -1.146139577376794705e+01
1.201487270517095425e+02 -1.033914156927669836e+01
1.180875831011109085e+02 -1.224311855127115223e+01
1.160264391505122603e+02 -1.055238183419899833e+01
1.139652951999136263e+02 -9.392489609942668238e+00
1.119041512493149781e+02 -1.005089086235902940e+01
1.098430072987163442e+02 -1.138036246164482357e+01
1.077818633481176960e+02 -8.324794463804531475e+00
1.057207193975190620e+02 -9.621638372685662688e+00
1.036595754469204280e+02 -9.612272788538193780e+00
1.015984314963217798e+02 -1.022551900651827950e+01
9.953728754572314585e+01 -8.070248576708126009e+00
9.747614359512449766e+01 -8.540251452606248961e+00
9.541499964452586369e+01 -9.252870774055375946e+00
9.335385569392721550e+01 -1.068057456033706565e+01
9.129271174332858152e+01 -1.087853959645955548e+01
8.923156779272994754e+01 -8.771485729025021882e+00
8.717042384213129935e+01 -9.066709386384992797e+00
8.510927989153266537e+01 -1.027984634231689398e+01
8.304813594093400297e+01 -1.322963435554193978e+01
8.098699199033536900e+01 -9.869475857756995651e+00
7.892584803973673502e+01 -1.140930331640624651e+01
7.686470408913808683e+01 -8.874431650023318241e+00
7.480356013853945285e+01 -8.867681228699892060e+00
7.274241618794080466e+01 -9.731292964017885794e+00
7.068127223734217068e+01 -8.569140945317530011e+00
6.862012828674352249e+01 -6.725827619416270053e+00
6.655898433614488852e+01 -8.885714416678316852e+00
6.449784038554624033e+01 -8.660197133073335607e+00
6.243669643494760635e+01 -8.972279517153191719e+00
6.037555248434896527e+01 -4.485975851839013373e+00
5.831440853375033129e+01 -5.908894076146766317e+00
5.625326458315169020e+01 -6.422224692036403226e+00
5.419212063255304201e+01 -5.304860554791696714e+00
5.213097668195440093e+01 -5.185842691158081941e+00
5.006983273135575985e+01 -4.302720024603893023e+00
4.800868878075712587e+01 -4.181176165458445837e+00
4.594754483015848479e+01 -4.102168233492164084e+00
4.388640087955984370e+01 -4.385322343154230751e+00
4.182525692896120262e+01 -3.345358082939799083e+00
3.976411297836256864e+01 -1.405971949987309566e+00
3.770296902776392756e+01 4.816589350773167189e-01
3.564182507716527937e+01 6.207676710316697433e-01
3.358068112656663828e+01 3.863656540741951417e+00
3.151953717596800075e+01 7.080172174342285629e+00
2.945839322536935967e+01 1.281545401695667863e+01
2.739724927477071859e+01 1.553150972379071959e+01
2.533610532417207750e+01 2.239520337514682780e+01
2.327496137357343642e+01 2.720832413484263768e+01
2.121381742297479178e+01 2.909326790619670788e+01
1.915267347237615070e+01 3.140010495036171179e+01
1.709152952177751317e+01 3.658321162097540480e+01
1.503038557117887208e+01 3.693212567586370909e+01
1.296924162058023100e+01 3.665790572138040204e+01
1.090809766998158992e+01 3.757760376740241526e+01
8.846953719382948833e+00 3.442658088776056502e+01
6.785809768784308638e+00 3.783176529059455362e+01
4.724665818185668442e+00 4.918448691331705902e+01
2.663521867587027359e+00 4.970408709744241804e+01
6.023779169883864970e-01 4.169235599376706602e+01
-1.458766033610254365e+00 3.005048042007354425e+01
-3.519909984208895004e+00 1.877979527031389395e+01
-5.581053934807535200e+00 1.229264338508175669e+01
-7.642197885406177171e+00 7.343533515427586700e+00
-9.703341836004819143e+00 4.874733621919147275e+00
-1.176448578660345845e+01 4.467803729808982105e+00
-1.382562973720209953e+01 2.621856655048284690e+00
-1.588677368780074062e+01 -4.980331884270191578e-01
-1.794791763839938170e+01 -2.493743277542986858e-01
-2.000906158899802278e+01 -1.901466992255752331e+00
-2.207020553959666387e+01 -2.954703455766200637e+00
-2.413134949019530140e+01 -4.296065653123299022e+00
-2.619249344079393893e+01 -5.310594093233018675e+00
-2.825363739139258357e+01 -4.040729728045450386e+00
-3.031478134199122465e+01 -5.649367758992423383e+00
-3.237592529258986218e+01 -6.984896237586511347e+00
-3.443706924318850326e+01 -6.258262256992964012e+00
-3.649821319378714435e+01 -5.711982308404252251e+00
-3.855935714438578543e+01 -7.066463915601630674e+00
-4.062050109498442652e+01 -6.469335946278210514e+00
-4.268164504558306760e+01 -5.503369536172599830e+00
-4.474278899618170868e+01 -8.754850842515935483e+00
-4.680393294678034977e+01 -6.645158516730622189e+00
-4.886507689737899085e+01 -1.110979039185568951e+01
-5.092622084797763904e+01 -9.661390956700719457e+00
-5.298736479857627302e+01 -1.030207224739833372e+01
-5.504850874917491410e+01 -9.152275051057237931e+00
-5.710965269977355518e+01 -9.432167287503441244e+00
-5.917079665037219627e+01 -7.008179208164682095e+00
-6.123194060097084446e+01 -9.567837450763839513e+00
-6.329308455156948554e+01 -9.599247309837929620e+00
-6.535422850216812662e+01 -7.221094249141534860e+00
-6.741537245276676060e+01 -9.950429350382457017e+00
-6.947651640336539458e+01 -7.671802602094111023e+00
-7.153766035396405698e+01 -9.286049598073272904e+00
-7.359880430456269096e+01 -5.713925613776265067e+00
-7.565994825516132494e+01 -8.188133210505254667e+00
-7.772109220575997313e+01 -9.015804627766030421e+00
-7.978223615635860710e+01 -8.266928295096153789e+00
-8.184338010695725529e+01 -6.528216175509886199e+00
-8.390452405755588927e+01 -6.809302662620903668e+00
-8.596566800815453746e+01 -9.616690576357827425e+00
-8.802681195875317144e+01 -8.512125251973831297e+00
-9.008795590935180542e+01 -8.670771223642924852e+00
-9.214909985995045361e+01 -1.145868290078797891e+01
-9.421024381054908758e+01 -6.175101947675163849e+00
-9.627138776114773577e+01 -9.420321724069506075e+00
-9.833253171174636975e+01 -8.133823340385552214e+00
-1.003936756623450179e+02 -9.922720713568836004e+00
-1.024548196129436519e+02 -1.015300857376928967e+01
-1.045159635635422859e+02 -8.444804364743230707e+00
-1.065771075141409341e+02 -8.115369269866450352e+00
-1.086382514647395681e+02 -5.647870088195106497e+00
-1.106993954153382305e+02 -8.219335401139590047e+00
-1.127605393659368644e+02 -9.495192412948227911e+00
-1.148216833165354984e+02 -8.526208316213010008e+00
-1.168828272671341466e+02 -7.837217801034442211e+00
-1.189439712177327806e+02 -7.713944558891162373e+00
-1.210051151683314288e+02 -6.456050331880858195e+00
-1.230662591189300628e+02 -9.066335160655306424e+00
-1.251274030695287109e+02 -6.975726803436162804e+00
-1.271885470201273449e+02 -8.514779034085906417e+00
-1.292496909707259931e+02 -5.852482504669129781e+00
-1.313108349213246413e+02 -8.941252212702602620e+00
-1.333719788719232611e+02 -7.899168651518942319e+00
-1.354331228225219093e+02 -8.087119891357424706e+00
-1.374942667731205574e+02 -1.099199289164214477e+01
-1.395554107237192056e+02 -1.091432706284468424e+01
-1.416165546743178254e+02 -7.334030159435277696e+00
-1.436776986249164736e+02 -7.466582713893233247e+00
-1.457388425755150934e+02 -7.228652700471473125e+00
-1.477999865261137700e+02 -8.191417013338305964e+00
-1.498611304767123897e+02 -8.647992319220117352e+00
-1.519222744273110379e+02 -7.453294898075971453e+00
-1.539834183779096577e+02 -7.153021583534621364e+00
-1.560445623285083059e+02 -8.391248827663778442e+00
-1.581057062791069541e+02 -8.979377147369119072e+00
-1.601668502297056023e+02 -8.244872173037405716e+00
-1.622279941803042220e+02 -7.216942016002430016e+00
-1.642891381309028702e+02 -8.972858645088209073e+00
-1.663502820815015468e+02 -7.761756070365895432e+00
-1.684114260321001666e+02 -9.081025086512342526e+00
-1.704725699826988148e+02 -8.249874067853925297e+00
-1.725337139332974346e+02 -9.377877662852629470e+00
-1.745948578838960827e+02 -8.273217031096521623e+00
-1.766560018344947309e+02 -9.749525813374772198e+00
-1.787171457850933791e+02 -8.957756324301691109e+00
-1.807782897356919989e+02 -8.479010978325439041e+00
-1.828394336862906471e+02 -7.673533452289083456e+00
-1.849005776368892668e+02 -9.170159283915809922e+00
-1.869617215874879435e+02 -7.881178382145497707e+00
-1.890228655380865632e+02 -9.807500894969368943e+00
-1.910840094886852114e+02 -7.704500172447937167e+00
-1.931451534392838312e+02 -7.809465046050940273e+00
-1.952062973898825078e+02 -7.511747038300848445e+00
-1.972674413404811276e+02 -6.203080122475312486e+00
-1.993285852910797473e+02 -6.931372672593308693e+00
-2.013897292416783671e+02 -1.104908712519724645e+01
-2.034508731922770437e+02 -1.064765933958504718e+01
-2.055120171428756635e+02 -6.978802427322678525e+00
-2.075731610934743117e+02 -7.450483976401445219e+00
-2.096343050440729598e+02 -7.692308050312511192e+00
-2.116954489946715796e+02 -7.969264185379268284e+00
-2.137565929452702562e+02 -1.049259653840925743e+01
-2.158177368958688760e+02 -1.094220510942074043e+01
-2.178788808464675242e+02 -1.147075731620681260e+01
-2.199400247970661439e+02 -9.423428601521107950e+00
-2.220011687476648206e+02 -6.879855094154076589e+00
-2.240623126982634403e+02 -8.754282819408054195e+00
-2.261234566488620885e+02 -6.734006365154703744e+00
-2.281846005994607083e+02 -7.873135153234804839e+00
-2.302457445500593565e+02 -6.903228503189161813e+00
-2.323068885006580047e+02 -6.900868688986594002e+00
-2.343680324512566528e+02 -9.106138756157241332e+00
-2.364291764018552726e+02 -8.868955368938383543e+00
-2.384903203524539208e+02 -9.605104062688695876e+00
-2.405514643030525406e+02 -9.008856471541056621e+00
-2.426126082536512172e+02 -8.449943488365441624e+00
-2.446737522042498370e+02 -1.033411128219412234e+01
-2.467348961548484851e+02 -1.003036778550275621e+01
-2.487960401054471333e+02 -8.344844951730802762e+00
-2.508571840560457815e+02 -8.633445768492798322e+00
-2.529183280066444297e+02 -8.851316610301143584e+00
-2.549794719572430495e+02 -1.233185359067847564e+01
-2.570406159078416977e+02 -8.918570847343310959e+00
-2.591017598584403459e+02 -1.249611740825361395e+01
