2.637336268260519319e+02 -3.753133089402248546e-01
2.616724828754533405e+02 2.594066736652229574e-03
2.596113389248546355e+02 1.336388412753292121e+00
2.575501949742559873e+02 -9.822962410978960390e-01
2.554890510236573675e+02 -1.710984140846142143e+00
2.534279070730587478e+02 2.462422875235601438e+00
2.513667631224600996e+02 1.543409063691299599e+00
2.493056191718614514e+02 -4.596815964456260062e-01
2.472444752212628032e+02 1.449505273501145997e+00
2.451833312706641834e+02 -5.398043916635385520e-01
2.431221873200655352e+02 1.766287539238807547e+00
2.410610433694669155e+02 1.899051936279305908e+00
2.389998994188682389e+02 1.545422912587571425e-02
2.369387554682696191e+02 2.726432938445795706e+00
2.348776115176709709e+02 3.535325327068264745e+00
2.328164675670723511e+02 2.435855202105242867e+00
2.307553236164736745e+02 2.732599259657992885e+00
2.286941796658750548e+02 1.086222903891814973e+00
2.266330357152764066e+02 4.251340833932480301e+00
2.245718917646777868e+02 1.533266730285584689e+00
2.225107478140791386e+02 1.390719269475173325e+00
2.204496038634804904e+02 3.431681541321642825e+00
2.183884599128818422e+02 7.948250886708465579e-01
2.163273159622831940e+02 7.321130924522123440e-01
2.142661720116845743e+02 4.058250683658734204e+00
2.122050280610859261e+02 2.700451976706002899e+00
2.101438841104872779e+02 2.614835296715347646e+00
2.080827401598886297e+02 1.313045716490718773e+00
2.060215962092900099e+02 3.341442374888651923e+00
2.039604522586913617e+02 2.826617567591830138e+00
2.018993083080927136e+02 1.514000165393638131e+00
1.998381643574940654e+02 2.977960741888456830e+00
1.977770204068954456e+02 2.061637584124821565e+00
1.957158764562967974e+02 3.638498848152624809e+00
1.936547325056981776e+02 3.143034295810832823e+00
1.915935885550995010e+02 1.894902289215126601e+00
1.895324446045008813e+02 3.236300507028030626e+00
1.874713006539022331e+02 2.342432395333409190e+00
1.854101567033036133e+02 4.072822360372812867e+00
1.833490127527049651e+02 2.865969642970399356e+00
1.812878688021063169e+02 4.406876980822602263e+00
1.792267248515076687e+02 3.986035689279766370e+00
1.771655809009090206e+02 3.352244666828353203e+00
1.751044369503104008e+02 4.274234669499633377e+00
1.730432929997117242e+02 2.961455139161934813e+00
1.709821490491131044e+02 2.041973618638758481e+00
1.689210050985144562e+02 1.757087785055845730e+00
1.668598611479158365e+02 4.256603342245156796e+00
1.647987171973171883e+02 1.742888892980040794e+00
1.627375732467185401e+02 2.710176275883546815e+00
1.606764292961198919e+02 4.629751519333452414e+00
1.586152853455212721e+02 3.382670661455326577e+00
1.565541413949226239e+02 4.263730226897884279e+00
1.544929974443240042e+02 5.666134650388726435e+00
1.524318534937253276e+02 5.472289819370543817e+00
1.503707095431267078e+02 3.953421585370252345e+00
1.483095655925280596e+02 4.324587299248807248e+00
1.462484216419294398e+02 7.931845746212980330e+00
1.441872776913307916e+02 6.475531482721843979e+00
1.421261337407321150e+02 5.274700026105220374e+00
1.400649897901334953e+02 3.905834608542021691e+00
1.380038458395348471e+02 6.893227092459801142e+00
1.359427018889362273e+02 6.829171728566604926e+00
1.338815579383375507e+02 7.791953333091557354e+00
1.318204139877389309e+02 8.606529542609502315e+00
1.297592700371402827e+02 1.089655740851421584e+01
1.276981260865416630e+02 9.588874157175231616e+00
1.256369821359430148e+02 1.227838421516291412e+01
1.235758381853443808e+02 1.231078475282014395e+01
1.215146942347457184e+02 1.154367596822148734e+01
1.194535502841470844e+02 1.164408476052727259e+01
1.173924063335484362e+02 1.257002580931279745e+01
1.153312623829498023e+02 1.398334857284976884e+01
1.132701184323511683e+02 1.284709571063763889e+01
1.112089744817525201e+02 1.430440133292152360e+01
1.091478305311538861e+02 1.336794736560567287e+01
1.070866865805552379e+02 1.182777186586239893e+01
1.050255426299566039e+02 1.348806187513105037e+01
1.029643986793579700e+02 1.374934341011825190e+01
1.009032547287593218e+02 1.449627164375391963e+01
9.884211077816067359e+01 1.224831104590784214e+01
9.678096682756202540e+01 1.464000516372463601e+01
9.471982287696339142e+01 1.813266243347174722e+01
9.265867892636475744e+01 1.582912673146303995e+01
9.059753497576610926e+01 1.702941374033466104e+01
8.853639102516747528e+01 1.580714217155548695e+01
8.647524707456882709e+01 1.753656295260316611e+01
8.441410312397017890e+01 1.892342092366560280e+01
8.235295917337153071e+01 1.960532710881949825e+01
8.029181522277289673e+01 2.111277995671506602e+01
7.823067127217426275e+01 1.919455175843439321e+01
7.616952732157561456e+01 2.079536786649296687e+01
7.410838337097698059e+01 2.017449128154777327e+01
7.204723942037833240e+01 2.471618651967931868e+01
6.998609546977969842e+01 2.422732190075939585e+01
6.792495151918106444e+01 2.461517771924210152e+01
6.586380756858241625e+01 2.761589624214004601e+01
6.380266361798377517e+01 2.870900269015714201e+01
6.174151966738513408e+01 2.974199085319478542e+01
5.968037571678650011e+01 3.195837103747492236e+01
5.761923176618785902e+01 3.463334291344666838e+01
5.555808781558921794e+01 3.246529005266219770e+01
5.349694386499056975e+01 3.629283281596206479e+01
5.143579991439192867e+01 3.967556144486542280e+01
4.937465596379328758e+01 3.782845940134599516e+01
4.731351201319465360e+01 3.893334297967255964e+01
4.525236806259601252e+01 4.070776537626353786e+01
4.319122411199737144e+01 4.225441021461504931e+01
4.113008016139873035e+01 4.386992866854675555e+01
3.906893621080008927e+01 4.441971083923803576e+01
3.700779226020144819e+01 4.482908402687296245e+01
3.494664830960280000e+01 4.452001237403050737e+01
3.288550435900416602e+01 5.033724271550277507e+01
3.082436040840552138e+01 5.143131722616183765e+01
2.876321645780688385e+01 5.566114052544209301e+01
2.670207250720824277e+01 6.023429713566857657e+01
2.464092855660960524e+01 6.813089591459323913e+01
2.257978460601096415e+01 7.199247602795371392e+01
2.051864065541232307e+01 7.833300821801077518e+01
1.845749670481368199e+01 8.046476071194518909e+01
1.639635275421504090e+01 7.869254202899809059e+01
1.433520880361640160e+01 7.807516797866462355e+01
1.227406485301776051e+01 7.681908919242161460e+01
1.021292090241911943e+01 7.711284077162720507e+01
8.151776951820478345e+00 7.758168396293289959e+01
6.090633001221837262e+00 7.462110598651611326e+01
4.029489050623196178e+00 7.668967049939249137e+01
1.968345100024555760e+00 7.947369744101455069e+01
-9.279885057408505944e-02 6.286505643200870708e+01
-2.153942801172726185e+00 5.599799714540612428e+01
-4.215086751771367268e+00 4.563753099592801021e+01
-6.276230702370006576e+00 3.860000488039965916e+01
-8.337374652968646771e+00 3.685908139786371152e+01
-1.039851860356728963e+01 3.195966245952807583e+01
-1.245966255416592894e+01 3.067200429518112870e+01
-1.452080650476456825e+01 2.796120207641839528e+01
-1.658195045536320933e+01 2.804476105915439277e+01
-1.864309440596185397e+01 2.995177472679188213e+01
-2.070423835656049150e+01 3.045836992274799471e+01
-2.276538230715913258e+01 3.068561214570517137e+01
-2.482652625775777722e+01 2.817181678819636659e+01
-2.688767020835641830e+01 2.983813390484663230e+01
-2.894881415895505938e+01 2.357912525780882262e+01
-3.100995810955370047e+01 2.472131241242203714e+01
-3.307110206015234155e+01 2.446857939193654374e+01
-3.513224601075098263e+01 1.860005428897461499e+01
-3.719338996134961661e+01 1.459596665296552942e+01
-3.925453391194825770e+01 1.356287130381790185e+01
-4.131567786254689878e+01 9.499560380255347880e+00
-4.337682181314554697e+01 7.742369261354853371e+00
-4.543796576374418805e+01 5.174743613453707702e+00
-4.749910971434282914e+01 4.265511246988840099e+00
-4.956025366494146311e+01 1.874184487546424416e+00
-5.162139761554010420e+01 2.032195170733090084e+00
-5.368254156613874528e+01 2.327934386188371452e+00
-5.574368551673738637e+01 1.063953671183500704e+00
-5.780482946733602745e+01 1.947334353534456275e+00
-5.986597341793466853e+01 1.803158267926511460e+00
-6.192711736853331672e+01 5.002369325398775546e-01
-6.398826131913195070e+01 1.612015770743864485e+00
-6.604940526973058468e+01 1.533207115240387441e+00
-6.811054922032923287e+01 2.356032107766374395e+00
-7.017169317092786684e+01 2.547514516251173866e+00
-7.223283712152651503e+01 1.891473386470643669e+00
-7.429398107212516322e+01 3.567321343285652091e-01
-7.635512502272379720e+01 4.804263094967866632e-01
-7.841626897332244539e+01 2.242285615615553507e+00
-8.047741292392107937e+01 1.620270604853370155e+00
-8.253855687451972756e+01 6.357067203641747488e-01
-8.459970082511836154e+01 1.222304750036072862e-01
-8.666084477571699551e+01 -6.773218371947448135e-01
-8.872198872631564370e+01 -5.697330114196520467e-01
-9.078313267691427768e+01 -2.609793100203481458e-02
-9.284427662751292587e+01 -1.556185158992182904e+00
-9.490542057811155985e+01 1.645592326808120509e+00
-9.696656452871020804e+01 4.462066003598873579e-03
-9.902770847930884202e+01 5.413870560373088558e-01
-1.010888524299074760e+02 2.791097712261114139e-01
-1.031499963805061100e+02 1.092721554419482377e+00
-1.052111403311047440e+02 -1.581049110421568482e-01
-1.072722842817033921e+02 -9.892659559022974891e-01
-1.093334282323020261e+02 -9.103351783003237052e-02
-1.113945721829006885e+02 1.437983320778321916e+00
-1.134557161334993225e+02 -1.281330399465437253e+00
-1.155168600840979707e+02 -5.864813165169757703e-01
-1.175780040346966047e+02 -5.479799557347520694e-02
-1.196391479852952386e+02 -1.831941254272970498e+00
-1.217002919358938868e+02 -1.472971903996622922e+00
-1.237614358864925208e+02 -4.711483411699909363e-01
-1.258225798370911690e+02 -4.475915621682436396e-01
-1.278837237876898030e+02 -1.020967442901334676e+00
-1.299448677382884512e+02 3.046850644610040737e-01
-1.320060116888870994e+02 3.839906151452489036e-01
-1.340671556394857191e+02 -3.096963460415446345e+00
-1.361282995900843673e+02 3.000732156347262758e-01
-1.381894435406830155e+02 -1.728557516938073801e+00
-1.402505874912816637e+02 -8.426474161503869631e-01
-1.423117314418802835e+02 -2.576354322450495449e+00
-1.443728753924789316e+02 -1.097618685423408014e+00
-1.464340193430775514e+02 -6.916143534970117246e-01
-1.484951632936762280e+02 -5.349831067982879773e-01
-1.505563072442748478e+02 -2.186940846764721780e+00
-1.526174511948734960e+02 -2.430986259538095093e-02
-1.546785951454721157e+02 -7.645378599933049246e-01
-1.567397390960707924e+02 -1.531224528550628294e+00
-1.588008830466694121e+02 -1.787816719707202573e-01
-1.608620269972680603e+02 -2.256759253871898796e+00
-1.629231709478666801e+02 -1.491095509477229131e+00
-1.649843148984653283e+02 -2.708450872901655870e+00
-1.670454588490639765e+02 -1.262262604909436314e+00
-1.691066027996626246e+02 -3.864489780100332172e+00
-1.711677467502612728e+02 -1.296369585681605097e+00
-1.732288907008598926e+02 -3.303088269880475991e+00
-1.752900346514585408e+02 -2.133447654912039138e+00
-1.773511786020571890e+02 -7.904427075810351866e-01
-1.794123225526558372e+02 -3.618971301893078696e+00
-1.814734665032544569e+02 -2.265794511309462411e+00
-1.835346104538531051e+02 -1.899091187217797572e+00
-1.855957544044517533e+02 -3.188480557794273640e+00
-1.876568983550504015e+02 -2.094856803594166372e+00
-1.897180423056490213e+02 -2.786054898372901434e+00
-1.917791862562476695e+02 -1.356478033677696926e+00
-1.938403302068462892e+02 -2.794409786769743498e+00
-1.959014741574449658e+02 -4.734881300375095137e+00
-1.979626181080435856e+02 -2.903378292720945719e+00
-2.000237620586422338e+02 -3.102421892826602523e+00
-2.020849060092408536e+02 4.141236974010047145e-02
-2.041460499598395018e+02 -2.089344255509505199e+00
-2.062071939104381784e+02 -7.918000443251537179e-01
-2.082683378610367981e+02 -1.400346810534619513e+00
-2.103294818116354463e+02 -7.478834413256517655e-01
-2.123906257622340661e+02 -2.585410193609414709e+00
-2.144517697128327427e+02 -7.876883018537780279e-01
-2.165129136634313625e+02 -1.822882790007947174e+00
-2.185740576140300107e+02 -3.537765166936842842e+00
-2.206352015646286304e+02 -2.072287460979483242e+00
-2.226963455152272786e+02 -3.988483771579540260e+00
-2.247574894658259268e+02 -1.805517968937239592e+00
-2.268186334164245750e+02 -2.428546485856768022e+00
-2.288797773670231948e+02 -3.095323982338670454e+00
-2.309409213176218429e+02 -4.568881572016501025e-01
-2.330020652682204627e+02 -3.359056585081783286e+00
-2.350632092188191393e+02 -1.683156604344956842e+00
-2.371243531694177591e+02 -2.203091063178754805e+00
-2.391854971200164073e+02 -1.903007818208362290e+00
-2.412466410706150270e+02 -3.455684615591930520e+00
-2.433077850212136752e+02 -2.264947842984707194e+00
-2.453689289718123518e+02 -2.749836427375889070e+00
-2.474300729224109716e+02 -1.612787394138759600e+00
-2.494912168730096198e+02 -9.336211943592803708e-01
-2.515523608236082396e+02 -3.335588284617639232e+00
-2.536135047742069162e+02 -1.905854271288363266e+00
-2.556746487248055359e+02 -9.432121641826901604e-01
-2.577357926754041841e+02 -5.049369769556743215e+00
-2.597969366260028323e+02 -1.470138336859951433e+00
-2.618580805766014237e+02 -1.336546359427883912e+00
