2.638876881898819988e+02 -2.996773963185071776e-02
2.618265442392832938e+02 -2.099862142244668828e+00
2.597654002886847024e+02 -6.216758223049425602e+00
2.577042563380860543e+02 -4.846800040244781727e+00
2.556431123874874061e+02 -1.765241982838452683e+00
2.535819684368887579e+02 -2.456397105886409360e+00
2.515208244862901097e+02 -2.518774603762496511e+00
2.494596805356914615e+02 -6.292727389323222731e-01
2.473985365850928417e+02 -3.226648414621159144e+00
2.453373926344941935e+02 -2.380885590413157615e+00
2.432762486838955454e+02 -4.481424861074682298e+00
2.412151047332968972e+02 -1.622381679549427247e+00
2.391539607826982774e+02 -2.179638159781598361e-01
2.370928168320996292e+02 -9.870108125174887892e-01
2.350316728815010094e+02 -2.049136113950875693e+00
2.329705289309023328e+02 -6.173448092496576223e-01
2.309093849803037131e+02 -3.431320293206056693e+00
2.288482410297050649e+02 -1.277909222721111071e+00
2.267870970791064451e+02 -2.035493600764906486e+00
2.247259531285077685e+02 6.729927939197726250e-01
2.226648091779091487e+02 -1.297128811658014413e+00
2.206036652273105005e+02 -2.089403877301460266e+00
2.185425212767118808e+02 -2.399692249177194370e+00
2.164813773261132326e+02 -2.277455970913025762e+00
2.144202333755145844e+02 -1.165922716647688429e+00
2.123590894249159362e+02 -7.198448902552465611e-01
2.102979454743172880e+02 7.912688288447218277e-01
2.082368015237186682e+02 -1.018737614032159344e+00
2.061756575731200201e+02 1.933711634645072508e-01
2.041145136225213719e+02 -2.919453963010699288e-02
2.020533696719227237e+02 4.405820444089242338e-01
1.999922257213241039e+02 2.656108617478445955e-01
1.979310817707254273e+02 -1.404297285935930617e+00
1.958699378201268075e+02 -1.840737933243547619e+00
1.938087938695281593e+02 -1.107887459292509647e+00
1.917476499189295112e+02 -1.006428321736828169e+00
1.896865059683308630e+02 -1.282440939104508015e-01
1.876253620177322432e+02 -4.926593199658038658e-01
1.855642180671335950e+02 3.589639958447611301e-01
1.835030741165349468e+02 -1.106762865545290797e+00
1.814419301659362986e+02 -2.695114257460605511e+00
1.793807862153376789e+02 -1.287954740902255424e-01
1.773196422647390307e+02 1.758749894986066237e-02
1.752584983141404109e+02 3.681086219854456387e-01
1.731973543635417343e+02 1.046412645056244539e+00
1.711362104129430861e+02 -1.427604747712796218e+00
1.690750664623444663e+02 -2.985769163764458334e+00
1.670139225117458182e+02 -6.809442512300547534e-01
1.649527785611471984e+02 -2.082969394457138801e+00
1.628916346105485218e+02 -3.995370433354010209e-01
1.608304906599499020e+02 -9.790345834833412697e-01
1.587693467093512538e+02 9.330273275441545999e-02
1.567082027587526341e+02 -1.089058648721519029e+00
1.546470588081539574e+02 2.837956555832857330e-01
1.525859148575553377e+02 -1.043840583815219825e+00
1.505247709069566895e+02 -8.286027804606486136e-01
1.484636269563580697e+02 -1.302914863786433231e-01
1.464024830057594215e+02 5.408721998648739759e-02
1.443413390551607733e+02 9.002573945877799799e-01
1.422801951045621252e+02 -5.916831908498485504e-01
1.402190511539635054e+02 8.879057374404192293e-01
1.381579072033648572e+02 2.516345299355351450e-01
1.360967632527662374e+02 8.966025347696295889e-01
1.340356193021675608e+02 -4.346992676502899333e-01
1.319744753515689126e+02 1.583847649452739814e+00
1.299133314009702929e+02 1.829080125824806169e+00
1.278521874503716447e+02 3.794320237248127725e+00
1.257910434997730107e+02 3.854250400120763587e+00
1.237298995491743767e+02 3.554181415809581246e+00
1.216687555985757285e+02 6.356655470166501232e+00
1.196076116479770945e+02 6.129530988423123716e+00
1.175464676973784464e+02 1.019523066500935649e+01
1.154853237467797982e+02 1.167052192451483172e+01
1.134241797961811500e+02 1.382871827156539091e+01
1.113630358455825160e+02 1.830077104461088311e+01
1.093018918949838820e+02 1.867832042612982590e+01
1.072407479443852338e+02 2.257659614241175206e+01
1.051796039937865999e+02 2.517757686276490148e+01
1.031184600431879517e+02 2.519631270963776259e+01
1.010573160925893177e+02 2.716231579512616179e+01
9.899617214199066950e+01 2.479113873583049710e+01
9.693502819139203552e+01 2.726058464447245200e+01
9.487388424079340155e+01 2.830312729689466877e+01
9.281274029019475336e+01 2.884812945592710776e+01
9.075159633959611938e+01 2.860311428646836163e+01
8.869045238899747119e+01 2.650992533002423457e+01
8.662930843839883721e+01 2.758147384570233740e+01
8.456816448780018902e+01 2.768572225352367511e+01
8.250702053720155504e+01 2.726030692488908258e+01
8.044587658660292107e+01 2.575659347665306953e+01
7.838473263600427288e+01 2.547411958480661198e+01
7.632358868540562469e+01 2.361908677004505819e+01
7.426244473480697650e+01 2.362352030963868543e+01
7.220130078420834252e+01 2.818178755262059099e+01
7.014015683360970854e+01 2.745976211503591813e+01
6.807901288301106035e+01 2.877595968455470654e+01
6.601786893241242637e+01 2.910570755641131768e+01
6.395672498181377819e+01 3.003226793754618384e+01
6.189558103121514421e+01 3.288209976104975851e+01
5.983443708061650312e+01 3.093513588357551924e+01
5.777329313001786204e+01 3.497740169813145883e+01
5.571214917941922096e+01 3.601447348945795568e+01
5.365100522882057987e+01 3.683838909828042318e+01
5.158986127822193879e+01 3.637363476098084192e+01
4.952871732762330481e+01 3.890862808369836756e+01
4.746757337702465662e+01 4.099928809916947614e+01
4.540642942642601554e+01 4.120116124775152855e+01
4.334528547582737446e+01 4.098782471068559374e+01
4.128414152522873337e+01 4.067604116634158373e+01
3.922299757463009229e+01 4.145334891522062293e+01
3.716185362403145120e+01 4.243662342384982367e+01
3.510070967343281723e+01 4.066749118515993189e+01
3.303956572283417614e+01 3.819095534555187754e+01
3.097842177223553151e+01 3.894272951638978242e+01
2.891727782163689042e+01 4.054636308907754483e+01
2.685613387103824934e+01 4.180422549805805232e+01
2.479498992043961181e+01 4.559238784597020810e+01
2.273384596984096717e+01 5.054325253102780380e+01
2.067270201924232609e+01 5.597397043640368963e+01
1.861155806864368500e+01 5.988244244709468944e+01
1.655041411804504747e+01 6.357793538908597242e+01
1.448927016744640461e+01 6.256248497148515497e+01
1.242812621684776531e+01 6.442054365044465669e+01
1.036698226624912245e+01 6.286097019774953765e+01
8.305838315650483139e+00 6.248797383545534956e+01
6.244694365051842055e+00 6.381573753444229880e+01
4.183550414453201860e+00 6.729611527182537145e+01
2.122406463854560776e+00 6.908254888049094689e+01
6.126251325591988012e-02 6.019638467868655596e+01
-1.999881437342721169e+00 4.665229587666193112e+01
-4.061025387941361586e+00 3.585695448496731785e+01
-6.122169338540002670e+00 2.920233435448754733e+01
-8.183313289138643754e+00 2.256961210164330822e+01
-1.024445723973728484e+01 2.168217968684201580e+01
-1.230560119033592592e+01 1.936519887502246462e+01
-1.436674514093456523e+01 1.835238434528010742e+01
-1.642788909153320631e+01 1.809646536989589904e+01
-1.848903304213184740e+01 1.761260322967177672e+01
-2.055017699273048848e+01 1.523264264942137025e+01
-2.261132094332912956e+01 1.694075524631667662e+01
-2.467246489392777065e+01 1.714283747395363733e+01
-2.673360884452641173e+01 1.946752646553771271e+01
-2.879475279512505281e+01 2.244641069274006284e+01
-3.085589674572369034e+01 2.084695475708289791e+01
-3.291704069632233853e+01 2.192823013343110716e+01
-3.497818464692097251e+01 2.027762034436295124e+01
-3.703932859751961360e+01 1.688418657708709958e+01
-3.910047254811825468e+01 1.570080403760734455e+01
-4.116161649871689576e+01 1.266794016347387064e+01
-4.322276044931553685e+01 8.241522180612687265e+00
-4.528390439991417793e+01 8.204078484658925419e+00
-4.734504835051281191e+01 3.980330660611728799e+00
-4.940619230111146010e+01 2.575152474984969242e+00
-5.146733625171010118e+01 -2.045959426126168768e-01
-5.352848020230874226e+01 8.049336519601626438e-01
-5.558962415290738335e+01 1.428656843696804568e+00
-5.765076810350602443e+01 -1.551979517670456943e+00
-5.971191205410466551e+01 -1.997786199302455934e+00
-6.177305600470329949e+01 -3.614601562495560305e+00
-6.383419995530194058e+01 -3.104555743833029346e+00
-6.589534390590058877e+01 -2.263324610587171382e+00
-6.795648785649922274e+01 -4.151032617116912071e+00
-7.001763180709785672e+01 -2.872277389386139301e+00
-7.207877575769650491e+01 -3.672311636981644978e-01
-7.413991970829513889e+01 -3.032837046695940231e+00
-7.620106365889378708e+01 -3.775949389953527469e+00
-7.826220760949243527e+01 -3.421209073198197892e+00
-8.032335156009108346e+01 -5.769909480844460425e+00
-8.238449551068971743e+01 -6.723378541961526622e-01
-8.444563946128835141e+01 -4.124945956959018112e+00
-8.650678341188699960e+01 -2.046107466565509014e+00
-8.856792736248563358e+01 -5.778158660842688477e+00
-9.062907131308428177e+01 -2.681483031201322031e+00
-9.269021526368291575e+01 -1.216685953535173503e+00
-9.475135921428156394e+01 -5.906213938887819204e+00
-9.681250316488019791e+01 -4.526951100268751915e+00
-9.887364711547883189e+01 -4.522375887337342526e+00
-1.009347910660774801e+02 -5.158537063362845565e+00
-1.029959350166761141e+02 -4.935859759977939909e+00
-1.050570789672747622e+02 -4.633640611739481052e+00
-1.071182229178733962e+02 -4.588162901411916295e+00
-1.091793668684720444e+02 -6.160692162193541321e+00
-1.112405108190706784e+02 -5.244517073492175108e+00
-1.133016547696693124e+02 -3.557198151822912546e+00
-1.153627987202679606e+02 -3.051826036325117730e+00
-1.174239426708666088e+02 -5.058320748991060434e+00
-1.194850866214652569e+02 -2.808079749872267605e+00
-1.215462305720638909e+02 -5.783376695447629778e+00
-1.236073745226625249e+02 -4.491576251499893147e+00
-1.256685184732611731e+02 -5.107842984877881243e+00
-1.277296624238598071e+02 -6.787512993686824814e+00
-1.297908063744584410e+02 -6.912891061598753772e+00
-1.318519503250570892e+02 -5.388284736685543308e+00
-1.339130942756557090e+02 -7.068445959692887470e+00
-1.359742382262543856e+02 -4.719625893208556633e+00
-1.380353821768530338e+02 -4.798979961681753892e+00
-1.400965261274516536e+02 -5.514047843803308702e+00
-1.421576700780503018e+02 -5.071390061017966744e+00
-1.442188140286489215e+02 -5.933326854161649067e+00
-1.462799579792475981e+02 -4.904410677070685232e+00
-1.483411019298462179e+02 -4.387269012245296196e+00
-1.504022458804448661e+02 -7.419356741209780282e+00
-1.524633898310434859e+02 -4.318897560776044031e+00
-1.545245337816421340e+02 -4.420469305384935765e+00
-1.565856777322407822e+02 -6.619496985618625651e+00
-1.586468216828394304e+02 -5.524763951482939639e+00
-1.607079656334380502e+02 -4.293915731344625009e+00
-1.627691095840366984e+02 -5.148544060231690089e+00
-1.648302535346353181e+02 -6.483323671192907867e+00
-1.668913974852339948e+02 -5.235886904665943753e+00
-1.689525414358326145e+02 -6.074815727164980750e+00
-1.710136853864312627e+02 -5.737345010120082023e+00
-1.730748293370298825e+02 -7.735979503926794898e+00
-1.751359732876285591e+02 -5.723764666286800917e+00
-1.771971172382272073e+02 -6.123200517154258726e+00
-1.792582611888258270e+02 -5.662296014705375136e+00
-1.813194051394244752e+02 -6.846447207961457337e+00
-1.833805490900230950e+02 -6.147129170905602180e+00
-1.854416930406217716e+02 -3.283590232466712777e+00
-1.875028369912203914e+02 -7.240968610219096213e+00
-1.895639809418190396e+02 -8.948431048077361893e+00
-1.916251248924176593e+02 -6.731480490581752463e+00
-1.936862688430163075e+02 -5.814020658876283498e+00
-1.957474127936149557e+02 -6.742224951098051200e+00
-1.978085567442136039e+02 -8.920347975532290974e+00
-1.998697006948121953e+02 -7.661015729449772493e+00
-2.019308446454108719e+02 -6.571989440587010733e+00
-2.039919885960094916e+02 -5.249758958331946168e+00
-2.060531325466081398e+02 -6.476770965743243735e+00
-2.081142764972067596e+02 -7.769868592690135856e+00
-2.101754204478054078e+02 -8.183649567404744474e+00
-2.122365643984040560e+02 -6.638770292815126872e+00
-2.142977083490027042e+02 -6.267875531036403380e+00
-2.163588522996013523e+02 -4.313916536583442429e+00
-2.184199962501999721e+02 -5.606094305651815546e+00
-2.204811402007986203e+02 -7.522003212444498210e+00
-2.225422841513972685e+02 -6.312673833790708677e+00
-2.246034281019959167e+02 -4.743793170301258577e+00
-2.266645720525945364e+02 -6.576114307275801707e+00
-2.287257160031931846e+02 -6.815346556688313129e+00
-2.307868599537918328e+02 -4.643330164586616071e+00
-2.328480039043904810e+02 -8.232834095399848451e+00
-2.349091478549891008e+02 -9.804046712083465565e+00
-2.369702918055877490e+02 -6.003465044439198373e+00
-2.390314357561863687e+02 -6.823582484894717304e+00
-2.410925797067850453e+02 -9.106027415096299649e+00
-2.431537236573836651e+02 -5.980180036141125477e+00
-2.452148676079823133e+02 -5.645467369693652593e+00
-2.472760115585809331e+02 -5.987933019593461026e+00
-2.493371555091795813e+02 -7.605398134483976946e+00
-2.513982994597782294e+02 -6.606131438723020111e+00
-2.534594434103768776e+02 -4.991964021386046113e+00
-2.555205873609755258e+02 -5.569036032733676755e+00
-2.575817313115741740e+02 -5.683717567738850285e+00
-2.596428752621728222e+02 -3.701276221787963117e+00
-2.617040192127714704e+02 -5.035046903572635735e+00
