2.633467386427196857e+02 -5.697670582581856102e+00
2.612855946921210375e+02 -1.115051671790222088e+01
2.592244507415223893e+02 -8.110140954068130625e+00
2.571633067909237411e+02 -1.071888335738228903e+01
2.551021628403250929e+02 -8.056551275551047553e+00
2.530410188897264732e+02 -9.421600915143569566e+00
2.509798749391278250e+02 -1.066331590328916157e+01
2.489187309885292052e+02 -8.087296949798229662e+00
2.468575870379305570e+02 -9.583069369628105960e+00
2.447964430873319088e+02 -1.230563504256518392e+01
2.427352991367332606e+02 -1.324557686193928774e+01
2.406741551861346409e+02 -1.004463392022734780e+01
2.386130112355359927e+02 -1.023611353034198501e+01
2.365518672849373729e+02 -1.029408572247256970e+01
2.344907233343386963e+02 -8.983795477083575065e+00
2.324295793837400481e+02 -1.233525496273524169e+01
2.303684354331414283e+02 -1.055884292017255177e+01
2.283072914825427802e+02 -1.126993993905409930e+01
2.262461475319441320e+02 -1.048628938058109483e+01
2.241850035813454838e+02 -9.588153150343210029e+00
2.221238596307468640e+02 -1.204645959477556616e+01
2.200627156801482158e+02 -1.032711676032627146e+01
2.180015717295495961e+02 -1.206500157536847340e+01
2.159404277789509194e+02 -1.223758737659730933e+01
2.138792838283522997e+02 -1.027268196423102076e+01
2.118181398777536515e+02 -1.142414709375356274e+01
2.097569959271550317e+02 -1.132140385043886610e+01
2.076958519765563835e+02 -7.867844011440748631e+00
2.056347080259577353e+02 -1.045349775338765497e+01
2.035735640753590872e+02 -1.103011822424953436e+01
2.015124201247604674e+02 -1.200618981933891583e+01
1.994512761741618192e+02 -1.204292282083329368e+01
1.973901322235631994e+02 -1.082215929220741479e+01
1.953289882729645512e+02 -9.527651524809593653e+00
1.932678443223659031e+02 -8.391888111939264761e+00
1.912067003717672833e+02 -8.675067364563831873e+00
1.891455564211686067e+02 -9.840819071477774571e+00
1.870844124705699869e+02 -1.057265987152828579e+01
1.850232685199713387e+02 -1.179144137777571721e+01
1.829621245693727190e+02 -1.015055949824247072e+01
1.809009806187740708e+02 -1.103961379474579907e+01
1.788398366681754226e+02 -8.581558875388864749e+00
1.767786927175767744e+02 -1.015008248525002266e+01
1.747175487669781546e+02 -1.025878243738339179e+01
1.726564048163795064e+02 -8.450807927592338231e+00
1.705952608657808582e+02 -8.480246508187605059e+00
1.685341169151822101e+02 -9.536965009813622274e+00
1.664729729645835903e+02 -1.003233458791544130e+01
1.644118290139849421e+02 -8.439171444669275601e+00
1.623506850633863223e+02 -8.883252830397596611e+00
1.602895411127876457e+02 -9.687640132410599847e+00
1.582283971621890259e+02 -1.169033483690980901e+01
1.561672532115903778e+02 -6.945268662654933145e+00
1.541061092609917296e+02 -8.455274830735639569e+00
1.520449653103931098e+02 -8.873325344565406780e+00
1.499838213597944332e+02 -8.638092216011134639e+00
1.479226774091958134e+02 -6.658725578664355105e+00
1.458615334585971652e+02 -6.658264346920368837e+00
1.438003895079985455e+02 -9.707192020285379641e+00
1.417392455573998689e+02 -7.204659129444441312e+00
1.396781016068012491e+02 -9.582497000102062401e+00
1.376169576562026009e+02 -9.193684756759344268e+00
1.355558137056039811e+02 -7.346506828505696696e+00
1.334946697550053329e+02 -6.473057974415525884e+00
1.314335258044066848e+02 -7.244292929388580937e+00
1.293723818538080366e+02 -4.078419949372946718e+00
1.273112379032094026e+02 -3.326607702178502102e+00
1.252500939526107686e+02 -1.933767956728502879e+00
1.231889500020121204e+02 -1.321957336755295032e+00
1.211278060514134864e+02 -1.036229853267975898e+00
1.190666621008148383e+02 -3.487843959742502609e+00
1.170055181502162043e+02 6.451255038129087849e-01
1.149443741996175561e+02 1.849340643675359885e+00
1.128832302490189221e+02 1.042904136290377481e+00
1.108220862984202881e+02 -1.010115454471645080e+00
1.087609423478216399e+02 1.272460827694128938e+00
1.066997983972230060e+02 8.014162848513063375e-01
1.046386544466243578e+02 2.645463740499745864e+00
1.025775104960257238e+02 2.971752034069945925e+00
1.005163665454270756e+02 1.013923648697460378e-01
9.845522259482841321e+01 2.553574633309936281e+00
9.639407864422977923e+01 2.398665110906069042e+00
9.433293469363113104e+01 6.125001579845887889e+00
9.227179074303249706e+01 1.299045858533537601e+00
9.021064679243386308e+01 5.012340024512915271e+00
8.814950284183521489e+01 7.185319785287107131e+00
8.608835889123658092e+01 4.091330556873785440e+00
8.402721494063793273e+01 4.938973101182962289e+00
8.196607099003929875e+01 7.750904985736820407e+00
7.990492703944065056e+01 7.481285766206982935e+00
7.784378308884201658e+01 7.426859038263632584e+00
7.578263913824338260e+01 7.803492579665419981e+00
7.372149518764473441e+01 5.873512015160384792e+00
7.166035123704610044e+01 8.619858443851097007e+00
6.959920728644745225e+01 1.114773513379637571e+01
6.753806333584881827e+01 9.687971707593229453e+00
6.547691938525017008e+01 1.162821238149929037e+01
6.341577543465152900e+01 1.485766247003586749e+01
6.135463148405288791e+01 1.409895933941957757e+01
5.929348753345424683e+01 1.471755505037055656e+01
5.723234358285561285e+01 1.521681661751929227e+01
5.517119963225697177e+01 1.393003709852186844e+01
5.311005568165833068e+01 1.983332445935327470e+01
5.104891173105968250e+01 2.060730998073865194e+01
4.898776778046104141e+01 2.126298598601747969e+01
4.692662382986240033e+01 2.364117745614338162e+01
4.486547987926375924e+01 2.386741943607627192e+01
4.280433592866512527e+01 2.263386789179969583e+01
4.074319197806648418e+01 2.403086788763516779e+01
3.868204802746784310e+01 2.645277472032978139e+01
3.662090407686920202e+01 2.801919490164292981e+01
3.455976012627056093e+01 2.669420507136083032e+01
3.249861617567191985e+01 2.852197503309086457e+01
3.043747222507327876e+01 3.093795344520382429e+01
2.837632827447463768e+01 3.522728049148309282e+01
2.631518432387599660e+01 3.910855176234979069e+01
2.425404037327735907e+01 3.882908790120343667e+01
2.219289642267871798e+01 4.732578303136067177e+01
2.013175247208007690e+01 5.210077809156597795e+01
1.807060852148143937e+01 5.424887508503354638e+01
1.600946457088279473e+01 5.200298119158042454e+01
1.394832062028415365e+01 5.016146219915276561e+01
1.188717666968551256e+01 4.933904973528296267e+01
9.826032719086871481e+00 4.854839974033635741e+01
7.764888768488231285e+00 4.934397463126107652e+01
5.703744817889590202e+00 5.055639450766248899e+01
3.642600867290950006e+00 5.151127158754290036e+01
1.581456916692309145e+00 5.200928067615557637e+01
-4.796870339063318278e-01 4.149599878884126269e+01
-2.540830984504972800e+00 3.185045426321510931e+01
-4.601974935103613440e+00 2.343163546261221697e+01
-6.663118885702254524e+00 1.866310044946480673e+01
-8.724262836300894719e+00 1.679349536923119146e+01
-1.078540678689953580e+01 1.530757240757076154e+01
-1.284655073749817511e+01 1.382942956927933054e+01
-1.490769468809681619e+01 1.260152891358989180e+01
-1.696883863869545550e+01 1.101028386032622564e+01
-1.902998258929409658e+01 1.369229896455347451e+01
-2.109112653989273767e+01 1.291987197575007684e+01
-2.315227049049137875e+01 1.208877397122139286e+01
-2.521341444109002339e+01 1.217941500228979912e+01
-2.727455839168866447e+01 1.081328209606065016e+01
-2.933570234228730200e+01 1.172422045111181177e+01
-3.139684629288594664e+01 1.027978956927510268e+01
-3.345799024348458772e+01 9.742275773023612473e+00
-3.551913419408322881e+01 8.281699270672055135e+00
-3.758027814468186989e+01 4.343034622676687384e+00
-3.964142209528050387e+01 2.412184402737208355e+00
-4.170256604587914495e+01 -1.937358485207879566e+00
-4.376370999647778604e+01 -3.300108691035463782e+00
-4.582485394707643422e+01 -2.124791555169457169e+00
-4.788599789767507531e+01 -5.441084775202671864e+00
-4.994714184827371639e+01 -4.057572782797127076e+00
-5.200828579887235747e+01 -6.159331878666427507e+00
-5.406942974947099145e+01 -9.138161609395540452e+00
-5.613057370006963254e+01 -7.341683786669559453e+00
-5.819171765066827362e+01 -7.379924504019728104e+00
-6.025286160126691470e+01 -7.059782172947543621e+00
-6.231400555186555579e+01 -7.223338251971730628e+00
-6.437514950246419687e+01 -7.232949263482904456e+00
-6.643629345306284506e+01 -7.660713137240390047e+00
-6.849743740366147904e+01 -7.644398410169015001e+00
-7.055858135426012723e+01 -7.915247042727321158e+00
-7.261972530485876121e+01 -5.574821184021659271e+00
-7.468086925545739518e+01 -6.241777811630885964e+00
-7.674201320605604337e+01 -8.944470120680186653e+00
-7.880315715665467735e+01 -7.817543757407688254e+00
-8.086430110725332554e+01 -7.058135902696466957e+00
-8.292544505785195952e+01 -8.328626217163874301e+00
-8.498658900845060771e+01 -7.718056600286339552e+00
-8.704773295904924169e+01 -7.139791708692821537e+00
-8.910887690964787566e+01 -9.297479983860762687e+00
-9.117002086024652385e+01 -8.895815467232118579e+00
-9.323116481084515783e+01 -7.936337265184824297e+00
-9.529230876144382023e+01 -8.341541496743955619e+00
-9.735345271204245421e+01 -6.628494286869410779e+00
-9.941459666264108819e+01 -9.163618323608030636e+00
-1.014757406132397222e+02 -6.894210598151489400e+00
-1.035368845638383704e+02 -9.414243763875944637e+00
-1.055980285144370043e+02 -7.793350819517873340e+00
-1.076591724650356383e+02 -8.412072062779046178e+00
-1.097203164156342865e+02 -5.178688736801539072e+00
-1.117814603662329205e+02 -5.918629379345579977e+00
-1.138426043168315687e+02 -7.202539173537929607e+00
-1.159037482674302026e+02 -5.355472834515347280e+00
-1.179648922180288508e+02 -8.951234992782541866e+00
-1.200260361686274848e+02 -6.165302727724168541e+00
-1.220871801192261188e+02 -8.818892385246877907e+00
-1.241483240698247670e+02 -1.001790959823838456e+01
-1.262094680204234010e+02 -5.216889845167665740e+00
-1.282706119710220491e+02 -8.121654475596681522e+00
-1.303317559216206973e+02 -7.688942215804023483e+00
-1.323928998722193455e+02 -7.124796380415514996e+00
-1.344540438228179653e+02 -8.436972233299345092e+00
-1.365151877734166135e+02 -7.258495729035815636e+00
-1.385763317240152332e+02 -8.295006110888046180e+00
-1.406374756746139099e+02 -7.533696710008047859e+00
-1.426986196252125296e+02 -6.112276242249192748e+00
-1.447597635758111778e+02 -8.376238825518308673e+00
-1.468209075264097976e+02 -7.535189019025424706e+00
-1.488820514770084458e+02 -6.922075141879258986e+00
-1.509431954276070940e+02 -8.074070511718174359e+00
-1.530043393782057422e+02 -4.711478676491986484e+00
-1.550654833288043903e+02 -5.658356825054695172e+00
-1.571266272794030101e+02 -8.959392232563036629e+00
-1.591877712300016867e+02 -5.009826411234229226e+00
-1.612489151806003065e+02 -5.047547603213160983e+00
-1.633100591311989547e+02 -7.828204605930157989e+00
-1.653712030817975744e+02 -6.904871488569006566e+00
-1.674323470323962226e+02 -7.113206690866864079e+00
-1.694934909829948708e+02 -7.862750599356427728e+00
-1.715546349335935190e+02 -8.507796625526802714e+00
-1.736157788841921388e+02 -7.735096424621915823e+00
-1.756769228347907870e+02 -7.021870988902577437e+00
-1.777380667853894067e+02 -7.478150693822090744e+00
-1.797992107359880833e+02 -7.170889733455454440e+00
-1.818603546865867031e+02 -5.261334468478096937e+00
-1.839214986371853513e+02 -8.776351054319745160e+00
-1.859826425877839711e+02 -5.748225800454267898e+00
-1.880437865383826477e+02 -5.873626750759903814e+00
-1.901049304889812674e+02 -7.797787200069243418e+00
-1.921660744395799156e+02 -6.813081541472550740e+00
-1.942272183901785638e+02 -6.058830893011824870e+00
-1.962883623407771836e+02 -5.891739062867685561e+00
-1.983495062913758602e+02 -7.146653889496018763e+00
-2.004106502419745084e+02 -4.154526604295479153e+00
-2.024717941925731566e+02 -7.353643733316604703e+00
-2.045329381431717763e+02 -8.359789946055196097e+00
-2.065940820937704245e+02 -6.531818441491479277e+00
-2.086552260443690443e+02 -7.472985834316352438e+00
-2.107163699949677209e+02 -7.819748059323038625e+00
-2.127775139455663407e+02 -6.482969944895752512e+00
-2.148386578961649889e+02 -5.648600254419547717e+00
-2.168998018467636086e+02 -7.911130613706721881e+00
-2.189609457973622568e+02 -8.793150172783986918e+00
-2.210220897479609050e+02 -8.675312188112338063e+00
-2.230832336985595532e+02 -8.078302666225681605e+00
-2.251443776491581730e+02 -3.584702610402552114e+00
-2.272055215997568212e+02 -7.700107805989038212e+00
-2.292666655503554978e+02 -6.465137062584649819e+00
-2.313278095009541175e+02 -5.541315037544848110e+00
-2.333889534515527657e+02 -6.417532354000434758e+00
-2.354500974021513855e+02 -7.795187032868606813e+00
-2.375112413527500337e+02 -6.977983762212564223e+00
-2.395723853033486819e+02 -5.572131613302355291e+00
-2.416335292539473301e+02 -7.308010707389601457e+00
-2.436946732045459498e+02 -6.483403038212390612e+00
-2.457558171551445980e+02 -9.644291554680995304e+00
-2.478169611057432178e+02 -7.638414956884584939e+00
-2.498781050563418944e+02 -8.227305984246150672e+00
-2.519392490069405142e+02 -8.692671837930456391e+00
-2.540003929575391624e+02 -6.018787620902902091e+00
-2.560615369081377821e+02 -8.491522593581473544e+00
-2.581226808587364303e+02 -9.991867524198291051e+00
-2.601838248093350785e+02 -6.681377279738426544e+00
-2.622449687599337267e+02 -1.057822464345784930e+01
