2.606322916322160950e+02 1.512387952409782299e+00
2.585711476816174468e+02 4.501435358517157148e+00
2.565100037310187986e+02 2.995483772983611459e+00
2.544488597804201504e+02 1.483790835263307795e+00
2.523877158298215022e+02 3.729969225085353557e+00
2.503265718792228824e+02 4.718685471583762059e+00
2.482654279286242343e+02 4.061982140431049437e+00
2.462042839780256145e+02 3.360174423256597098e+00
2.441431400274269379e+02 3.117046957973991450e+00
2.420819960768283181e+02 5.304667998330086398e+00
2.400208521262296699e+02 6.015561571729332258e+00
2.379597081756310502e+02 3.526258899566686367e+00
2.358985642250323735e+02 7.330150878092278610e+00
2.338374202744337538e+02 5.593009824467289448e+00
2.317762763238351056e+02 5.918366847600081471e+00
2.297151323732364858e+02 4.302148955100183692e+00
2.276539884226378376e+02 7.832264500798641116e+00
2.255928444720391894e+02 6.666578860500409931e+00
2.235317005214405413e+02 4.863592724222348451e+00
2.214705565708418931e+02 4.127689043747515996e+00
2.194094126202432733e+02 5.169178481599100650e+00
2.173482686696446251e+02 5.485411991135864085e+00
2.152871247190459769e+02 4.432567315066463287e+00
2.132259807684473287e+02 4.094211679051537267e+00
2.111648368178487090e+02 7.137358832676533815e+00
2.091036928672500608e+02 5.570527896721302774e+00
2.070425489166514410e+02 5.461928403131514287e+00
2.049814049660527644e+02 6.144471121806498459e+00
2.029202610154541446e+02 6.828081082253976142e+00
2.008591170648554964e+02 7.117402141151920603e+00
1.987979731142568767e+02 5.405520998871954141e+00
1.967368291636582001e+02 5.836108715561635130e+00
1.946756852130595803e+02 7.191428438019594083e+00
1.926145412624609321e+02 4.907701463164777067e+00
1.905533973118623123e+02 7.157892692534466583e+00
1.884922533612636641e+02 6.311892484459953323e+00
1.864311094106650160e+02 5.185975458738815824e+00
1.843699654600663678e+02 9.352852452679803363e+00
1.823088215094677196e+02 5.635643787271515492e+00
1.802476775588690998e+02 4.814127095914174426e+00
1.781865336082704516e+02 5.510864656244070403e+00
1.761253896576718034e+02 6.488464878311357431e+00
1.740642457070731552e+02 7.480909936071448385e+00
1.720031017564745355e+02 5.548053030543202979e+00
1.699419578058758873e+02 7.094239735191742113e+00
1.678808138552772391e+02 7.246497002926455266e+00
1.658196699046785909e+02 7.788611123403760494e+00
1.637585259540799711e+02 5.320115785248979989e+00
1.616973820034813230e+02 7.529371782709966432e+00
1.596362380528827032e+02 6.442298151103091897e+00
1.575750941022840266e+02 7.232989399756326598e+00
1.555139501516854068e+02 5.559146218310146992e+00
1.534528062010867586e+02 3.779273705148867624e+00
1.513916622504881389e+02 8.993177645273281229e+00
1.493305182998894907e+02 6.789566526376483502e+00
1.472693743492908141e+02 4.355090465514757092e+00
1.452082303986921943e+02 6.539141642897405404e+00
1.431470864480935461e+02 7.415610843694222076e+00
1.410859424974949263e+02 7.010148970344797448e+00
1.390247985468962497e+02 7.792195551161221978e+00
1.369636545962976300e+02 7.749637131168784165e+00
1.349025106456989818e+02 7.399989859470852416e+00
1.328413666951003620e+02 7.779663233141099532e+00
1.307802227445017138e+02 8.115210495877144936e+00
1.287190787939030656e+02 9.184693175395207021e+00
1.266579348433044174e+02 5.115121707074914426e+00
1.245967908927057834e+02 7.648848159520415635e+00
1.225356469421071495e+02 8.497616683067120036e+00
1.204745029915085013e+02 1.000042199236724727e+01
1.184133590409098673e+02 7.204373901139510927e+00
1.163522150903112191e+02 8.717878908560436457e+00
1.142910711397125851e+02 8.294350831873307683e+00
1.122299271891139369e+02 9.414188399348223157e+00
1.101687832385153030e+02 8.629439605176399297e+00
1.081076392879166690e+02 8.617725375544653232e+00
1.060464953373180208e+02 9.393770172885632874e+00
1.039853513867193868e+02 8.696760108028080083e+00
1.019242074361207386e+02 1.177179592361195581e+01
9.986306348552210466e+01 1.032506519542347867e+01
9.780191953492345647e+01 9.910372050813931466e+00
9.574077558432480828e+01 1.480139992164832385e+01
9.367963163372617430e+01 1.157810175123068852e+01
9.161848768312752611e+01 1.081457120094250079e+01
8.955734373252889213e+01 1.051758139370384804e+01
8.749619978193024394e+01 8.848248347971022554e+00
8.543505583133159575e+01 1.129119473894614423e+01
8.337391188073296178e+01 1.254329562304575241e+01
8.131276793013431359e+01 1.254342574322250847e+01
7.925162397953567961e+01 1.182690408848269747e+01
7.719048002893703142e+01 1.219906248737827603e+01
7.512933607833839744e+01 1.519482424403867249e+01
7.306819212773976346e+01 1.100730265985517775e+01
7.100704817714111527e+01 1.392303958111852857e+01
6.894590422654248130e+01 1.183361775751366984e+01
6.688476027594383311e+01 1.448252567209540409e+01
6.482361632534519913e+01 1.742750857694965916e+01
6.276247237474655805e+01 1.261307710527800907e+01
6.070132842414791696e+01 1.491654945824603296e+01
5.864018447354926877e+01 1.559367629016772128e+01
5.657904052295062769e+01 1.555690666777954512e+01
5.451789657235199371e+01 1.612350679420980271e+01
5.245675262175335263e+01 1.770118340714235572e+01
5.039560867115471154e+01 1.713456314251101276e+01
4.833446472055607046e+01 1.612576885835912677e+01
4.627332076995742938e+01 1.830672132973559485e+01
4.421217681935878829e+01 1.872052344007442670e+01
4.215103286876014721e+01 1.900512206620902944e+01
4.008988891816150613e+01 1.890290202381975604e+01
3.802874496756286504e+01 1.696473239076703976e+01
3.596760101696422396e+01 1.941756650444787269e+01
3.390645706636558288e+01 2.041504019437539696e+01
3.184531311576694179e+01 2.024304396184954769e+01
2.978416916516830426e+01 1.922101822012998795e+01
2.772302521456966318e+01 1.930617734278654396e+01
2.566188126397101854e+01 2.411477359329871817e+01
2.360073731337238101e+01 2.336770034471527069e+01
2.153959336277373993e+01 2.636046453247582377e+01
1.947844941217509884e+01 2.975189961943488370e+01
1.741730546157645776e+01 3.673024984504719725e+01
1.535616151097781668e+01 4.296576492069350905e+01
1.329501756037917559e+01 4.789057828175712928e+01
1.123387360978053628e+01 5.095917984252186272e+01
9.172729659181893425e+00 5.225794559806123374e+01
7.111585708583254117e+00 5.606738466044948410e+01
5.050441757984613922e+00 6.327549186102641698e+01
2.989297807385972838e+00 6.753590962533844788e+01
9.281538567873319767e-01 6.165541850593250217e+01
-1.132990093811308663e+00 4.818395226857864344e+01
-3.194134044409949080e+00 2.939004024564882300e+01
-5.255277995008590608e+00 2.167727522140704366e+01
-7.316421945607231692e+00 1.716767134310784826e+01
-9.377565896205870999e+00 1.497524647350963178e+01
-1.143870984680451386e+01 1.285390393470955850e+01
-1.349985379740315317e+01 8.674876763858813788e+00
-1.556099774800179603e+01 1.256993881709320959e+01
-1.762214169860043711e+01 1.038812799710389534e+01
-1.968328564919907464e+01 8.359496305999252641e+00
-2.174442959979771572e+01 1.199921917228463641e+01
-2.380557355039636036e+01 1.159704731048368842e+01
-2.586671750099499789e+01 1.131013233618558012e+01
-2.792786145159363898e+01 1.148035891283764798e+01
-2.998900540219228006e+01 1.044047346974374335e+01
-3.205014935279091759e+01 1.052778784129291978e+01
-3.411129330338955867e+01 9.544132814607108273e+00
-3.617243725398819976e+01 8.648772671208474705e+00
-3.823358120458684795e+01 7.517747291694643508e+00
-4.029472515518548903e+01 8.578685343208487524e+00
-4.235586910578412301e+01 7.796132710733749249e+00
-4.441701305638276409e+01 6.697821700295033764e+00
-4.647815700698140517e+01 9.145463679618000441e+00
-4.853930095758004626e+01 7.699675182234060777e+00
-5.060044490817868734e+01 6.577353506446866227e+00
-5.266158885877732843e+01 6.245694386832970402e+00
-5.472273280937596951e+01 8.809082418396938507e+00
-5.678387675997461059e+01 5.532703038286354236e+00
-5.884502071057325168e+01 6.585439217458888272e+00
-6.090616466117189276e+01 7.793394785028447735e+00
-6.296730861177053384e+01 5.490872556776531077e+00
-6.502845256236916782e+01 3.553717362353870257e+00
-6.708959651296781601e+01 4.681405996676384795e+00
-6.915074046356646420e+01 3.995612842366662143e+00
-7.121188441416509818e+01 6.401086332618265651e+00
-7.327302836476374637e+01 5.144817512660758041e+00
-7.533417231536238035e+01 3.983663388268737560e+00
-7.739531626596101432e+01 5.554542644011281283e+00
-7.945646021655966251e+01 6.789477893658690810e+00
-8.151760416715829649e+01 3.755511599104370823e+00
-8.357874811775694468e+01 5.331407576404723514e+00
-8.563989206835557866e+01 2.318332339474132642e+00
-8.770103601895422685e+01 6.128899744328825783e+00
-8.976217996955286083e+01 3.813050946314564982e+00
-9.182332392015149480e+01 3.177354977234754241e+00
-9.388446787075014299e+01 3.092572260201877032e+00
-9.594561182134877697e+01 1.372718968084738478e+00
-9.800675577194742516e+01 6.737261690921547697e+00
-1.000678997225460449e+02 3.284953393662144006e+00
-1.021290436731446931e+02 3.692128025961956883e+00
-1.041901876237433271e+02 5.068447575883027412e+00
-1.062513315743419895e+02 1.851417923784207442e+00
-1.083124755249406235e+02 2.692420234488490216e+00
-1.103736194755392717e+02 3.215606219945777333e+00
-1.124347634261379056e+02 3.827687049785285289e+00
-1.144959073767365396e+02 1.894845794088005686e+00
-1.165570513273351878e+02 3.572498673982506645e+00
-1.186181952779338218e+02 2.759046443209767663e+00
-1.206793392285324700e+02 2.927175766641780807e+00
-1.227404831791311040e+02 1.666076615326262500e+00
-1.248016271297297521e+02 1.919670460039609061e+00
-1.268627710803283861e+02 5.989679243286220034e-01
-1.289239150309270201e+02 -6.664271235723561171e-01
-1.309850589815256683e+02 2.631284048608383497e+00
-1.330462029321243165e+02 -1.063859020233123953e+00
-1.351073468827229647e+02 1.616910656404556335e+00
-1.371684908333215844e+02 2.729095944754169056e-01
-1.392296347839202326e+02 2.505617337732357619e+00
-1.412907787345188524e+02 1.262219549827809262e+00
-1.433519226851175290e+02 1.066456719752477245e+00
-1.454130666357161488e+02 1.114555157699873567e+00
-1.474742105863147970e+02 1.755402994824718066e+00
-1.495353545369134167e+02 2.373759049726191783e+00
-1.515964984875120933e+02 1.526848184839594835e-01
-1.536576424381107131e+02 3.129082077600662704e+00
-1.557187863887093613e+02 2.254185200706814385e+00
-1.577799303393079811e+02 -6.712291159481394986e-01
-1.598410742899066292e+02 4.496433589107012851e-01
-1.619022182405052774e+02 2.254173888071416609e+00
-1.639633621911039256e+02 1.838624659510370352e+00
-1.660245061417025738e+02 2.919476964447886846e+00
-1.680856500923011936e+02 6.817095976152109937e-01
-1.701467940428998418e+02 2.309816679963732078e+00
-1.722079379934984900e+02 1.485266714129132470e+00
-1.742690819440971381e+02 2.134054882078083359e+00
-1.763302258946957579e+02 1.710244676296480248e+00
-1.783913698452944061e+02 2.115443743747404515e+00
-1.804525137958930259e+02 4.838107868672458789e-01
-1.825136577464917025e+02 1.235558486749199325e+00
-1.845748016970903223e+02 9.482851000180838597e-01
-1.866359456476889704e+02 2.086890452551890096e+00
-1.886970895982875902e+02 2.128170902625849514e+00
-1.907582335488862668e+02 2.415472707835547295e-01
-1.928193774994848866e+02 1.455817520921849129e+00
-1.948805214500835348e+02 4.966969407436763739e-01
-1.969416654006821545e+02 1.057453582364075606e+00
-1.990028093512808027e+02 1.976943475215910739e+00
-2.010639533018794509e+02 -1.514170369886061289e-02
-2.031250972524780991e+02 4.315213468059942992e-01
-2.051862412030767473e+02 7.828365949086123488e-01
-2.072473851536753671e+02 1.416901605284597743e+00
-2.093085291042740153e+02 1.971631343921217694e-01
-2.113696730548726634e+02 -4.873020938256791279e-01
-2.134308170054713116e+02 2.417524641068169888e+00
-2.154919609560699314e+02 -1.705806054188349907e-01
-2.175531049066685796e+02 9.728341240483372454e-01
-2.196142488572672278e+02 1.100990482935367609e+00
-2.216753928078658760e+02 1.726109063937811827e+00
-2.237365367584644957e+02 -1.229963519030847330e+00
-2.257976807090631439e+02 4.978410943623158280e-01
-2.278588246596617637e+02 -1.844074025100529646e+00
-2.299199686102604403e+02 -2.282551808391402925e+00
-2.319811125608590601e+02 8.890406507764692101e-01
-2.340422565114577083e+02 2.422003642423452563e-01
-2.361034004620563280e+02 1.105679940770548209e+00
-2.381645444126549762e+02 -1.741002059357634968e+00
-2.402256883632536528e+02 -1.077774443932157267e+00
-2.422868323138522726e+02 -9.577345861039739949e-01
-2.443479762644509208e+02 1.831167944985225393e+00
-2.464091202150495405e+02 2.009018650484536206e+00
-2.484702641656482172e+02 3.515867125847322305e-01
-2.505314081162468369e+02 -1.111902511078897815e+00
-2.525925520668454851e+02 1.628313538856287934e+00
-2.546536960174441049e+02 1.258414568839945069e+00
-2.567148399680427246e+02 1.690982000483146175e+00
-2.587759839186414297e+02 1.216827735100094454e+00
-2.608371278692400210e+02 2.572150055025141491e+00
-2.628982718198386692e+02 3.055946459260974746e-01
-2.649594157704373174e+02 2.532555057583488090e+00
