2.635103152991350157e+02 -4.661266422208487192e+00
2.614491713485363675e+02 -4.756865276855478442e+00
2.593880273979377193e+02 -5.930825540273964691e+00
2.573268834473390712e+02 -6.221614984979954244e+00
2.552657394967404230e+02 -6.037704979110570136e+00
2.532045955461418032e+02 -7.994644118485929596e+00
2.511434515955431550e+02 -5.759812909033605877e+00
2.490823076449445068e+02 -5.345225648651847905e+00
2.470211636943458586e+02 -5.259538524846356644e+00
2.449600197437472389e+02 -7.360462428057632955e+00
2.428988757931485907e+02 -8.353093490657224507e+00
2.408377318425499709e+02 -8.501447631975789676e+00
2.387765878919512943e+02 -7.403382576123090253e+00
2.367154439413526745e+02 -5.665623854335377629e+00
2.346542999907540263e+02 -4.797083608456834902e+00
2.325931560401553782e+02 -7.128019351752988619e+00
2.305320120895567584e+02 -7.642268220180693739e+00
2.284708681389580818e+02 -8.002745817724600030e+00
2.264097241883594620e+02 -7.323318696853416299e+00
2.243485802377608138e+02 -6.895768607150655427e+00
2.222874362871621940e+02 -5.822982179042904605e+00
2.202262923365635174e+02 -5.953008043161848839e+00
2.181651483859648977e+02 -8.149243468743437191e+00
2.161040044353662495e+02 -7.788821337273144074e+00
2.140428604847676297e+02 -5.316506259893183817e+00
2.119817165341689815e+02 -6.789177677275168854e+00
2.099205725835703333e+02 -5.396814526250198973e+00
2.078594286329716851e+02 -7.386208737663822355e+00
2.057982846823730654e+02 -6.313305226248027147e+00
2.037371407317744172e+02 -8.140776696641740529e+00
2.016759967811757974e+02 -7.923239141371526628e+00
1.996148528305771208e+02 -6.259088488021697039e+00
1.975537088799784442e+02 -7.238415354296628301e+00
1.954925649293798244e+02 -7.606569459109310927e+00
1.934314209787811762e+02 -4.231415032387443986e+00
1.913702770281825565e+02 -6.239032946232669019e+00
1.893091330775838799e+02 -5.680410222592741754e+00
1.872479891269852601e+02 -5.756095158081248719e+00
1.851868451763866119e+02 -7.301231987325475181e+00
1.831257012257879921e+02 -7.451525772993081276e+00
1.810645572751893440e+02 -5.411228377726406080e+00
1.790034133245906958e+02 -3.592464830009753918e+00
1.769422693739920476e+02 -6.312879350189508187e+00
1.748811254233934278e+02 -6.822059292933339236e+00
1.728199814727947796e+02 -6.439601162512747834e+00
1.707588375221961599e+02 -4.218024366814754345e+00
1.686976935715974832e+02 -6.230304140896393505e+00
1.666365496209988635e+02 -7.665216327777081062e+00
1.645754056704002153e+02 -4.740202116039840874e+00
1.625142617198015955e+02 -7.134172748655410068e+00
1.604531177692029473e+02 -5.814400432577926381e+00
1.583919738186042707e+02 -6.339587850256446444e+00
1.563308298680056510e+02 -4.289261459662737863e+00
1.542696859174070028e+02 -5.611952358056465862e+00
1.522085419668083830e+02 -6.364039462272909731e+00
1.501473980162097064e+02 -5.005829812500440568e+00
1.480862540656110866e+02 -4.551475913953634489e+00
1.460251101150124384e+02 -5.946434558485822919e+00
1.439639661644138187e+02 -6.989301784731070555e+00
1.419028222138151705e+02 -4.190052745903539488e+00
1.398416782632165223e+02 -5.532664901953321390e+00
1.377805343126178741e+02 -6.051403266675642989e+00
1.357193903620192543e+02 -3.806704265740907811e+00
1.336582464114206061e+02 -1.974910419474214418e+00
1.315971024608219864e+02 -3.541525730865626276e+00
1.295359585102233382e+02 -4.184290023589867680e+00
1.274748145596246758e+02 -2.336657047138849919e+00
1.254136706090260418e+02 -2.059979386947672797e+00
1.233525266584273936e+02 -1.548183739079915355e+00
1.212913827078287596e+02 -1.303953268727814141e+00
1.192302387572301257e+02 -5.028629531000718966e-01
1.171690948066314775e+02 3.452923500475817420e+00
1.151079508560328435e+02 3.001202532809700951e+00
1.130468069054341953e+02 5.760003947913046929e+00
1.109856629548355613e+02 1.068877811948297740e+01
1.089245190042369131e+02 1.363599119040450880e+01
1.068633750536382792e+02 1.415582646999823346e+01
1.048022311030396452e+02 1.432651383127328160e+01
1.027410871524409970e+02 1.389930194605874014e+01
1.006799432018423630e+02 1.491825340815729284e+01
9.861879925124370061e+01 1.788063835422262571e+01
9.655765530064506663e+01 1.893151150596725074e+01
9.449651135004641844e+01 1.826085313853186776e+01
9.243536739944778446e+01 1.917477264364034184e+01
9.037422344884915049e+01 1.979743003879283947e+01
8.831307949825050230e+01 1.924527581529230957e+01
8.625193554765186832e+01 1.637153406554806523e+01
8.419079159705322013e+01 1.793317029073198654e+01
8.212964764645458615e+01 1.913071367937243750e+01
8.006850369585593796e+01 1.679856319523864272e+01
7.800735974525730398e+01 1.720412478948668067e+01
7.594621579465867001e+01 1.826943388677226565e+01
7.388507184406002182e+01 1.768547401864858415e+01
7.182392789346138784e+01 1.842504799526526682e+01
6.976278394286273965e+01 1.912271840436007864e+01
6.770163999226410567e+01 1.819825545056815486e+01
6.564049604166545748e+01 2.137113878883017293e+01
6.357935209106681640e+01 2.377503814174400887e+01
6.151820814046817532e+01 2.370976442906964010e+01
5.945706418986953423e+01 2.082881322267364510e+01
5.739592023927089315e+01 2.195889190809267077e+01
5.533477628867225917e+01 2.106086029625232214e+01
5.327363233807361809e+01 2.473540036075828752e+01
5.121248838747496990e+01 2.499782640274660395e+01
4.915134443687632881e+01 2.796618613553255983e+01
4.709020048627768773e+01 2.624335629677183235e+01
4.502905653567904665e+01 2.927801914969543873e+01
4.296791258508041267e+01 3.046423144508154124e+01
4.090676863448177158e+01 2.775088386357596804e+01
3.884562468388313050e+01 3.054433740249465856e+01
3.678448073328448942e+01 2.693148826787110650e+01
3.472333678268584833e+01 2.897342423004099388e+01
3.266219283208720725e+01 2.761304250737603994e+01
3.060104888148856617e+01 2.896196358608681010e+01
2.853990493088992508e+01 3.295033444974966841e+01
2.647876098029128045e+01 3.322817208794512567e+01
2.441761702969264647e+01 3.758299029745352726e+01
2.235647307909400539e+01 4.124681624750628117e+01
2.029532912849536430e+01 4.390489498384967249e+01
1.823418517789672322e+01 4.558666987684674865e+01
1.617304122729808213e+01 4.789554042256710886e+01
1.411189727669944105e+01 4.785502292371020872e+01
1.205075332610080174e+01 4.851610663223136299e+01
9.989609375502158883e+00 4.667978127401981681e+01
7.928465424903519576e+00 4.370945261272169802e+01
5.867321474304878492e+00 4.652585431565535146e+01
3.806177523706237409e+00 4.994160754500663302e+01
1.745033573107596325e+00 5.262795710128611404e+01
-3.161103774910442588e-01 4.348959286537028390e+01
-2.377254328089685398e+00 3.003230107033895280e+01
-4.438398278688325149e+00 2.416668334835373244e+01
-6.499542229286966233e+00 1.944224419373921009e+01
-8.560686179885605540e+00 1.326068350839384813e+01
-1.062183013048424840e+01 1.437629625334813888e+01
-1.268297408108288771e+01 1.329864730361818737e+01
-1.474411803168153057e+01 1.363348515479132139e+01
-1.680526198228017165e+01 1.306203856994098267e+01
-1.886640593287880918e+01 1.414402393207802966e+01
-2.092754988347745382e+01 1.344122026711017881e+01
-2.298869383407609490e+01 1.326928364706473040e+01
-2.504983778467473599e+01 1.240289741237626941e+01
-2.711098173527337707e+01 1.516530804899686657e+01
-2.917212568587201460e+01 1.516422679072876534e+01
-3.123326963647065924e+01 1.600191060569257573e+01
-3.329441358706930032e+01 1.804474862467908736e+01
-3.535555753766794140e+01 1.647821451220478650e+01
-3.741670148826658249e+01 1.376033009444479482e+01
-3.947784543886521647e+01 1.225216332395409680e+01
-4.153898938946385755e+01 1.137242933678408896e+01
-4.360013334006249863e+01 9.190666800067978315e+00
-4.566127729066114682e+01 3.126952192794111074e+00
-4.772242124125978791e+01 5.277579189737393150e+00
-4.978356519185842899e+01 2.578965435596637157e+00
-5.184470914245707007e+01 1.322595103099095892e+00
-5.390585309305570405e+01 -8.629686347359002419e-01
-5.596699704365434513e+01 -2.087714910596497386e+00
-5.802814099425298622e+01 -8.449997896055165825e-01
-6.008928494485162730e+01 -2.083378667713895460e+00
-6.215042889545026839e+01 -3.840388093014647453e+00
-6.421157284604890947e+01 -5.214649970510297550e+00
-6.627271679664755766e+01 -3.571343614006666112e+00
-6.833386074724619164e+01 -6.276230656369722105e+00
-7.039500469784483982e+01 -2.501318265396236473e+00
-7.245614864844347380e+01 -2.621338889378990178e+00
-7.451729259904210778e+01 -4.178686000702079184e+00
-7.657843654964075597e+01 -1.768749445080677996e+00
-7.863958050023938995e+01 -2.428470096005525658e+00
-8.070072445083803814e+01 -3.251439423683159191e+00
-8.276186840143667212e+01 -2.910902364528266340e+00
-8.482301235203532030e+01 -3.307396823771928229e+00
-8.688415630263395428e+01 -3.002804204548761735e+00
-8.894530025323258826e+01 -4.612692581402465741e+00
-9.100644420383123645e+01 -2.486049370093583288e+00
-9.306758815442987043e+01 -5.033498306926379229e+00
-9.512873210502853283e+01 -3.581751627391083215e+00
-9.718987605562716681e+01 -3.324796105461111040e+00
-9.925102000622581500e+01 -3.359030813317004149e+00
-1.013121639568244490e+02 -3.731875028044775888e+00
-1.033733079074230830e+02 -3.622266559436047029e+00
-1.054344518580217311e+02 -5.891093120077653289e+00
-1.074955958086203651e+02 -5.401833900443010705e+00
-1.095567397592190133e+02 -3.192697829238505314e+00
-1.116178837098176473e+02 -1.916933244192567720e+00
-1.136790276604162955e+02 -4.673010688966938275e+00
-1.157401716110149295e+02 -2.587669423824665138e+00
-1.178013155616135634e+02 -2.899447102751488536e+00
-1.198624595122122116e+02 -3.052455682926198843e+00
-1.219236034628108456e+02 -9.859513367844660037e-01
-1.239847474134094938e+02 -2.443986427073401302e+00
-1.260458913640081278e+02 -1.841143591169552396e+00
-1.281070353146067760e+02 -4.696492274287384028e+00
-1.301681792652054241e+02 -4.780070303228995954e+00
-1.322293232158040723e+02 -3.728100353974303172e+00
-1.342904671664026921e+02 -4.247547505119129596e+00
-1.363516111170013403e+02 -2.006546954903419167e+00
-1.384127550675999601e+02 -3.583106515802638725e+00
-1.404738990181986367e+02 -3.519097641306658808e+00
-1.425350429687972564e+02 -3.623565745292433693e+00
-1.445961869193959046e+02 -4.337921887528157328e+00
-1.466573308699945244e+02 -1.367263845166498459e+00
-1.487184748205931726e+02 -2.766325036591512188e+00
-1.507796187711918492e+02 -2.482490745406530142e+00
-1.528407627217904690e+02 -5.394551790971956251e+00
-1.549019066723891171e+02 -4.093364050077910044e+00
-1.569630506229877369e+02 -4.393101901991419034e+00
-1.590241945735863851e+02 -5.169972592973813619e+00
-1.610853385241850333e+02 -2.524853559010531878e+00
-1.631464824747836815e+02 -5.153230078937071079e-01
-1.652076264253823012e+02 -2.902863172226987309e+00
-1.672687703759809494e+02 -3.737835587389038317e+00
-1.693299143265795976e+02 -4.782930391583660068e+00
-1.713910582771782458e+02 -3.575672606770965878e+00
-1.734522022277768656e+02 -3.631083139506357860e+00
-1.755133461783755138e+02 -1.932651267481428015e+00
-1.775744901289741335e+02 -1.667676609604310745e+00
-1.796356340795728102e+02 -2.664207311716748183e+00
-1.816967780301714299e+02 -1.553274324026724829e+00
-1.837579219807700781e+02 -1.504888358552266769e+00
-1.858190659313686979e+02 -4.876425971363596013e-01
-1.878802098819673461e+02 -3.307237415515738022e+00
-1.899413538325660227e+02 -9.803508496893844626e-01
-1.920024977831646424e+02 -2.004267648416979242e+00
-1.940636417337632906e+02 -2.090834248656464833e+00
-1.961247856843619104e+02 -1.814275387764088920e+00
-1.981859296349605586e+02 -3.352808421996585242e+00
-2.002470735855591784e+02 -2.434490617785815658e+00
-2.023082175361578265e+02 -2.764574299281262526e+00
-2.043693614867564463e+02 -5.108204380599987715e+00
-2.064305054373551229e+02 -3.174544659132273239e+00
-2.084916493879537427e+02 -2.630572953103413880e+00
-2.105527933385523909e+02 -2.939132499952325617e+00
-2.126139372891510106e+02 -4.632172966599285679e+00
-2.146750812397496588e+02 -1.939448899606992294e+00
-2.167362251903483070e+02 -1.918595153485875837e+00
-2.187973691409469552e+02 -4.745310722432902750e+00
-2.208585130915455750e+02 -3.518412940805397238e+00
-2.229196570421442232e+02 -1.747649082407884413e-01
-2.249808009927428714e+02 -2.621543370170389853e+00
-2.270419449433415195e+02 -8.837394050722831018e-01
-2.291030888939401393e+02 -2.748851103302018650e+00
-2.311642328445387875e+02 -2.676394595828499590e+00
-2.332253767951374357e+02 -2.763889644839910176e+00
-2.352865207457360839e+02 -6.244081679572140331e+00
-2.373476646963347321e+02 -4.558485316777895591e+00
-2.394088086469333518e+02 -3.526313291519430848e+00
-2.414699525975320000e+02 -3.232483994684531847e+00
-2.435310965481306198e+02 -2.538659287603705295e+00
-2.455922404987292964e+02 -1.378377089379947185e+00
-2.476533844493279162e+02 -3.386747517987616529e+00
-2.497145283999265644e+02 -3.281075236834130049e+00
-2.517756723505251841e+02 -3.044094258151990307e+00
-2.538368163011238323e+02 -5.718452531254726523e+00
-2.558979602517224805e+02 -3.143134890772242507e+00
-2.579591042023211003e+02 -3.479772837693755783e+00
-2.600202481529197485e+02 -2.784489667222577847e+00
-2.620813921035183967e+02 -4.636663530894931107e+00
