2.666018314465924277e+02 -3.816122985658594757e+00
2.645406874959937227e+02 -1.140441826296425276e+01
2.624795435453950745e+02 -1.368313035256703181e+01
2.604183995947964831e+02 -1.375188788190296130e+01
2.583572556441978350e+02 -1.177697035881636012e+01
2.562961116935991868e+02 -1.069747162594702594e+01
2.542349677430005386e+02 -1.076779854669224257e+01
2.521738237924019188e+02 -1.085486856803995437e+01
2.501126798418032706e+02 -1.018903369871097553e+01
2.480515358912046224e+02 -1.358349326850066774e+01
2.459903919406059742e+02 -1.255736996777286940e+01
2.439292479900073545e+02 -1.156432734319791145e+01
2.418681040394087063e+02 -1.332709728776400127e+01
2.398069600888100581e+02 -1.212112326635771531e+01
2.377458161382114099e+02 -1.031380109070974171e+01
2.356846721876127617e+02 -1.140344822745452724e+01
2.336235282370141420e+02 -1.130054033857702578e+01
2.315623842864154938e+02 -1.338743656706781948e+01
2.295012403358168456e+02 -9.994825743193857193e+00
2.274400963852181974e+02 -1.152708634961419065e+01
2.253789524346195776e+02 -1.341543523759391832e+01
2.233178084840209294e+02 -1.075179792020940717e+01
2.212566645334223097e+02 -1.491386271153274201e+01
2.191955205828236330e+02 -9.988841778370183278e+00
2.171343766322250133e+02 -9.860240904578558840e+00
2.150732326816263651e+02 -1.210999186369727454e+01
2.130120887310277453e+02 -1.022744952204335434e+01
2.109509447804290687e+02 -1.155197356460242553e+01
2.088898008298304489e+02 -1.371922432315211537e+01
2.068286568792318008e+02 -1.318501268623366762e+01
2.047675129286331810e+02 -1.172954804220284508e+01
2.027063689780345328e+02 -1.160146826700690958e+01
2.006452250274358846e+02 -1.049902834056900147e+01
1.985840810768372364e+02 -1.329162865650980052e+01
1.965229371262385598e+02 -1.077720235914317293e+01
1.944617931756399400e+02 -1.118259498043449085e+01
1.924006492250412919e+02 -1.070364955996058143e+01
1.903395052744426721e+02 -1.139090815034044546e+01
1.882783613238439955e+02 -8.119567458452673137e+00
1.862172173732453757e+02 -1.136646157677588675e+01
1.841560734226467275e+02 -1.260112107169678097e+01
1.820949294720481078e+02 -1.053304202331579553e+01
1.800337855214494596e+02 -1.067155007892548113e+01
1.779726415708508114e+02 -1.116593886415852843e+01
1.759114976202521632e+02 -1.032255176153972620e+01
1.738503536696535434e+02 -1.028011126982147694e+01
1.717892097190548952e+02 -1.035827306047083596e+01
1.697280657684562470e+02 -1.098308242116164557e+01
1.676669218178575989e+02 -1.144511443107260540e+01
1.656057778672589791e+02 -1.184973008155924390e+01
1.635446339166603309e+02 -1.066322726463333304e+01
1.614834899660617111e+02 -1.087202500449758702e+01
1.594223460154630345e+02 -1.223190542723743590e+01
1.573612020648643863e+02 -1.161240776547523801e+01
1.553000581142657666e+02 -1.112374600099643374e+01
1.532389141636671184e+02 -1.026743235180987845e+01
1.511777702130684986e+02 -9.741500936894706086e+00
1.491166262624698220e+02 -9.004108639329308161e+00
1.470554823118712022e+02 -7.818419286230859910e+00
1.449943383612725540e+02 -8.596104885402525042e+00
1.429331944106739343e+02 -1.123804805629804981e+01
1.408720504600752861e+02 -1.260375649380572760e+01
1.388109065094766379e+02 -8.467549277931841090e+00
1.367497625588779897e+02 -1.153720936219438720e+01
1.346886186082793699e+02 -9.275988554146040954e+00
1.326274746576807217e+02 -8.680582178166547536e+00
1.305663307070820736e+02 -1.145728135305293272e+01
1.285051867564834254e+02 -8.454025302156596311e+00
1.264440428058847914e+02 -1.086682049599780164e+01
1.243828988552861574e+02 -9.527426288410715927e+00
1.223217549046875092e+02 -8.669917603337804479e+00
1.202606109540888752e+02 -1.004933728304203022e+01
1.181994670034902271e+02 -8.937610995895502342e+00
1.161383230528915931e+02 -9.944822452767997589e+00
1.140771791022929449e+02 -1.001668780875929343e+01
1.120160351516943109e+02 -7.281905668755200622e+00
1.099548912010956769e+02 -8.836346244516748882e+00
1.078937472504970287e+02 -5.373621316900137224e+00
1.058326032998983948e+02 -7.908871762504083414e+00
1.037714593492997466e+02 -1.082524485432378825e+01
1.017103153987010984e+02 -9.142413896764594483e+00
9.964917144810245020e+01 -1.060942141995698229e+01
9.758802749750381622e+01 -7.263978506974226867e+00
9.552688354690518224e+01 -6.709872845348557213e+00
9.346573959630653405e+01 -8.368686201363646049e+00
9.140459564570790008e+01 -7.602936115188665411e+00
8.934345169510925189e+01 -4.996213888494563271e+00
8.728230774451061791e+01 -7.452769560408905036e+00
8.522116379391198393e+01 -7.610805710123437429e+00
8.316001984331333574e+01 -8.771582460537928227e+00
8.109887589271470176e+01 -7.258236624800423975e+00
7.903773194211605357e+01 -8.677679188020990253e+00
7.697658799151741960e+01 -7.735217786189998002e+00
7.491544404091877141e+01 -5.292563075040797038e+00
7.285430009032013743e+01 -6.951767516685706028e+00
7.079315613972150345e+01 -6.320291872923177401e+00
6.873201218912285526e+01 -7.811144686243449264e+00
6.667086823852422128e+01 -6.070724643435711165e+00
6.460972428792557309e+01 -6.071482338007882618e+00
6.254858033732693201e+01 -5.932293622659519094e+00
6.048743638672829093e+01 -5.166707390186670246e+00
5.842629243612964984e+01 -7.127420246351709565e+00
5.636514848553100876e+01 -4.505549999712429532e+00
5.430400453493236057e+01 -4.289302961886327203e+00
5.224286058433371949e+01 -3.398325487870504702e+00
5.018171663373508551e+01 -2.647714645230094810e+00
4.812057268313644443e+01 -4.311883157079443585e+00
4.605942873253780334e+01 -3.056293927905934904e+00
4.399828478193916226e+01 -3.032456537135589936e-01
4.193714083134052117e+01 -2.815245777102013847e+00
3.987599688074188009e+01 1.096701949599174997e+00
3.781485293014323901e+01 2.149985973895540248e+00
3.575370897954460503e+01 4.544789610119440937e+00
3.369256502894595684e+01 7.075547907530266301e+00
3.163142107834731931e+01 9.381176518695168554e+00
2.957027712774867467e+01 1.177884852627144596e+01
2.750913317715003359e+01 1.372450305115173563e+01
2.544798922655139606e+01 2.269224687286947528e+01
2.338684527595275853e+01 2.630631459844540387e+01
2.132570132535411744e+01 2.952544849355431467e+01
1.926455737475547281e+01 3.404812435207967525e+01
1.720341342415683528e+01 3.690926222948521485e+01
1.514226947355819419e+01 4.064743595290952527e+01
1.308112552295955311e+01 3.791042844159821357e+01
1.101998157236091025e+01 3.221496521458767148e+01
8.958837621762270942e+00 3.419126875135726351e+01
6.897693671163628970e+00 4.170791726948470313e+01
4.836549720564988775e+00 4.861987978177615588e+01
2.775405769966348579e+00 5.220122241259046802e+01
7.142618193677076066e-01 4.692923363301067496e+01
-1.346882131230933144e+00 3.245273412086119436e+01
-3.408026081829573783e+00 1.283464502582269517e+01
-5.469170032428214867e+00 9.218399032708235907e+00
-7.530313983026855951e+00 4.963167385581008340e+00
-9.591457933625497034e+00 1.557876683309922017e+00
-1.165260188422413812e+01 2.172994974025884041e+00
-1.371374583482277743e+01 -3.630690367322000345e+00
-1.577488978542141851e+01 -1.640828871765308117e+00
-1.783603373602005604e+01 5.219079520181706400e-01
-1.989717768661870068e+01 -7.514328697117661493e-01
-2.195832163721734176e+01 -2.268822343565110256e+00
-2.401946558781597929e+01 -3.412209421191986003e+00
-2.608060953841462393e+01 -4.228287576807220560e+00
-2.814175348901326856e+01 -1.298030730447818470e+00
-3.020289743961190609e+01 -1.871065302848549994e+00
-3.226404139021055073e+01 -3.577611745777805830e+00
-3.432518534080918471e+01 -3.960006693934059463e+00
-3.638632929140782579e+01 -4.318267257952251192e+00
-3.844747324200646688e+01 -6.361268614332683313e+00
-4.050861719260510796e+01 -7.151155764151937433e+00
-4.256976114320375615e+01 -4.719069356480961375e+00
-4.463090509380239723e+01 -6.129296439874044822e+00
-4.669204904440103121e+01 -7.636540092033968996e+00
-4.875319299499967229e+01 -6.629262427415100412e+00
-5.081433694559831338e+01 -8.764237811896785857e+00
-5.287548089619695446e+01 -8.426533538714837235e+00
-5.493662484679559554e+01 -6.584163377137937090e+00
-5.699776879739423663e+01 -6.550721073571767583e+00
-5.905891274799287771e+01 -6.357223869489854629e+00
-6.112005669859151169e+01 -7.010517304633863134e+00
-6.318120064919015988e+01 -1.002932480289510941e+01
-6.524234459978879386e+01 -6.972983561232825700e+00
-6.730348855038744205e+01 -9.489623721940031231e+00
-6.936463250098607602e+01 -1.014599625080044021e+01
-7.142577645158472421e+01 -9.725083348959655538e+00
-7.348692040218335819e+01 -9.790038421738433527e+00
-7.554806435278200638e+01 -7.029486650700638606e+00
-7.760920830338064036e+01 -6.883798471189654045e+00
-7.967035225397928855e+01 -9.875187025572161659e+00
-8.173149620457792253e+01 -7.577059726991311805e+00
-8.379264015517655650e+01 -8.033686427394950869e+00
-8.585378410577520469e+01 -8.649898835254822060e+00
-8.791492805637383867e+01 -8.319339246171777447e+00
-8.997607200697248686e+01 -8.932857045049788169e+00
-9.203721595757113505e+01 -6.409084044283867243e+00
-9.409835990816976903e+01 -9.063352901378474158e+00
-9.615950385876841722e+01 -9.532391305304692253e+00
-9.822064780936705120e+01 -9.548597552626066687e+00
-1.002817917599656994e+02 -1.096669750153507472e+01
-1.023429357105643334e+02 -8.941034371178409046e+00
-1.044040796611629816e+02 -9.165337462140945135e+00
-1.064652236117616155e+02 -7.858274192993776275e+00
-1.085263675623602495e+02 -7.946689916582461599e+00
-1.105875115129588977e+02 -1.027886315809911189e+01
-1.126486554635575317e+02 -9.481804180811996829e+00
-1.147097994141561799e+02 -8.802612138624516191e+00
-1.167709433647548138e+02 -7.946791206390875217e+00
-1.188320873153534620e+02 -9.118159741437628085e+00
-1.208932312659520960e+02 -8.518703211403781950e+00
-1.229543752165507300e+02 -8.596620403242758002e+00
-1.250155191671493782e+02 -8.628157092605777123e+00
-1.270766631177480122e+02 -9.361405641614332751e+00
-1.291378070683466603e+02 -9.768645986803145220e+00
-1.311989510189453085e+02 -7.129286528311526538e+00
-1.332600949695439567e+02 -1.282403681479701518e+01
-1.353212389201425765e+02 -1.061002223583302140e+01
-1.373823828707412247e+02 -6.216585290884744985e+00
-1.394435268213398444e+02 -1.088590982821059505e+01
-1.415046707719385211e+02 -7.384904637538943106e+00
-1.435658147225371408e+02 -6.879266472381195818e+00
-1.456269586731357890e+02 -7.928967391651640995e+00
-1.476881026237344088e+02 -7.725081622639224932e+00
-1.497492465743330570e+02 -7.495654463643541376e+00
-1.518103905249317336e+02 -7.964852668888882548e+00
-1.538715344755303533e+02 -1.028189667591420786e+01
-1.559326784261290015e+02 -8.099302207723884095e+00
-1.579938223767276213e+02 -7.739287616398926595e+00
-1.600549663273262979e+02 -7.542167236331663638e+00
-1.621161102779249177e+02 -4.326090783342454671e+00
-1.641772542285235659e+02 -7.218828736699641091e+00
-1.662383981791221856e+02 -1.165434808471382944e+01
-1.682995421297208338e+02 -8.597479911862107471e+00
-1.703606860803194820e+02 -8.203747806153007360e+00
-1.724218300309181302e+02 -1.011332096925591095e+01
-1.744829739815167500e+02 -7.877074657781762745e+00
-1.765441179321153982e+02 -8.425038021659512211e+00
-1.786052618827140179e+02 -8.252942048923276985e+00
-1.806664058333126945e+02 -6.899381966095244678e+00
-1.827275497839113143e+02 -9.338176923580679301e+00
-1.847886937345099625e+02 -9.133012787768706175e+00
-1.868498376851085823e+02 -7.344905036062363557e+00
-1.889109816357072589e+02 -8.446730557417792440e+00
-1.909721255863059071e+02 -8.077976886698861492e+00
-1.930332695369045268e+02 -8.300433545266946211e+00
-1.950944134875031750e+02 -1.007677778536768720e+01
-1.971555574381017948e+02 -9.716023158117138792e+00
-1.992167013887004430e+02 -8.294936825441537209e+00
-2.012778453392990627e+02 -7.048269295166311288e+00
-2.033389892898977109e+02 -9.244090561363913494e+00
-2.054001332404963307e+02 -7.727537878376322666e+00
-2.074612771910950073e+02 -7.929392207698955808e+00
-2.095224211416936271e+02 -7.133961330378626897e+00
-2.115835650922922753e+02 -8.317087926389710617e+00
-2.136447090428908950e+02 -7.805645970612847151e+00
-2.157058529934895716e+02 -1.017962862532000123e+01
-2.177669969440881914e+02 -1.050779403850433624e+01
-2.198281408946868396e+02 -8.248307277582881625e+00
-2.218892848452854594e+02 -8.225892201409982007e+00
-2.239504287958841076e+02 -6.817772591045851982e+00
-2.260115727464827557e+02 -7.871328328980030875e+00
-2.280727166970814039e+02 -9.680971825926402374e+00
-2.301338606476800521e+02 -7.868167389767396713e+00
-2.321950045982786719e+02 -6.662891852868549236e+00
-2.342561485488773201e+02 -7.905495347993520383e+00
-2.363172924994759683e+02 -7.973104044739639740e+00
-2.383784364500746165e+02 -7.454691461018372323e+00
-2.404395804006732362e+02 -8.460189761357273852e+00
-2.425007243512718844e+02 -9.294650942806834237e+00
-2.445618683018705326e+02 -9.567758750934130418e+00
-2.466230122524691808e+02 -7.739370677630688533e+00
-2.486841562030678006e+02 -7.721771097885500090e+00
-2.507453001536664488e+02 -1.007474123069393634e+01
-2.528064441042650685e+02 -1.091761653072466842e+01
-2.548675880548637451e+02 -1.019316275842192177e+01
-2.569287320054623933e+02 -8.237455162521488461e+00
-2.589898759560609847e+02 -1.261098723664544430e+01
