2.722087951616161945e+02 3.123720318775446980e+00
2.701476512110175463e+02 6.493302796140447697e+00
2.680865072604188981e+02 6.827983603608265284e+00
2.660253633098202499e+02 9.080549985776384503e+00
2.639642193592216586e+02 7.985905966256804156e+00
2.619030754086229535e+02 8.382040186106666013e+00
2.598419314580243622e+02 1.123544095056160153e+01
2.577807875074257140e+02 9.403872891892234520e+00
2.557196435568270658e+02 1.033455569186319956e+01
2.536584996062284461e+02 1.113213175882163952e+01
2.515973556556297694e+02 7.526043965372360312e+00
2.495362117050311497e+02 7.730533033552178246e+00
2.474750677544325015e+02 1.278026954253705227e+01
2.454139238038338817e+02 9.735563997795130931e+00
2.433527798532352335e+02 8.527458235965360345e+00
2.412916359026365853e+02 8.760297974356625161e+00
2.392304919520379372e+02 1.035533212280358484e+01
2.371693480014393174e+02 1.117055005239923560e+01
2.351082040508406692e+02 1.070536281509252063e+01
2.330470601002419926e+02 9.789969300715362976e+00
2.309859161496433728e+02 9.261206012372539931e+00
2.289247721990447246e+02 1.198050486783644963e+01
2.268636282484461049e+02 1.192288118979508127e+01
2.248024842978474567e+02 9.059966812301942340e+00
2.227413403472488085e+02 1.066163994576706209e+01
2.206801963966501603e+02 1.149698158128251890e+01
2.186190524460515405e+02 9.774623030673959434e+00
2.165579084954528923e+02 1.101039045363671498e+01
2.144967645448542726e+02 1.299765436216029535e+01
2.124356205942555960e+02 1.175652668208461726e+01
2.103744766436569762e+02 1.051625957887553042e+01
2.083133326930583280e+02 1.114168787372057778e+01
2.062521887424597082e+02 1.219154620385480392e+01
2.041910447918610316e+02 1.039553181259523917e+01
2.021299008412624119e+02 1.238506321849242653e+01
2.000687568906637637e+02 8.206160795513023132e+00
1.980076129400650871e+02 7.634274357579625914e+00
1.959464689894664673e+02 1.042817683910631033e+01
1.938853250388678191e+02 1.055183450004396306e+01
1.918241810882691709e+02 1.093757206307611618e+01
1.897630371376705227e+02 1.071196502955547203e+01
1.877018931870719030e+02 1.165627871413466288e+01
1.856407492364732548e+02 1.099563794058429345e+01
1.835796052858746350e+02 1.262783408631123905e+01
1.815184613352759584e+02 9.161137046058851041e+00
1.794573173846773386e+02 8.366263345126959905e+00
1.773961734340786904e+02 1.051586439536545647e+01
1.753350294834800707e+02 9.832044437878069587e+00
1.732738855328814225e+02 9.362676896035221574e+00
1.712127415822827743e+02 9.273152746238791266e+00
1.691515976316841261e+02 9.508464992946445093e+00
1.670904536810855063e+02 1.076306075943115914e+01
1.650293097304868581e+02 1.088979399117999058e+01
1.629681657798882100e+02 9.997497886091878172e+00
1.609070218292895618e+02 1.157688260466175123e+01
1.588458778786909136e+02 1.126610026946293708e+01
1.567847339280922938e+02 1.046683076064523554e+01
1.547235899774936456e+02 1.078529144192610723e+01
1.526624460268949974e+02 1.055566719251614849e+01
1.506013020762963492e+02 9.919031516303038032e+00
1.485401581256977295e+02 1.101034910485457985e+01
1.464790141750990813e+02 8.881295117720972243e+00
1.444178702245004615e+02 1.032651340172596832e+01
1.423567262739017849e+02 1.025917548604704699e+01
1.402955823233031651e+02 1.174237883866546994e+01
1.382344383727045170e+02 7.495764852559761771e+00
1.361732944221058972e+02 8.061037255555508096e+00
1.341121504715072206e+02 8.104054244615690905e+00
1.320510065209086008e+02 1.016715178773983652e+01
1.299898625703099526e+02 8.274966919528868203e+00
1.279287186197113186e+02 9.391973473698731922e+00
1.258675746691126704e+02 9.636333226387781892e+00
1.238064307185140365e+02 1.120785513639306608e+01
1.217452867679153883e+02 9.828824974583765695e+00
1.196841428173167543e+02 9.761052225306498187e+00
1.176229988667181203e+02 1.360503658669317062e+01
1.155618549161194721e+02 8.505014101600824716e+00
1.135007109655208382e+02 9.007621520392278924e+00
1.114395670149221900e+02 9.759241314698471115e+00
1.093784230643235560e+02 9.497455482535420046e+00
1.073172791137249078e+02 1.104499244154918181e+01
1.052561351631262738e+02 1.110853594874926387e+01
1.031949912125276398e+02 1.054152618332681257e+01
1.011338472619289774e+02 1.127969203766004114e+01
9.907270331133034347e+01 1.044289932600639759e+01
9.701155936073170949e+01 1.145391028961438096e+01
9.495041541013307551e+01 1.123355419412319023e+01
9.288927145953442732e+01 1.156621007824542424e+01
9.082812750893579334e+01 1.156678246557378742e+01
8.876698355833714515e+01 8.918247080697083717e+00
8.670583960773851118e+01 1.101865137695105012e+01
8.464469565713987720e+01 1.005175146350229198e+01
8.258355170654122901e+01 8.271118610993328346e+00
8.052240775594259503e+01 1.025202594423629776e+01
7.846126380534394684e+01 1.013814359007760935e+01
7.640011985474531286e+01 9.701891945892143099e+00
7.433897590414666467e+01 1.151251818713654096e+01
7.227783195354803070e+01 1.013146451469579823e+01
7.021668800294939672e+01 9.087283780023964752e+00
6.815554405235074853e+01 9.829600205329532159e+00
6.609440010175211455e+01 1.131092410824971140e+01
6.403325615115346636e+01 1.024086647088618918e+01
6.197211220055482528e+01 1.109430204254925378e+01
5.991096824995618420e+01 1.057251304250465473e+01
5.784982429935754311e+01 9.847076576593572383e+00
5.578868034875890203e+01 8.962742251849595831e+00
5.372753639816026094e+01 1.010251114078918988e+01
5.166639244756161276e+01 1.251289069740606941e+01
4.960524849696297878e+01 1.268542675764999750e+01
4.754410454636433059e+01 1.247487549839088850e+01
4.548296059576568950e+01 1.122463057169865586e+01
4.342181664516704842e+01 1.187885025707124065e+01
4.136067269456840734e+01 1.310354218181846875e+01
3.929952874396977336e+01 1.292298942307150078e+01
3.723838479337113228e+01 1.334024671334541168e+01
3.517724084277249119e+01 1.350440657137879619e+01
3.311609689217384300e+01 1.619068204670720945e+01
3.105495294157520547e+01 1.834722619687524769e+01
2.899380899097656794e+01 2.036426294938700465e+01
2.693266504037792330e+01 2.198949667020469079e+01
2.487152108977928222e+01 2.520161030979080508e+01
2.281037713918064469e+01 2.958908843453954063e+01
2.074923318858200716e+01 3.152653315613586926e+01
1.868808923798336608e+01 3.407557748987554902e+01
1.662694528738472144e+01 3.518426180311381302e+01
1.456580133678608213e+01 3.465744395562085600e+01
1.250465738618744105e+01 3.990087884473935986e+01
1.044351343558879819e+01 4.640369432448320453e+01
8.382369484990158881e+00 5.043658108159900166e+01
6.321225534391517797e+00 6.307803221019008788e+01
4.260081583792876714e+00 7.394428082040150230e+01
2.198937633194236962e+00 7.373442167275092629e+01
1.377936825955957123e-01 6.624660914183191096e+01
-1.923350268003044983e+00 4.883884399844718160e+01
-3.984494218601686288e+00 3.141232627190784754e+01
-6.045638169200326928e+00 1.888669603949149689e+01
-8.106782119798968012e+00 1.593261725262707174e+01
-1.016792607039760910e+01 1.336816644027349099e+01
-1.222907002099624840e+01 1.385617064418257449e+01
-1.429021397159488949e+01 1.108449490794072823e+01
-1.635135792219352879e+01 1.087291933122890875e+01
-1.841250187279216988e+01 1.149117247077008130e+01
-2.047364582339081096e+01 8.153682004952472084e+00
-2.253478977398945204e+01 9.525166611323934163e+00
-2.459593372458809313e+01 9.444527585350307675e+00
-2.665707767518673421e+01 1.077196479097859516e+01
-2.871822162578537529e+01 9.655997255493208087e+00
-3.077936557638401993e+01 9.649598159408332876e+00
-3.284050952698265746e+01 9.862596230989133517e+00
-3.490165347758129855e+01 9.497556871071553886e+00
-3.696279742817993963e+01 9.732434720251703197e+00
-3.902394137877858071e+01 1.095647609370472253e+01
-4.108508532937722180e+01 8.058244158996075157e+00
-4.314622927997585577e+01 7.527609096938146394e+00
-4.520737323057450396e+01 9.145365815499101103e+00
-4.726851718117314505e+01 6.568622327611079115e+00
-4.932966113177178613e+01 5.842565900386654576e+00
-5.139080508237042011e+01 7.583135858610422275e+00
-5.345194903296906119e+01 7.051199559605494827e+00
-5.551309298356770228e+01 7.713040734799958997e+00
-5.757423693416634336e+01 6.715171143255557418e+00
-5.963538088476498444e+01 4.739760375538278225e+00
-6.169652483536361842e+01 6.076655145957576387e+00
-6.375766878596225951e+01 6.463063625653924227e+00
-6.581881273656091480e+01 6.749186407944302246e+00
-6.787995668715954878e+01 6.732890604106859023e+00
-6.994110063775818276e+01 5.705354679505713733e+00
-7.200224458835683095e+01 5.171742963035632634e+00
-7.406338853895546492e+01 5.968169819558993616e+00
-7.612453248955411311e+01 4.844918379354845150e+00
-7.818567644015274709e+01 7.950648480478483826e+00
-8.024682039075139528e+01 7.746334606553392454e+00
-8.230796434135002926e+01 3.916090237915125005e+00
-8.436910829194866324e+01 5.475129306781169269e+00
-8.643025224254731143e+01 6.788814845489116401e+00
-8.849139619314594540e+01 6.744030499470037299e+00
-9.055254014374459359e+01 5.073614303028849193e+00
-9.261368409434322757e+01 5.222218586891324676e+00
-9.467482804494187576e+01 7.108548952776033936e+00
-9.673597199554052395e+01 5.702376829616836673e+00
-9.879711594613915793e+01 6.820440391684840620e+00
-1.008582598967378203e+02 5.991589606892113729e+00
-1.029194038473364543e+02 4.828273401905035733e+00
-1.049805477979350883e+02 6.514155692439359768e+00
-1.070416917485337365e+02 4.119206004464488480e+00
-1.091028356991323705e+02 3.941803159630165698e+00
-1.111639796497310186e+02 6.510128244534379327e+00
-1.132251236003296526e+02 3.866387313743980148e+00
-1.152862675509283008e+02 4.454840684901061110e+00
-1.173474115015269348e+02 4.313527991443420362e+00
-1.194085554521255688e+02 4.578095504461535903e+00
-1.214696994027242170e+02 4.045808649033096671e+00
-1.235308433533228509e+02 4.730595284721189842e+00
-1.255919873039214991e+02 1.589808004734462266e+00
-1.276531312545201331e+02 5.817517049574322030e+00
-1.297142752051187813e+02 5.157659702652043876e+00
-1.317754191557174295e+02 3.029496978795001461e+00
-1.338365631063160492e+02 4.277995079288889002e+00
-1.358977070569146974e+02 4.523233500285583908e+00
-1.379588510075133456e+02 5.861765699729662771e+00
-1.400199949581119938e+02 2.541515485253849072e+00
-1.420811389087106136e+02 1.989604848007334503e+00
-1.441422828593092618e+02 2.910078522023230807e+00
-1.462034268099078815e+02 4.039107784556469127e+00
-1.482645707605065581e+02 2.944858588625227647e+00
-1.503257147111052063e+02 5.428821347736989544e+00
-1.523868586617038261e+02 4.046578525964628525e+00
-1.544480026123024743e+02 2.488735960116366996e+00
-1.565091465629011225e+02 1.937169326443692885e+00
-1.585702905134997707e+02 4.452610206482251698e+00
-1.606314344640983904e+02 4.717431631550988769e+00
-1.626925784146970386e+02 3.808936290424123516e+00
-1.647537223652956584e+02 5.141179975333397323e+00
-1.668148663158943350e+02 4.468825701251724958e+00
-1.688760102664929548e+02 2.912872449976100953e+00
-1.709371542170916030e+02 5.522482831974454776e+00
-1.729982981676902227e+02 3.347987560057844370e+00
-1.750594421182888709e+02 3.167911583187779989e+00
-1.771205860688875191e+02 2.186721361302629951e+00
-1.791817300194861673e+02 3.503439295049013413e+00
-1.812428739700847871e+02 2.315577583337677048e+00
-1.833040179206834352e+02 3.023408287058917399e+00
-1.853651618712820550e+02 3.940268061112549347e+00
-1.874263058218807316e+02 2.227593130434897706e+00
-1.894874497724793798e+02 3.919452063306544165e+00
-1.915485937230779996e+02 3.972888365574192004e+00
-1.936097376736766478e+02 4.351142406029623544e+00
-1.956708816242752960e+02 5.015757838079671238e+00
-1.977320255748739442e+02 3.383992075149004020e+00
-1.997931695254725355e+02 3.672256525822590767e+00
-2.018543134760711837e+02 1.677467982496221977e+00
-2.039154574266698319e+02 3.564186085678296312e+00
-2.059766013772684801e+02 4.519318090534373056e+00
-2.080377453278670998e+02 3.184248270170145112e+00
-2.100988892784657480e+02 2.474476015539921470e+00
-2.121600332290643678e+02 3.868367141983954927e-01
-2.142211771796630444e+02 6.078171334594169473e+00
-2.162823211302616642e+02 5.816895865539238208e+00
-2.183434650808603124e+02 3.908483744088027567e+00
-2.204046090314589321e+02 3.492881905226676409e+00
-2.224657529820576087e+02 4.333449629257529523e+00
-2.245268969326562285e+02 3.681217226177308621e+00
-2.265880408832548767e+02 5.141933079191462141e+00
-2.286491848338534965e+02 4.944320030190344717e+00
-2.307103287844521446e+02 4.564126460343493008e+00
-2.327714727350508213e+02 2.615136001789547748e+00
-2.348326166856494410e+02 6.546355877763541109e+00
-2.368937606362480892e+02 5.850584910178842080e+00
-2.389549045868467090e+02 3.647018643738019428e+00
-2.410160485374453572e+02 5.604998763611917845e+00
-2.430771924880440054e+02 5.514687946306832345e+00
-2.451383364386426535e+02 6.575869280516879023e+00
-2.471994803892412733e+02 4.508090371565221410e+00
-2.492606243398399215e+02 7.590150079817891360e+00
-2.513217682904385697e+02 6.107773713059994947e+00
-2.533829122410372179e+02 9.596646748842688979e+00
