2.721848063056671663e+02 2.673723094871163219e+00
2.701236623550685749e+02 7.338164698485610593e+00
2.680625184044698699e+02 4.574029889875504296e+00
2.660013744538712217e+02 6.877163086533342629e+00
2.639402305032726304e+02 7.770637198612599938e+00
2.618790865526739822e+02 7.475936892570896219e+00
2.598179426020753340e+02 8.500343656620941601e+00
2.577567986514766858e+02 7.344018022167603021e+00
2.556956547008780660e+02 7.193349021848720604e+00
2.536345107502793894e+02 8.673958766158293088e+00
2.515733667996807412e+02 6.531225547120947716e+00
2.495122228490821215e+02 9.302908240564333298e+00
2.474510788984834733e+02 8.522962682717455607e+00
2.453899349478848535e+02 1.029976790082074700e+01
2.433287909972861769e+02 7.847180023957493589e+00
2.412676470466875571e+02 8.104142448069277194e+00
2.392065030960889089e+02 7.884547464861387134e+00
2.371453591454902892e+02 8.421585461057862432e+00
2.350842151948916410e+02 9.380628500733042330e+00
2.330230712442929928e+02 9.025351148262371836e+00
2.309619272936943446e+02 6.837670959316908714e+00
2.289007833430957248e+02 9.866187946227956473e+00
2.268396393924970766e+02 5.148939461770513759e+00
2.247784954418984569e+02 5.412046362490726459e+00
2.227173514912997803e+02 1.011445484988907850e+01
2.206562075407011605e+02 1.004142425995222787e+01
2.185950635901025123e+02 8.932068141197541777e+00
2.165339196395038925e+02 9.924857465567152204e+00
2.144727756889052159e+02 6.313002286089052895e+00
2.124116317383065677e+02 9.548016009303013973e+00
2.103504877877079480e+02 8.884365140224307567e+00
2.082893438371092998e+02 9.865611919623704651e+00
2.062281998865106800e+02 8.850733173370688434e+00
2.041670559359120034e+02 8.963696743628011276e+00
2.021059119853133836e+02 8.939830920377398016e+00
2.000447680347147354e+02 8.713809119789528879e+00
1.979836240841160873e+02 9.140442195260053637e+00
1.959224801335174391e+02 9.311108688912645093e+00
1.938613361829188193e+02 6.699434801362120773e+00
1.918001922323201427e+02 9.055661066250291213e+00
1.897390482817215229e+02 7.010709209035330680e+00
1.876779043311228747e+02 8.828334446646181277e+00
1.856167603805242550e+02 8.013271112139168650e+00
1.835556164299256068e+02 7.359620464103875825e+00
1.814944724793269586e+02 6.908734068085021107e+00
1.794333285287283104e+02 8.968995824668020589e+00
1.773721845781296622e+02 9.600160576080154939e+00
1.753110406275310424e+02 7.629844954017253933e+00
1.732498966769323658e+02 8.377733139687693509e+00
1.711887527263337461e+02 7.837688105700840069e+00
1.691276087757350979e+02 9.624466386798674833e+00
1.670664648251364781e+02 9.480844178759435081e+00
1.650053208745378299e+02 7.002313513431553282e+00
1.629441769239391817e+02 8.747376325711258005e+00
1.608830329733405335e+02 8.290643831416820930e+00
1.588218890227419138e+02 9.168099271684884144e+00
1.567607450721432656e+02 7.491159786516861097e+00
1.546996011215446458e+02 8.360491886854390486e+00
1.526384571709459692e+02 9.197122907238235001e+00
1.505773132203473494e+02 9.302719132113756118e+00
1.485161692697487013e+02 7.446143888920374820e+00
1.464550253191500815e+02 8.855619395696942675e+00
1.443938813685514049e+02 1.103718404946713250e+01
1.423327374179527851e+02 8.909934825327617602e+00
1.402715934673541369e+02 1.032894055406280387e+01
1.382104495167554887e+02 9.730239746118003907e+00
1.361493055661568690e+02 6.732222983811463557e+00
1.340881616155581924e+02 7.830482655803682412e+00
1.320270176649595726e+02 9.564479939204950654e+00
1.299658737143609244e+02 9.132526790619694523e+00
1.279047297637623046e+02 8.098507880594885577e+00
1.258435858131636564e+02 8.584041393742110060e+00
1.237824418625650225e+02 7.835072839389468413e+00
1.217212979119663743e+02 7.379805387672393913e+00
1.196601539613677261e+02 8.463503373014406250e+00
1.175990100107690779e+02 8.123481625281170793e+00
1.155378660601704439e+02 6.585416003485250691e+00
1.134767221095718099e+02 8.428420162523323711e+00
1.114155781589731617e+02 8.495273420774658746e+00
1.093544342083745278e+02 9.395562935397423487e+00
1.072932902577758796e+02 1.028382687731337697e+01
1.052321463071772456e+02 1.047359194453328968e+01
1.031710023565785974e+02 9.706547922503091286e+00
1.011098584059799634e+02 8.419311342769040252e+00
9.904871445538132946e+01 8.451994996371050561e+00
9.698757050478269548e+01 8.496252585295188453e+00
9.492642655418404729e+01 6.033440873802588200e+00
9.286528260358541331e+01 8.214042104102656339e+00
9.080413865298677933e+01 9.700844632668328416e+00
8.874299470238813115e+01 1.072605353617108825e+01
8.668185075178949717e+01 9.421471181022054608e+00
8.462070680119084898e+01 8.699062068854248153e+00
8.255956285059221500e+01 9.533869638833211368e+00
8.049841889999355260e+01 7.521284667158385950e+00
7.843727494939491862e+01 9.136266138715035012e+00
7.637613099879628464e+01 8.112078413544763222e+00
7.431498704819763645e+01 1.144236608921615961e+01
7.225384309759900248e+01 1.238075722360534670e+01
7.019269914700035429e+01 1.153445830784743364e+01
6.813155519640172031e+01 1.152752410892606427e+01
6.607041124580308633e+01 1.050419687735428198e+01
6.400926729520443814e+01 1.081819096738823482e+01
6.194812334460579706e+01 8.735614860733303288e+00
5.988697939400715597e+01 1.163604352619641702e+01
5.782583544340852200e+01 1.041999582619014575e+01
5.576469149280988091e+01 1.108218123476449080e+01
5.370354754221123983e+01 1.233993361546026080e+01
5.164240359161259164e+01 1.106888644436610569e+01
4.958125964101395056e+01 1.518541903831243367e+01
4.752011569041530947e+01 1.520454115986804666e+01
4.545897173981667549e+01 1.374933541131269799e+01
4.339782778921803441e+01 1.367139571066951120e+01
4.133668383861939333e+01 1.515126400641802995e+01
3.927553988802075224e+01 1.587638949684605549e+01
3.721439593742211116e+01 1.818343628435628290e+01
3.515325198682347008e+01 1.742076100934120575e+01
3.309210803622482899e+01 1.838365615069161407e+01
3.103096408562618791e+01 1.813433425707030011e+01
2.896982013502754683e+01 1.990930969131422401e+01
2.690867618442890574e+01 2.089543484964335462e+01
2.484753223383026466e+01 2.099187615980862986e+01
2.278638828323162357e+01 2.264568327415230087e+01
2.072524433263298604e+01 2.433772897482547393e+01
1.866410038203434496e+01 2.911432767165803526e+01
1.660295643143570032e+01 2.888512200998918900e+01
1.454181248083706102e+01 2.743142689195621742e+01
1.248066853023842171e+01 3.424406582128693799e+01
1.041952457963977885e+01 3.553227700151987278e+01
8.358380629041139542e+00 3.707699154676371478e+01
6.297236678442498459e+00 4.613747858826432946e+01
4.236092727843856487e+00 5.252126406439457895e+01
2.174948777245216291e+00 5.639450648070486949e+01
1.138048266465753744e-01 5.071143752868213994e+01
-1.947339123952065432e+00 3.492114431861803325e+01
-4.008483074550706071e+00 1.976489542845754599e+01
-6.069627025149347155e+00 1.738500474177035571e+01
-8.130770975747987350e+00 1.385284074606676619e+01
-1.019191492634662843e+01 1.300291497163012799e+01
-1.225305887694526774e+01 1.100964574140046359e+01
-1.431420282754391060e+01 1.011626568083815414e+01
-1.637534677814254991e+01 8.227253555625603454e+00
-1.843649072874119099e+01 1.108665955047028717e+01
-2.049763467933982852e+01 7.660536371298189096e+00
-2.255877862993847316e+01 1.050720167145123085e+01
-2.461992258053711424e+01 9.724118678454059861e+00
-2.668106653113575533e+01 7.986255743979352673e+00
-2.874221048173439286e+01 8.255225394352697421e+00
-3.080335443233303749e+01 8.302455991216438846e+00
-3.286449838293167858e+01 1.090284447543941226e+01
-3.492564233353031966e+01 1.053520463555499376e+01
-3.698678628412896074e+01 8.170465153582240347e+00
-3.904793023472759472e+01 7.688709672618785795e+00
-4.110907418532623581e+01 8.962845905779555977e+00
-4.317021813592487689e+01 8.276661062935405155e+00
-4.523136208652352508e+01 9.681419382911565563e+00
-4.729250603712216616e+01 1.061595006739863045e+01
-4.935364998772080725e+01 1.051671594457927128e+01
-5.141479393831944122e+01 1.046619802946331923e+01
-5.347593788891808231e+01 8.305528228291349180e+00
-5.553708183951672339e+01 8.829246653194514849e+00
-5.759822579011536448e+01 9.042136453572773291e+00
-5.965936974071400556e+01 8.571383858773579334e+00
-6.172051369131264664e+01 6.213620960395687121e+00
-6.378165764191128773e+01 7.919613494401308351e+00
-6.584280159250992881e+01 5.780339377519887023e+00
-6.790394554310856279e+01 8.930368004990450359e+00
-6.996508949370721098e+01 6.180178319696231881e+00
-7.202623344430584496e+01 6.296536955496665477e+00
-7.408737739490447893e+01 5.215763592353553690e+00
-7.614852134550314133e+01 5.496967328043788292e+00
-7.820966529610177531e+01 5.711084123959010661e+00
-8.027080924670042350e+01 5.914358405055425649e+00
-8.233195319729905748e+01 5.966475685495328030e+00
-8.439309714789770567e+01 5.099574718749082969e+00
-8.645424109849633965e+01 4.130433709100413076e+00
-8.851538504909497362e+01 4.582923113434480555e+00
-9.057652899969362181e+01 4.021601313557465751e+00
-9.263767295029225579e+01 5.199897366197022919e+00
-9.469881690089090398e+01 3.621687352668623738e+00
-9.675996085148953796e+01 2.308617761695221038e+00
-9.882110480208818615e+01 4.742035310392875402e+00
-1.008822487526868343e+02 3.883664417463911889e+00
-1.029433927032854683e+02 3.797206291847783355e+00
-1.050045366538841165e+02 6.283505733662426707e+00
-1.070656806044827505e+02 5.036831678848209037e+00
-1.091268245550813845e+02 4.846222362025399910e+00
-1.111879685056800326e+02 4.512462583471440247e+00
-1.132491124562786808e+02 3.712266287599943482e+00
-1.153102564068773290e+02 4.002649463272903496e+00
-1.173714003574759630e+02 4.288638046154031436e+00
-1.194325443080746112e+02 4.664275997035619348e+00
-1.214936882586732452e+02 3.275517891665800541e+00
-1.235548322092718792e+02 4.781473345533850505e+00
-1.256159761598705273e+02 4.965414026145436033e+00
-1.276771201104691613e+02 6.626074450085774892e+00
-1.297382640610678095e+02 6.296599898663887807e+00
-1.317994080116664577e+02 2.951407692645016567e+00
-1.338605519622650775e+02 3.236829758421094105e+00
-1.359216959128637257e+02 2.766141779550935098e+00
-1.379828398634623738e+02 1.522210293230637834e+00
-1.400439838140610220e+02 3.856836126164847833e+00
-1.421051277646596418e+02 3.726923412866875562e+00
-1.441662717152582900e+02 2.183861299064189243e+00
-1.462274156658569382e+02 4.239959621802217526e+00
-1.482885596164555864e+02 3.216387287066140299e+00
-1.503497035670542061e+02 3.225748431528510096e+00
-1.524108475176528543e+02 3.249398158373112189e+00
-1.544719914682514741e+02 1.940103175836231708e+00
-1.565331354188501507e+02 3.911661883856705213e+00
-1.585942793694487705e+02 4.162072843639068154e+00
-1.606554233200474187e+02 3.453077776327522663e+00
-1.627165672706460384e+02 2.599850088722245101e+00
-1.647777112212446866e+02 2.255054306012017395e+00
-1.668388551718433348e+02 4.253576071652041435e+00
-1.688999991224419830e+02 2.990447900966874517e+00
-1.709611430730406312e+02 2.829303828838839685e+00
-1.730222870236392509e+02 2.672898297105282595e+00
-1.750834309742379276e+02 2.414675315276817447e+00
-1.771445749248365473e+02 2.620286704576290759e+00
-1.792057188754351955e+02 3.610860133289267360e+00
-1.812668628260338153e+02 3.967014596238808366e+00
-1.833280067766324635e+02 2.646491995737687120e+00
-1.853891507272311117e+02 3.381025644966196619e+00
-1.874502946778297598e+02 3.242780062021047183e+00
-1.895114386284283796e+02 4.920959580715844162e+00
-1.915725825790270278e+02 3.325458930861724394e+00
-1.936337265296256476e+02 2.661118666619859408e+00
-1.956948704802243242e+02 4.610241322606007053e+00
-1.977560144308229440e+02 2.297762302663387324e+00
-1.998171583814215637e+02 3.869705113529861684e+00
-2.018783023320202119e+02 2.028524486308405539e+00
-2.039394462826188601e+02 2.693371920918374851e+00
-2.060005902332174799e+02 5.283961362906904213e+00
-2.080617341838161281e+02 1.284939746685857864e+00
-2.101228781344147478e+02 2.408427497546524965e+00
-2.121840220850134244e+02 5.975955483791370426e+00
-2.142451660356120726e+02 5.129019092329743401e+00
-2.163063099862106924e+02 2.455938416731701768e+00
-2.183674539368093406e+02 3.733006734568125040e+00
-2.204285978874079603e+02 4.814141036804341134e+00
-2.224897418380066370e+02 3.589429962452565182e+00
-2.245508857886052567e+02 4.522658195486065402e+00
-2.266120297392039049e+02 1.624981300634007031e+00
-2.286731736898025247e+02 2.752768339544081844e+00
-2.307343176404012013e+02 9.636965769149274941e-01
-2.327954615909998211e+02 2.663284929608086493e+00
-2.348566055415984692e+02 3.108247918341091154e+00
-2.369177494921970890e+02 1.849511997180906198e+00
-2.389788934427957372e+02 5.079460693536019811e+00
-2.410400373933943854e+02 4.664009655816110822e+00
-2.431011813439930336e+02 4.440993541631670816e+00
-2.451623252945916533e+02 4.681116175661270695e+00
-2.472234692451903015e+02 2.296656171929376544e+00
-2.492846131957889213e+02 4.868551475816143892e+00
-2.513457571463875979e+02 2.807921120486374988e+00
-2.534069010969862461e+02 3.392593824935296709e+00
