2.607269552076729724e+02 4.142467235416599003e+00
2.586658112570743242e+02 6.728760388369085632e+00
2.566046673064756760e+02 4.843268201840502662e+00
2.545435233558770278e+02 9.159872120768795867e+00
2.524823794052784081e+02 6.670934315904679224e+00
2.504212354546797599e+02 6.489010428825435106e+00
2.483600915040811117e+02 4.921905494015358151e+00
2.462989475534824635e+02 4.913918535785215980e+00
2.442378036028838437e+02 6.841241822434041886e+00
2.421766596522851955e+02 5.325142487562594340e+00
2.401155157016865473e+02 8.698687922953281415e+00
2.380543717510878992e+02 4.550945713500739842e+00
2.359932278004892510e+02 7.547379710998043834e+00
2.339320838498906312e+02 6.994853183105263383e+00
2.318709398992919830e+02 6.562264409808492793e+00
2.298097959486933632e+02 7.440578219822486794e+00
2.277486519980946866e+02 9.947205076777688504e+00
2.256875080474960669e+02 9.392043424659826556e+00
2.236263640968974187e+02 7.800222426832058353e+00
2.215652201462987989e+02 9.267351870918583145e+00
2.195040761957001507e+02 9.214342646269381376e+00
2.174429322451015025e+02 6.476477230796497508e+00
2.153817882945028543e+02 5.025157240419352966e+00
2.133206443439042346e+02 6.824360477275650538e+00
2.112595003933055864e+02 9.035040244191977266e+00
2.091983564427069382e+02 1.094587682930700367e+01
2.071372124921082900e+02 8.381158258348339274e+00
2.050760685415096702e+02 8.060540729755894418e+00
2.030149245909110221e+02 8.343153879948156160e+00
2.009537806403123739e+02 9.289248764725437368e+00
1.988926366897137257e+02 9.656403549503151496e+00
1.968314927391150775e+02 8.884785883272614981e+00
1.947703487885164577e+02 7.196356221211614113e+00
1.927092048379178095e+02 9.297268245760442085e+00
1.906480608873191898e+02 7.785582087159230724e+00
1.885869169367205131e+02 7.996767978176129610e+00
1.865257729861218934e+02 1.023235152785087898e+01
1.844646290355232452e+02 7.631862299578788367e+00
1.824034850849246254e+02 1.169262679482877942e+01
1.803423411343259488e+02 9.813270060629635694e+00
1.782811971837273290e+02 9.939221537617513036e+00
1.762200532331286809e+02 1.055912674805813012e+01
1.741589092825300611e+02 6.298283287229939020e+00
1.720977653319314129e+02 6.927823943403707219e+00
1.700366213813327647e+02 1.039043899522178549e+01
1.679754774307341165e+02 8.161239129994532604e+00
1.659143334801354968e+02 9.393992014053747397e+00
1.638531895295368486e+02 9.247650025478222346e+00
1.617920455789382004e+02 9.352073944316137144e+00
1.597309016283395522e+02 9.160691947519666201e+00
1.576697576777409040e+02 1.037498967308706987e+01
1.556086137271422842e+02 8.244077815569536227e+00
1.535474697765436360e+02 1.000430257915716936e+01
1.514863258259450163e+02 9.394448383992148877e+00
1.494251818753463397e+02 8.195786810377871490e+00
1.473640379247477199e+02 1.010053978807363251e+01
1.453028939741490717e+02 9.242005524140916251e+00
1.432417500235504519e+02 8.208370253223849389e+00
1.411806060729517753e+02 6.209785313690709962e+00
1.391194621223531556e+02 8.639054387690761061e+00
1.370583181717545074e+02 1.143207830070572939e+01
1.349971742211558876e+02 1.098987795050976501e+01
1.329360302705572394e+02 7.718590740652670590e+00
1.308748863199585912e+02 9.248887640772093022e+00
1.288137423693599430e+02 9.133283466762961211e+00
1.267525984187613091e+02 9.733775301185064066e+00
1.246914544681626609e+02 9.602876670397252568e+00
1.226303105175640269e+02 9.682331767010458279e+00
1.205691665669653929e+02 9.946725830466350615e+00
1.185080226163667447e+02 9.709991158486882767e+00
1.164468786657681107e+02 8.346341823519630054e+00
1.143857347151694626e+02 9.890986792293471552e+00
1.123245907645708286e+02 1.293694265913200958e+01
1.102634468139721804e+02 1.355190792558835433e+01
1.082023028633735464e+02 1.019864521549691183e+01
1.061411589127748982e+02 9.315068929525601504e+00
1.040800149621762500e+02 1.190942165796148799e+01
1.020188710115776161e+02 1.134060034095394975e+01
9.995772706097896787e+01 1.323540852228943976e+01
9.789658311038033389e+01 1.364085364446147963e+01
9.583543915978169991e+01 1.203488788743094240e+01
9.377429520918305172e+01 1.189413757302587271e+01
9.171315125858441775e+01 1.225692144400461814e+01
8.965200730798576956e+01 1.286095410987349119e+01
8.759086335738713558e+01 1.327178811384028023e+01
8.552971940678848739e+01 1.590988488981748183e+01
8.346857545618985341e+01 1.630521409961946233e+01
8.140743150559121943e+01 1.888461729361359076e+01
7.934628755499257124e+01 1.670394121933877329e+01
7.728514360439393727e+01 1.511363470696444544e+01
7.522399965379528908e+01 1.888417990006345448e+01
7.316285570319665510e+01 1.709292218822398013e+01
7.110171175259800691e+01 1.789900363335157252e+01
6.904056780199937293e+01 2.167818592190094051e+01
6.697942385140072474e+01 1.870151136892794952e+01
6.491827990080207655e+01 1.945415650730562618e+01
6.285713595020344258e+01 2.011869379356036447e+01
6.079599199960480860e+01 1.820456270534522147e+01
5.873484804900616751e+01 1.898438397432742875e+01
5.667370409840751933e+01 2.148959798642202301e+01
5.461256014780887824e+01 2.098447093375363082e+01
5.255141619721023716e+01 2.077276211096686609e+01
5.049027224661159607e+01 2.372381636141976813e+01
4.842912829601296210e+01 2.179846295861669248e+01
4.636798434541432101e+01 2.540883089575457277e+01
4.430684039481568703e+01 2.380345584708722129e+01
4.224569644421704595e+01 2.443055904024746283e+01
4.018455249361840487e+01 2.343712713409199466e+01
3.812340854301975668e+01 2.524330921980208942e+01
3.606226459242111559e+01 2.468781374391859984e+01
3.400112064182247451e+01 2.439851578097307794e+01
3.193997669122383698e+01 2.344442504757777002e+01
2.987883274062519590e+01 2.526132228255659129e+01
2.781768879002655481e+01 2.800688121452910195e+01
2.575654483942791728e+01 2.936543638706902826e+01
2.369540088882927265e+01 3.444432196396755330e+01
2.163425693823063156e+01 3.435886673123452795e+01
1.957311298763199403e+01 4.154720374228786994e+01
1.751196903703335295e+01 5.244319161923386474e+01
1.545082508643471009e+01 5.637599730004961884e+01
1.338968113583607078e+01 6.485991956444284767e+01
1.132853718523742970e+01 7.211553287285133251e+01
9.267393234638788613e+00 7.163304516816623391e+01
7.206249284040148417e+00 7.355618316234840393e+01
5.145105333441506446e+00 7.452423548539958631e+01
3.083961382842866250e+00 7.666444084824294691e+01
1.022817432244225389e+00 6.824506198424568026e+01
-1.038326518354415473e+00 5.272885958734724454e+01
-3.099470468953057001e+00 3.141614494360088372e+01
-5.160614419551697196e+00 2.539841547446846093e+01
-7.221758370150337392e+00 1.885441985714291135e+01
-9.282902320748977587e+00 1.856637534035219872e+01
-1.134404627134761867e+01 1.633506195445208320e+01
-1.340519022194625975e+01 1.517353424098240566e+01
-1.546633417254490084e+01 1.359785275202925092e+01
-1.752747812314354192e+01 1.251307241709988993e+01
-1.958862207374218301e+01 1.336895053499285169e+01
-2.164976602434082054e+01 1.161576340899488891e+01
-2.371090997493946162e+01 1.311003635568018133e+01
-2.577205392553810626e+01 1.179285315269253331e+01
-2.783319787613674734e+01 1.151758708714332435e+01
-2.989434182673538487e+01 1.113425208454984627e+01
-3.195548577733402595e+01 9.234659847407078459e+00
-3.401662972793266704e+01 1.010855476275932752e+01
-3.607777367853130812e+01 8.318594901512980755e+00
-3.813891762912994920e+01 1.118816125235161074e+01
-4.020006157972859029e+01 1.178195419254046428e+01
-4.226120553032723137e+01 1.236727442077390826e+01
-4.432234948092587246e+01 1.033212065376202382e+01
-4.638349343152451354e+01 1.152782158183138428e+01
-4.844463738212315462e+01 9.567205713447151538e+00
-5.050578133272179571e+01 1.040965806900779178e+01
-5.256692528332043679e+01 9.871107988155660706e+00
-5.462806923391907787e+01 1.114646550728248897e+01
-5.668921318451771896e+01 1.000012009760406606e+01
-5.875035713511636715e+01 9.690875765904767292e+00
-6.081150108571500823e+01 8.890852071486836650e+00
-6.287264503631364221e+01 8.469655853736474782e+00
-6.493378898691227619e+01 1.165005560232651227e+01
-6.699493293751092438e+01 7.812471106194099235e+00
-6.905607688810957256e+01 6.771409492127720142e+00
-7.111722083870820654e+01 4.636482681504460857e+00
-7.317836478930684052e+01 5.453525697349606460e+00
-7.523950873990548871e+01 5.191152344501186455e+00
-7.730065269050412269e+01 6.958971073053348277e+00
-7.936179664110277088e+01 8.271374129280614440e+00
-8.142294059170140486e+01 6.056122536284089364e+00
-8.348408454230005304e+01 7.384048379574736920e+00
-8.554522849289868702e+01 4.720283440149556142e+00
-8.760637244349733521e+01 5.569551814636300335e+00
-8.966751639409598340e+01 8.320367914165322176e+00
-9.172866034469461738e+01 8.840516197081511152e+00
-9.378980429529326557e+01 4.333257010013223720e+00
-9.585094824589189955e+01 5.953366535881063015e+00
-9.791209219649053352e+01 3.683220274432305263e+00
-9.997323614708918171e+01 5.700902540143027331e+00
-1.020343800976878157e+02 6.403912720850305718e+00
-1.040955240482864639e+02 5.231355085109456127e+00
-1.061566679988850979e+02 4.550284066133162497e+00
-1.082178119494837460e+02 3.908717665345156078e+00
-1.102789559000823800e+02 6.019457110462047567e+00
-1.123400998506810140e+02 5.332024087424389158e+00
-1.144012438012796622e+02 5.045508797074469420e+00
-1.164623877518782962e+02 1.253586165422435839e+00
-1.185235317024769444e+02 3.544832393374852675e+00
-1.205846756530755783e+02 4.860854045955918856e+00
-1.226458196036742265e+02 2.919140827502992419e+00
-1.247069635542728605e+02 1.866181534540394482e+00
-1.267681075048715087e+02 2.681281427086851021e+00
-1.288292514554701427e+02 6.148527843626871991e+00
-1.308903954060687909e+02 6.215509169757913455e+00
-1.329515393566674391e+02 6.939941828886112773e+00
-1.350126833072660588e+02 5.029417408456314575e+00
-1.370738272578647070e+02 5.905234263849894027e+00
-1.391349712084633268e+02 5.946497997921841083e+00
-1.411961151590620034e+02 3.543978372799262200e+00
-1.432572591096606232e+02 3.738838327216520430e+00
-1.453184030602592713e+02 3.309992248304922224e+00
-1.473795470108579195e+02 4.543400963498281264e+00
-1.494406909614565677e+02 3.417238925301772312e+00
-1.515018349120552159e+02 1.014504766511263867e+00
-1.535629788626538357e+02 5.087030276963115938e+00
-1.556241228132524839e+02 4.218226723785284626e+00
-1.576852667638511036e+02 5.267722532114712308e+00
-1.597464107144497802e+02 4.250901485480696351e+00
-1.618075546650484000e+02 3.072801627095052890e+00
-1.638686986156470482e+02 5.285178330932613022e+00
-1.659298425662456680e+02 4.293584874485764757e+00
-1.679909865168443162e+02 2.508083769297264620e+00
-1.700521304674429643e+02 3.591108389727057482e+00
-1.721132744180416125e+02 5.248847275054567163e+00
-1.741744183686402323e+02 4.730066833264421899e-01
-1.762355623192388805e+02 2.444764288824834431e+00
-1.782967062698375287e+02 1.729537072152042665e+00
-1.803578502204361769e+02 4.500689133113063178e+00
-1.824189941710347966e+02 3.518204115845164015e+00
-1.844801381216334448e+02 5.130336900300162206e+00
-1.865412820722320930e+02 4.308981388554920855e+00
-1.886024260228307412e+02 4.278693809360395228e+00
-1.906635699734293894e+02 5.929255806570809639e+00
-1.927247139240280092e+02 4.038859760411566135e+00
-1.947858578746266573e+02 2.529828013615468940e+00
-1.968470018252252771e+02 3.296540928238310464e+00
-1.989081457758239537e+02 6.148467523374934185e-01
-2.009692897264225735e+02 3.488854800546095092e+00
-2.030304336770212217e+02 1.966544998652482779e+00
-2.050915776276198415e+02 3.350585648896649893e+00
-2.071527215782185181e+02 3.363253876556973054e+00
-2.092138655288171378e+02 3.048377829218772650e+00
-2.112750094794157860e+02 3.027966733237300812e+00
-2.133361534300144058e+02 5.242718398571378557e+00
-2.153972973806130540e+02 1.235500593428598748e+00
-2.174584413312117022e+02 1.293749370290868672e+00
-2.195195852818103504e+02 3.339048716928620486e+00
-2.215807292324089701e+02 3.390246307975776308e+00
-2.236418731830076183e+02 1.794272859463126979e+00
-2.257030171336062665e+02 3.377494098152445723e+00
-2.277641610842049147e+02 6.017924098537674737e-01
-2.298253050348035629e+02 3.064039149447783217e+00
-2.318864489854021826e+02 1.241163167597999939e+00
-2.339475929360008308e+02 1.465542876777493175e+00
-2.360087368865994506e+02 2.263416741786648867e+00
-2.380698808371981272e+02 -2.490208940245810243e-01
-2.401310247877967470e+02 2.509495496782369717e+00
-2.421921687383953952e+02 1.533032037227387567e+00
-2.442533126889940149e+02 4.090847732707730167e+00
-2.463144566395926915e+02 4.404256963257586754e+00
-2.483756005901913113e+02 2.679720288014262319e+00
-2.504367445407899595e+02 3.846414312092392151e+00
-2.524978884913885793e+02 4.092693012467311320e+00
-2.545590324419872275e+02 1.114907316675615379e+00
-2.566201763925859041e+02 2.348606195582100487e+00
-2.586813203431844954e+02 4.783940384350743535e+00
-2.607424642937831436e+02 4.479055625714420508e+00
-2.628036082443817918e+02 4.449584546761348847e+00
-2.648647521949804400e+02 7.911072578642253106e+00
