2.722122768703328575e+02 3.944253923504954074e+00
2.701511329197342093e+02 9.324847490234493108e+00
2.680899889691355611e+02 7.789301176179433739e+00
2.660288450185369129e+02 1.082251472986055951e+01
2.639677010679383216e+02 9.152432127225786473e+00
2.619065571173396165e+02 8.398085679304628570e+00
2.598454131667410252e+02 9.192958828457330256e+00
2.577842692161423770e+02 9.376525651126661032e+00
2.557231252655437288e+02 1.178884533358876219e+01
2.536619813149450806e+02 8.616933023961760085e+00
2.516008373643464324e+02 8.270579118183688294e+00
2.495396934137478127e+02 1.008945133892860646e+01
2.474785494631491645e+02 9.426009172068729569e+00
2.454174055125505447e+02 1.017861010588991810e+01
2.433562615619518681e+02 8.966844470710178427e+00
2.412951176113532199e+02 1.032264173222659664e+01
2.392339736607546001e+02 1.033951521961219910e+01
2.371728297101559519e+02 1.124790403068601741e+01
2.351116857595573322e+02 1.296018583914578848e+01
2.330505418089586556e+02 9.857212125777369494e+00
2.309893978583600358e+02 1.157419646389545065e+01
2.289282539077613876e+02 9.630176699121511419e+00
2.268671099571627678e+02 8.879145718045577951e+00
2.248059660065640912e+02 6.449270421163477707e+00
2.227448220559654715e+02 1.255063317131887679e+01
2.206836781053668233e+02 1.029390137590505994e+01
2.186225341547682035e+02 1.048977993350399274e+01
2.165613902041695553e+02 1.064502522519247307e+01
2.145002462535709071e+02 1.164901231710481078e+01
2.124391023029722589e+02 1.257694753933108700e+01
2.103779583523736392e+02 8.019005964738926906e+00
2.083168144017749910e+02 6.520888218764348210e+00
2.062556704511763712e+02 9.250348453460702558e+00
2.041945265005776946e+02 1.079492864184190992e+01
2.021333825499790464e+02 1.024513540983492987e+01
2.000722385993804266e+02 8.609562883547742018e+00
1.980110946487817785e+02 1.204449063228487127e+01
1.959499506981831303e+02 9.619123834157440101e+00
1.938888067475844821e+02 9.523581778837854728e+00
1.918276627969858623e+02 1.373657861482794473e+01
1.897665188463872141e+02 1.080794284472075084e+01
1.877053748957885944e+02 9.305333419775164927e+00
1.856442309451899177e+02 1.018624484828354859e+01
1.835830869945912980e+02 8.442197263962174958e+00
1.815219430439926498e+02 1.166395743406098617e+01
1.794607990933940300e+02 1.225554302867474377e+01
1.773996551427953818e+02 1.030226017137129801e+01
1.753385111921967336e+02 9.778060162204983641e+00
1.732773672415980855e+02 1.089252501963691699e+01
1.712162232909994657e+02 1.100284996420812611e+01
1.691550793404008175e+02 1.271879325184607268e+01
1.670939353898021693e+02 9.247453136063905177e+00
1.650327914392035211e+02 1.015789759743541154e+01
1.629716474886048729e+02 1.130404374849269189e+01
1.609105035380062532e+02 6.145137639178798850e+00
1.588493595874076050e+02 8.015558596868483932e+00
1.567882156368089568e+02 9.854734391877935096e+00
1.547270716862103086e+02 1.068912738462548440e+01
1.526659277356116888e+02 7.951511325447820688e+00
1.506047837850130406e+02 9.297226198773596906e+00
1.485436398344144209e+02 1.020893383685687894e+01
1.464824958838157443e+02 9.056334836604026606e+00
1.444213519332171245e+02 1.090771045658386207e+01
1.423602079826184763e+02 8.913342551581646234e+00
1.402990640320198565e+02 9.335036925689312426e+00
1.382379200814212084e+02 1.244840630227915490e+01
1.361767761308225602e+02 1.080958763013405921e+01
1.341156321802239120e+02 9.048203646166664171e+00
1.320544882296252922e+02 9.192493814048194878e+00
1.299933442790266440e+02 1.016471750334587121e+01
1.279322003284279958e+02 8.659594838005654438e+00
1.258710563778293618e+02 9.150889765977533230e+00
1.238099124272307137e+02 8.600144597924051837e+00
1.217487684766320797e+02 7.897600944066232032e+00
1.196876245260334315e+02 9.188453665306816731e+00
1.176264805754347975e+02 1.000821559315691545e+01
1.155653366248361493e+02 1.156101274381781074e+01
1.135041926742375153e+02 9.464276348114692539e+00
1.114430487236388814e+02 1.098349193368399668e+01
1.093819047730402190e+02 1.124839674269879275e+01
1.073207608224415850e+02 1.123252138419902302e+01
1.052596168718429368e+02 1.158193473762010228e+01
1.031984729212443028e+02 1.103738003670740042e+01
1.011373289706456546e+02 9.480824787303321344e+00
9.907618502004702066e+01 9.872529089895325072e+00
9.701504106944838668e+01 1.256193401706339685e+01
9.495389711884973849e+01 9.213827845265811334e+00
9.289275316825110451e+01 1.160575184362081735e+01
9.083160921765245632e+01 1.048538903724324278e+01
8.877046526705382234e+01 1.205355707551901112e+01
8.670932131645517416e+01 1.151945717795268109e+01
8.464817736585654018e+01 1.106676920598381386e+01
8.258703341525790620e+01 1.136210909829846827e+01
8.052588946465925801e+01 1.021084128046046580e+01
7.846474551406062403e+01 1.080795312210936743e+01
7.640360156346197584e+01 1.069712584616731910e+01
7.434245761286334186e+01 1.221045278050034000e+01
7.228131366226469368e+01 1.004424632437874365e+01
7.022016971166604549e+01 8.294835362065411388e+00
6.815902576106741151e+01 1.142849592617227472e+01
6.609788181046876332e+01 1.179129829611062341e+01
6.403673785987012934e+01 1.093766688357957761e+01
6.197559390927149536e+01 1.162642364031898268e+01
5.991444995867284717e+01 1.002020811870085204e+01
5.785330600807420609e+01 1.126181519119834817e+01
5.579216205747556501e+01 1.238069958304270202e+01
5.373101810687692392e+01 1.140344025288033514e+01
5.166987415627828284e+01 1.117160247328703093e+01
4.960873020567964886e+01 1.129057641495806408e+01
4.754758625508100067e+01 1.523430282118707701e+01
4.548644230448235959e+01 1.400687689677765313e+01
4.342529835388371851e+01 1.451250723665154929e+01
4.136415440328507032e+01 1.497180379646236936e+01
3.930301045268643634e+01 1.477547661226993725e+01
3.724186650208779525e+01 1.413915736019862912e+01
3.518072255148915417e+01 1.676590906625792954e+01
3.311957860089051309e+01 1.733963840284391367e+01
3.105843465029187200e+01 1.956403006000331146e+01
2.899729069969323447e+01 2.270055180056318278e+01
2.693614674909458984e+01 2.163127461651282957e+01
2.487500279849594875e+01 2.523060306303068501e+01
2.281385884789730767e+01 2.734207627853420419e+01
2.075271489729867014e+01 2.859449012665903567e+01
1.869157094670002905e+01 2.893215566772677860e+01
1.663042699610138442e+01 3.089980091427009157e+01
1.456928304550274511e+01 2.973305988971365110e+01
1.250813909490410580e+01 3.323317713835753295e+01
1.044699514430546472e+01 3.516490251181869553e+01
8.385851193706825413e+00 4.029148014438532499e+01
6.324707243108184329e+00 5.331217893140230046e+01
4.263563292509542357e+00 6.188486666033514894e+01
2.202419341910902162e+00 6.610775403876682788e+01
1.412753913122611893e-01 5.622197631475345503e+01
-1.919868559286379783e+00 4.012901546315961809e+01
-3.981012509885020201e+00 2.341494749591796065e+01
-6.042156460483661284e+00 1.893582690266157798e+01
-8.103300411082301480e+00 1.465367904664128673e+01
-1.016444436168094256e+01 1.227120954061396851e+01
-1.222558831227958187e+01 1.462267612473319467e+01
-1.428673226287822473e+01 1.157352451304588570e+01
-1.634787621347686581e+01 9.686404472620152362e+00
-1.840902016407550690e+01 9.403079475859136949e+00
-2.047016411467414798e+01 1.058768864449628921e+01
-2.253130806527278907e+01 8.750213473628523531e+00
-2.459245201587143015e+01 9.607149056337144444e+00
-2.665359596647006768e+01 1.124425869987556403e+01
-2.871473991706870876e+01 1.012344662810261653e+01
-3.077588386766735340e+01 1.095744853624245430e+01
-3.283702781826598738e+01 8.829468077114439595e+00
-3.489817176886463557e+01 1.099665018047879350e+01
-3.695931571946327665e+01 1.046187053092761943e+01
-3.902045967006191773e+01 1.093024286762999608e+01
-4.108160362066055882e+01 1.105894486588718095e+01
-4.314274757125919990e+01 1.073707797399959674e+01
-4.520389152185783388e+01 8.637926774241277528e+00
-4.726503547245647496e+01 1.108282910960129897e+01
-4.932617942305511605e+01 1.091143846883132262e+01
-5.138732337365375002e+01 6.413004341809925180e+00
-5.344846732425239111e+01 8.359777776961337281e+00
-5.550961127485103930e+01 9.479481677147704843e+00
-5.757075522544968038e+01 8.652504246319887571e+00
-5.963189917604832146e+01 5.932694353582038005e+00
-6.169304312664695544e+01 7.672870351553809698e+00
-6.375418707724559653e+01 7.408931882157565596e+00
-6.581533102784423761e+01 5.763642250866455541e+00
-6.787647497844287159e+01 4.035803018340566872e+00
-6.993761892904151978e+01 5.787440469578339908e+00
-7.199876287964015376e+01 5.041411339199804331e+00
-7.405990683023880194e+01 7.514184467372023946e+00
-7.612105078083743592e+01 6.306379667139028200e+00
-7.818219473143608411e+01 4.502007500779251714e+00
-8.024333868203471809e+01 9.616783694556909623e+00
-8.230448263263335207e+01 5.343825538315031487e+00
-8.436562658323201447e+01 6.792002933328452841e+00
-8.642677053383064845e+01 2.684123594429670412e+00
-8.848791448442929664e+01 5.794339830308925521e+00
-9.054905843502793061e+01 6.330166183899051724e+00
-9.261020238562657880e+01 6.606649887599662208e+00
-9.467134633622521278e+01 5.665611660654549020e+00
-9.673249028682384676e+01 5.715088747963492644e+00
-9.879363423742249495e+01 6.758495069523396737e+00
-1.008547781880211289e+02 7.817626708462388052e+00
-1.029159221386197771e+02 9.479528931056504959e+00
-1.049770660892184111e+02 4.962071838660404133e+00
-1.070382100398170593e+02 4.161476723551568391e+00
-1.090993539904156933e+02 4.569530304618857564e+00
-1.111604979410143272e+02 3.032234107134961665e+00
-1.132216418916129754e+02 5.985061242354817956e+00
-1.152827858422116094e+02 5.327626500977336477e+00
-1.173439297928102576e+02 5.727706390393723090e+00
-1.194050737434088916e+02 6.279327665343943821e+00
-1.214662176940075398e+02 7.742328823261400039e+00
-1.235273616446061880e+02 6.432150123074059422e+00
-1.255885055952048219e+02 5.666399504111813812e+00
-1.276496495458034701e+02 6.765742588534698676e+00
-1.297107934964020899e+02 6.388875437669906177e+00
-1.317719374470007381e+02 4.280936824783655226e+00
-1.338330813975993863e+02 4.840518570844103863e+00
-1.358942253481980345e+02 3.520690110569083320e+00
-1.379553692987966542e+02 5.763243407284164732e+00
-1.400165132493953024e+02 5.719088346898971942e+00
-1.420776571999939222e+02 6.960060313091219975e+00
-1.441388011505925988e+02 3.298875994359094843e+00
-1.461999451011912470e+02 3.610591313052487372e+00
-1.482610890517898667e+02 4.036723893054431578e+00
-1.503222330023885149e+02 4.921396006044174598e+00
-1.523833769529871347e+02 4.566644237368786108e+00
-1.544445209035858113e+02 5.291588495295658667e+00
-1.565056648541844311e+02 4.171990417095329029e+00
-1.585668088047830793e+02 5.381182062975339520e+00
-1.606279527553816990e+02 4.255814743527436939e+00
-1.626890967059803756e+02 4.901901121734220546e+00
-1.647502406565789954e+02 5.814756343149868556e+00
-1.668113846071776436e+02 3.629160007630963136e+00
-1.688725285577762634e+02 6.505141989559952265e+00
-1.709336725083749116e+02 5.386125269854630027e+00
-1.729948164589735597e+02 4.224828697140148748e+00
-1.750559604095722079e+02 4.539281341757172683e+00
-1.771171043601708277e+02 4.333764633096295782e+00
-1.791782483107694759e+02 5.232424031699583367e+00
-1.812393922613681241e+02 4.377586645233927598e+00
-1.833005362119667723e+02 3.040446835460873576e+00
-1.853616801625654205e+02 4.667847436595415900e+00
-1.874228241131640402e+02 2.886505398287248614e+00
-1.894839680637626884e+02 4.718625389528916969e+00
-1.915451120143613366e+02 6.966238392078759389e+00
-1.936062559649599848e+02 3.924164698129866125e+00
-1.956673999155586046e+02 3.946552796366250337e+00
-1.977285438661572528e+02 4.827482396388896646e+00
-1.997896878167558725e+02 6.943349901893669518e+00
-2.018508317673545491e+02 3.762233342532230740e+00
-2.039119757179531689e+02 6.053963450035870331e+00
-2.059731196685518171e+02 3.592861460065989831e+00
-2.080342636191504369e+02 5.133087330607350118e+00
-2.100954075697490850e+02 3.023072230738806709e+00
-2.121565515203477332e+02 5.221816817656605103e+00
-2.142176954709463814e+02 4.639544478923037119e+00
-2.162788394215450012e+02 5.261476192932996732e+00
-2.183399833721436494e+02 4.314443488498718615e+00
-2.204011273227422976e+02 1.536339121582289025e+00
-2.224622712733409458e+02 5.117654445044415468e+00
-2.245234152239395939e+02 5.583361077575847986e+00
-2.265845591745382137e+02 3.991897552495862200e+00
-2.286457031251368619e+02 4.255506040746496410e+00
-2.307068470757355101e+02 4.740387013789653992e+00
-2.327679910263341583e+02 3.935083932592279066e+00
-2.348291349769327780e+02 4.505189976535008967e+00
-2.368902789275314262e+02 4.851597079264307055e+00
-2.389514228781300460e+02 3.408940942414317998e+00
-2.410125668287287226e+02 7.421666436849026383e+00
-2.430737107793273424e+02 3.931954148804897020e+00
-2.451348547299259906e+02 4.302183085080580227e+00
-2.471959986805246103e+02 6.328968072431583103e+00
-2.492571426311232585e+02 4.750584251332653274e+00
-2.513182865817219067e+02 8.679631603935902717e+00
-2.533794305323205549e+02 1.019504094182115139e+01
