2.608693792188036582e+02 4.225882643747872258e+00
2.588082352682050100e+02 1.010480076999334820e+01
2.567470913176063618e+02 6.673718915069026814e+00
2.546859473670077421e+02 8.894574284320393431e+00
2.526248034164090939e+02 1.053387283359736593e+01
2.505636594658104457e+02 1.118024145546169379e+01
2.485025155152117975e+02 9.155565152317816313e+00
2.464413715646131777e+02 1.166303361721126031e+01
2.443802276140145295e+02 1.356681793723927498e+01
2.423190836634159098e+02 1.026531862803710204e+01
2.402579397128172332e+02 1.095676816859588598e+01
2.381967957622185850e+02 1.320021269506479911e+01
2.361356518116199652e+02 1.360667009540869010e+01
2.340745078610213170e+02 1.315069767468419215e+01
2.320133639104226688e+02 1.411326277477064650e+01
2.299522199598240206e+02 1.245922267622764856e+01
2.278910760092254009e+02 1.176100764511922137e+01
2.258299320586267527e+02 1.340119010527167021e+01
2.237687881080281329e+02 1.276500079083970007e+01
2.217076441574294563e+02 1.257119413940604424e+01
2.196465002068308365e+02 1.317886349639719157e+01
2.175853562562321883e+02 1.371732712591166425e+01
2.155242123056335686e+02 1.198732466401355445e+01
2.134630683550349204e+02 1.133873779751122512e+01
2.114019244044362722e+02 1.577708006041487465e+01
2.093407804538376240e+02 1.422529168788256726e+01
2.072796365032390042e+02 1.396273777335922084e+01
2.052184925526403561e+02 1.170736545546981588e+01
2.031573486020417079e+02 1.288223233392651323e+01
2.010962046514430597e+02 1.247471902522698883e+01
1.990350607008444115e+02 1.270893795493521417e+01
1.969739167502458201e+02 1.370356243248260775e+01
1.949127727996471435e+02 9.984969776438470390e+00
1.928516288490485238e+02 1.179123421742901634e+01
1.907904848984498756e+02 1.340453121929527747e+01
1.887293409478512558e+02 1.188306998297380090e+01
1.866681969972526076e+02 1.291577223388396689e+01
1.846070530466539594e+02 1.365455104109006612e+01
1.825459090960553112e+02 1.268733344810718400e+01
1.804847651454566915e+02 1.258811430826140842e+01
1.784236211948580433e+02 1.466485932533421455e+01
1.763624772442593951e+02 1.284264147597617267e+01
1.743013332936607469e+02 1.576086250192577687e+01
1.722401893430621271e+02 1.328342090137940801e+01
1.701790453924634789e+02 1.381539673360242837e+01
1.681179014418648592e+02 1.201804960481452156e+01
1.660567574912661826e+02 1.442189667320911717e+01
1.639956135406675628e+02 1.435968639450333839e+01
1.619344695900689146e+02 1.429828047926200796e+01
1.598733256394702664e+02 1.270028607014321587e+01
1.578121816888716467e+02 1.370981306761585117e+01
1.557510377382729700e+02 1.141897894481639320e+01
1.536898937876743503e+02 1.383189261773888035e+01
1.516287498370757021e+02 1.355614639942750266e+01
1.495676058864770823e+02 1.452062816971457515e+01
1.475064619358784057e+02 1.375496538655865209e+01
1.454453179852797859e+02 1.216702518518494180e+01
1.433841740346811378e+02 1.543963608637442420e+01
1.413230300840825180e+02 1.397769646747416061e+01
1.392618861334838698e+02 1.447387157876938701e+01
1.372007421828852216e+02 1.392897932091217506e+01
1.351395982322865734e+02 1.382532160426271517e+01
1.330784542816879537e+02 1.395984974660645506e+01
1.310173103310893055e+02 1.244450798827065618e+01
1.289561663804906573e+02 1.381572545163543886e+01
1.268950224298920233e+02 1.185182915938130499e+01
1.248338784792933751e+02 1.384202136687286888e+01
1.227727345286947411e+02 1.517345195243471423e+01
1.207115905780960929e+02 1.195118646357583003e+01
1.186504466274974590e+02 1.347513833207483636e+01
1.165893026768988250e+02 1.448892387209211741e+01
1.145281587263001768e+02 1.212912614103729858e+01
1.124670147757015428e+02 1.135202377740491997e+01
1.104058708251028946e+02 1.416869235513281566e+01
1.083447268745042606e+02 1.544018902655166947e+01
1.062835829239056125e+02 1.573020487367663378e+01
1.042224389733069785e+02 1.442191343645336232e+01
1.021612950227083303e+02 1.587495779989349209e+01
1.001001510721096821e+02 1.388685828415692392e+01
9.803900712151103392e+01 1.523072610818969430e+01
9.597786317091239994e+01 1.472915485778420042e+01
9.391671922031375175e+01 1.675015481874254419e+01
9.185557526971511777e+01 1.575601890024299223e+01
8.979443131911646958e+01 1.466336946723290247e+01
8.773328736851783560e+01 1.405735292764214073e+01
8.567214341791918741e+01 1.715422265277596736e+01
8.361099946732055344e+01 1.590636633278371548e+01
8.154985551672191946e+01 1.615932280684446809e+01
7.948871156612327127e+01 1.987642234104647443e+01
7.742756761552463729e+01 1.800942311451385081e+01
7.536642366492598910e+01 2.024166864068990179e+01
7.330527971432735512e+01 1.818529204297720980e+01
7.124413576372870693e+01 1.924264213419188607e+01
6.918299181313007296e+01 2.262342101816422613e+01
6.712184786253143898e+01 2.023985570410253132e+01
6.506070391193277658e+01 2.213617187208650350e+01
6.299955996133414970e+01 2.499106405995278379e+01
6.093841601073550862e+01 2.629942450379239460e+01
5.887727206013686754e+01 2.672876193793810273e+01
5.681612810953822645e+01 2.839248742035977457e+01
5.475498415893957826e+01 2.770809969191116195e+01
5.269384020834093718e+01 2.776601399913705492e+01
5.063269625774229610e+01 2.913790286736901436e+01
4.857155230714366212e+01 3.085766247409499385e+01
4.651040835654502104e+01 3.079847453926251433e+01
4.444926440594637995e+01 3.130355415123506191e+01
4.238812045534773887e+01 3.273291838722047231e+01
4.032697650474909778e+01 3.237074766281708804e+01
3.826583255415045670e+01 3.660659963065170075e+01
3.620468860355180851e+01 3.724995368210266378e+01
3.414354465295317453e+01 3.622336692206955178e+01
3.208240070235453345e+01 4.145390560331325958e+01
3.002125675175589237e+01 3.983451630522118592e+01
2.796011280115725128e+01 3.993266820737062517e+01
2.589896885055861020e+01 4.189356968613548560e+01
2.383782489995997267e+01 4.401789877424492659e+01
2.177668094936132803e+01 4.183189883576613255e+01
1.971553699876268695e+01 4.438463612363565147e+01
1.765439304816404942e+01 4.670223603218487796e+01
1.559324909756540833e+01 4.845552151111869676e+01
1.353210514696676547e+01 5.759021808892065764e+01
1.147096119636812617e+01 6.176215533710200845e+01
9.409817245769485083e+00 7.474836702630960872e+01
7.348673295170844000e+00 8.221122748447861284e+01
5.287529344572203804e+00 8.548380901158520828e+01
3.226385393973562721e+00 8.367114443465277418e+01
1.165241443374921859e+00 7.156244191684467637e+01
-8.959025072237190024e-01 4.999627986568140159e+01
-2.957046457822359642e+00 3.031035993829876318e+01
-5.018190408420999837e+00 2.995538859256003050e+01
-7.079334359019640921e+00 2.297904007685291106e+01
-9.140478309618282893e+00 1.906148075250975182e+01
-1.120162226021692220e+01 1.776277837490550482e+01
-1.326276621081556328e+01 1.648625966957623490e+01
-1.532391016141420437e+01 1.842309782517406802e+01
-1.738505411201284545e+01 1.874884297296829061e+01
-1.944619806261148653e+01 1.658071526620760849e+01
-2.150734201321012762e+01 1.648791816802783927e+01
-2.356848596380876515e+01 1.735901320694498295e+01
-2.562962991440740623e+01 1.686069426009591865e+01
-2.769077386500605087e+01 1.692498463362894512e+01
-2.975191781560469195e+01 1.722972420390647841e+01
-3.181306176620332948e+01 1.807764452846090819e+01
-3.387420571680196701e+01 1.342577909308756468e+01
-3.593534966740060810e+01 1.559090819982223586e+01
-3.799649361799924918e+01 1.635751696376144082e+01
-4.005763756859789027e+01 1.649208720245961146e+01
-4.211878151919653845e+01 1.729536570934955009e+01
-4.417992546979517954e+01 1.330678862934741069e+01
-4.624106942039382062e+01 1.514164651773109682e+01
-4.830221337099245460e+01 1.617133083592006670e+01
-5.036335732159109568e+01 1.702508539381189223e+01
-5.242450127218973677e+01 1.511556320789004459e+01
-5.448564522278837785e+01 1.448032398301043067e+01
-5.654678917338701893e+01 1.453067262979368302e+01
-5.860793312398566002e+01 1.498093642856183294e+01
-6.066907707458430821e+01 1.357994175806647696e+01
-6.273022102518294218e+01 1.456045058646119905e+01
-6.479136497578157616e+01 1.470025029322937371e+01
-6.685250892638022435e+01 1.219661988876474012e+01
-6.891365287697885833e+01 1.107523365702427398e+01
-7.097479682757750652e+01 1.047136369058535976e+01
-7.303594077817614050e+01 1.220153144869177808e+01
-7.509708472877478869e+01 1.138916245733809340e+01
-7.715822867937342266e+01 9.075598750624942923e+00
-7.921937262997207085e+01 9.234286589423991387e+00
-8.128051658057070483e+01 9.721840698852577844e+00
-8.334166053116933881e+01 1.046614613721560083e+01
-8.540280448176798700e+01 9.939936879848215057e+00
-8.746394843236662098e+01 8.530856390838829739e+00
-8.952509238296528338e+01 8.900605277718870667e+00
-9.158623633356391736e+01 8.511942780263765940e+00
-9.364738028416256554e+01 1.067245240525970829e+01
-9.570852423476119952e+01 8.867520953508428505e+00
-9.776966818535983350e+01 9.497523641535599026e+00
-9.983081213595846748e+01 1.002777411571341837e+01
-1.018919560865571157e+02 9.812080479774619945e+00
-1.039531000371557496e+02 9.930581578673722376e+00
-1.060142439877543836e+02 6.123608390725672201e+00
-1.080753879383530318e+02 8.124849130007051556e+00
-1.101365318889516658e+02 8.332433756568789818e+00
-1.121976758395503140e+02 9.096229226448301119e+00
-1.142588197901489480e+02 9.295613597012193807e+00
-1.163199637407475819e+02 7.999231496987349033e+00
-1.183811076913462301e+02 7.286961320667666442e+00
-1.204422516419448641e+02 7.748303752252393650e+00
-1.225033955925435123e+02 1.010527564320111438e+01
-1.245645395431421463e+02 8.595128855942162360e+00
-1.266256834937407945e+02 1.166781421099875971e+01
-1.286868274443394284e+02 7.383440336662724590e+00
-1.307479713949380766e+02 8.351212403687775065e+00
-1.328091153455366964e+02 8.572750011691157468e+00
-1.348702592961353730e+02 8.375218508567051856e+00
-1.369314032467339928e+02 7.708393926645218386e+00
-1.389925471973326410e+02 6.098226640482871552e+00
-1.410536911479312607e+02 1.016921221660300034e+01
-1.431148350985299373e+02 6.497098275776093779e+00
-1.451759790491285571e+02 7.780275905691725669e+00
-1.472371229997272053e+02 7.038421994782303237e+00
-1.492982669503258535e+02 5.693908214408019752e+00
-1.513594109009244733e+02 6.079473408226212960e+00
-1.534205548515231499e+02 6.552817399617493876e+00
-1.554816988021217696e+02 1.046793997062053805e+01
-1.575428427527204178e+02 6.493498201986531271e+00
-1.596039867033190376e+02 7.188365777850381555e+00
-1.616651306539176858e+02 4.630002158239825860e+00
-1.637262746045163340e+02 5.948134245370938267e+00
-1.657874185551149822e+02 6.567794222962183959e+00
-1.678485625057136019e+02 7.016878123088847730e+00
-1.699097064563122501e+02 8.744758307898559124e+00
-1.719708504069108699e+02 7.676682838313425350e+00
-1.740319943575095465e+02 8.886825402874620750e+00
-1.760931383081081663e+02 7.784025793751010447e+00
-1.781542822587068144e+02 7.944275363110299359e+00
-1.802154262093054342e+02 7.350215190577078950e+00
-1.822765701599041108e+02 6.971416762296518854e+00
-1.843377141105027306e+02 6.523042923361944467e+00
-1.863988580611013788e+02 8.960176398184758639e+00
-1.884600020117000270e+02 1.011561329189150271e+01
-1.905211459622986467e+02 1.160528936864522542e+01
-1.925822899128973233e+02 8.472006281660370064e+00
-1.946434338634959431e+02 6.018706862422219750e+00
-1.967045778140945913e+02 9.036110815241881866e+00
-1.987657217646932395e+02 7.502153725344370194e+00
-2.008268657152918877e+02 6.645381404518240664e+00
-2.028880096658905074e+02 7.043143121998951983e+00
-2.049491536164891841e+02 8.923526086950060332e+00
-2.070102975670878038e+02 6.574988196739036894e+00
-2.090714415176864520e+02 8.280839914520012002e+00
-2.111325854682850718e+02 8.352571464933237877e+00
-2.131937294188837484e+02 7.648782798719851783e+00
-2.152548733694823682e+02 6.808294982918392968e+00
-2.173160173200810164e+02 7.313236883006696054e+00
-2.193771612706796361e+02 5.822181037356727984e+00
-2.214383052212782843e+02 4.635905981627078454e+00
-2.234994491718769609e+02 8.184916675844483791e+00
-2.255605931224755807e+02 5.807342835732226760e+00
-2.276217370730742289e+02 6.472767160865935843e+00
-2.296828810236728486e+02 3.482009118815745818e+00
-2.317440249742714968e+02 6.678663876695888568e+00
-2.338051689248701450e+02 6.542500024370058398e+00
-2.358663128754687932e+02 4.628544888728690410e+00
-2.379274568260674130e+02 6.793730146088440947e+00
-2.399886007766660612e+02 6.074107429222059373e+00
-2.420497447272646809e+02 6.183223854967439870e+00
-2.441108886778633575e+02 6.564527176911424178e+00
-2.461720326284619773e+02 7.027526521922840885e+00
-2.482331765790606255e+02 7.765277527261419621e+00
-2.502943205296592453e+02 6.386638852841768355e+00
-2.523554644802579219e+02 8.092608815671349376e+00
-2.544166084308565416e+02 8.957445763232987801e+00
-2.564777523814551614e+02 7.375306312861038549e+00
-2.585388963320538096e+02 6.463617936751924198e+00
-2.606000402826524578e+02 1.126854790806109108e+01
-2.626611842332511060e+02 8.274701435940514216e+00
-2.647223281838497542e+02 9.160621127062363200e+00
