2.672468596832565595e+02 6.445748218476198277e-01
2.651857157326578545e+02 4.990094903550057026e+00
2.631245717820592631e+02 5.831387132659223482e+00
2.610634278314606149e+02 8.226077695422368663e+00
2.590022838808619667e+02 6.106229408994645169e+00
2.569411399302633185e+02 2.968449610761132895e+00
2.548799959796646704e+02 5.249748779458049519e+00
2.528188520290660506e+02 3.591105787637220548e+00
2.507577080784674024e+02 6.913777466639936087e+00
2.486965641278687826e+02 8.536980754737525601e+00
2.466354201772701344e+02 5.027343424500232416e+00
2.445742762266714863e+02 5.987127704697432939e+00
2.425131322760728381e+02 7.664884029291793688e+00
2.404519883254742183e+02 6.255805423761520601e+00
2.383908443748755701e+02 6.012151008965195054e+00
2.363297004242769219e+02 6.737498827814619951e+00
2.342685564736782737e+02 6.925402261035657148e+00
2.322074125230796255e+02 7.412152941458828082e+00
2.301462685724810058e+02 5.754624903538800851e+00
2.280851246218823576e+02 8.663139949761486491e+00
2.260239806712837094e+02 6.285269704259471624e+00
2.239628367206850612e+02 7.327319801386225073e+00
2.219016927700864414e+02 7.263680890961019543e+00
2.198405488194877933e+02 8.222977479876353968e+00
2.177794048688891735e+02 8.477510790373075977e+00
2.157182609182904969e+02 7.372500619060131655e+00
2.136571169676918771e+02 8.348930939453932609e+00
2.115959730170932289e+02 6.986875968286970995e+00
2.095348290664946092e+02 7.631826126801684929e+00
2.074736851158959325e+02 6.613898533235960997e+00
2.054125411652973128e+02 6.633960840316174945e+00
2.033513972146986646e+02 6.856952955545529527e+00
2.012902532641000448e+02 7.417949183642032374e+00
1.992291093135013966e+02 8.151541417655502997e+00
1.971679653629027484e+02 8.751286468204673596e+00
1.951068214123040718e+02 7.922809742490731111e+00
1.930456774617054236e+02 8.483992877281643530e+00
1.909845335111068039e+02 4.464580174319097594e+00
1.889233895605081557e+02 6.074820456935959179e+00
1.868622456099095359e+02 6.373718924284234255e+00
1.848011016593108593e+02 6.858985816023066562e+00
1.827399577087122395e+02 7.656733897518567034e+00
1.806788137581135913e+02 8.230464719680625763e+00
1.786176698075149716e+02 8.619943593607112930e+00
1.765565258569163234e+02 9.953666824133891922e+00
1.744953819063176752e+02 6.765216603957124875e+00
1.724342379557190270e+02 7.148533459668978018e+00
1.703730940051204072e+02 8.965665693873292597e+00
1.683119500545217591e+02 8.331769743731616273e+00
1.662508061039231109e+02 6.363140155054331615e+00
1.641896621533244627e+02 7.443835130637050490e+00
1.621285182027258429e+02 9.406639548829810238e+00
1.600673742521271947e+02 5.961048357700605926e+00
1.580062303015285750e+02 8.811180780866600060e+00
1.559450863509298983e+02 7.143590380316360289e+00
1.538839424003312502e+02 8.388782893138515107e+00
1.518227984497326304e+02 6.097765163832044699e+00
1.497616544991339822e+02 6.411681495933813757e+00
1.477005105485353624e+02 8.276497455299956840e+00
1.456393665979366858e+02 7.748159645756503622e+00
1.435782226473380661e+02 9.952709175188646284e+00
1.415170786967394179e+02 7.362572333165992688e+00
1.394559347461407981e+02 1.154796160977524799e+01
1.373947907955421215e+02 8.935075707486834773e+00
1.353336468449435017e+02 6.708101831394390757e+00
1.332725028943448535e+02 6.094612285478115510e+00
1.312113589437462338e+02 8.144630392306073219e+00
1.291502149931475856e+02 6.290228863021078531e+00
1.270890710425489374e+02 7.017913996965933876e+00
1.250279270919502892e+02 9.792982606582853577e+00
1.229667831413516552e+02 8.983378564163791324e+00
1.209056391907530212e+02 8.183715001880180751e+00
1.188444952401543731e+02 1.041757227070314151e+01
1.167833512895557391e+02 9.908527463206029395e+00
1.147222073389570909e+02 9.493121800341640437e+00
1.126610633883584569e+02 8.776428027423701650e+00
1.105999194377598087e+02 1.078000637877747891e+01
1.085387754871611747e+02 1.091516314718691838e+01
1.064776315365625408e+02 1.116002583252617342e+01
1.044164875859638926e+02 1.178791484912862941e+01
1.023553436353652586e+02 1.184938520689578212e+01
1.002941996847666104e+02 1.390769835666447207e+01
9.823305573416796221e+01 1.149783091895333165e+01
9.617191178356931403e+01 1.275464715236466162e+01
9.411076783297068005e+01 1.366413593651554237e+01
9.204962388237204607e+01 1.232339179724774247e+01
8.998847993177339788e+01 1.558215584049097124e+01
8.792733598117476390e+01 1.531597608525828669e+01
8.586619203057611571e+01 1.372214405432303508e+01
8.380504807997748173e+01 1.607452603070312946e+01
8.174390412937883355e+01 1.557434981100940874e+01
7.968276017878019957e+01 1.488744150649601217e+01
7.762161622818156559e+01 1.716327621146682958e+01
7.556047227758291740e+01 1.565779735259400240e+01
7.349932832698428342e+01 1.822889813779770307e+01
7.143818437638563523e+01 1.568134917688984054e+01
6.937704042578700125e+01 1.550955515519238936e+01
6.731589647518836728e+01 1.536678347732151018e+01
6.525475252458971909e+01 1.821465556019436605e+01
6.319360857399107090e+01 1.758888671671719095e+01
6.113246462339242981e+01 1.816657371172215818e+01
5.907132067279379584e+01 1.758204593207372923e+01
5.701017672219515475e+01 1.829764311348736072e+01
5.494903277159651367e+01 1.983247393347405918e+01
5.288788882099787259e+01 2.383223361297150333e+01
5.082674487039922440e+01 2.187966718540888422e+01
4.876560091980058331e+01 2.238156482138521852e+01
4.670445696920194933e+01 2.521856784635694382e+01
4.464331301860330825e+01 2.384466786328075827e+01
4.258216906800466717e+01 2.654059177438593409e+01
4.052102511740602608e+01 2.656152273179627699e+01
3.845988116680738500e+01 2.681058394142383250e+01
3.639873721620874392e+01 2.786197667284350032e+01
3.433759326561010283e+01 3.308652859074867791e+01
3.227644931501146175e+01 3.566126361286004709e+01
3.021530536441282067e+01 3.563297145100509766e+01
2.815416141381418313e+01 4.271911548180399620e+01
2.609301746321553850e+01 4.337483281911566735e+01
2.403187351261690097e+01 5.177236074233059071e+01
2.197072956201825988e+01 5.511436683472947351e+01
1.990958561141962235e+01 6.111234037558116938e+01
1.784844166082098127e+01 6.947979919429918994e+01
1.578729771022234019e+01 7.223880771739825946e+01
1.372615375962369733e+01 7.273959181753491521e+01
1.166500980902505624e+01 7.026062835414413144e+01
9.603865858426415159e+00 7.256792500235124521e+01
7.542721907827774075e+00 7.956494640821533437e+01
5.481577957229133879e+00 8.154487622249554590e+01
3.420434006630492796e+00 7.690193254508227483e+01
1.359290056031852378e+00 7.569818137745028253e+01
-7.018538945667883722e-01 5.863459864801961174e+01
-2.762997845165429123e+00 3.960466329814986608e+01
-4.824141795764070650e+00 2.454292672599070357e+01
-6.885285746362710846e+00 1.809580507389673443e+01
-8.946429696961351041e+00 1.613615068145670506e+01
-1.100757364755999212e+01 1.314124023230232829e+01
-1.306871759815863143e+01 1.358304586926788282e+01
-1.512986154875727429e+01 1.225372594445043362e+01
-1.719100549935591360e+01 1.646203174386227985e+01
-1.925214944995455468e+01 1.494470804663184360e+01
-2.131329340055319221e+01 1.278258968314320221e+01
-2.337443735115183685e+01 1.348032545000657656e+01
-2.543558130175048149e+01 1.331303167954520994e+01
-2.749672525234911902e+01 1.612566340791695652e+01
-2.955786920294776010e+01 1.613229195618044542e+01
-3.161901315354640474e+01 1.636035513047353973e+01
-3.368015710414504582e+01 1.690601822780344676e+01
-3.574130105474368690e+01 1.634897370413498763e+01
-3.780244500534232088e+01 1.717304072247415903e+01
-3.986358895594096197e+01 1.979364834944037810e+01
-4.192473290653960305e+01 1.975247694603597282e+01
-4.398587685713824413e+01 1.835479873210325863e+01
-4.604702080773689232e+01 1.645616278482148331e+01
-4.810816475833553341e+01 1.744512559063262103e+01
-5.016930870893416738e+01 1.770517521544464046e+01
-5.223045265953280847e+01 1.223660400613195876e+01
-5.429159661013144955e+01 1.407229178771409472e+01
-5.635274056073009064e+01 1.165418142675795821e+01
-5.841388451132873172e+01 9.571309450100523364e+00
-6.047502846192737280e+01 9.857737177148209184e+00
-6.253617241252601389e+01 8.091144647252498601e+00
-6.459731636312464786e+01 6.132879567527250053e+00
-6.665846031372329605e+01 8.350550671754261245e+00
-6.871960426432194424e+01 7.414313954389557537e+00
-7.078074821492057822e+01 5.431066876222163664e+00
-7.284189216551921220e+01 4.538877502695637389e+00
-7.490303611611786039e+01 4.412470059315240611e+00
-7.696418006671649437e+01 1.135165424611297214e+00
-7.902532401731514256e+01 4.504039567224566554e+00
-8.108646796791377653e+01 4.424556482019697867e+00
-8.314761191851242472e+01 6.577401733916945936e+00
-8.520875586911105870e+01 5.505219593668201128e+00
-8.726989981970969268e+01 3.046791867411077437e+00
-8.933104377030834087e+01 2.790111395115999926e+00
-9.139218772090697485e+01 3.736458273456829016e+00
-9.345333167150562304e+01 2.092348137730970059e+00
-9.551447562210427122e+01 2.209541884639003140e+00
-9.757561957270291941e+01 4.447266473030667022e+00
-9.963676352330155339e+01 4.584336484978528858e+00
-1.016979074739001874e+02 5.490770607135264214e+00
-1.037590514244988356e+02 4.560532959400047659e+00
-1.058201953750974695e+02 2.519149246817025123e+00
-1.078813393256961177e+02 3.060531946669954984e+00
-1.099424832762947517e+02 3.811594038609056767e+00
-1.120036272268933999e+02 5.119926044641156970e+00
-1.140647711774920339e+02 3.846087935411254932e+00
-1.161259151280906678e+02 -3.579280539108242731e-02
-1.181870590786893160e+02 1.999319798554707539e+00
-1.202482030292879500e+02 3.550086502942410238e+00
-1.223093469798865982e+02 3.054725524424531713e+00
-1.243704909304852322e+02 4.656004064350978133e+00
-1.264316348810838662e+02 3.718808999079659561e+00
-1.284927788316825286e+02 3.132236272203666072e+00
-1.305539227822811483e+02 4.317357858199217802e+00
-1.326150667328797965e+02 2.380911723949887371e+00
-1.346762106834784447e+02 2.741415821082169746e+00
-1.367373546340770929e+02 3.144496594983971605e+00
-1.387984985846757127e+02 1.997608085063760530e+00
-1.408596425352743609e+02 1.568129761893418017e+00
-1.429207864858729806e+02 3.240977201923636475e+00
-1.449819304364716572e+02 1.633088511725400815e+00
-1.470430743870702770e+02 1.417230100542342219e+00
-1.491042183376689252e+02 4.710545711296060034e+00
-1.511653622882675450e+02 2.933951443878687559e+00
-1.532265062388662216e+02 6.139300206281426142e-01
-1.552876501894648698e+02 3.248685114666258311e+00
-1.573487941400634895e+02 3.463048669014749059e+00
-1.594099380906621377e+02 3.018118060029237326e-01
-1.614710820412607575e+02 3.144909099837880362e+00
-1.635322259918594341e+02 -1.510255727643307518e-02
-1.655933699424580539e+02 1.295319368277273675e+00
-1.676545138930567020e+02 -2.321696611999200799e-01
-1.697156578436553218e+02 8.590218896027128626e-01
-1.717768017942539700e+02 1.336789362457455388e+00
-1.738379457448526182e+02 -1.381758746094605417e-01
-1.758990896954512664e+02 2.686510626378825428e+00
-1.779602336460498861e+02 1.178661353514780963e+00
-1.800213775966485343e+02 1.293351510933077320e+00
-1.820825215472471541e+02 -3.832553512632812937e-02
-1.841436654978458307e+02 2.340610785478019373e+00
-1.862048094484444505e+02 2.573527966438893255e+00
-1.882659533990430987e+02 1.133405999065383751e+00
-1.903270973496417184e+02 1.277148409525960648e+00
-1.923882413002403950e+02 -3.724293454122327152e-01
-1.944493852508390432e+02 1.686934052901648329e+00
-1.965105292014376630e+02 2.360988504485086903e+00
-1.985716731520362828e+02 6.601386865323022324e-01
-2.006328171026349310e+02 1.245805327647568628e-01
-2.026939610532335792e+02 2.982470532691426701e+00
-2.047551050038321989e+02 2.235225369180324329e+00
-2.068162489544308471e+02 -1.229964954325737103e-01
-2.088773929050294669e+02 7.342163761513313958e-01
-2.109385368556281435e+02 2.472994514860139770e+00
-2.129996808062267633e+02 1.257484635012126928e+00
-2.150608247568254114e+02 5.242624288656061449e-01
-2.171219687074240312e+02 1.443814412769583777e+00
-2.191831126580227078e+02 6.838624129054793332e-01
-2.212442566086213276e+02 6.969244571855576220e-02
-2.233054005592199758e+02 1.485001897697480366e+00
-2.253665445098185955e+02 2.212553719531351049e-01
-2.274276884604172437e+02 8.791673353563936866e-01
-2.294888324110158919e+02 1.978585739424941758e+00
-2.315499763616145401e+02 2.799834961293971247e+00
-2.336111203122131883e+02 4.339453023096949913e+00
-2.356722642628118081e+02 1.624113972739144596e-01
-2.377334082134104563e+02 8.346354251660117463e-01
-2.397945521640091044e+02 3.373583026119054473e+00
-2.418556961146077526e+02 1.402531315319810012e+00
-2.439168400652063724e+02 2.888376285614728811e-01
-2.459779840158050206e+02 3.249650532878178844e+00
-2.480391279664036688e+02 1.398694449674087403e+00
-2.501002719170023170e+02 1.435469094241576871e+00
-2.521614158676009367e+02 2.174754959439098467e+00
-2.542225598181995849e+02 3.741852524743590536e+00
-2.562837037687982047e+02 3.266050989568608731e+00
-2.583448477193968529e+02 1.786772829494473136e+00
