2.638143524452206634e+02 -5.582541007582780601e+00
2.617532084946220152e+02 -9.896161110076977963e+00
2.596920645440233670e+02 -1.043847292690715989e+01
2.576309205934247188e+02 -1.031023184898055334e+01
2.555697766428260991e+02 -7.111787998537511868e+00
2.535086326922274793e+02 -9.270200805376720865e+00
2.514474887416288027e+02 -1.063170546040813136e+01
2.493863447910301545e+02 -1.073397515404380798e+01
2.473252008404315347e+02 -9.846741175713447092e+00
2.452640568898328866e+02 -9.308526457641001173e+00
2.432029129392342668e+02 -9.889547120836631677e+00
2.411417689886355902e+02 -9.522458105552424001e+00
2.390806250380369704e+02 -1.250455591116691068e+01
2.370194810874383222e+02 -8.331422915571916832e+00
2.349583371368397025e+02 -8.994232565111950350e+00
2.328971931862410543e+02 -1.021482186514868928e+01
2.308360492356424061e+02 -7.722520339764010089e+00
2.287749052850437579e+02 -1.018581730413425745e+01
2.267137613344451381e+02 -1.068249753127448543e+01
2.246526173838464899e+02 -9.577451854986167135e+00
2.225914734332478417e+02 -8.419660209212915802e+00
2.205303294826491936e+02 -7.966736016059408065e+00
2.184691855320505738e+02 -9.172945950421429018e+00
2.164080415814519256e+02 -9.401220529877367227e+00
2.143468976308533058e+02 -1.007444957099896143e+01
2.122857536802546292e+02 -8.872094043332761970e+00
2.102246097296559810e+02 -8.521124417560274722e+00
2.081634657790573613e+02 -1.116096552613328541e+01
2.061023218284587131e+02 -9.052300733477006034e+00
2.040411778778600933e+02 -9.010417090518801686e+00
2.019800339272614167e+02 -9.240609707933966632e+00
1.999188899766627969e+02 -9.927488448001895449e+00
1.978577460260641487e+02 -1.236133469579340982e+01
1.957966020754655290e+02 -9.951948610389061756e+00
1.937354581248668524e+02 -9.032920828491027621e+00
1.916743141742682326e+02 -9.548780921280311418e+00
1.896131702236695844e+02 -1.035751252948933221e+01
1.875520262730709646e+02 -9.289710952989654658e+00
1.854908823224723164e+02 -9.840164438463920860e+00
1.834297383718736683e+02 -9.672259262049774264e+00
1.813685944212750201e+02 -8.968560325949798795e+00
1.793074504706764003e+02 -1.077245382136132257e+01
1.772463065200777521e+02 -1.153551230377854964e+01
1.751851625694791323e+02 -1.103890201011198613e+01
1.731240186188804557e+02 -8.201458624180414603e+00
1.710628746682818075e+02 -1.019666378573734811e+01
1.690017307176831878e+02 -9.230575260826139328e+00
1.669405867670845396e+02 -7.784276022716137611e+00
1.648794428164858914e+02 -8.317999256238886474e+00
1.628182988658872432e+02 -1.101785661514591830e+01
1.607571549152886234e+02 -9.417527144482015444e+00
1.586960109646899753e+02 -9.358803117453305731e+00
1.566348670140913555e+02 -9.932261662778767430e+00
1.545737230634926789e+02 -7.761910408438304820e+00
1.525125791128940591e+02 -9.701175468803150181e+00
1.504514351622954109e+02 -8.688025465767641009e+00
1.483902912116967912e+02 -6.454642214186510074e+00
1.463291472610981430e+02 -8.719737577649159022e+00
1.442680033104994948e+02 -1.134173922871983820e+01
1.422068593599008466e+02 -9.383599727941071222e+00
1.401457154093022268e+02 -1.029571890696556302e+01
1.380845714587035786e+02 -1.053629158715841818e+01
1.360234275081049304e+02 -5.960715287756718439e+00
1.339622835575062822e+02 -8.243553991771628731e+00
1.319011396069076341e+02 -8.302779897984438051e+00
1.298399956563090143e+02 -9.373782030775947405e+00
1.277788517057103661e+02 -8.891905985200404317e+00
1.257177077551117321e+02 -8.664291832451601394e+00
1.236565638045130839e+02 -1.123551094551841878e+01
1.215954198539144500e+02 -9.121843157503001009e+00
1.195342759033158160e+02 -8.797091888199057408e+00
1.174731319527171536e+02 -8.684168621838333380e+00
1.154119880021185196e+02 -5.784634026985044919e+00
1.133508440515198714e+02 -8.416950836611295728e+00
1.112897001009212374e+02 -6.917875714603272108e+00
1.092285561503225892e+02 -6.913755925861396534e+00
1.071674121997239553e+02 -5.060882744709537029e+00
1.051062682491253213e+02 -8.785018433977780816e+00
1.030451242985266731e+02 -7.510424931704529072e+00
1.009839803479280391e+02 -4.173353192453225446e+00
9.892283639732940514e+01 -5.285386348511881494e+00
9.686169244673077117e+01 9.850971256797231845e-01
9.480054849613212298e+01 -2.452697178922544907e+00
9.273940454553348900e+01 2.281444911246592600e-01
9.067826059493484081e+01 4.473097840658891045e+00
8.861711664433620683e+01 5.872158018868542051e+00
8.655597269373757285e+01 1.219850884473999031e+01
8.449482874313892466e+01 1.212541205939977829e+01
8.243368479254029069e+01 1.492805797293605075e+01
8.037254084194164250e+01 1.397866789516001162e+01
7.831139689134300852e+01 1.919500300638696899e+01
7.625025294074434612e+01 1.755774251527859420e+01
7.418910899014571214e+01 2.041099654220307258e+01
7.212796503954707816e+01 2.333952966677304985e+01
7.006682108894842997e+01 2.235982777241585850e+01
6.800567713834979600e+01 2.719850710223514056e+01
6.594453318775114781e+01 2.868412326572872217e+01
6.388338923715251383e+01 3.381743939008647004e+01
6.182224528655387275e+01 3.143007464293342679e+01
5.976110133595523166e+01 3.443976246598320046e+01
5.769995738535659058e+01 3.580524205273879090e+01
5.563881343475794949e+01 3.616634282897636155e+01
5.357766948415931552e+01 3.181573121926833281e+01
5.151652553356067443e+01 3.364803537708301207e+01
4.945538158296203335e+01 3.312133227748118713e+01
4.739423763236338516e+01 3.116910972596898688e+01
4.533309368176474408e+01 3.372063982910697177e+01
4.327194973116610299e+01 3.971347938055201610e+01
4.121080578056746191e+01 4.161278615368421185e+01
3.914966182996882793e+01 4.214259140947402216e+01
3.708851787937018685e+01 4.616017107458231550e+01
3.502737392877154576e+01 5.135337628757436335e+01
3.296622997817290468e+01 4.891935232921437660e+01
3.090508602757426004e+01 4.728724657971066847e+01
2.884394207697562251e+01 4.865416196234995994e+01
2.678279812637698143e+01 4.503393774366002589e+01
2.472165417577833679e+01 4.542212581340141497e+01
2.266051022517969926e+01 4.420336943193325396e+01
2.059936627458105818e+01 4.103331170273892781e+01
1.853822232398241709e+01 4.297210579516153928e+01
1.647707837338377601e+01 4.396567849849846255e+01
1.441593442278513493e+01 4.555605637222368642e+01
1.235479047218649384e+01 4.669168234728448397e+01
1.029364652158785454e+01 5.137369411243749795e+01
8.232502570989213453e+00 5.144087870277134300e+01
6.171358620390571481e+00 5.208323517893254717e+01
4.110214669791930397e+00 4.680683649916934286e+01
2.049070719193290202e+00 3.847012851119286836e+01
-1.207323140535069769e-02 2.703798806130640386e+01
-2.073217182003991521e+00 1.644100388794731415e+01
-4.134361132602632161e+00 1.084526377165326316e+01
-6.195505083201272356e+00 4.173272269534781920e+00
-8.256649033799913440e+00 4.949512855957898694e+00
-1.031779298439855275e+01 1.710733324889341489e+00
-1.237893693499719561e+01 1.440317508705321492e+00
-1.444008088559583491e+01 2.089471809665537361e+00
-1.650122483619447777e+01 3.178297255160464019e+00
-1.856236878679311531e+01 3.440826412359215158e+00
-2.062351273739175639e+01 3.952159348789695770e+00
-2.268465668799039747e+01 4.715318562552978321e+00
-2.474580063858904211e+01 7.771089776812567074e+00
-2.680694458918767964e+01 9.349089706978954695e+00
-2.886808853978632072e+01 8.138287202777881646e+00
-3.092923249038496181e+01 1.303474359501466928e+01
-3.299037644098360289e+01 1.540205835463605766e+01
-3.505152039158224397e+01 1.359464810302853266e+01
-3.711266434218088506e+01 1.195818451269917837e+01
-3.917380829277952614e+01 1.228529747788777904e+01
-4.123495224337816722e+01 8.975748240543481415e+00
-4.329609619397680120e+01 1.079522642573551217e+01
-4.535724014457544229e+01 9.496253709841708357e+00
-4.741838409517408337e+01 9.108024288041766781e+00
-4.947952804577273156e+01 1.046360858712298558e+01
-5.154067199637137264e+01 9.047721428279054123e+00
-5.360181594697001373e+01 1.040745209499121060e+01
-5.566295989756865481e+01 9.045172614748025808e+00
-5.772410384816728879e+01 8.308645372091971737e+00
-5.978524779876592987e+01 6.808997059817818887e+00
-6.184639174936457096e+01 2.851552444647220241e+00
-6.390753569996321204e+01 8.189820745824399895e-01
-6.596867965056185312e+01 -2.296325448833486771e+00
-6.802982360116048710e+01 -1.903077883897037026e+00
-7.009096755175913529e+01 -4.811494786004373303e+00
-7.215211150235776927e+01 -6.143894831094458553e+00
-7.421325545295641746e+01 -6.370155618654871787e+00
-7.627439940355505144e+01 -8.834742833295578635e+00
-7.833554335415369962e+01 -6.353447284116345628e+00
-8.039668730475234781e+01 -6.435030741847622693e+00
-8.245783125535098179e+01 -8.323851565735266078e+00
-8.451897520594962998e+01 -4.589413764676241847e+00
-8.658011915654826396e+01 -6.564455236864857213e+00
-8.864126310714691215e+01 -7.196832733911099567e+00
-9.070240705774554613e+01 -9.314172504797102903e+00
-9.276355100834418010e+01 -8.516008333691900134e+00
-9.482469495894282829e+01 -8.376885254876563991e+00
-9.688583890954146227e+01 -1.153532611524369678e+01
-9.894698286014011046e+01 -9.324485189080307990e+00
-1.010081268107387586e+02 -8.043441676492792070e+00
-1.030692707613373926e+02 -7.728852318082277684e+00
-1.051304147119360408e+02 -1.027051909133544250e+01
-1.071915586625346748e+02 -9.520802108382881102e+00
-1.092527026131333230e+02 -9.116796594005910137e+00
-1.113138465637319570e+02 -9.332717938653471990e+00
-1.133749905143305909e+02 -9.094033327308473247e+00
-1.154361344649292533e+02 -9.175480099551158730e+00
-1.174972784155278873e+02 -6.985201889885219728e+00
-1.195584223661265355e+02 -6.348192278080248663e+00
-1.216195663167251695e+02 -8.270545892720058134e+00
-1.236807102673238177e+02 -8.750438516689991175e+00
-1.257418542179224517e+02 -8.296638993765787617e+00
-1.278029981685210856e+02 -7.080976124240387470e+00
-1.298641421191197196e+02 -7.097019420265065826e+00
-1.319252860697183678e+02 -9.438854249157781595e+00
-1.339864300203169876e+02 -7.699752920451795823e+00
-1.360475739709156642e+02 -7.443322225017842797e+00
-1.381087179215143124e+02 -7.975781364319706412e+00
-1.401698618721129321e+02 -7.155858499078633805e+00
-1.422310058227115803e+02 -7.573953745114287983e+00
-1.442921497733102001e+02 -9.882214155102339248e+00
-1.463532937239088767e+02 -7.427435342390431572e+00
-1.484144376745074965e+02 -9.441239340019610182e+00
-1.504755816251061447e+02 -9.562733263222536806e+00
-1.525367255757047644e+02 -7.439964402146474143e+00
-1.545978695263034126e+02 -8.328673814215010296e+00
-1.566590134769020608e+02 -7.025835275110958733e+00
-1.587201574275007090e+02 -6.916124246746308657e+00
-1.607813013780993288e+02 -8.798790000592948246e+00
-1.628424453286979769e+02 -8.500182058705901156e+00
-1.649035892792966251e+02 -7.640041171710363344e+00
-1.669647332298952733e+02 -9.770538790706194021e+00
-1.690258771804938931e+02 -9.805792578064231435e+00
-1.710870211310925413e+02 -8.628614111090158190e+00
-1.731481650816911610e+02 -8.064986191161450435e+00
-1.752093090322898377e+02 -8.750105496531729088e+00
-1.772704529828884858e+02 -9.431214490367636927e+00
-1.793315969334871056e+02 -7.444567415995176241e+00
-1.813927408840857538e+02 -6.068432322223085151e+00
-1.834538848346843736e+02 -7.235474436466496684e+00
-1.855150287852830502e+02 -7.366761311635698029e+00
-1.875761727358816700e+02 -8.456431534496452684e+00
-1.896373166864803181e+02 -8.637871136747484968e+00
-1.916984606370789379e+02 -9.290405640546993027e+00
-1.937596045876776145e+02 -1.193031576981758413e+01
-1.958207485382762343e+02 -7.586635557386187223e+00
-1.978818924888748825e+02 -7.501785403752768921e+00
-1.999430364394735022e+02 -9.076267595768120700e+00
-2.020041803900721504e+02 -6.332493029732547463e+00
-2.040653243406707986e+02 -6.986174055749697409e+00
-2.061264682912694468e+02 -7.688860564321635671e+00
-2.081876122418680666e+02 -8.795295502317223679e+00
-2.102487561924667148e+02 -8.266732942642551762e+00
-2.123099001430653345e+02 -8.506892432080219280e+00
-2.143710440936640111e+02 -6.829410210490645561e+00
-2.164321880442626593e+02 -7.263656555436398321e+00
-2.184933319948612791e+02 -7.255419484190565704e+00
-2.205544759454599273e+02 -8.565606365007111478e+00
-2.226156198960585755e+02 -6.426582257040603707e+00
-2.246767638466572237e+02 -7.415578111984421739e+00
-2.267379077972558434e+02 -7.702765612747763946e+00
-2.287990517478544916e+02 -8.265985887729378589e+00
-2.308601956984531114e+02 -8.856113025036401964e+00
-2.329213396490517880e+02 -7.924509118596242629e+00
-2.349824835996504078e+02 -9.252236704113526500e+00
-2.370436275502490560e+02 -6.196741738299349933e+00
-2.391047715008476757e+02 -5.779967643062054350e+00
-2.411659154514463239e+02 -1.069818268999940614e+01
-2.432270594020449721e+02 -7.243644778292658515e+00
-2.452882033526436203e+02 -6.347144257417808078e+00
-2.473493473032422401e+02 -9.780602077239914038e+00
-2.494104912538408882e+02 -6.880811755109188965e+00
-2.514716352044395364e+02 -8.314382126590629696e+00
-2.535327791550381846e+02 -8.006325729726032847e+00
-2.555939231056368328e+02 -1.010739854179885278e+01
-2.576550670562354526e+02 -9.586266610197803573e+00
-2.597162110068341008e+02 -9.061819958843960521e+00
-2.617773549574327490e+02 -1.025661028799936503e+01
