2.639718042288664606e+02 3.278601884154732637e+00
2.619106602782678124e+02 1.083412177244621155e+01
2.598495163276691642e+02 1.152907841266427269e+01
2.577883723770705728e+02 8.918351279223854178e+00
2.557272284264718678e+02 1.082946515570757917e+01
2.536660844758732480e+02 1.285002609322051192e+01
2.516049405252745998e+02 1.016351793293291728e+01
2.495437965746759801e+02 1.339886398495663578e+01
2.474826526240773319e+02 1.371338041530940544e+01
2.454215086734786837e+02 1.074193961050959700e+01
2.433603647228800355e+02 1.230731575202642247e+01
2.412992207722814157e+02 1.086208453921967987e+01
2.392380768216827676e+02 1.304841964016519640e+01
2.371769328710841478e+02 1.410052088415154081e+01
2.351157889204854712e+02 1.394802905188233311e+01
2.330546449698868514e+02 1.180021702440107134e+01
2.309935010192882032e+02 1.107316044770594843e+01
2.289323570686895835e+02 1.367408662013752085e+01
2.268712131180909068e+02 1.188694688749768602e+01
2.248100691674922871e+02 1.055509308695691040e+01
2.227489252168936389e+02 1.295994160750625923e+01
2.206877812662950191e+02 1.329478701546651642e+01
2.186266373156963709e+02 1.413147085486745524e+01
2.165654933650976943e+02 1.311940740642156200e+01
2.145043494144990746e+02 1.249411425460623448e+01
2.124432054639004264e+02 1.392465325740661619e+01
2.103820615133018066e+02 1.297752812186867111e+01
2.083209175627031584e+02 1.279561545557537627e+01
2.062597736121045102e+02 1.338721196985081185e+01
2.041986296615058620e+02 1.256399281430286052e+01
2.021374857109072423e+02 1.195997796667642277e+01
2.000763417603085941e+02 1.327487041812231006e+01
1.980151978097099459e+02 1.330398894800645415e+01
1.959540538591112693e+02 1.179386071121933277e+01
1.938929099085126495e+02 1.086457016814905607e+01
1.918317659579140013e+02 1.208319489707849037e+01
1.897706220073153816e+02 9.355762588361589138e+00
1.877094780567167334e+02 1.137436124664505499e+01
1.856483341061180852e+02 1.351179428434623198e+01
1.835871901555194370e+02 1.185919950150186253e+01
1.815260462049208172e+02 1.452485606447783617e+01
1.794649022543221690e+02 1.382211137373528054e+01
1.774037583037235208e+02 1.461481936640026724e+01
1.753426143531248727e+02 1.425093590022581047e+01
1.732814704025262245e+02 1.288870805713183287e+01
1.712203264519276047e+02 1.149350136071229223e+01
1.691591825013289565e+02 1.108102441605168664e+01
1.670980385507303367e+02 1.335412434265767878e+01
1.650368946001316601e+02 1.528207885612394712e+01
1.629757506495330404e+02 1.336510790631061063e+01
1.609146066989343922e+02 1.156455044916850206e+01
1.588534627483357724e+02 1.253050530614345703e+01
1.567923187977370958e+02 1.034633867940279472e+01
1.547311748471384760e+02 1.475822467443377661e+01
1.526700308965398278e+02 1.317007767786480699e+01
1.506088869459412081e+02 1.561944781557654061e+01
1.485477429953425599e+02 1.470806382335269191e+01
1.464865990447439117e+02 1.708541905555711793e+01
1.444254550941452635e+02 1.315565718568236875e+01
1.423643111435466437e+02 1.419565913865784168e+01
1.403031671929479955e+02 1.319065096905211121e+01
1.382420232423493474e+02 1.407732577324043710e+01
1.361808792917506992e+02 1.635651302757263892e+01
1.341197353411520510e+02 1.308803804391846448e+01
1.320585913905534312e+02 1.499476843208048216e+01
1.299974474399547830e+02 1.564159730299496509e+01
1.279363034893561490e+02 1.416293520496470038e+01
1.258751595387575151e+02 1.454313606615761145e+01
1.238140155881588669e+02 1.554179098627756339e+01
1.217528716375602329e+02 1.732966392226248331e+01
1.196917276869615705e+02 1.710483852171602592e+01
1.176305837363629365e+02 1.948449809796379029e+01
1.155694397857642883e+02 2.046892090347852644e+01
1.135082958351656544e+02 2.281521086513993168e+01
1.114471518845670204e+02 2.871863030316136189e+01
1.093860079339683722e+02 3.009655432364211336e+01
1.073248639833697382e+02 3.765554197672953052e+01
1.052637200327710900e+02 3.805927517649963221e+01
1.032025760821724560e+02 4.134875504878775843e+01
1.011414321315738079e+02 4.586725690698167313e+01
9.908028818097518808e+01 4.484166365765266704e+01
9.701914423037653989e+01 4.698062504049010357e+01
9.495800027977790592e+01 4.984702745800418455e+01
9.289685632917925773e+01 5.216429926902070946e+01
9.083571237858062375e+01 5.025191623109858341e+01
8.877456842798198977e+01 5.287944492475979530e+01
8.671342447738334158e+01 5.410461978230148361e+01
8.465228052678470760e+01 5.244278245313244469e+01
8.259113657618605941e+01 5.209990950626977479e+01
8.052999262558741123e+01 5.327389897303180533e+01
7.846884867498877725e+01 5.686653625889535846e+01
7.640770472439012906e+01 5.361598286583596007e+01
7.434656077379149508e+01 5.636780934007718713e+01
7.228541682319284689e+01 5.637098097162649424e+01
7.022427287259421291e+01 5.255062974621272787e+01
6.816312892199556472e+01 5.133557587411125667e+01
6.610198497139693075e+01 4.938754234184239778e+01
6.404084102079829677e+01 4.988616920530640186e+01
6.197969707019964858e+01 4.949720480691861013e+01
5.991855311960100750e+01 4.941321540083656316e+01
5.785740916900236641e+01 5.007677927598480494e+01
5.579626521840373243e+01 5.451869093872998207e+01
5.373512126780509135e+01 5.913563745040814723e+01
5.167397731720644316e+01 5.758913207116309252e+01
4.961283336660780208e+01 6.055995430021012993e+01
4.755168941600915389e+01 6.174304139090469334e+01
4.549054546541051991e+01 6.365903009476200225e+01
4.342940151481187883e+01 6.570284412666944718e+01
4.136825756421323774e+01 6.229784806199061364e+01
3.930711361361459666e+01 6.127640456771188582e+01
3.724596966301595558e+01 6.037928025868080084e+01
3.518482571241731449e+01 5.890359536624220738e+01
3.312368176181867341e+01 5.904640523539422503e+01
3.106253781122003232e+01 6.475312320937793231e+01
2.900139386062139124e+01 6.875624477550296376e+01
2.694024991002275016e+01 7.312044551766717859e+01
2.487910595942410907e+01 7.809397855861560345e+01
2.281796200882547154e+01 8.124155392041345181e+01
2.075681805822683046e+01 8.303720247431327550e+01
1.869567410762818582e+01 8.543422063603121330e+01
1.663453015702954474e+01 8.578712444314518848e+01
1.457338620643090543e+01 9.099740833221288483e+01
1.251224225583226612e+01 9.713727476058551247e+01
1.045109830523362504e+01 9.083203753141783920e+01
8.389954354634983957e+00 8.651668541581669558e+01
6.328810404036343762e+00 8.536890385062928033e+01
4.267666453437702678e+00 8.326154599325690242e+01
2.206522502839061595e+00 8.168686213478022751e+01
1.453785522404207886e-01 7.096028429324958609e+01
-1.915765398358219906e+00 5.943721275547110849e+01
-3.976909348956860768e+00 4.549386220400179326e+01
-6.038053299555501852e+00 3.609430922436085609e+01
-8.099197250154142935e+00 3.298967399698177161e+01
-1.016034120075278224e+01 2.976191611949392168e+01
-1.222148515135142510e+01 3.127996842443065972e+01
-1.428262910195006441e+01 3.072980346949212205e+01
-1.634377305254870549e+01 3.261810357172405617e+01
-1.840491700314734302e+01 3.116343618645191071e+01
-2.046606095374598766e+01 3.326674219692441881e+01
-2.252720490434462874e+01 3.548742163811959927e+01
-2.458834885494326983e+01 3.161302112379219409e+01
-2.664949280554190736e+01 3.355002614973703601e+01
-2.871063675614054844e+01 3.586380583947838119e+01
-3.077178070673919308e+01 3.407188410864765160e+01
-3.283292465733783416e+01 3.550711931106392427e+01
-3.489406860793647525e+01 3.749279561054135712e+01
-3.695521255853510922e+01 3.514361672906026257e+01
-3.901635650913375031e+01 3.252582991304655735e+01
-4.107750045973239139e+01 3.218630734965075391e+01
-4.313864441033103247e+01 3.042576644325902180e+01
-4.519978836092968066e+01 3.292607270263489738e+01
-4.726093231152832175e+01 2.956397614795450579e+01
-4.932207626212696283e+01 2.724899470205971497e+01
-5.138322021272559681e+01 2.128422088704254023e+01
-5.344436416332423079e+01 2.075835231169670791e+01
-5.550550811392287187e+01 1.948975827288316509e+01
-5.756665206452151295e+01 1.484650014220281733e+01
-5.962779601512015404e+01 1.692993390630942940e+01
-6.168893996571879512e+01 1.435779340893284051e+01
-6.375008391631744331e+01 1.369959307552390015e+01
-6.581122786691607018e+01 1.547948940534953266e+01
-6.787237181751471837e+01 1.361135822433105780e+01
-6.993351576811335235e+01 9.469975006725153577e+00
-7.199465971871200054e+01 1.175677845936634824e+01
-7.405580366931064873e+01 1.142112693204137663e+01
-7.611694761990928271e+01 1.093893417936672563e+01
-7.817809157050793090e+01 1.132991610295408513e+01
-8.023923552110656487e+01 1.046732024521988791e+01
-8.230037947170521306e+01 1.005705571012674149e+01
-8.436152342230384704e+01 1.023858584907264024e+01
-8.642266737290249523e+01 1.171860440477114551e+01
-8.848381132350112921e+01 7.960394212443700823e+00
-9.054495527409976319e+01 8.426939717441388922e+00
-9.260609922469841138e+01 1.018542115374395074e+01
-9.466724317529704535e+01 1.128545604834103067e+01
-9.672838712589569354e+01 1.091856386432035642e+01
-9.878953107649432752e+01 6.633139729393546347e+00
-1.008506750270929757e+02 9.321140655617641713e+00
-1.029118189776916239e+02 9.667818406963895939e+00
-1.049729629282902579e+02 8.175268401990186007e+00
-1.070341068788889061e+02 1.011132342864030065e+01
-1.090952508294875400e+02 7.356181378504301982e+00
-1.111563947800861740e+02 1.137938499853585661e+01
-1.132175387306848364e+02 9.506534848876842858e+00
-1.152786826812834704e+02 8.614941445813434129e+00
-1.173398266318821186e+02 6.903414298110528868e+00
-1.194009705824807526e+02 1.014801410280166571e+01
-1.214621145330794008e+02 9.251619244024150035e+00
-1.235232584836780347e+02 1.074081161392289374e+01
-1.255844024342766687e+02 1.032576283751737378e+01
-1.276455463848753169e+02 8.850954920989435593e+00
-1.297066903354739509e+02 9.011533639927620243e+00
-1.317678342860725991e+02 9.006561091248487472e+00
-1.338289782366712473e+02 6.232296236043803894e+00
-1.358901221872698954e+02 5.438209709322728180e+00
-1.379512661378685152e+02 9.399200969133897132e+00
-1.400124100884671634e+02 6.875338809178599853e+00
-1.420735540390657832e+02 8.725654819762107550e+00
-1.441346979896644598e+02 7.828059589118883999e+00
-1.461958419402630796e+02 1.051724257259614781e+01
-1.482569858908617277e+02 7.395764644951253075e+00
-1.503181298414603475e+02 1.017687233359738208e+01
-1.523792737920589957e+02 8.379417443185250391e+00
-1.544404177426576439e+02 8.501144850547564857e+00
-1.565015616932562921e+02 1.041327638017790669e+01
-1.585627056438549118e+02 6.765884948983983627e+00
-1.606238495944535600e+02 8.567593696228748001e+00
-1.626849935450522082e+02 6.743002263553136366e+00
-1.647461374956508564e+02 1.072749725172723601e+01
-1.668072814462494762e+02 8.706234088508978175e+00
-1.688684253968481244e+02 6.786575026294126012e+00
-1.709295693474467726e+02 7.279936562747603368e+00
-1.729907132980454207e+02 8.110082455136520707e+00
-1.750518572486440689e+02 9.017962332815507409e+00
-1.771130011992426887e+02 6.968440271055728275e+00
-1.791741451498413369e+02 1.070748792150827633e+01
-1.812352891004399567e+02 7.503470476237502851e+00
-1.832964330510386333e+02 7.901512808940919896e+00
-1.853575770016372530e+02 7.857556424744584156e+00
-1.874187209522359012e+02 8.584295567482577383e+00
-1.894798649028345210e+02 8.441775266401581490e+00
-1.915410088534331692e+02 5.278226252704998345e+00
-1.936021528040318174e+02 8.234246025753856557e+00
-1.956632967546304656e+02 6.805201330016015682e+00
-1.977244407052290853e+02 6.217959046743462004e+00
-1.997855846558277335e+02 4.813482942453338964e+00
-2.018467286064263533e+02 9.100793348044289743e+00
-2.039078725570250015e+02 8.845186902245218974e+00
-2.059690165076236212e+02 6.772501794396652564e+00
-2.080301604582222694e+02 9.138398899495275174e+00
-2.100913044088209460e+02 5.927021560224360108e+00
-2.121524483594195658e+02 8.613764765410126145e+00
-2.142135923100182140e+02 7.362584016013719257e+00
-2.162747362606168338e+02 6.908825853871222833e+00
-2.183358802112155104e+02 6.056734623995383870e+00
-2.203970241618141301e+02 6.467219035119055270e+00
-2.224581681124127783e+02 6.690650946937358512e+00
-2.245193120630113981e+02 6.650080503848249336e+00
-2.265804560136100463e+02 7.498166000256309083e+00
-2.286415999642086945e+02 6.679632437009386692e+00
-2.307027439148073427e+02 7.221751630138046885e+00
-2.327638878654059624e+02 6.944218412066348378e+00
-2.348250318160046106e+02 6.509967370177088597e+00
-2.368861757666032304e+02 9.958727009878092673e+00
-2.389473197172019070e+02 7.433981323916534656e+00
-2.410084636678005268e+02 7.513543800654227667e+00
-2.430696076183991750e+02 6.838932008305977917e+00
-2.451307515689977947e+02 9.523080841370797245e+00
-2.471918955195964429e+02 5.970921978150497189e+00
-2.492530394701951195e+02 8.580161670111451144e+00
-2.513141834207937393e+02 6.116078987637021847e+00
-2.533753273713923875e+02 7.150724688265646556e+00
-2.554364713219910072e+02 1.084909476127129579e+01
-2.574976152725896554e+02 9.934630787078109648e+00
-2.595587592231883036e+02 6.411080225675361177e+00
-2.616199031737869518e+02 9.720588284948126656e+00
