2.721650641736500802e+02 4.314039431508858158e+00
2.701039202230513752e+02 7.783489488029729841e+00
2.680427762724527838e+02 7.944412259050445790e+00
2.659816323218541356e+02 1.146882452723721002e+01
2.639204883712554874e+02 1.229033054658612656e+01
2.618593444206568392e+02 1.117603070202835802e+01
2.597982004700582479e+02 1.061480004415779810e+01
2.577370565194595429e+02 8.769599828106862560e+00
2.556759125688609231e+02 9.286471035046734102e+00
2.536147686182623033e+02 1.163206988254315455e+01
2.515536246676636551e+02 9.705765925191338184e+00
2.494924807170649785e+02 9.531580675383370505e+00
2.474313367664663588e+02 9.139675339163668255e+00
2.453701928158677106e+02 1.185987635409518681e+01
2.433090488652690908e+02 9.497345322294060921e+00
2.412479049146704426e+02 8.985076576554986261e+00
2.391867609640717944e+02 8.333028767012077509e+00
2.371256170134731462e+02 9.345825600224364038e+00
2.350644730628745265e+02 8.987031657980359967e+00
2.330033291122758783e+02 1.302531043938090072e+01
2.309421851616772585e+02 1.024011733418933368e+01
2.288810412110785819e+02 1.359255683659927882e+01
2.268198972604799621e+02 8.826091131834383319e+00
2.247587533098813140e+02 8.272765700122967303e+00
2.226976093592826942e+02 1.139174358538160448e+01
2.206364654086840460e+02 1.363021526312681964e+01
2.185753214580853978e+02 1.257601179274051439e+01
2.165141775074867496e+02 1.274125819552206984e+01
2.144530335568881299e+02 1.123203375936993176e+01
2.123918896062894817e+02 1.033191985765039611e+01
2.103307456556908051e+02 1.184219759177391396e+01
2.082696017050921853e+02 1.007831071500657139e+01
2.062084577544935371e+02 9.825385594844748383e+00
2.041473138038949173e+02 9.283312831859458214e+00
2.020861698532962691e+02 1.059979920260742325e+01
2.000250259026976209e+02 8.590316438853726311e+00
1.979638819520989728e+02 1.027803497357580476e+01
1.959027380015003530e+02 1.184110045004066691e+01
1.938415940509017048e+02 1.057190164607574268e+01
1.917804501003030850e+02 1.131194038232097832e+01
1.897193061497044084e+02 1.093476151206349556e+01
1.876581621991057887e+02 9.642452472462499813e+00
1.855970182485071405e+02 1.242190640729333140e+01
1.835358742979085207e+02 9.884903883928757296e+00
1.814747303473098441e+02 1.233305587828690975e+01
1.794135863967112243e+02 1.004350455776975792e+01
1.773524424461125761e+02 1.253925161671148558e+01
1.752912984955139564e+02 1.269851749828261234e+01
1.732301545449153082e+02 1.173461804639003070e+01
1.711690105943166316e+02 9.425474227186855458e+00
1.691078666437180118e+02 9.686336622227408100e+00
1.670467226931193636e+02 1.092626694031122092e+01
1.649855787425207438e+02 8.303328610528902587e+00
1.629244347919220957e+02 1.273912159294321533e+01
1.608632908413234475e+02 1.047506214040602757e+01
1.588021468907247993e+02 1.213637816578384054e+01
1.567410029401261795e+02 1.109799672879782406e+01
1.546798589895275313e+02 8.672009363996465936e+00
1.526187150389288831e+02 1.093186542119588545e+01
1.505575710883302349e+02 9.378966881884075235e+00
1.484964271377316152e+02 1.133452647764242727e+01
1.464352831871329670e+02 1.094274142401001448e+01
1.443741392365343472e+02 7.788818454103958011e+00
1.423129952859356706e+02 1.005219824857849531e+01
1.402518513353370508e+02 1.330111381399823678e+01
1.381907073847384027e+02 1.213098899953970466e+01
1.361295634341397829e+02 9.712259042318724056e+00
1.340684194835411347e+02 1.072878272987290771e+01
1.320072755329424581e+02 1.068393838291616404e+01
1.299461315823438383e+02 9.867548711749915213e+00
1.278849876317452043e+02 1.188053461405033850e+01
1.258238436811465562e+02 1.125489192293022001e+01
1.237626997305479222e+02 1.172854407818550904e+01
1.217015557799492882e+02 9.024531207107578723e+00
1.196404118293506400e+02 9.125697427841000575e+00
1.175792678787520060e+02 1.097683293448307218e+01
1.155181239281533578e+02 1.083687584467544163e+01
1.134569799775547239e+02 7.693886590005861947e+00
1.113958360269560615e+02 1.131424453931338725e+01
1.093346920763574275e+02 1.354532735773875807e+01
1.072735481257587935e+02 1.030263168360964876e+01
1.052124041751601453e+02 1.070798077829182127e+01
1.031512602245615113e+02 1.126057409754895566e+01
1.010901162739628631e+02 1.196697283648113874e+01
9.902897232336422917e+01 1.088887925146677738e+01
9.696782837276558098e+01 1.174748559919474822e+01
9.490668442216694700e+01 1.011326025889390046e+01
9.284554047156831302e+01 1.082046325271475595e+01
9.078439652096966483e+01 1.088971405836834094e+01
8.872325257037103086e+01 9.578526288471559624e+00
8.666210861977238267e+01 9.835050386283709756e+00
8.460096466917374869e+01 8.642073888792978664e+00
8.253982071857511471e+01 1.057416953482450950e+01
8.047867676797646652e+01 8.789952620961113183e+00
7.841753281737783254e+01 1.215715235375289360e+01
7.635638886677918435e+01 1.112857709526052830e+01
7.429524491618053617e+01 1.137297147866117797e+01
7.223410096558188798e+01 1.361140670167235633e+01
7.017295701498325400e+01 1.175701696899671589e+01
6.811181306438462002e+01 1.270844234283755547e+01
6.605066911378597183e+01 1.266374734740135111e+01
6.398952516318733075e+01 1.171832071007617770e+01
6.192838121258869677e+01 1.252226182789184783e+01
5.986723726199005569e+01 1.056963317513016598e+01
5.780609331139141460e+01 1.438232111117551426e+01
5.574494936079277352e+01 1.124291954258422876e+01
5.368380541019413243e+01 1.378731523989553764e+01
5.162266145959549135e+01 1.382037781549444411e+01
4.956151750899685027e+01 1.315363537657976600e+01
4.750037355839821629e+01 1.559142619154008180e+01
4.543922960779956810e+01 1.606127407307712929e+01
4.337808565720092702e+01 1.603272802963057231e+01
4.131694170660228593e+01 1.614649344532590547e+01
3.925579775600364485e+01 2.224399742811962000e+01
3.719465380540500377e+01 2.097500338059608893e+01
3.513350985480636268e+01 2.087546367797276758e+01
3.307236590420772870e+01 2.332566234314290554e+01
3.101122195360908051e+01 2.585574894999523821e+01
2.895007800301044298e+01 2.902828903167486629e+01
2.688893405241180190e+01 2.754443735149500228e+01
2.482779010181316082e+01 2.722699682047242575e+01
2.276664615121452329e+01 2.732230793036649885e+01
2.070550220061587865e+01 3.179195656607760512e+01
1.864435825001723757e+01 2.735934076556497629e+01
1.658321429941860004e+01 2.882298679222190430e+01
1.452207034881995895e+01 3.566219679324819225e+01
1.246092639822131609e+01 4.085296042655919990e+01
1.039978244762267501e+01 4.546798454978866744e+01
8.338638497024033924e+00 5.111682421804740528e+01
6.277494546425393729e+00 5.851418608576548053e+01
4.216350595826752645e+00 5.751252750918852286e+01
2.155206645228111562e+00 5.382426882146472735e+01
9.406269462947104698e-02 4.698117402853059588e+01
-1.967081255969169939e+00 3.768490884099189486e+01
-4.028225206567810801e+00 2.521597208994148787e+01
-6.089369157166450996e+00 2.049452883718075213e+01
-8.150513107765092968e+00 1.774204913874795153e+01
-1.021165705836373405e+01 1.391548729039379850e+01
-1.227280100896237336e+01 1.322162858580479394e+01
-1.433394495956101267e+01 1.141869480168803541e+01
-1.639508891015965375e+01 9.231436607054302357e+00
-1.845623286075829483e+01 9.615466205023716739e+00
-2.051737681135693592e+01 1.076078055978827663e+01
-2.257852076195557700e+01 1.047721700501728215e+01
-2.463966471255421453e+01 1.165015924513697421e+01
-2.670080866315285562e+01 1.060187592905613130e+01
-2.876195261375150025e+01 1.156523755851905122e+01
-3.082309656435014134e+01 1.102861732688809937e+01
-3.288424051494878597e+01 1.047541312046346107e+01
-3.494538446554741995e+01 9.739559821294745845e+00
-3.700652841614606103e+01 8.205320730642338134e+00
-3.906767236674470212e+01 1.015797945118491086e+01
-4.112881631734334320e+01 1.276532540404924987e+01
-4.318996026794198428e+01 9.287799546460474787e+00
-4.525110421854062537e+01 1.004411917806707066e+01
-4.731224816913926645e+01 1.018576298634750188e+01
-4.937339211973790043e+01 1.097096873399399186e+01
-5.143453607033654862e+01 1.355753505458764607e+01
-5.349568002093518970e+01 1.063242123616998214e+01
-5.555682397153383079e+01 1.128953176308692363e+01
-5.761796792213247187e+01 8.987409155577253728e+00
-5.967911187273111295e+01 1.244137466877535303e+01
-6.174025582332975404e+01 1.113684393499789849e+01
-6.380139977392838802e+01 9.325578447267689697e+00
-6.586254372452702910e+01 1.121339920165280901e+01
-6.792368767512567729e+01 9.361811590909114855e+00
-6.998483162572431127e+01 9.219334612544773933e+00
-7.204597557632294524e+01 7.237287343124231498e+00
-7.410711952692159343e+01 9.717616879972629462e+00
-7.616826347752022741e+01 7.881481599170192531e+00
-7.822940742811887560e+01 8.252487679281118815e+00
-8.029055137871752379e+01 7.808446924923194032e+00
-8.235169532931617198e+01 6.113795485864685908e+00
-8.441283927991480596e+01 3.833114346026941455e+00
-8.647398323051343993e+01 6.442348994653105621e+00
-8.853512718111208812e+01 7.872759240224405985e+00
-9.059627113171072210e+01 5.867389592083518401e+00
-9.265741508230937029e+01 6.403192096476550965e+00
-9.471855903290800427e+01 8.166056018653502946e+00
-9.677970298350665246e+01 8.785430488332812260e+00
-9.884084693410528644e+01 4.256448345576412606e+00
-1.009019908847039204e+02 4.647773250942941914e+00
-1.029631348353025686e+02 3.851095864478666808e+00
-1.050242787859012026e+02 4.048116699718684153e+00
-1.070854227364998508e+02 6.112102374978002572e+00
-1.091465666870984847e+02 5.562477734807333540e+00
-1.112077106376971187e+02 6.364771460017349725e+00
-1.132688545882957669e+02 5.547924100337836784e+00
-1.153299985388944009e+02 8.178693665184665562e+00
-1.173911424894930491e+02 6.459197955243192624e+00
-1.194522864400916973e+02 6.327291032606532362e+00
-1.215134303906903455e+02 5.330623018143326952e+00
-1.235745743412889794e+02 5.127412095402594794e+00
-1.256357182918876134e+02 4.633259800541081219e+00
-1.276968622424862616e+02 5.976608557202502503e+00
-1.297580061930848956e+02 4.783777412867350698e+00
-1.318191501436835438e+02 4.553133089002709966e+00
-1.338802940942821635e+02 6.158703155781211969e+00
-1.359414380448808117e+02 4.589989960495503674e+00
-1.380025819954794883e+02 5.629224705180232213e+00
-1.400637259460781081e+02 5.127018411819467936e+00
-1.421248698966767563e+02 6.366886325094443855e+00
-1.441860138472753761e+02 5.865424349758818323e+00
-1.462471577978740243e+02 6.369584468057401416e+00
-1.483083017484726724e+02 4.906193029441730857e+00
-1.503694456990713206e+02 4.889084267413520202e+00
-1.524305896496699404e+02 6.735229402413215105e+00
-1.544917336002685886e+02 5.080615674680411864e+00
-1.565528775508672084e+02 4.656919679100016474e+00
-1.586140215014658850e+02 6.489663086243471213e+00
-1.606751654520645047e+02 5.899837519713813982e+00
-1.627363094026631529e+02 4.159452483945178081e+00
-1.647974533532617727e+02 4.100065921663819779e+00
-1.668585973038604209e+02 5.227282848345891964e+00
-1.689197412544590691e+02 3.405796698029944558e+00
-1.709808852050577173e+02 5.185917691483392211e+00
-1.730420291556563370e+02 3.054821619354804785e+00
-1.751031731062549852e+02 4.322157466620618393e+00
-1.771643170568536618e+02 3.751834384003602363e+00
-1.792254610074522816e+02 4.461948452562258249e-01
-1.812866049580509298e+02 5.829707345632625604e+00
-1.833477489086495495e+02 5.926713861730702249e+00
-1.854088928592481977e+02 4.698693752799901979e+00
-1.874700368098468459e+02 3.237830860319889759e+00
-1.895311807604454941e+02 5.130562570265556843e+00
-1.915923247110441139e+02 4.174273011651646215e+00
-1.936534686616427621e+02 4.500660165997481421e+00
-1.957146126122413818e+02 3.853420186153835747e+00
-1.977757565628400585e+02 4.297026993668276340e+00
-1.998369005134386782e+02 4.734997518936159722e+00
-2.018980444640373264e+02 4.046098040758821845e+00
-2.039591884146359462e+02 4.171180863748161549e+00
-2.060203323652346228e+02 4.336858268069325284e+00
-2.080814763158332426e+02 5.690463849345873903e+00
-2.101426202664318907e+02 4.674469304393715774e+00
-2.122037642170305105e+02 5.086937045445281136e+00
-2.142649081676291587e+02 5.410859210711755019e+00
-2.163260521182278353e+02 4.517760180753595201e+00
-2.183871960688264551e+02 5.506741243457057067e+00
-2.204483400194251033e+02 3.822041250433986459e+00
-2.225094839700237230e+02 3.771883619368696650e+00
-2.245706279206223712e+02 5.733191176189207816e+00
-2.266317718712210194e+02 4.808611587146220501e+00
-2.286929158218196676e+02 6.213650171571572400e+00
-2.307540597724182874e+02 4.473167977266456319e+00
-2.328152037230169356e+02 4.873843007226230206e+00
-2.348763476736155837e+02 3.064095471876789656e+00
-2.369374916242142319e+02 5.703692756439504130e+00
-2.389986355748128517e+02 3.927288559029371129e+00
-2.410597795254114999e+02 4.763313041149626059e+00
-2.431209234760101197e+02 5.237705696442802150e+00
-2.451820674266087963e+02 3.977477071768177108e+00
-2.472432113772074160e+02 3.348491705995823686e+00
-2.493043553278060642e+02 6.261311225128613600e+00
-2.513654992784046840e+02 5.190499812947560798e+00
-2.534266432290033322e+02 8.064117137413704839e+00
