2.610154095146241389e+02 2.634244459564805574e+00
2.589542655640255475e+02 7.108791750205767812e+00
2.568931216134268425e+02 8.705305784814784786e+00
2.548319776628282227e+02 5.920385123075902811e+00
2.527708337122296030e+02 7.127560129094202779e+00
2.507096897616309548e+02 8.131302475950510811e+00
2.486485458110323066e+02 7.047429460528789491e+00
2.465874018604336584e+02 6.973750681906304649e+00
2.445262579098350386e+02 7.869617515290806331e+00
2.424651139592363904e+02 8.315476479398439480e+00
2.404039700086377707e+02 8.964131126204526012e+00
2.383428260580390941e+02 8.610198401883817354e+00
2.362816821074404743e+02 9.029477983337361735e+00
2.342205381568418261e+02 1.044404611044300069e+01
2.321593942062432063e+02 8.544666972537427796e+00
2.300982502556445581e+02 9.844767794437858655e+00
2.280371063050458815e+02 9.012601854489741271e+00
2.259759623544472618e+02 6.676996545365561531e+00
2.239148184038486136e+02 8.427521384270413307e+00
2.218536744532499938e+02 7.835331703615685761e+00
2.197925305026513172e+02 6.909641520331185838e+00
2.177313865520526974e+02 1.071854992844628640e+01
2.156702426014540492e+02 7.878209143916274471e+00
2.136090986508554295e+02 7.328779320847191414e+00
2.115479547002567813e+02 9.584474862206681323e+00
2.094868107496581331e+02 9.060074419414506863e+00
2.074256667990594849e+02 1.100389693649257339e+01
2.053645228484608651e+02 9.866807034017860190e+00
2.033033788978622169e+02 1.180177200386667025e+01
2.012422349472635972e+02 9.779048620759860810e+00
1.991810909966649206e+02 8.820315079023949068e+00
1.971199470460663008e+02 8.791590584352675819e+00
1.950588030954676526e+02 1.071639498903997278e+01
1.929976591448690328e+02 8.674690890068124105e+00
1.909365151942703847e+02 9.228116500786059717e+00
1.888753712436717080e+02 1.094586309739122498e+01
1.868142272930730883e+02 1.058236590725006288e+01
1.847530833424744401e+02 1.068484469569939144e+01
1.826919393918758203e+02 7.844629934081046585e+00
1.806307954412771437e+02 6.600108124791449704e+00
1.785696514906785239e+02 1.029872540685035531e+01
1.765085075400798758e+02 1.240475919354747880e+01
1.744473635894812560e+02 1.155267179035740988e+01
1.723862196388826078e+02 1.092532600499134610e+01
1.703250756882839596e+02 1.057163650143485789e+01
1.682639317376853114e+02 7.822929427881146758e+00
1.662027877870866917e+02 9.675957434544885771e+00
1.641416438364880435e+02 1.087835596296245022e+01
1.620804998858894237e+02 9.665809282748003994e+00
1.600193559352907471e+02 8.779467346939862082e+00
1.579582119846921273e+02 9.398857143973788908e+00
1.558970680340934791e+02 9.284724454879514255e+00
1.538359240834948594e+02 1.012179145344579290e+01
1.517747801328961827e+02 1.054347723971354078e+01
1.497136361822975346e+02 1.305147379364078475e+01
1.476524922316989148e+02 9.643249949920218000e+00
1.455913482811002666e+02 7.751247775107695581e+00
1.435302043305016468e+02 1.065126491556825350e+01
1.414690603799029702e+02 8.211356150044542446e+00
1.394079164293043505e+02 9.075834648553799511e+00
1.373467724787057023e+02 8.086567596071384756e+00
1.352856285281070825e+02 8.173676842608472271e+00
1.332244845775084343e+02 9.749983297587176523e+00
1.311633406269097861e+02 1.033030269472543594e+01
1.291021966763111379e+02 1.125749923062741331e+01
1.270410527257125040e+02 8.998742315483651666e+00
1.249799087751138558e+02 1.081029171271579159e+01
1.229187648245152218e+02 1.138826798174876664e+01
1.208576208739165878e+02 1.171516208495476263e+01
1.187964769233179396e+02 1.149500632353071694e+01
1.167353329727193056e+02 1.165126743713894264e+01
1.146741890221206575e+02 1.085923563403132874e+01
1.126130450715220235e+02 8.618481203516919820e+00
1.105519011209233753e+02 1.081011378911831855e+01
1.084907571703247413e+02 1.061274226380882801e+01
1.064296132197261073e+02 8.289645484195713010e+00
1.043684692691274591e+02 8.671880903155051001e+00
1.023073253185288252e+02 1.089640277888497444e+01
1.002461813679301770e+02 1.032226666206560495e+01
9.818503741733154300e+01 9.307708362837045613e+00
9.612389346673289481e+01 9.783857008558497270e+00
9.406274951613426083e+01 9.059971243292393339e+00
9.200160556553561264e+01 1.300261304130543749e+01
8.994046161493696445e+01 1.124225592044746413e+01
8.787931766433833047e+01 1.279203126894057441e+01
8.581817371373968228e+01 1.175893401275948058e+01
8.375702976314104831e+01 1.073418297434010249e+01
8.169588581254240012e+01 1.307010137577412578e+01
7.963474186194376614e+01 1.248688230191721260e+01
7.757359791134513216e+01 1.086469634398083883e+01
7.551245396074648397e+01 1.329869884120638446e+01
7.345131001014784999e+01 1.591950626772628041e+01
7.139016605954920180e+01 1.816861246961504150e+01
6.932902210895056783e+01 1.750945681149511657e+01
6.726787815835191964e+01 1.853379570915258157e+01
6.520673420775328566e+01 1.847244025447074378e+01
6.314559025715463747e+01 2.121776852190251006e+01
6.108444630655599639e+01 2.387556518361826718e+01
5.902330235595736241e+01 2.406374341702907671e+01
5.696215840535872132e+01 2.517886733771126373e+01
5.490101445476008024e+01 2.997648567192167235e+01
5.283987050416143916e+01 2.773223434359299233e+01
5.077872655356279807e+01 2.741928226202734820e+01
4.871758260296415699e+01 3.011497439613209082e+01
4.665643865236551591e+01 3.356085667950630125e+01
4.459529470176688193e+01 2.908864678197459597e+01
4.253415075116823374e+01 3.260512964090560217e+01
4.047300680056959266e+01 3.157210127597797822e+01
3.841186284997095157e+01 3.457364255750969306e+01
3.635071889937231049e+01 3.529002714698576426e+01
3.428957494877366940e+01 3.541451392288149691e+01
3.222843099817502832e+01 3.603399839530872839e+01
3.016728704757639079e+01 3.660674472480166486e+01
2.810614309697774971e+01 4.159695055100228700e+01
2.604499914637910862e+01 4.365083155491873868e+01
2.398385519578046399e+01 4.258999114513252948e+01
2.192271124518182646e+01 4.722138968322018826e+01
1.986156729458318182e+01 5.044092569268424597e+01
1.780042334398454074e+01 5.291088426308592574e+01
1.573927939338590143e+01 5.303564898265649674e+01
1.367813544278726212e+01 5.039979453533024412e+01
1.161699149218862104e+01 4.783262275567494015e+01
9.555847541589981731e+00 5.570804271591071455e+01
7.494703590991340647e+00 6.457699871492097543e+01
5.433559640392699563e+00 6.650306114142433955e+01
3.372415689794058924e+00 6.030862109642640689e+01
1.311271739195417840e+00 5.228195018955893403e+01
-7.498722114032229102e-01 3.855150087600296160e+01
-2.811016162001863883e+00 2.907293078208942205e+01
-4.872160112600504078e+00 2.671056225240021220e+01
-6.933304063199145162e+00 2.264751185730085936e+01
-8.994448013797786246e+00 1.625303970953879684e+01
-1.105559196439642555e+01 1.576391861252552751e+01
-1.311673591499506841e+01 1.375031371847817496e+01
-1.517787986559370950e+01 1.321386446182270724e+01
-1.723902381619235058e+01 1.545134899116425586e+01
-1.930016776679099166e+01 1.355234054957344547e+01
-2.136131171738963275e+01 1.051167851948731879e+01
-2.342245566798827383e+01 1.311575010240751382e+01
-2.548359961858691136e+01 1.127809261288228626e+01
-2.754474356918554889e+01 1.355363268703331592e+01
-2.960588751978419353e+01 1.313928489369051000e+01
-3.166703147038283461e+01 1.010252415671421744e+01
-3.372817542098147925e+01 1.281268557593094570e+01
-3.578931937158012033e+01 1.323815358182715229e+01
-3.785046332217875431e+01 1.519744920891879580e+01
-3.991160727277739539e+01 1.484728504807785932e+01
-4.197275122337603648e+01 1.463218243330582169e+01
-4.403389517397467756e+01 1.148841997907419277e+01
-4.609503912457331865e+01 1.384492378652002920e+01
-4.815618307517195973e+01 1.569004197705689485e+01
-5.021732702577060081e+01 1.393222183694844851e+01
-5.227847097636923479e+01 1.166009254129202688e+01
-5.433961492696788298e+01 1.313268745991468478e+01
-5.640075887756652406e+01 1.203896665445510727e+01
-5.846190282816516515e+01 1.114803090655285089e+01
-6.052304677876380623e+01 1.473709845429223186e+01
-6.258419072936244731e+01 9.697757381371502561e+00
-6.464533467996108129e+01 1.100630729080699233e+01
-6.670647863055972948e+01 1.128283084798683866e+01
-6.876762258115837767e+01 1.044625860154771679e+01
-7.082876653175701165e+01 1.193778068704506090e+01
-7.288991048235564563e+01 9.483452598598674399e+00
-7.495105443295429382e+01 9.977340772496049226e+00
-7.701219838355292779e+01 9.825810339222170953e+00
-7.907334233415157598e+01 6.699090713205751335e+00
-8.113448628475020996e+01 6.643482795860144563e+00
-8.319563023534885815e+01 8.101281332849751493e+00
-8.525677418594749213e+01 9.929683520796688256e+00
-8.731791813654612611e+01 7.747944835884151615e+00
-8.937906208714477430e+01 6.939778756433294227e+00
-9.144020603774340827e+01 7.005963628382049890e+00
-9.350134998834205646e+01 7.685351314116378951e+00
-9.556249393894069044e+01 5.120677729242048670e+00
-9.762363788953933863e+01 5.936444614786270613e+00
-9.968478184013797261e+01 5.294137550989933771e+00
-1.017459257907366208e+02 5.852926235393652199e+00
-1.038070697413352690e+02 6.950646250281177885e+00
-1.058682136919339030e+02 9.076693162024424666e+00
-1.079293576425325512e+02 6.374641006678278821e+00
-1.099905015931311851e+02 3.508078311037155395e+00
-1.120516455437298333e+02 3.230273213648845676e+00
-1.141127894943284673e+02 4.170376965403189473e+00
-1.161739334449271013e+02 5.174525561546729158e+00
-1.182350773955257495e+02 5.063021449017225173e+00
-1.202962213461243834e+02 7.153483871732215782e+00
-1.223573652967230316e+02 7.205197937117522322e+00
-1.244185092473216656e+02 4.742700672016546548e+00
-1.264796531979202996e+02 7.114103831709259751e+00
-1.285407971485189478e+02 4.905839111149984610e+00
-1.306019410991175960e+02 6.240840284463692988e+00
-1.326630850497162442e+02 4.289891070876643120e+00
-1.347242290003148639e+02 4.560318339507296592e+00
-1.367853729509135121e+02 5.197835616323159158e+00
-1.388465169015121603e+02 3.667175625082053081e+00
-1.409076608521108085e+02 4.170039653809517688e+00
-1.429688048027094283e+02 2.801102667304268490e+00
-1.450299487533080764e+02 4.552963634820876848e+00
-1.470910927039066962e+02 4.604363777773251343e+00
-1.491522366545053728e+02 4.464569031930697207e+00
-1.512133806051039926e+02 5.477033735201466413e+00
-1.532745245557026408e+02 5.803479804952490717e+00
-1.553356685063012605e+02 4.681519907724270624e+00
-1.573968124568999087e+02 3.803473444265338621e+00
-1.594579564074985853e+02 4.007076786073056951e+00
-1.615191003580972051e+02 6.253814232549599339e+00
-1.635802443086958533e+02 7.505759583224071996e+00
-1.656413882592944731e+02 5.686145984646267415e+00
-1.677025322098931497e+02 4.937000369436191249e+00
-1.697636761604917695e+02 5.090672650371264041e+00
-1.718248201110904176e+02 2.523613118702785929e+00
-1.738859640616890374e+02 4.150435989819580840e+00
-1.759471080122876856e+02 4.130441207986544683e+00
-1.780082519628863338e+02 3.124717212512027054e+00
-1.800693959134849820e+02 3.784508957729832535e+00
-1.821305398640836017e+02 3.390704514369594413e+00
-1.841916838146822499e+02 4.825179726768591415e+00
-1.862528277652808697e+02 5.748769799397720703e+00
-1.883139717158795463e+02 5.215972497826864895e+00
-1.903751156664781661e+02 5.507407912167546549e+00
-1.924362596170768143e+02 3.092074680047441682e+00
-1.944974035676754340e+02 2.967561237554265041e+00
-1.965585475182740822e+02 5.167240465801421934e+00
-1.986196914688727588e+02 5.100796065608356855e+00
-2.006808354194713786e+02 4.102996820019040314e+00
-2.027419793700700268e+02 3.534663300222841364e+00
-2.048031233206686466e+02 4.338595239444676288e+00
-2.068642672712673232e+02 3.411150618763175490e+00
-2.089254112218659429e+02 3.497253372356752710e+00
-2.109865551724645911e+02 2.422539906403984311e+00
-2.130476991230632109e+02 5.047052573970233880e+00
-2.151088430736618591e+02 -8.105352684119099260e-01
-2.171699870242605073e+02 5.122828498314599521e+00
-2.192311309748591555e+02 6.226412200363185434e+00
-2.212922749254577752e+02 5.375083228223790144e+00
-2.233534188760564234e+02 4.346655401576789757e+00
-2.254145628266550432e+02 4.955094850735606293e+00
-2.274757067772537198e+02 2.197855821293881462e+00
-2.295368507278523396e+02 3.054976213064136914e+00
-2.315979946784509877e+02 6.776701576517687897e+00
-2.336591386290496075e+02 6.141202644410507006e+00
-2.357202825796482841e+02 4.073718173891878180e+00
-2.377814265302469323e+02 4.254377728339532538e+00
-2.398425704808455521e+02 4.730665772643465772e+00
-2.419037144314442003e+02 3.170506328423342790e+00
-2.439648583820428200e+02 4.141462986694376625e+00
-2.460260023326414967e+02 5.700716988834240162e+00
-2.480871462832401164e+02 4.414357286762777832e+00
-2.501482902338387646e+02 4.315301670773195042e+00
-2.522094341844373844e+02 4.688601260680135496e+00
-2.542705781350360326e+02 4.282197311142803109e+00
-2.563317220856346808e+02 5.136872529334524984e+00
-2.583928660362333289e+02 4.219561071024652499e+00
-2.604540099868319771e+02 6.695883228033268075e+00
-2.625151539374305685e+02 7.926357715694384076e+00
-2.645762978880292735e+02 6.218841524906237872e+00
