2.721694539739323204e+02 2.867552198195166824e+00
2.701083100233337291e+02 6.160191441177707006e+00
2.680471660727350240e+02 4.378639246869860280e+00
2.659860221221363759e+02 6.571917226707640225e+00
2.639248781715377845e+02 6.797510422294949173e+00
2.618637342209391363e+02 6.782825383117616624e+00
2.598025902703404881e+02 7.159465671064501713e+00
2.577414463197418399e+02 9.772735590239150838e+00
2.556803023691432202e+02 7.275056162895964462e+00
2.536191584185445720e+02 5.324329649720199953e+00
2.515580144679459238e+02 6.254025646800239535e+00
2.494968705173472756e+02 6.272218531960106702e+00
2.474357265667486274e+02 7.797600552248005634e+00
2.453745826161500077e+02 6.308443536655502726e+00
2.433134386655513595e+02 8.803710537551845405e+00
2.412522947149527113e+02 7.248221198077230198e+00
2.391911507643540631e+02 7.667636990571636169e+00
2.371300068137554433e+02 9.689341095094700762e+00
2.350688628631567951e+02 6.932793550060379673e+00
2.330077189125581469e+02 1.112207221604130325e+01
2.309465749619594988e+02 8.253326897536418016e+00
2.288854310113608790e+02 1.113783318648222576e+01
2.268242870607622308e+02 5.653525967608828751e+00
2.247631431101636110e+02 8.482811282407949349e-01
2.227019991595649344e+02 8.855993101131325318e+00
2.206408552089663146e+02 8.452197540056344494e+00
2.185797112583676665e+02 9.166816354412805623e+00
2.165185673077690467e+02 7.450562106152641917e+00
2.144574233571703985e+02 8.301825605457898050e+00
2.123962794065717219e+02 6.959243361550715434e+00
2.103351354559731021e+02 6.108217921557240082e+00
2.082739915053744539e+02 9.170406162810010642e+00
2.062128475547758342e+02 8.481178352774099594e+00
2.041517036041771576e+02 9.277542308547454653e+00
2.020905596535785378e+02 8.538250255508335940e+00
2.000294157029798896e+02 6.870890133550714651e+00
1.979682717523812698e+02 9.093284803146987727e+00
1.959071278017826216e+02 8.042163561911966241e+00
1.938459838511839735e+02 1.038819002543472791e+01
1.917848399005853253e+02 7.048126446660562650e+00
1.897236959499867055e+02 6.310105684620524791e+00
1.876625519993880573e+02 7.744293828316429540e+00
1.856014080487894375e+02 9.175205045760245426e+00
1.835402640981907609e+02 7.792756333572423699e+00
1.814791201475921412e+02 8.610095878704646211e+00
1.794179761969934930e+02 8.383667081119567044e+00
1.773568322463948732e+02 6.569176000018316586e+00
1.752956882957962250e+02 7.153103506883347507e+00
1.732345443451975484e+02 7.247796563560854999e+00
1.711734003945989286e+02 6.055418986023373584e+00
1.691122564440002805e+02 6.928026454629210740e+00
1.670511124934016607e+02 7.130540989055350387e+00
1.649899685428029841e+02 5.755825385072964373e+00
1.629288245922043643e+02 5.704758300598703258e+00
1.608676806416057161e+02 7.650125305422009525e+00
1.588065366910070964e+02 5.336378160392571957e+00
1.567453927404084482e+02 5.930638759020521178e+00
1.546842487898098000e+02 7.866665953428640279e+00
1.526231048392111518e+02 5.464307463315837943e+00
1.505619608886125320e+02 7.896872197175441421e+00
1.485008169380138838e+02 4.987009111501790493e+00
1.464396729874152641e+02 7.747879547416434143e+00
1.443785290368165874e+02 7.007178312630594874e+00
1.423173850862179677e+02 5.987884320209428068e+00
1.402562411356193195e+02 8.025500936950173525e+00
1.381950971850206997e+02 7.344058903580409137e+00
1.361339532344220231e+02 5.539159952998125469e+00
1.340728092838233749e+02 5.563654146458751448e+00
1.320116653332247552e+02 6.364148425052061242e+00
1.299505213826261070e+02 7.084581004261420567e+00
1.278893774320274730e+02 6.068139608792605166e+00
1.258282334814288390e+02 5.540312339962517818e+00
1.237670895308301908e+02 6.124796963013019457e+00
1.217059455802315568e+02 5.235086814125446963e+00
1.196448016296329229e+02 6.194955458965453410e+00
1.175836576790342747e+02 3.914867048454611087e+00
1.155225137284356407e+02 6.784361667187067901e+00
1.134613697778369783e+02 5.821716893133397797e+00
1.114002258272383443e+02 6.889655884656414209e+00
1.093390818766396961e+02 5.966996449677897552e+00
1.072779379260410622e+02 6.256471823805249244e+00
1.052167939754424282e+02 5.040059242603705414e+00
1.031556500248437800e+02 6.302094907098140908e+00
1.010945060742451460e+02 8.168773374615074800e+00
9.903336212364649782e+01 7.255448130908386695e+00
9.697221817304786384e+01 7.032449709241552327e+00
9.491107422244921565e+01 8.740515309900132479e+00
9.284993027185058168e+01 7.834738324569713974e+00
9.078878632125194770e+01 8.718839384642251389e+00
8.872764237065329951e+01 6.099966093624248131e+00
8.666649842005466553e+01 5.923641128581635940e+00
8.460535446945601734e+01 8.623369562778261610e+00
8.254421051885738336e+01 6.191151065990195157e+00
8.048306656825873517e+01 7.310389898175170487e+00
7.842192261766010120e+01 6.203123596412925878e+00
7.636077866706146722e+01 6.638290257025379226e+00
7.429963471646280482e+01 8.004225453738698093e+00
7.223849076586417084e+01 7.822840447800943231e+00
7.017734681526552265e+01 7.962759441886357870e+00
6.811620286466688867e+01 5.935894607891738950e+00
6.605505891406824048e+01 8.556586592401011160e+00
6.399391496346960650e+01 6.714520506704758418e+00
6.193277101287096542e+01 7.754947067492937940e+00
5.987162706227232434e+01 7.909659885851826111e+00
5.781048311167369036e+01 8.460222454122206415e+00
5.574933916107504928e+01 1.130578791829211660e+01
5.368819521047640819e+01 9.562727082033116943e+00
5.162705125987776711e+01 8.495507918373704115e+00
4.956590730927912603e+01 8.296266833732056867e+00
4.750476335868048494e+01 1.030769943689131374e+01
4.544361940808183675e+01 1.341957602601196875e+01
4.338247545748320277e+01 1.228663243419887152e+01
4.132133150688456169e+01 1.302510029809259784e+01
3.926018755628592061e+01 1.360529647363548023e+01
3.719904360568727952e+01 1.620970944002340985e+01
3.513789965508863844e+01 1.525937591276685623e+01
3.307675570448999736e+01 1.702533549606222607e+01
3.101561175389135627e+01 1.933217691074412059e+01
2.895446780329271519e+01 2.137543879612298525e+01
2.689332385269407766e+01 2.099332511194397810e+01
2.483217990209543657e+01 2.553371687183492966e+01
2.277103595149679194e+01 2.845105817458609110e+01
2.070989200089815085e+01 2.948579193999564652e+01
1.864874805029951332e+01 2.832733484033757421e+01
1.658760409970087224e+01 3.390101342944160479e+01
1.452646014910223116e+01 3.364316631917727562e+01
1.246531619850359007e+01 4.001548769715452636e+01
1.040417224790495077e+01 4.560376312014323474e+01
8.343028297306309682e+00 5.115787408288309024e+01
6.281884346707669486e+00 5.166660462017774336e+01
4.220740396109027515e+00 5.001590268487976232e+01
2.159596445510386875e+00 4.864203231104941239e+01
9.845249491174626333e-02 4.647345784727168905e+01
-1.962691455686894404e+00 3.479252628586454676e+01
-4.023835406285535043e+00 2.335785543542994702e+01
-6.084979356884176127e+00 1.643629067359164964e+01
-8.146123307482815434e+00 1.619747603845981487e+01
-1.020726725808145652e+01 1.107770065186378794e+01
-1.226841120868009760e+01 8.954023781018573658e+00
-1.432955515927874046e+01 9.196116834807931184e+00
-1.639069910987738155e+01 6.762710072784356541e+00
-1.845184306047602263e+01 5.477066885312296129e+00
-2.051298701107466371e+01 5.780908465188314693e+00
-2.257413096167330124e+01 6.289913541482208714e+00
-2.463527491227194233e+01 6.582823847527644823e+00
-2.669641886287058696e+01 7.612285557468241315e+00
-2.875756281346922449e+01 5.850124579769249600e+00
-3.081870676406786558e+01 5.948395179360709939e+00
-3.287985071466651021e+01 6.647959175707441659e+00
-3.494099466526515130e+01 6.721839889549340974e+00
-3.700213861586379238e+01 5.429307399357386821e+00
-3.906328256646242636e+01 6.120816570783847332e+00
-4.112442651706106744e+01 5.743723793048903126e+00
-4.318557046765970853e+01 5.755727139434051232e+00
-4.524671441825834961e+01 6.349187421059611758e+00
-4.730785836885699069e+01 7.050456913805833281e+00
-4.936900231945563178e+01 6.239377121222239531e+00
-5.143014627005427997e+01 7.070408597321374167e+00
-5.349129022065291394e+01 5.864980948585949427e+00
-5.555243417125155503e+01 4.989358328660198794e+00
-5.761357812185019611e+01 5.039541012246518292e+00
-5.967472207244883720e+01 5.467542791714237183e+00
-6.173586602304747828e+01 5.966464433498006592e+00
-6.379700997364611936e+01 6.791325218771239847e+00
-6.585815392424476045e+01 6.793819949460925045e+00
-6.791929787484339442e+01 4.834234173928019906e+00
-6.998044182544204261e+01 4.405636589409486881e+00
-7.204158577604067659e+01 4.364949899299095826e+00
-7.410272972663931057e+01 1.884625651848685912e+00
-7.616387367723795876e+01 5.628783624835155486e+00
-7.822501762783659274e+01 5.588357385663226040e+00
-8.028616157843525514e+01 3.332780507143941140e+00
-8.234730552903388912e+01 5.085702782540215239e+00
-8.440844947963253730e+01 4.298754847893289543e+00
-8.646959343023117128e+01 4.185961153404589297e+00
-8.853073738082980526e+01 4.268944209648883437e+00
-9.059188133142845345e+01 4.017223714570810955e+00
-9.265302528202708743e+01 3.245770747072657336e+00
-9.471416923262573562e+01 2.909117930115666883e+00
-9.677531318322436960e+01 2.193761863348275831e+00
-9.883645713382301778e+01 3.740439363438157638e+00
-1.008976010844216518e+02 3.094512498001656731e+00
-1.029587450350202857e+02 -2.320518451526974169e-01
-1.050198889856189339e+02 2.836192706604033109e+00
-1.070810329362175679e+02 5.602643937566473831e-01
-1.091421768868162161e+02 1.580493512758659014e+00
-1.112033208374148501e+02 2.554824309745490130e+00
-1.132644647880134983e+02 2.560719753483052141e+00
-1.153256087386121322e+02 2.035499821054089775e+00
-1.173867526892107662e+02 1.029873441566228509e+00
-1.194478966398094286e+02 2.428545716325696713e+00
-1.215090405904080626e+02 1.420452733045358018e+00
-1.235701845410067108e+02 2.443864093222094525e+00
-1.256313284916053448e+02 1.265839899846589178e+00
-1.276924724422039930e+02 -3.741226805603365541e-02
-1.297536163928026269e+02 5.284855501438548764e+00
-1.318147603434012467e+02 -3.630065245858799527e-01
-1.338759042939998949e+02 2.579928891893611187e+00
-1.359370482445985431e+02 2.360901320353210764e+00
-1.379981921951971913e+02 6.876939085203402913e-01
-1.400593361457958395e+02 -1.507981879302016694e-02
-1.421204800963944592e+02 2.576699645782686510e+00
-1.441816240469931074e+02 2.300796062761782057e+00
-1.462427679975917556e+02 8.700050162693115929e-01
-1.483039119481904038e+02 2.267576623745549469e+00
-1.503650558987890236e+02 1.367630653031669974e+00
-1.524261998493876717e+02 -1.219880123479234468e+00
-1.544873437999863199e+02 1.766117314611317379e-01
-1.565484877505849681e+02 2.344887823697579865e+00
-1.586096317011835879e+02 2.452854350415429430e+00
-1.606707756517822361e+02 -7.953931186066901526e-01
-1.627319196023808558e+02 1.357101427190306797e+00
-1.647930635529795325e+02 3.859916346424879574e+00
-1.668542075035781522e+02 2.788460627362041144e+00
-1.689153514541768004e+02 2.105133835669201203e-01
-1.709764954047754202e+02 -4.475172628940193159e-02
-1.730376393553740684e+02 7.216118502989686823e-01
-1.750987833059727450e+02 2.375486933284053637e-01
-1.771599272565713648e+02 8.763679188965154410e-01
-1.792210712071700129e+02 2.963054394610882269e-01
-1.812822151577686327e+02 6.489475646289825095e-01
-1.833433591083673093e+02 -6.107860223099961239e-01
-1.854045030589659291e+02 8.467484259487038090e-01
-1.874656470095645773e+02 5.174764648253882271e-01
-1.895267909601631970e+02 7.669679624297747189e-01
-1.915879349107618452e+02 5.299913142541148314e-01
-1.936490788613604934e+02 -9.422480454265956540e-02
-1.957102228119591416e+02 1.328772320642309213e+00
-1.977713667625577614e+02 2.969576408790284727e+00
-1.998325107131564096e+02 2.529657120325929931e+00
-2.018936546637550293e+02 1.163508126989606595e+00
-2.039547986143537059e+02 1.500297279273955731e+00
-2.060159425649523257e+02 3.231230517397768232e+00
-2.080770865155509739e+02 3.663793626381664836e+00
-2.101382304661495937e+02 1.555728907272426742e+00
-2.121993744167482419e+02 -1.377638014418647305e+00
-2.142605183673469185e+02 2.786765150869589536e-01
-2.163216623179455382e+02 2.524261752810832871e+00
-2.183828062685441864e+02 1.801324775668496248e+00
-2.204439502191428062e+02 2.091630077412851119e+00
-2.225050941697414828e+02 2.193564221891833199e+00
-2.245662381203401026e+02 7.967798127175702572e-01
-2.266273820709387508e+02 2.809011299221176206e+00
-2.286885260215373705e+02 1.746820445604751137e+00
-2.307496699721360187e+02 8.589058935272186890e-01
-2.328108139227346669e+02 7.403345425929367396e-01
-2.348719578733333151e+02 1.246322606885856166e+00
-2.369331018239319349e+02 1.543723834344167267e-01
-2.389942457745305830e+02 2.281409462743221539e+00
-2.410553897251292028e+02 -2.956042680979084625e-02
-2.431165336757278794e+02 1.643120743996652200e+00
-2.451776776263264992e+02 2.585392828904223617e+00
-2.472388215769251474e+02 3.675143352227083327e+00
-2.492999655275237672e+02 8.262831147102819296e-01
-2.513611094781224438e+02 3.225189703901113702e+00
-2.534222534287210920e+02 5.642244968607832867e+00
