2.639884743146415644e+02 -4.203187859164236428e+00
2.619273303640429162e+02 -9.456815271273926626e+00
2.598661864134442681e+02 -9.255433877674379417e+00
2.578050424628456199e+02 -1.248196521919562763e+01
2.557438985122470001e+02 -1.070077490439024359e+01
2.536827545616483235e+02 -8.233327163055776055e+00
2.516216106110497037e+02 -1.158380352411924186e+01
2.495604666604510555e+02 -1.182390271321935948e+01
2.474993227098524358e+02 -1.068078733434381711e+01
2.454381787592537876e+02 -1.247414869932475057e+01
2.433770348086551394e+02 -1.115280043758370532e+01
2.413158908580564912e+02 -1.191882697758980925e+01
2.392547469074578714e+02 -1.226053800165811758e+01
2.371936029568592232e+02 -1.147933083319759540e+01
2.351324590062606035e+02 -1.159151108602789293e+01
2.330713150556619269e+02 -1.280063940033201142e+01
2.310101711050632787e+02 -1.260567536277542899e+01
2.289490271544646589e+02 -1.275912215681188400e+01
2.268878832038660107e+02 -9.806770330198649077e+00
2.248267392532673625e+02 -1.147364315640432864e+01
2.227655953026687143e+02 -9.919459410446055614e+00
2.207044513520700946e+02 -1.169482517307486447e+01
2.186433074014714464e+02 -9.675088637636267919e+00
2.165821634508728266e+02 -1.059062776142527440e+01
2.145210195002741500e+02 -1.063653458154383635e+01
2.124598755496755302e+02 -1.206149487210372406e+01
2.103987315990768820e+02 -1.193281791272937298e+01
2.083375876484782623e+02 -1.191929479766226940e+01
2.062764436978796141e+02 -1.058168740917921546e+01
2.042152997472809659e+02 -8.738113937903031925e+00
2.021541557966823177e+02 -1.120151651330298215e+01
2.000930118460836979e+02 -1.225917466199234163e+01
1.980318678954850498e+02 -9.241178218139307177e+00
1.959707239448864300e+02 -1.066491956428302679e+01
1.939095799942877818e+02 -9.860406707150033867e+00
1.918484360436891620e+02 -1.115669568790454136e+01
1.897872920930905138e+02 -9.352297674310381836e+00
1.877261481424918372e+02 -9.547039459764381064e+00
1.856650041918932175e+02 -1.228037987784521690e+01
1.836038602412945693e+02 -1.049676053612856386e+01
1.815427162906959495e+02 -8.190220310724541264e+00
1.794815723400973013e+02 -8.271653296777634168e+00
1.774204283894986531e+02 -1.121099062378847044e+01
1.753592844389000049e+02 -1.206841632528477604e+01
1.732981404883013852e+02 -9.837353483285195210e+00
1.712369965377027370e+02 -9.744033274372242204e+00
1.691758525871040888e+02 -1.125951374287956064e+01
1.671147086365054406e+02 -1.281426137718788105e+01
1.650535646859068208e+02 -1.025452374070514594e+01
1.629924207353081727e+02 -9.498692356073181742e+00
1.609312767847095529e+02 -1.077524863142858713e+01
1.588701328341108763e+02 -8.927980241178335774e+00
1.568089888835122565e+02 -9.743602256354680691e+00
1.547478449329136083e+02 -1.138178983362965724e+01
1.526867009823149601e+02 -1.051105557745160368e+01
1.506255570317163404e+02 -1.088857912543302930e+01
1.485644130811176638e+02 -9.757599039477915071e+00
1.465032691305190440e+02 -9.324112012530914484e+00
1.444421251799203958e+02 -1.276708051868869020e+01
1.423809812293217760e+02 -1.120403342002067859e+01
1.403198372787230994e+02 -9.922660441074148352e+00
1.382586933281244796e+02 -1.113643986604188285e+01
1.361975493775258315e+02 -1.086359908997407686e+01
1.341364054269272117e+02 -7.958681542032221223e+00
1.320752614763285635e+02 -1.159757117497005652e+01
1.300141175257299153e+02 -9.798185622827158880e+00
1.279529735751312671e+02 -1.001692684738858397e+01
1.258918296245326331e+02 -1.148654677110972777e+01
1.238306856739339992e+02 -8.859579271036983172e+00
1.217695417233353510e+02 -1.009364252407923779e+01
1.197083977727367170e+02 -1.016158545559266280e+01
1.176472538221380688e+02 -9.249711982336579652e+00
1.155861098715394348e+02 -9.321041308684989701e+00
1.135249659209407866e+02 -9.868249219124315630e+00
1.114638219703421527e+02 -8.452581011083289297e+00
1.094026780197435187e+02 -1.042266707285576466e+01
1.073415340691448705e+02 -9.289871639313368235e+00
1.052803901185462365e+02 -9.102763423532627129e+00
1.032192461679475883e+02 -9.574055263859314380e+00
1.011581022173489544e+02 -6.789570183379073143e+00
9.909695826675030617e+01 -6.794409959454484671e+00
9.703581431615165798e+01 -6.683877271354761618e+00
9.497467036555300979e+01 -7.857228389267847390e+00
9.291352641495436160e+01 -7.464826733690549609e+00
9.085238246435572762e+01 -7.697122112887945455e+00
8.879123851375709364e+01 -8.468559859537885259e+00
8.673009456315844545e+01 -5.825111261802469187e+00
8.466895061255981147e+01 -4.222810435115693650e+00
8.260780666196116329e+01 -3.053608857075206906e+00
8.054666271136252931e+01 -2.103950351129306284e+00
7.848551876076388112e+01 3.386840720009940853e+00
7.642437481016524714e+01 4.885097995248043112e+00
7.436323085956661316e+01 1.104224267569856544e+01
7.230208690896796497e+01 1.846217486232934846e+01
7.024094295836933100e+01 2.224245265299186514e+01
6.817979900777068281e+01 2.638280386209613582e+01
6.611865505717204883e+01 3.302546523868176820e+01
6.405751110657340064e+01 3.700997530929632973e+01
6.199636715597475956e+01 3.839787346846093641e+01
5.993522320537611847e+01 4.163841584621652459e+01
5.787407925477747739e+01 4.429841095960692599e+01
5.581293530417884341e+01 4.138604581797262227e+01
5.375179135358020233e+01 4.142225350789408367e+01
5.169064740298156124e+01 3.987237383234219124e+01
4.962950345238292016e+01 3.636550075474116284e+01
4.756835950178428618e+01 3.718155572055147218e+01
4.550721555118563799e+01 3.646896342880236830e+01
4.344607160058699691e+01 3.856196292246723800e+01
4.138492764998835582e+01 3.942071751506281174e+01
3.932378369938971474e+01 4.173926494669720455e+01
3.726263974879108076e+01 3.759627965942397765e+01
3.520149579819243968e+01 4.330129588033777566e+01
3.314035184759379860e+01 4.344972894673749408e+01
3.107920789699515396e+01 4.432284502076908694e+01
2.901806394639651288e+01 4.359148548887630170e+01
2.695691999579787534e+01 4.332129950966505305e+01
2.489577604519923426e+01 4.269250827960323136e+01
2.283463209460058962e+01 4.522819557688673342e+01
2.077348814400194854e+01 4.238354083870135725e+01
1.871234419340330746e+01 4.180257740526668897e+01
1.665120024280466993e+01 3.923047973040156933e+01
1.459005629220602707e+01 4.002671237701289186e+01
1.252891234160738598e+01 4.127913750644703583e+01
1.046776839100874490e+01 4.745215316949268214e+01
8.406624440410103816e+00 5.087888506602132566e+01
6.345480489811463620e+00 5.204945742896025962e+01
4.284336539212822537e+00 4.738108636780011551e+01
2.223192588614182785e+00 3.812420211509195411e+01
1.620486380155414519e-01 2.298481135730298064e+01
-1.899095312583099160e+00 1.855631928805108899e+01
-3.960239263181740466e+00 1.071563633967513063e+01
-6.021383213780381105e+00 5.539343226116969277e+00
-8.082527164379021301e+00 4.628587612969265130e+00
-1.014367111497766238e+01 4.147959306882796682e+00
-1.220481506557630347e+01 3.370323322875526717e+00
-1.426595901617494455e+01 1.053385398814727036e+00
-1.632710296677358386e+01 1.441212232096753088e+00
-1.838824691737222494e+01 2.654961575840582011e+00
-2.044939086797086603e+01 2.270564375793742595e+00
-2.251053481856950711e+01 1.277858506852458831e+00
-2.457167876916814819e+01 4.098319526620805675e+00
-2.663282271976678572e+01 6.755607106312727872e+00
-2.869396667036542681e+01 5.162079732194878368e+00
-3.075511062096406789e+01 7.330647979773276646e+00
-3.281625457156270897e+01 9.752053500478808701e+00
-3.487739852216135006e+01 1.058591043996204206e+01
-3.693854247275999114e+01 1.155362692268801794e+01
-3.899968642335863223e+01 1.069203189141616051e+01
-4.106083037395727331e+01 1.239005732021302819e+01
-4.312197432455591439e+01 1.360439668151849091e+01
-4.518311827515454837e+01 1.145068201935816177e+01
-4.724426222575318945e+01 1.478426792240380294e+01
-4.930540617635183054e+01 1.350879359402152069e+01
-5.136655012695048583e+01 1.244077341658395142e+01
-5.342769407754912692e+01 1.286174264938816947e+01
-5.548883802814776089e+01 1.117350349558486577e+01
-5.754998197874640198e+01 1.266195271287829804e+01
-5.961112592934504306e+01 9.487625471935450250e+00
-6.167226987994368415e+01 7.018002569049262895e+00
-6.373341383054232523e+01 3.676971564749854426e+00
-6.579455778114096631e+01 1.170984704685843925e+00
-6.785570173173961450e+01 1.580874922402432770e+00
-6.991684568233824848e+01 -4.220204612559836921e-01
-7.197798963293689667e+01 1.275633765823663557e-01
-7.403913358353553065e+01 -3.619248048985469257e+00
-7.610027753413416463e+01 -3.905227830051846816e+00
-7.816142148473281281e+01 -7.929866746832954227e+00
-8.022256543533144679e+01 -5.312937712508992050e+00
-8.228370938593009498e+01 -8.036848197111817527e+00
-8.434485333652872896e+01 -6.626254584272200709e+00
-8.640599728712737715e+01 -6.059580354459492391e+00
-8.846714123772601113e+01 -5.292031141858642762e+00
-9.052828518832464511e+01 -7.275693858764632260e+00
-9.258942913892329329e+01 -7.044248072035350638e+00
-9.465057308952192727e+01 -6.572147791731660860e+00
-9.671171704012057546e+01 -5.679165969420790994e+00
-9.877286099071922365e+01 -7.598844204411040693e+00
-1.008340049413178576e+02 -7.005478893056737988e+00
-1.028951488919164916e+02 -7.204888561153484972e+00
-1.049562928425151398e+02 -6.695388321694474953e+00
-1.070174367931137738e+02 -8.448519742133626664e+00
-1.090785807437124220e+02 -9.759662696714093144e+00
-1.111397246943110559e+02 -6.827975109995866987e+00
-1.132008686449096899e+02 -7.562407724770727313e+00
-1.152620125955083381e+02 -7.267368338176934728e+00
-1.173231565461069721e+02 -9.995577632223120901e+00
-1.193843004967056203e+02 -8.353994001904206712e+00
-1.214454444473042543e+02 -6.953533796589002058e+00
-1.235065883979028882e+02 -8.252935654264350163e+00
-1.255677323485015364e+02 -7.691519025991179426e+00
-1.276288762991001704e+02 -1.065740332195704454e+01
-1.296900202496988186e+02 -8.228527181858240169e+00
-1.317511642002974668e+02 -6.485084721704929223e+00
-1.338123081508961150e+02 -1.056131345829508739e+01
-1.358734521014947347e+02 -6.226291673035773577e+00
-1.379345960520933829e+02 -8.472685946538881296e+00
-1.399957400026920027e+02 -8.375480969245479912e+00
-1.420568839532906793e+02 -6.494533374884073673e+00
-1.441180279038892991e+02 -5.722654296348768099e+00
-1.461791718544879473e+02 -5.302130887629160405e+00
-1.482403158050865670e+02 -8.194484886421705028e+00
-1.503014597556852436e+02 -5.997953757324792079e+00
-1.523626037062838634e+02 -9.461740297309841452e+00
-1.544237476568825116e+02 -7.095729511709801152e+00
-1.564848916074811314e+02 -5.500747872570756591e+00
-1.585460355580797795e+02 -7.911101055613738886e+00
-1.606071795086784562e+02 -8.151236330039585809e+00
-1.626683234592770759e+02 -6.530378940688168932e+00
-1.647294674098757241e+02 -9.337893738660525855e+00
-1.667906113604743439e+02 -8.331384454806975981e+00
-1.688517553110729921e+02 -1.038236950556823324e+01
-1.709128992616716403e+02 -8.371759598446239181e+00
-1.729740432122702884e+02 -6.764847103495482905e+00
-1.750351871628689082e+02 -8.996253483510894711e+00
-1.770963311134675564e+02 -8.846865713629094685e+00
-1.791574750640661762e+02 -8.279842116203488089e+00
-1.812186190146648528e+02 -6.971249550574553311e+00
-1.832797629652634726e+02 -5.701776176753098113e+00
-1.853409069158621207e+02 -7.869218171182364330e+00
-1.874020508664607405e+02 -7.996545398778928337e+00
-1.894631948170594171e+02 -1.004640443806872341e+01
-1.915243387676580369e+02 -8.844154735966140990e+00
-1.935854827182566851e+02 -8.961671124980806979e+00
-1.956466266688553333e+02 -7.025526500042542644e+00
-1.977077706194539530e+02 -5.051935784545048769e+00
-1.997689145700526296e+02 -7.007490577235730989e+00
-2.018300585206512778e+02 -6.778357272898640318e+00
-2.038912024712499260e+02 -9.304221302869024157e+00
-2.059523464218485458e+02 -6.997163127707394459e+00
-2.080134903724471940e+02 -8.650531057270647750e+00
-2.100746343230458137e+02 -8.022332468307604714e+00
-2.121357782736444904e+02 -8.826878209997197189e+00
-2.141969222242431101e+02 -8.286360810757784634e+00
-2.162580661748417583e+02 -7.292449476279656118e+00
-2.183192101254403781e+02 -7.147050049534385607e+00
-2.203803540760390263e+02 -4.490783832165456957e+00
-2.224414980266376745e+02 -7.428724382610883303e+00
-2.245026419772363226e+02 -8.481898488251619739e+00
-2.265637859278349424e+02 -7.367154171561145048e+00
-2.286249298784335906e+02 -7.168357469797526527e+00
-2.306860738290322388e+02 -6.601678515920802681e+00
-2.327472177796308870e+02 -5.916646770736570637e+00
-2.348083617302295352e+02 -6.281975459200141998e+00
-2.368695056808281549e+02 -5.716083288251620154e+00
-2.389306496314268031e+02 -7.457400573533491617e+00
-2.409917935820254513e+02 -6.771335032047677061e+00
-2.430529375326240995e+02 -7.816848481390493042e+00
-2.451140814832227193e+02 -7.613006424756203039e+00
-2.471752254338213675e+02 -6.092210783656230255e+00
-2.492363693844199872e+02 -5.735883355454941324e+00
-2.512975133350186638e+02 -6.677122092073757287e+00
-2.533586572856172836e+02 -7.958388411881925251e+00
-2.554198012362159318e+02 -9.444157874103664696e+00
-2.574809451868145516e+02 -8.395627980968198401e+00
-2.595420891374131998e+02 -1.109219195538674541e+01
-2.616032330880118479e+02 -1.158818653388202868e+01
