2.675203383376122019e+02 3.969884104888761200e+00
2.654591943870136106e+02 8.008278449468464899e+00
2.633980504364149624e+02 5.093165767866311811e+00
2.613369064858163142e+02 6.118341117650609284e+00
2.592757625352176660e+02 7.651492074986220970e+00
2.572146185846190747e+02 4.794008484797097402e+00
2.551534746340204265e+02 4.709578351126107343e+00
2.530923306834217499e+02 8.168612745729729951e+00
2.510311867328231301e+02 6.954444453317557340e+00
2.489700427822244819e+02 8.030042794238354986e+00
2.469088988316258622e+02 4.297468411786360853e+00
2.448477548810272140e+02 7.357766420454367129e+00
2.427866109304285658e+02 7.486329231627913749e+00
2.407254669798299176e+02 8.094853702060447631e+00
2.386643230292312978e+02 8.304634225697661520e+00
2.366031790786326496e+02 6.375910162566754913e+00
2.345420351280340299e+02 8.561873109583533648e+00
2.324808911774353533e+02 7.059279990847055153e+00
2.304197472268367051e+02 9.542652229943849207e+00
2.283586032762380853e+02 9.820330058164952192e+00
2.262974593256394371e+02 9.899924914273510623e+00
2.242363153750407889e+02 8.829431206443128843e+00
2.221751714244421407e+02 6.889965458999971482e+00
2.201140274738435210e+02 5.370476263064843714e+00
2.180528835232448728e+02 8.291832924672664973e+00
2.159917395726462530e+02 8.964576316193612726e+00
2.139305956220475764e+02 1.000512688878319523e+01
2.118694516714489566e+02 5.978527212300063454e+00
2.098083077208503084e+02 7.363794684489529452e+00
2.077471637702516887e+02 9.005137806797062439e+00
2.056860198196530405e+02 8.358768442977229540e+00
2.036248758690543923e+02 9.940304493319718659e+00
2.015637319184557441e+02 1.019678475164576348e+01
1.995025879678571243e+02 1.020255509153113138e+01
1.974414440172584762e+02 1.118064523969458435e+01
1.953803000666598564e+02 6.443905087599356207e+00
1.933191561160611798e+02 8.236889163022334870e+00
1.912580121654625316e+02 8.070876640019923443e+00
1.891968682148639118e+02 7.562602707811260316e+00
1.871357242642652636e+02 9.272438066981461446e+00
1.850745803136666154e+02 9.087920190762872608e+00
1.830134363630679672e+02 8.230375278771228764e+00
1.809522924124693475e+02 8.235330584296599810e+00
1.788911484618706993e+02 9.150132517441152302e+00
1.768300045112720795e+02 8.028267426751414249e+00
1.747688605606734029e+02 8.582460375644602735e+00
1.727077166100747831e+02 9.868410383520402007e+00
1.706465726594761350e+02 7.635203422306451770e+00
1.685854287088775152e+02 8.925145220356911935e+00
1.665242847582788670e+02 9.356012300345188493e+00
1.644631408076802188e+02 7.821667972116983947e+00
1.624019968570815706e+02 1.087030282131778769e+01
1.603408529064829509e+02 1.095418029189180942e+01
1.582797089558843027e+02 6.909033923587118764e+00
1.562185650052856261e+02 8.713707184303524755e+00
1.541574210546870063e+02 7.634999068789410259e+00
1.520962771040883581e+02 7.898086458163309231e+00
1.500351331534897383e+02 6.916947306337457135e+00
1.479739892028910901e+02 1.011750327940341698e+01
1.459128452522924420e+02 8.523543982538406283e+00
1.438517013016937938e+02 8.357724413905065930e+00
1.417905573510951740e+02 7.876805767007251546e+00
1.397294134004965258e+02 6.643537276668110891e+00
1.376682694498979060e+02 7.648541690427920869e+00
1.356071254992992294e+02 1.022447577618581427e+01
1.335459815487006097e+02 7.727213525616691392e+00
1.314848375981019615e+02 8.899687217923867522e+00
1.294236936475033133e+02 7.475547685227064143e+00
1.273625496969046793e+02 7.694517314419138110e+00
1.253014057463060453e+02 9.852253610854772248e+00
1.232402617957073971e+02 8.563327570858035642e+00
1.211791178451087632e+02 8.458256462988874347e+00
1.191179738945101150e+02 7.233301433876605735e+00
1.170568299439114810e+02 9.275757630890186789e+00
1.149956859933128328e+02 8.461678284419836160e+00
1.129345420427141988e+02 7.932567163761572893e+00
1.108733980921155649e+02 9.457526714619095998e+00
1.088122541415169167e+02 1.093253133604433813e+01
1.067511101909182827e+02 1.062112585784588425e+01
1.046899662403196345e+02 7.946656015979611354e+00
1.026288222897210005e+02 8.791253791707330123e+00
1.005676783391223523e+02 1.037910353525865759e+01
9.850653438852370414e+01 9.717843928780222740e+00
9.644539043792507016e+01 1.263226111613540681e+01
9.438424648732642197e+01 1.027761104101850798e+01
9.232310253672778799e+01 1.112705996082971005e+01
9.026195858612913980e+01 1.088291309044712030e+01
8.820081463553050583e+01 1.014048552430404015e+01
8.613967068493185764e+01 1.292968304462404561e+01
8.407852673433322366e+01 1.334644706208827003e+01
8.201738278373458968e+01 1.195450035303103675e+01
7.995623883313594149e+01 1.379835701873994047e+01
7.789509488253730751e+01 1.481858207700510377e+01
7.583395093193865932e+01 1.351981410942409667e+01
7.377280698134002535e+01 1.852816751977063348e+01
7.171166303074139137e+01 1.647828733417902214e+01
6.965051908014274318e+01 2.052063751041792017e+01
6.758937512954410920e+01 2.026087842419558172e+01
6.552823117894546101e+01 2.032615609726103756e+01
6.346708722834681993e+01 2.043562756443748896e+01
6.140594327774817884e+01 2.167103982173901855e+01
5.934479932714953776e+01 2.818909500338718033e+01
5.728365537655089668e+01 2.387503760373365580e+01
5.522251142595225559e+01 2.524483270361798404e+01
5.316136747535361451e+01 2.502522483372556650e+01
5.110022352475498053e+01 2.550627380564228019e+01
4.903907957415633234e+01 2.944676757105670006e+01
4.697793562355769836e+01 2.898108719737739847e+01
4.491679167295905728e+01 3.291455558217010946e+01
4.285564772236041620e+01 3.445612483850076302e+01
4.079450377176177511e+01 3.552363999449650578e+01
3.873335982116313403e+01 4.214280469673181528e+01
3.667221587056449295e+01 4.272691465205503647e+01
3.461107191996585186e+01 4.823957413689805662e+01
3.254992796936721078e+01 4.692224881410648862e+01
3.048878401876857325e+01 4.916570886496842263e+01
2.842764006816993216e+01 5.276605178030507659e+01
2.636649611757129108e+01 5.344237619694264652e+01
2.430535216697264644e+01 5.326603431565473556e+01
2.224420821637400536e+01 5.151659349351145067e+01
2.018306426577536428e+01 5.017180279882839500e+01
1.812192031517672675e+01 5.033700550820596931e+01
1.606077636457808211e+01 4.825259501179976240e+01
1.399963241397944103e+01 5.180232182791232987e+01
1.193848846338080349e+01 5.500978379876162450e+01
9.877344512782162411e+00 5.902927037267838273e+01
7.816200562183521328e+00 6.723399904992712095e+01
5.755056611584879356e+00 7.177910620466948899e+01
3.693912660986239160e+00 6.905157068929212016e+01
1.632768710387598299e+00 5.884784347058705833e+01
-4.283752402110424518e-01 4.538024180615200720e+01
-2.489519190809683202e+00 2.934624677098983980e+01
-4.550663141408324286e+00 2.109304960623880021e+01
-6.611807092006964481e+00 1.562042101496049895e+01
-8.672951042605603789e+00 1.565201163102610060e+01
-1.073409499320424665e+01 1.478474953355184951e+01
-1.279523894380288773e+01 1.281712981777783966e+01
-1.485638289440152882e+01 1.357221505938704809e+01
-1.691752684500016812e+01 1.191080005857196511e+01
-1.897867079559880921e+01 1.549584320380681213e+01
-2.103981474619745029e+01 1.377634007061092269e+01
-2.310095869679609137e+01 1.184776962870748207e+01
-2.516210264739472890e+01 1.313808753697427889e+01
-2.722324659799336999e+01 1.436997722531892308e+01
-2.928439054859201107e+01 1.505137463861622038e+01
-3.134553449919065216e+01 1.730130247297563173e+01
-3.340667844978929679e+01 1.634244937440891121e+01
-3.546782240038793077e+01 1.560173404800039165e+01
-3.752896635098657185e+01 1.570741848199621593e+01
-3.959011030158521294e+01 1.420017785583750403e+01
-4.165125425218385402e+01 1.471363945204996426e+01
-4.371239820278249510e+01 1.625652432003418113e+01
-4.577354215338113619e+01 1.859145211711144086e+01
-4.783468610397978438e+01 1.815927407473100175e+01
-4.989583005457842546e+01 1.861256322719663814e+01
-5.195697400517706654e+01 2.084454866918012783e+01
-5.401811795577570763e+01 1.725296436512621057e+01
-5.607926190637434871e+01 1.971697850901107074e+01
-5.814040585697298980e+01 1.963646598211764172e+01
-6.020154980757162377e+01 1.791811255730343078e+01
-6.226269375817026486e+01 1.716495878299582500e+01
-6.432383770876890594e+01 1.722539788405697436e+01
-6.638498165936755413e+01 1.825667218670053416e+01
-6.844612560996618811e+01 1.554423001490183509e+01
-7.050726956056483630e+01 1.463457214992608435e+01
-7.256841351116347028e+01 1.387163176078634486e+01
-7.462955746176211846e+01 1.093450702800354613e+01
-7.669070141236075244e+01 1.289601269151312835e+01
-7.875184536295940063e+01 9.900913079050797094e+00
-8.081298931355803461e+01 9.344146810297559114e+00
-8.287413326415666859e+01 1.007987368149045615e+01
-8.493527721475531678e+01 6.272537474120296608e+00
-8.699642116535395076e+01 5.419436993175079209e+00
-8.905756511595259894e+01 7.958043191587011123e+00
-9.111870906655123292e+01 5.266203384525621978e+00
-9.317985301714988111e+01 5.591480327556115348e+00
-9.524099696774852930e+01 7.137110728205674270e+00
-9.730214091834716328e+01 6.868282606701839654e+00
-9.936328486894581147e+01 5.947556248189297179e+00
-1.014244288195444454e+02 6.174697858592310240e+00
-1.034855727701430936e+02 5.239972523484429878e+00
-1.055467167207417276e+02 4.931934663321465351e+00
-1.076078606713403758e+02 4.740492240474343255e+00
-1.096690046219390098e+02 3.606225034868247192e+00
-1.117301485725376438e+02 3.795067294650198875e+00
-1.137912925231362919e+02 4.996167923435709923e+00
-1.158524364737349259e+02 5.303624731622197608e+00
-1.179135804243335741e+02 4.581614379878712562e+00
-1.199747243749322081e+02 3.961759788438247831e+00
-1.220358683255308421e+02 5.820798964602553305e+00
-1.240970122761294903e+02 6.166917145710731241e+00
-1.261581562267281242e+02 3.755913955837686391e+00
-1.282193001773267724e+02 4.658957019319431403e+00
-1.302804441279254206e+02 5.009665343023087303e+00
-1.323415880785240404e+02 2.707967917692338577e+00
-1.344027320291227170e+02 6.271526596286717492e+00
-1.364638759797213368e+02 4.448910516641838342e+00
-1.385250199303199850e+02 2.416220297112411597e+00
-1.405861638809186047e+02 3.383018543476751461e+00
-1.426473078315172529e+02 4.305516566294645742e+00
-1.447084517821159011e+02 5.334422361995602380e+00
-1.467695957327145493e+02 2.940914650291159393e+00
-1.488307396833131691e+02 4.998131054446206534e+00
-1.508918836339118172e+02 6.369434035453216403e+00
-1.529530275845104370e+02 1.941448865171539140e+00
-1.550141715351091136e+02 3.232873968292194089e+00
-1.570753154857077618e+02 2.619004237388346645e+00
-1.591364594363063816e+02 2.024705439886461456e+00
-1.611976033869050298e+02 3.022305505993720942e+00
-1.632587473375036495e+02 3.981542734642092629e+00
-1.653198912881023261e+02 2.001196341409867685e+00
-1.673810352387009459e+02 3.880975782030440691e+00
-1.694421791892995941e+02 1.813206405849933534e+00
-1.715033231398982139e+02 3.971645048206018824e+00
-1.735644670904968905e+02 4.716169904652296019e+00
-1.756256110410955102e+02 2.558061799255111346e+00
-1.776867549916941584e+02 5.415614720667177195e+00
-1.797478989422927782e+02 5.244680780787779106e+00
-1.818090428928914264e+02 4.350029589336213753e+00
-1.838701868434900746e+02 3.260670981801808477e+00
-1.859313307940887228e+02 2.616237001510858917e+00
-1.879924747446873425e+02 3.598807327885682916e+00
-1.900536186952859907e+02 3.875018052087503495e+00
-1.921147626458846389e+02 3.060168230766662667e+00
-1.941759065964832871e+02 3.185993371305837485e+00
-1.962370505470819353e+02 4.429835581250539889e+00
-1.982981944976805551e+02 3.922121580162986731e+00
-2.003593384482792032e+02 6.675865820078097812e+00
-2.024204823988778514e+02 3.924567058166043232e+00
-2.044816263494764996e+02 3.557490777114765024e+00
-2.065427703000751194e+02 3.564556501448537862e+00
-2.086039142506737676e+02 1.982562348430866317e+00
-2.106650582012723874e+02 4.582414670211332641e+00
-2.127262021518710640e+02 2.708599111282312677e+00
-2.147873461024696837e+02 3.032248300150683029e+00
-2.168484900530683319e+02 2.843843870757955639e+00
-2.189096340036669517e+02 1.391126723059788572e+00
-2.209707779542655999e+02 1.994687063516421111e+00
-2.230319219048642481e+02 1.211459260378763281e+00
-2.250930658554628963e+02 3.165157666714424334e+00
-2.271542098060615160e+02 1.801116567642212063e+00
-2.292153537566601642e+02 2.752908431138490375e+00
-2.312764977072588408e+02 2.708926779087020620e+00
-2.333376416578574606e+02 3.275540025124623167e+00
-2.353987856084561088e+02 4.039981417123787999e+00
-2.374599295590547285e+02 2.492462421567151143e+00
-2.395210735096533767e+02 4.204003321915601887e+00
-2.415822174602520249e+02 3.672220963153049578e+00
-2.436433614108506731e+02 4.156214267244296323e+00
-2.457045053614492929e+02 2.577696228194966910e+00
-2.477656493120479411e+02 5.307407370253912404e+00
-2.498267932626465608e+02 4.741203815149587442e+00
-2.518879372132452374e+02 3.719075948211426397e+00
-2.539490811638438572e+02 3.828913975085580290e+00
-2.560102251144425054e+02 4.343598657563562782e+00
-2.580713690650411536e+02 5.381136566536580901e+00
