2.642083586660510832e+02 -4.963431547594739257e+00
2.621472147154524350e+02 -1.034053886116178056e+01
2.600860707648537868e+02 -1.081697309365321047e+01
2.580249268142551387e+02 -1.004497847538886646e+01
2.559637828636564905e+02 -9.617136435042519693e+00
2.539026389130578707e+02 -1.344357269930162779e+01
2.518414949624592225e+02 -1.124768807075316168e+01
2.497803510118606027e+02 -1.107778877425909414e+01
2.477192070612619545e+02 -1.333546269351166735e+01
2.456580631106633064e+02 -1.103586885631782799e+01
2.435969191600646582e+02 -1.264263772087978310e+01
2.415357752094660384e+02 -1.140665807428241330e+01
2.394746312588673902e+02 -1.109583630632453577e+01
2.374134873082687704e+02 -1.200899231958538671e+01
2.353523433576700938e+02 -1.162227041464072563e+01
2.332911994070714741e+02 -1.102644657018385921e+01
2.312300554564728259e+02 -1.185761676926477648e+01
2.291689115058742061e+02 -1.113565672486805092e+01
2.271077675552755295e+02 -1.257849047130752140e+01
2.250466236046768813e+02 -1.243607940201136408e+01
2.229854796540782615e+02 -1.296907352833462213e+01
2.209243357034796134e+02 -1.246374811442227326e+01
2.188631917528809936e+02 -1.080994676392341702e+01
2.168020478022823170e+02 -1.324398767453644687e+01
2.147409038516836972e+02 -1.261237224169743243e+01
2.126797599010850490e+02 -1.275380057872024864e+01
2.106186159504864293e+02 -1.149839070962535814e+01
2.085574719998877811e+02 -1.251373436147347107e+01
2.064963280492891329e+02 -1.254714234464979761e+01
2.044351840986904847e+02 -1.435669706279420410e+01
2.023740401480918649e+02 -1.093678992448627696e+01
2.003128961974932167e+02 -1.233984953121356476e+01
1.982517522468945970e+02 -1.275464019928119974e+01
1.961906082962959204e+02 -1.158259872053183059e+01
1.941294643456973006e+02 -1.110042974893866941e+01
1.920683203950986524e+02 -1.312571569289430684e+01
1.900071764445000326e+02 -1.161820116318773621e+01
1.879460324939013560e+02 -9.607683107288695012e+00
1.858848885433027078e+02 -1.112508558051151475e+01
1.838237445927040881e+02 -1.268188860779719107e+01
1.817626006421054399e+02 -7.232292499182030987e+00
1.797014566915068201e+02 -9.610691887392514232e+00
1.776403127409081435e+02 -1.153497682219559195e+01
1.755791687903095237e+02 -1.143594596863755264e+01
1.735180248397108755e+02 -1.029666825179613632e+01
1.714568808891122558e+02 -1.005547577236977297e+01
1.693957369385136076e+02 -1.204224589223763253e+01
1.673345929879149594e+02 -1.111938398761534685e+01
1.652734490373163112e+02 -9.976839657718574728e+00
1.632123050867176914e+02 -1.135808636657998605e+01
1.611511611361190432e+02 -1.410351435309587664e+01
1.590900171855203951e+02 -8.973104819471524607e+00
1.570288732349217469e+02 -8.328345944127617528e+00
1.549677292843231271e+02 -1.128069946413619817e+01
1.529065853337244789e+02 -1.021711328602161473e+01
1.508454413831258591e+02 -1.127435609368001579e+01
1.487842974325271825e+02 -9.357489616977726854e+00
1.467231534819285343e+02 -1.009796507067877336e+01
1.446620095313299146e+02 -1.162783568625943964e+01
1.426008655807312664e+02 -8.698339713748193702e+00
1.405397216301326466e+02 -1.121447086946294114e+01
1.384785776795339700e+02 -1.138302454831450738e+01
1.364174337289353502e+02 -9.718818473910545208e+00
1.343562897783367021e+02 -1.009715574400275173e+01
1.322951458277380823e+02 -9.938472838154165601e+00
1.302340018771394341e+02 -1.069909425149614535e+01
1.281728579265407859e+02 -1.417240834207565747e+01
1.261117139759421377e+02 -1.182523059272398136e+01
1.240505700253435037e+02 -1.204824495431967080e+01
1.219894260747448556e+02 -1.274305124039139159e+01
1.199282821241462216e+02 -1.139508748951551098e+01
1.178671381735475734e+02 -1.066530767467592611e+01
1.158059942229489394e+02 -9.695884175891501755e+00
1.137448502723503054e+02 -1.039444783095214220e+01
1.116837063217516572e+02 -8.900085256949363810e+00
1.096225623711530233e+02 -1.176105098987685338e+01
1.075614184205543751e+02 -1.056658998229533886e+01
1.055002744699557411e+02 -1.287777032952937972e+01
1.034391305193570929e+02 -1.061995229681931185e+01
1.013779865687584589e+02 -9.506938553952933191e+00
9.931684261815982495e+01 -8.924700713993566126e+00
9.725569866756117676e+01 -1.067472214058312296e+01
9.519455471696254278e+01 -8.903398738873972817e+00
9.313341076636389460e+01 -7.242653568314311840e+00
9.107226681576524641e+01 -7.591686048814830556e+00
8.901112286516659822e+01 -8.623994881937939283e+00
8.694997891456796424e+01 -6.609607895641016917e+00
8.488883496396933026e+01 -7.661815512994843758e+00
8.282769101337068207e+01 -7.371377379674797226e+00
8.076654706277204809e+01 -7.899000365916913680e+00
7.870540311217339990e+01 -5.602377170754116342e+00
7.664425916157476593e+01 -4.504789862973855641e+00
7.458311521097613195e+01 -1.112282006895987552e+00
7.252197126037748376e+01 9.925297053278607784e-01
7.046082730977884978e+01 5.648674612158828268e+00
6.839968335918020159e+01 1.163477412057055282e+01
6.633853940858156761e+01 1.827936294854551491e+01
6.427739545798291942e+01 2.437657914615989796e+01
6.221625150738427834e+01 3.038757436847834015e+01
6.015510755678563726e+01 3.578414470270501369e+01
5.809396360618699617e+01 3.859622479677355500e+01
5.603281965558835509e+01 4.093758082909772611e+01
5.397167570498971401e+01 4.268162110719202218e+01
5.191053175439108003e+01 4.907545524069364262e+01
4.984938780379243894e+01 4.859641417108969108e+01
4.778824385319379076e+01 4.623507705461280892e+01
4.572709990259514967e+01 4.466495756902071435e+01
4.366595595199650859e+01 4.483942137376170933e+01
4.160481200139786750e+01 4.168267775844766021e+01
3.954366805079922642e+01 3.667109993386962685e+01
3.748252410020058534e+01 3.056184047165173823e+01
3.542138014960194425e+01 3.233358316316167702e+01
3.336023619900330317e+01 3.239737855458739801e+01
3.129909224840466564e+01 3.216026779334791996e+01
2.923794829780602456e+01 3.516364200416833086e+01
2.717680434720737992e+01 3.766674267237954155e+01
2.511566039660874239e+01 3.975240086178811083e+01
2.305451644601010130e+01 4.660578947887938739e+01
2.099337249541146022e+01 4.913769315821188144e+01
1.893222854481281914e+01 4.615256523214717532e+01
1.687108459421417805e+01 4.584982955452521480e+01
1.480994064361553697e+01 4.597213276126741022e+01
1.274879669301689766e+01 5.015152564796040480e+01
1.068765274241825658e+01 5.789422756189387798e+01
8.626508791819617272e+00 5.937504362410780345e+01
6.565364841220976189e+00 5.989570010268365507e+01
4.504220890622334217e+00 5.296087376100894772e+01
2.443076940023693577e+00 4.729392609193784835e+01
3.819329894250528823e-01 3.613070190874181975e+01
-1.679210961173587924e+00 2.437811288270328092e+01
-3.740354911772228785e+00 1.282766851219385096e+01
-5.801498862370869425e+00 1.054614297541146151e+01
-7.862642812969509620e+00 5.217228369408593913e+00
-9.923786763568150704e+00 4.673440874653818078e+00
-1.198493071416679001e+01 1.635903944950635180e+00
-1.404607466476543287e+01 2.470810788479884668e+00
-1.610721861536407573e+01 3.630772815143077814e+00
-1.816836256596271326e+01 -2.159859048606070642e-01
-2.022950651656135790e+01 1.964911628573310809e+00
-2.229065046715999543e+01 1.871286444214877553e+00
-2.435179441775863651e+01 2.625126275188063740e+00
-2.641293836835727760e+01 -2.312947333280293005e-01
-2.847408231895591868e+01 1.097352219533896056e+00
-3.053522626955455976e+01 3.754901717433657637e+00
-3.259637022015319729e+01 3.198159581864528977e+00
-3.465751417075184548e+01 2.593347417253651255e+00
-3.671865812135048657e+01 7.705767751532183851e+00
-3.877980207194912765e+01 6.547610858243596788e+00
-4.084094602254776163e+01 8.620459887583686864e+00
-4.290208997314640271e+01 1.279033735745790068e+01
-4.496323392374504380e+01 1.258915923270529014e+01
-4.702437787434368488e+01 1.469665563827137689e+01
-4.908552182494232596e+01 1.457097670002552370e+01
-5.114666577554095994e+01 1.670709317034587826e+01
-5.320780972613960103e+01 1.454675699872952066e+01
-5.526895367673824921e+01 1.453621622069722008e+01
-5.733009762733688319e+01 1.337924973381726268e+01
-5.939124157793552428e+01 8.094304618216693115e+00
-6.145238552853416536e+01 9.628629198764462771e+00
-6.351352947913280644e+01 5.828924006639009114e+00
-6.557467342973144753e+01 6.652081166956509861e+00
-6.763581738033009572e+01 2.025321339118770769e+00
-6.969696133092872969e+01 -7.085741653287449537e-01
-7.175810528152737788e+01 -1.175045751784404180e+00
-7.381924923212601186e+01 -2.224488443790181069e+00
-7.588039318272466005e+01 -1.779038495262066144e+00
-7.794153713332329403e+01 -4.901529720933635481e+00
-8.000268108392192801e+01 -4.588979150039867783e+00
-8.206382503452057620e+01 -3.996790807831445136e+00
-8.412496898511921017e+01 -6.113738512811484505e+00
-8.618611293571785836e+01 -6.278226725103630557e+00
-8.824725688631649234e+01 -7.705911532789730067e+00
-9.030840083691514053e+01 -8.503713556529946871e+00
-9.236954478751377451e+01 -7.823089941377680212e+00
-9.443068873811240849e+01 -9.589265044228685753e+00
-9.649183268871105668e+01 -8.932493238628968157e+00
-9.855297663930969065e+01 -1.145349720144996297e+01
-1.006141205899083388e+02 -8.258234414797877676e+00
-1.026752645405069870e+02 -9.210357242715232928e+00
-1.047364084911056352e+02 -9.968379411227491715e+00
-1.067975524417042692e+02 -8.255993094482089845e+00
-1.088586963923029032e+02 -7.343648038829354796e+00
-1.109198403429015514e+02 -7.797576000026169574e+00
-1.129809842935001853e+02 -6.107116847810718951e+00
-1.150421282440988335e+02 -6.426647752737723707e+00
-1.171032721946974675e+02 -9.107949492151263371e+00
-1.191644161452961015e+02 -8.350810716655230337e+00
-1.212255600958947497e+02 -7.290409595084629935e+00
-1.232867040464933837e+02 -7.334407025081160825e+00
-1.253478479970920318e+02 -6.896695394786128475e+00
-1.274089919476906658e+02 -8.364692492015826986e+00
-1.294701358982893282e+02 -8.935958675065263535e+00
-1.315312798488879764e+02 -8.798071922918664356e+00
-1.335924237994865962e+02 -7.718803154415210699e+00
-1.356535677500852444e+02 -8.462366907104415858e+00
-1.377147117006838641e+02 -6.856023652358891773e+00
-1.397758556512825123e+02 -8.482544416045655566e+00
-1.418369996018811605e+02 -7.514103066624844729e+00
-1.438981435524798087e+02 -8.187766318114867659e+00
-1.459592875030784285e+02 -7.254063643231078551e+00
-1.480204314536770767e+02 -8.484147601961952390e+00
-1.500815754042756964e+02 -8.373461753182063205e+00
-1.521427193548743730e+02 -9.335900840883324392e+00
-1.542038633054729928e+02 -8.734386653043252124e+00
-1.562650072560716410e+02 -6.581687583798567331e+00
-1.583261512066702608e+02 -8.889171454818555418e+00
-1.603872951572689374e+02 -6.551121937191077826e+00
-1.624484391078675856e+02 -6.298956111519256496e+00
-1.645095830584662053e+02 -6.713787708642885654e+00
-1.665707270090648535e+02 -7.175705349859729409e+00
-1.686318709596634733e+02 -8.113362696440265864e+00
-1.706930149102621499e+02 -1.037079625217033119e+01
-1.727541588608607697e+02 -8.716610312952541406e+00
-1.748153028114594179e+02 -9.905214975609062833e+00
-1.768764467620580376e+02 -9.343373789695743170e+00
-1.789375907126566858e+02 -7.787902525724871516e+00
-1.809987346632553340e+02 -6.368793988711892951e+00
-1.830598786138539822e+02 -8.846060899017684775e+00
-1.851210225644526020e+02 -9.741231428439132145e+00
-1.871821665150512501e+02 -7.999116649017971703e+00
-1.892433104656498699e+02 -9.626043322432096261e+00
-1.913044544162485465e+02 -7.546994667033729343e+00
-1.933655983668471663e+02 -1.092830521696100554e+01
-1.954267423174458145e+02 -7.502571534210660253e+00
-1.974878862680444342e+02 -8.773147948793045714e+00
-1.995490302186431109e+02 -1.064733042085295445e+01
-2.016101741692417590e+02 -6.631670140060606400e+00
-2.036713181198403788e+02 -6.839146730410321062e+00
-2.057324620704390270e+02 -5.075981102455470406e+00
-2.077936060210376468e+02 -8.242596436852100084e+00
-2.098547499716363234e+02 -9.514320226673598668e+00
-2.119158939222349431e+02 -9.030728575260971169e+00
-2.139770378728335913e+02 -7.186188798980856163e+00
-2.160381818234322111e+02 -6.701586717270076932e+00
-2.180993257740308593e+02 -9.642378066313153084e+00
-2.201604697246295075e+02 -7.743333494232786940e+00
-2.222216136752281557e+02 -8.206013816621377188e+00
-2.242827576258267754e+02 -8.287131112135446287e+00
-2.263439015764254236e+02 -7.483091628700544007e+00
-2.284050455270240718e+02 -8.717172035300094990e+00
-2.304661894776227200e+02 -6.406684165202737091e+00
-2.325273334282213398e+02 -8.297942198391959678e+00
-2.345884773788199880e+02 -9.494327622029189229e+00
-2.366496213294186077e+02 -8.171305725295132660e+00
-2.387107652800172843e+02 -8.967128666424994066e+00
-2.407719092306159325e+02 -7.545233691189515923e+00
-2.428330531812145523e+02 -6.908481001429674251e+00
-2.448941971318132005e+02 -1.045470768122310368e+01
-2.469553410824118203e+02 -6.932005851329056334e+00
-2.490164850330104969e+02 -8.572909297908076098e+00
-2.510776289836091166e+02 -9.000476250868402417e+00
-2.531387729342077648e+02 -1.014521757138487068e+01
-2.551999168848063846e+02 -1.006791664036784262e+01
-2.572610608354050328e+02 -1.062918053725880085e+01
-2.593222047860036810e+02 -7.771344763543197587e+00
-2.613833487366023292e+02 -9.308619975518434231e+00
