2.643291174665088192e+02 5.492178209520754528e+00
2.622679735159102279e+02 9.771040014052127631e+00
2.602068295653115797e+02 9.262844487980297359e+00
2.581456856147129315e+02 1.053291593646794233e+01
2.560845416641142833e+02 1.055066394804686603e+01
2.540233977135156636e+02 9.716612830352783448e+00
2.519622537629170154e+02 1.028578625406719560e+01
2.499011098123183388e+02 8.839407084982910945e+00
2.478399658617197190e+02 7.697891089976240053e+00
2.457788219111210708e+02 1.500641068813855838e+01
2.437176779605224510e+02 1.111260470647282439e+01
2.416565340099237744e+02 1.213221679755833904e+01
2.395953900593251547e+02 1.414892916336722450e+01
2.375342461087265065e+02 1.238804882552361519e+01
2.354731021581278867e+02 1.291422822406647875e+01
2.334119582075292385e+02 1.242298285570998395e+01
2.313508142569305903e+02 1.200577085392674093e+01
2.292896703063319421e+02 1.450460189221749552e+01
2.272285263557333224e+02 1.433151446646117222e+01
2.251673824051346742e+02 1.204457752913847735e+01
2.231062384545360544e+02 1.078656062400570548e+01
2.210450945039373778e+02 1.476789553167272473e+01
2.189839505533387580e+02 9.195638345171317951e+00
2.169228066027401098e+02 1.073348350361885473e+01
2.148616626521414901e+02 1.129660370852070628e+01
2.128005187015428419e+02 1.137546447167799890e+01
2.107393747509441653e+02 1.406794033884554551e+01
2.086782308003455455e+02 1.132807466734058366e+01
2.066170868497468973e+02 1.644081104642230429e+01
2.045559428991482775e+02 1.571895715048947473e+01
2.024947989485496009e+02 1.203799671928318027e+01
2.004336549979509812e+02 1.430769193854858123e+01
1.983725110473523330e+02 1.410087969830995469e+01
1.963113670967537132e+02 9.908720185652255097e+00
1.942502231461550650e+02 1.318666756768076276e+01
1.921890791955564168e+02 1.258203689990185659e+01
1.901279352449577686e+02 1.511922982288372808e+01
1.880667912943591489e+02 1.425841589648905128e+01
1.860056473437605007e+02 1.363613101477893252e+01
1.839445033931618809e+02 1.292500299244887607e+01
1.818833594425632043e+02 1.287803436230321452e+01
1.798222154919645845e+02 1.469399062110612419e+01
1.777610715413659364e+02 1.355283277793807173e+01
1.756999275907673166e+02 9.808357474101050855e+00
1.736387836401686400e+02 1.401519393171102301e+01
1.715776396895699918e+02 1.439435219954317979e+01
1.695164957389713720e+02 1.230664677083178837e+01
1.674553517883727238e+02 1.225596557594869651e+01
1.653942078377741041e+02 1.446336532629368854e+01
1.633330638871754275e+02 1.455920023365812277e+01
1.612719199365768077e+02 1.315009635700102208e+01
1.592107759859781595e+02 8.786122745635134734e+00
1.571496320353795397e+02 1.383332447914776075e+01
1.550884880847808915e+02 1.414938048263044834e+01
1.530273441341822434e+02 1.496439468919061433e+01
1.509662001835835952e+02 1.288700328715531640e+01
1.489050562329849754e+02 1.309312736868944071e+01
1.468439122823863272e+02 1.350730144047100012e+01
1.447827683317876790e+02 1.568332817555548964e+01
1.427216243811890308e+02 1.820448101290201492e+01
1.406604804305904111e+02 1.636918590429486287e+01
1.385993364799917629e+02 1.604150234869849001e+01
1.365381925293931431e+02 1.406489621725420314e+01
1.344770485787944665e+02 1.381797852603366827e+01
1.324159046281958183e+02 1.357442834063802728e+01
1.303547606775971985e+02 1.194137617400160245e+01
1.282936167269985503e+02 1.154996610436399607e+01
1.262324727763999164e+02 1.380066454590338587e+01
1.241713288258012824e+02 1.739106844506559568e+01
1.221101848752026342e+02 1.643605797258921086e+01
1.200490409246040002e+02 1.131160883656106186e+01
1.179878969740053520e+02 1.497758394299725104e+01
1.159267530234067181e+02 1.595951046298593212e+01
1.138656090728080699e+02 1.130000151482149207e+01
1.118044651222094217e+02 1.185154111176073854e+01
1.097433211716107877e+02 1.183476902040563061e+01
1.076821772210121395e+02 1.444399067187696595e+01
1.056210332704135055e+02 1.337334815510818586e+01
1.035598893198148573e+02 1.285084218944767720e+01
1.014987453692162234e+02 1.457508490904919185e+01
9.943760141861758939e+01 1.338550813381062454e+01
9.737645746801892699e+01 1.581841629143728412e+01
9.531531351742029301e+01 9.678955384139655393e+00
9.325416956682165903e+01 1.132183231899594489e+01
9.119302561622301084e+01 1.642561960820131972e+01
8.913188166562437686e+01 1.223391017218306409e+01
8.707073771502572868e+01 1.728030261912132559e+01
8.500959376442709470e+01 1.250520482853869098e+01
8.294844981382844651e+01 1.322041639682277925e+01
8.088730586322981253e+01 1.182925068296191284e+01
7.882616191263117855e+01 1.491089103279804462e+01
7.676501796203251615e+01 1.483929922995775108e+01
7.470387401143388217e+01 1.151417405562079921e+01
7.264273006083523399e+01 1.393439034794309173e+01
7.058158611023660001e+01 1.752147259183999495e+01
6.852044215963795182e+01 1.615957536304862074e+01
6.645929820903931784e+01 1.607811569337733815e+01
6.439815425844068386e+01 1.685797855640501908e+01
6.233701030784203567e+01 1.684283572608178048e+01
6.027586635724340169e+01 1.798454120412505830e+01
5.821472240664476061e+01 2.275392924090528979e+01
5.615357845604611953e+01 2.384267628841491415e+01
5.409243450544747844e+01 2.545542996936973168e+01
5.203129055484883736e+01 2.667801900473974186e+01
4.997014660425019628e+01 2.490869992203741745e+01
4.790900265365155519e+01 3.063682394824148503e+01
4.584785870305291411e+01 3.847672409512901481e+01
4.378671475245427303e+01 4.129197544315713486e+01
4.172557080185563194e+01 4.873985453887098629e+01
3.966442685125699086e+01 5.470341110129238871e+01
3.760328290065834977e+01 6.324379931048956394e+01
3.554213895005970869e+01 7.179519897928418004e+01
3.348099499946106761e+01 7.624866534122419637e+01
3.141985104886242652e+01 7.894106532382735963e+01
2.935870709826378899e+01 8.401236778530797267e+01
2.729756314766514791e+01 8.628972868926739181e+01
2.523641919706650683e+01 8.827393438148979499e+01
2.317527524646786219e+01 9.062401446679209016e+01
2.111413129586922466e+01 8.951862007172002222e+01
1.905298734527058357e+01 9.386650929150955847e+01
1.699184339467194249e+01 9.523643499616061092e+01
1.493069944407330141e+01 1.010528114223382090e+02
1.286955549347466210e+01 1.107127369101668535e+02
1.080841154287602102e+01 1.168623734765081963e+02
8.747267592277381709e+00 1.183718445921789595e+02
6.686123641678740626e+00 1.087516880144606262e+02
4.624979691080098654e+00 1.059566724585147597e+02
2.563835740481458458e+00 9.044420803280166865e+01
5.026917898828177078e-01 7.988036586220908930e+01
-1.558452160715823043e+00 7.904680750742841155e+01
-3.619596111314463904e+00 6.718829390829206716e+01
-5.680740061913104988e+00 6.046088541045644860e+01
-7.741884012511745183e+00 5.487340871461276492e+01
-9.803027963110386267e+00 5.220966688536605460e+01
-1.186417191370902557e+01 5.074835302344481391e+01
-1.392531586430766843e+01 4.530952156441520629e+01
-1.598645981490630952e+01 4.525876944056706463e+01
-1.804760376550495238e+01 3.949610829222042696e+01
-2.010874771610358991e+01 3.654153034591629989e+01
-2.216989166670223099e+01 3.136945314374766980e+01
-2.423103561730087208e+01 2.422147375287650561e+01
-2.629217956789951316e+01 2.458425851645272076e+01
-2.835332351849815424e+01 2.664587120387039576e+01
-3.041446746909679533e+01 2.032485088599645096e+01
-3.247561141969543286e+01 1.686400504995117444e+01
-3.453675537029408105e+01 2.156557184629275881e+01
-3.659789932089271502e+01 2.199442114702779705e+01
-3.865904327149135611e+01 2.100751693888483373e+01
-4.072018722208999719e+01 2.447535726422414726e+01
-4.278133117268863828e+01 2.338658513416287477e+01
-4.484247512328727936e+01 2.705367010893745672e+01
-4.690361907388592044e+01 3.127504155411250153e+01
-4.896476302448456863e+01 3.318902009290818000e+01
-5.102590697508320261e+01 3.746034400426314193e+01
-5.308705092568184369e+01 4.216172366502258484e+01
-5.514819487628048478e+01 4.271652842888234858e+01
-5.720933882687912586e+01 4.579687966649920838e+01
-5.927048277747776694e+01 4.919808032833240219e+01
-6.133162672807640803e+01 5.043592580731817776e+01
-6.339277067867504911e+01 4.855379102192424767e+01
-6.545391462927368309e+01 4.874042998779034974e+01
-6.751505857987233128e+01 4.691906730105570489e+01
-6.957620253047096526e+01 4.416522002832321903e+01
-7.163734648106959924e+01 3.732779274141330461e+01
-7.369849043166824742e+01 3.717970992535318686e+01
-7.575963438226688140e+01 3.549936620049147962e+01
-7.782077833286552959e+01 3.296207373363642290e+01
-7.988192228346417778e+01 2.960017950457847036e+01
-8.194306623406282597e+01 2.702792448071809517e+01
-8.400421018466145995e+01 2.196092691134695585e+01
-8.606535413526009393e+01 2.139587571968976931e+01
-8.812649808585874212e+01 2.128491442110582099e+01
-9.018764203645737609e+01 1.625098586851501992e+01
-9.224878598705602428e+01 1.504266268797241857e+01
-9.430992993765465826e+01 1.765000925677666643e+01
-9.637107388825330645e+01 1.615081764228621708e+01
-9.843221783885194043e+01 1.831964950629203770e+01
-1.004933617894505744e+02 1.199802583952406465e+01
-1.025545057400492084e+02 1.157923356338845444e+01
-1.046156496906478566e+02 1.539179156298650852e+01
-1.066767936412464906e+02 1.248867113756288028e+01
-1.087379375918451245e+02 1.457000255288822999e+01
-1.107990815424437727e+02 1.138566489057017783e+01
-1.128602254930424067e+02 9.335259752257970334e+00
-1.149213694436410549e+02 8.999492861185069970e+00
-1.169825133942396889e+02 1.135126724987303959e+01
-1.190436573448383371e+02 1.191745021132014060e+01
-1.211048012954369852e+02 1.072845317289228717e+01
-1.231659452460356192e+02 9.817068505949297474e+00
-1.252270891966342674e+02 1.013214259939722872e+01
-1.272882331472329014e+02 1.062199833176025265e+01
-1.293493770978315354e+02 8.316528005962927850e+00
-1.314105210484301836e+02 1.298937544122237320e+01
-1.334716649990288033e+02 1.130800508863954157e+01
-1.355328089496274515e+02 6.094848732283555393e+00
-1.375939529002261281e+02 1.009146268580606609e+01
-1.396550968508247479e+02 1.211912862443228711e+01
-1.417162408014233961e+02 6.874051610705380178e+00
-1.437773847520220158e+02 7.618482271365029312e+00
-1.458385287026206925e+02 7.843339095575190711e+00
-1.478996726532193122e+02 1.065287426943453397e+01
-1.499608166038179604e+02 1.030677785924198808e+01
-1.520219605544165802e+02 8.267284397637981286e+00
-1.540831045050152284e+02 8.233841660666330498e+00
-1.561442484556138766e+02 6.269669737028321421e+00
-1.582053924062125247e+02 8.918715090919036470e+00
-1.602665363568111445e+02 7.168685660129685999e+00
-1.623276803074097927e+02 5.985739112680064977e+00
-1.643888242580084125e+02 9.715780314784167260e+00
-1.664499682086070891e+02 8.456003194115368160e+00
-1.685111121592057088e+02 8.636104070579577296e+00
-1.705722561098043570e+02 7.457329152647588444e+00
-1.726334000604029768e+02 6.649318525998904938e+00
-1.746945440110016250e+02 6.314679124083495410e+00
-1.767556879616003016e+02 7.859511599912114121e+00
-1.788168319121989214e+02 6.663621063361341079e+00
-1.808779758627975696e+02 9.335183162114997657e+00
-1.829391198133961893e+02 7.082119818341587880e+00
-1.850002637639948659e+02 5.358101606993005639e+00
-1.870614077145934857e+02 6.295544197189926194e+00
-1.891225516651921339e+02 8.668393018723232757e+00
-1.911836956157907537e+02 8.299189858713605261e+00
-1.932448395663894019e+02 9.856359490111481492e+00
-1.953059835169880500e+02 8.697377746098634788e+00
-1.973671274675866982e+02 8.191222672869036714e+00
-1.994282714181853180e+02 5.093783655444616976e+00
-2.014894153687839662e+02 7.588905243611121065e+00
-2.035505593193825860e+02 1.052713247039685207e+01
-2.056117032699812626e+02 5.768956887091991170e+00
-2.076728472205798823e+02 1.046912000579091639e+01
-2.097339911711785305e+02 9.704026453919691875e+00
-2.117951351217771503e+02 6.817019676362471081e+00
-2.138562790723758269e+02 1.045858097186880720e+01
-2.159174230229744751e+02 7.812426395253556421e+00
-2.179785669735730949e+02 9.309586107643120556e+00
-2.200397109241717430e+02 7.074850075961195195e+00
-2.221008548747703628e+02 5.973899993327972169e+00
-2.241619988253690394e+02 6.087336058284620322e+00
-2.262231427759676592e+02 9.204781505002070929e+00
-2.282842867265663074e+02 8.138312232516616618e+00
-2.303454306771649271e+02 8.945181765790625406e+00
-2.324065746277635753e+02 9.482060375222198800e+00
-2.344677185783622235e+02 7.438847038668455092e+00
-2.365288625289608717e+02 8.727280141090028920e+00
-2.385900064795594915e+02 7.084106450018754941e+00
-2.406511504301581397e+02 9.440375536098509102e+00
-2.427122943807567879e+02 6.361914617727212118e+00
-2.447734383313554360e+02 5.312262112184381380e+00
-2.468345822819540558e+02 4.964186110371831440e+00
-2.488957262325527040e+02 8.819476068224757270e+00
-2.509568701831513238e+02 6.122034380602801029e+00
-2.530180141337500004e+02 6.495024200611500653e+00
-2.550791580843486486e+02 7.562691826608149981e+00
-2.571403020349472968e+02 9.179017462525552062e+00
-2.592014459855458881e+02 8.310791734828180566e+00
-2.612625899361445363e+02 1.199455522919516248e+01
