2.678153236991614676e+02 6.590639021614169701e-01
2.657541797485628763e+02 2.217710007583766352e+00
2.636930357979642281e+02 2.791908673963110044e+00
2.616318918473655799e+02 3.976764266318670416e+00
2.595707478967669317e+02 3.483542378308246867e+00
2.575096039461682835e+02 1.263655012033871650e+00
2.554484599955696638e+02 3.367748360576215294e+00
2.533873160449710156e+02 2.911002542456058606e+00
2.513261720943723674e+02 4.229915738775548384e+00
2.492650281437737476e+02 1.935966148959138211e+00
2.472038841931750994e+02 2.536914364248289200e+00
2.451427402425764512e+02 3.361830781003503965e+00
2.430815962919778030e+02 2.977055172090175894e+00
2.410204523413791549e+02 5.396532054470188910e+00
2.389593083907805351e+02 3.418636436902178222e+00
2.368981644401818869e+02 3.447336257538008208e+00
2.348370204895832387e+02 5.147033444172198102e+00
2.327758765389845905e+02 5.576731461504466303e+00
2.307147325883859708e+02 4.511299702138289902e+00
2.286535886377873226e+02 4.505465168580339075e+00
2.265924446871887028e+02 7.388820891728873796e+00
2.245313007365900262e+02 7.815168923145917823e+00
2.224701567859914064e+02 6.750664609570603325e+00
2.204090128353927582e+02 6.228858149352698881e+00
2.183478688847941385e+02 3.958775744679121633e+00
2.162867249341954903e+02 5.693057802014105384e+00
2.142255809835968421e+02 6.109913282858514982e+00
2.121644370329981939e+02 3.639395500284138052e+00
2.101032930823995741e+02 3.952845413598293778e+00
2.080421491318009259e+02 3.646924213009346438e+00
2.059810051812022778e+02 4.393407285525153583e+00
2.039198612306036296e+02 5.845392099753540904e+00
2.018587172800049814e+02 5.636828620068464524e+00
1.997975733294063616e+02 4.218536215626457420e+00
1.977364293788077134e+02 6.071895712538109890e+00
1.956752854282090652e+02 5.970083712703449841e+00
1.936141414776104170e+02 5.454946546587907896e+00
1.915529975270117973e+02 6.238013641433573397e+00
1.894918535764131491e+02 5.401627596062489545e+00
1.874307096258145293e+02 4.689455514890888743e+00
1.853695656752158527e+02 8.141391224942296390e+00
1.833084217246172329e+02 3.225925775002215445e+00
1.812472777740185848e+02 6.140262228461956795e+00
1.791861338234199650e+02 7.046588319456608573e+00
1.771249898728213168e+02 5.959865961581139793e+00
1.750638459222226686e+02 6.066633052983172902e+00
1.730027019716240204e+02 6.147774390789398247e+00
1.709415580210254006e+02 5.644390930130403383e+00
1.688804140704267525e+02 3.073802731710505665e+00
1.668192701198280758e+02 6.455351624662494459e+00
1.647581261692294561e+02 4.901532316762320818e+00
1.626969822186308079e+02 6.063380422475916021e+00
1.606358382680321881e+02 5.696655061886080063e+00
1.585746943174335399e+02 4.130334470187709606e+00
1.565135503668348917e+02 3.660222437230078896e+00
1.544524064162362436e+02 4.141717550115556534e+00
1.523912624656376238e+02 4.906087895084158212e+00
1.503301185150389756e+02 6.383882138011064633e+00
1.482689745644403558e+02 4.873485265342495154e+00
1.462078306138416792e+02 6.491499783642974641e+00
1.441466866632430595e+02 3.630740118735474642e+00
1.420855427126444113e+02 4.424898212078070436e+00
1.400243987620457915e+02 5.977092837440858730e+00
1.379632548114471149e+02 4.545245219337376241e+00
1.359021108608484951e+02 4.223697266201408951e+00
1.338409669102498469e+02 5.820098357429896119e+00
1.317798229596511987e+02 3.258008177258115978e+00
1.297186790090525506e+02 6.019374066728635064e+00
1.276575350584539308e+02 5.186095660628240900e+00
1.255963911078552826e+02 7.955603889274147633e+00
1.235352471572566486e+02 6.831199517046329106e+00
1.214741032066580146e+02 5.385815049704737234e+00
1.194129592560593665e+02 4.727621645669246142e+00
1.173518153054607325e+02 7.888899726809431634e+00
1.152906713548620843e+02 5.140585976796702816e+00
1.132295274042634503e+02 5.966789146318119741e+00
1.111683834536647879e+02 1.041902340969545193e+01
1.091072395030661539e+02 5.949261953887745591e+00
1.070460955524675200e+02 6.530839499631353462e+00
1.049849516018688718e+02 6.989574938792592285e+00
1.029238076512702378e+02 3.752580956290909153e+00
1.008626637006715896e+02 7.480772499472136516e+00
9.880151975007296983e+01 6.050311141050287667e+00
9.674037579947432164e+01 6.334627871845623481e+00
9.467923184887568766e+01 8.127236156979060766e+00
9.261808789827703947e+01 5.421953428240228412e+00
9.055694394767840549e+01 7.521781897688425644e+00
8.849579999707977152e+01 7.128761789889574985e+00
8.643465604648112333e+01 6.905133046647516259e+00
8.437351209588248935e+01 4.841291290265638203e+00
8.231236814528384116e+01 6.375537104332972049e+00
8.025122419468520718e+01 6.411027708467815778e+00
7.819008024408655899e+01 8.170044757545616321e+00
7.612893629348792501e+01 1.060935863433011050e+01
7.406779234288929104e+01 9.563132745817220837e+00
7.200664839229062864e+01 1.131489131826512207e+01
6.994550444169199466e+01 1.077672609125639980e+01
6.788436049109334647e+01 1.111857291546442816e+01
6.582321654049471249e+01 1.149459403159182003e+01
6.376207258989607141e+01 1.327982904670287745e+01
6.170092863929743032e+01 1.523899332295729714e+01
5.963978468869878924e+01 1.800879538399774660e+01
5.757864073810014816e+01 1.778262617400697465e+01
5.551749678750150707e+01 1.951318806625272018e+01
5.345635283690287309e+01 2.132715820140143137e+01
5.139520888630423201e+01 2.469638503932270623e+01
4.933406493570559093e+01 2.134140546060711685e+01
4.727292098510694984e+01 2.369518226459019061e+01
4.521177703450830876e+01 2.526474620144312055e+01
4.315063308390966057e+01 2.627464881617940051e+01
4.108948913331101949e+01 2.420338536343919955e+01
3.902834518271238551e+01 2.862329508443745851e+01
3.696720123211374442e+01 3.053872929582107787e+01
3.490605728151510334e+01 3.063470471510779092e+01
3.284491333091646226e+01 3.217030826494202955e+01
3.078376938031782117e+01 3.531669560346616521e+01
2.872262542971918009e+01 3.691583688912730565e+01
2.666148147912053901e+01 3.963189514817511139e+01
2.460033752852189792e+01 4.095229830950199101e+01
2.253919357792325684e+01 4.236119051816672254e+01
2.047804962732461220e+01 3.961205727712414415e+01
1.841690567672597467e+01 4.122194972824573256e+01
1.635576172612733359e+01 4.443182993592146346e+01
1.429461777552869250e+01 5.057362134558055544e+01
1.223347382493005142e+01 6.105419308983573501e+01
1.017232987433141034e+01 7.620447033143207705e+01
8.111185923732769254e+00 8.172710800196740877e+01
6.050041973134129947e+00 8.237707441452963053e+01
3.988898022535488863e+00 7.529576421102358097e+01
1.927754071936848002e+00 6.437359533423226310e+01
-1.333898786617926657e-01 4.932024606913729770e+01
-2.194533829260433500e+00 3.617987405511512833e+01
-4.255677779859073695e+00 2.518099987164228537e+01
-6.316821730457715667e+00 1.776525971751299338e+01
-8.377965681056355862e+00 1.754657190075753093e+01
-1.043910963165499695e+01 1.164123032970498883e+01
-1.250025358225363803e+01 1.457029039785882851e+01
-1.456139753285227734e+01 1.215805538237177430e+01
-1.662254148345091664e+01 1.040202696409903815e+01
-1.868368543404956128e+01 1.099813855248183181e+01
-2.074482938464820236e+01 9.068197413767761006e+00
-2.280597333524684345e+01 8.439253480819015607e+00
-2.486711728584547743e+01 9.985178269072797264e+00
-2.692826123644411851e+01 6.891628897131408138e+00
-2.898940518704276315e+01 9.185001786762779119e+00
-3.105054913764140423e+01 7.520303889394761576e+00
-3.311169308824004531e+01 1.073632083154346439e+01
-3.517283703883868640e+01 1.175973143722466752e+01
-3.723398098943732748e+01 1.050909329419480720e+01
-3.929512494003596856e+01 1.267915342091536246e+01
-4.135626889063460965e+01 1.293225734925848869e+01
-4.341741284123324363e+01 1.380241095458556266e+01
-4.547855679183188471e+01 1.518342371035304517e+01
-4.753970074243052579e+01 1.547878534081511859e+01
-4.960084469302916688e+01 1.817624621954970365e+01
-5.166198864362780796e+01 1.564145585838538821e+01
-5.372313259422645615e+01 1.661266743213913699e+01
-5.578427654482509723e+01 1.686702208862740804e+01
-5.784542049542373121e+01 1.594006162505639423e+01
-5.990656444602237229e+01 1.321887723475265020e+01
-6.196770839662101338e+01 1.577349100394022940e+01
-6.402885234721965446e+01 1.683904030162937460e+01
-6.608999629781828844e+01 1.395607634953051779e+01
-6.815114024841693663e+01 1.650075188221502387e+01
-7.021228419901557061e+01 1.326679889251130184e+01
-7.227342814961421880e+01 1.349476358978500912e+01
-7.433457210021285277e+01 1.540233998445946462e+01
-7.639571605081150096e+01 1.102043043577356229e+01
-7.845686000141013494e+01 1.433400926974675116e+01
-8.051800395200876892e+01 1.086209297439950561e+01
-8.257914790260743132e+01 1.193500881634636279e+01
-8.464029185320606530e+01 1.129198639044275687e+01
-8.670143580380471349e+01 1.203878459138331003e+01
-8.876257975440334747e+01 1.104123167277921524e+01
-9.082372370500198144e+01 6.811737801051426899e+00
-9.288486765560062963e+01 8.797278082003312960e+00
-9.494601160619926361e+01 6.824536635085460823e+00
-9.700715555679791180e+01 6.176090191864052947e+00
-9.906829950739654578e+01 5.895999207695964195e+00
-1.011294434579951940e+02 3.861417513233055043e+00
-1.031905874085938422e+02 4.567300200811939881e+00
-1.052517313591924761e+02 5.404642669377597741e+00
-1.073128753097911243e+02 6.099692370177288936e+00
-1.093740192603897583e+02 2.516982676135561814e+00
-1.114351632109883923e+02 2.592112915853890698e+00
-1.134963071615870405e+02 1.271189653570320433e+00
-1.155574511121856744e+02 5.849781983422721598e-01
-1.176185950627843226e+02 9.488247388451942488e-01
-1.196797390133829708e+02 2.987371149091728295e+00
-1.217408829639816190e+02 2.159001179508967194e+00
-1.238020269145802530e+02 3.309607683743739592e+00
-1.258631708651788870e+02 2.723104774622013835e+00
-1.279243148157775352e+02 1.130312864832301756e+00
-1.299854587663761549e+02 4.368348626481431407e-01
-1.320466027169748031e+02 2.454796600440350307e+00
-1.341077466675734513e+02 1.041694040272739041e+00
-1.361688906181720995e+02 -1.520016111315650509e+00
-1.382300345687707193e+02 3.066437481111511931e-01
-1.402911785193693675e+02 1.397771786346559963e+00
-1.423523224699680156e+02 -3.309103000055818589e-01
-1.444134664205666638e+02 1.875825121834767240e+00
-1.464746103711653120e+02 1.786337265842845856e-01
-1.485357543217639318e+02 -3.620835917929495634e-02
-1.505968982723625800e+02 8.946181676259250537e-01
-1.526580422229612282e+02 2.674566466352521044e+00
-1.547191861735598764e+02 2.143001929272376760e+00
-1.567803301241584961e+02 1.179827409899118162e+00
-1.588414740747571443e+02 1.175312326865775470e+00
-1.609026180253557641e+02 2.504923354325874651e+00
-1.629637619759544407e+02 -2.764875684688849478e-01
-1.650249059265530605e+02 1.514692724087510323e+00
-1.670860498771517086e+02 -3.959311707771463462e-01
-1.691471938277503284e+02 2.498698186293151491e-01
-1.712083377783489766e+02 9.449114811228541688e-01
-1.732694817289476248e+02 1.326608791698314471e+00
-1.753306256795462730e+02 2.141248571552674562e+00
-1.773917696301448927e+02 -6.938430359882057363e-01
-1.794529135807435409e+02 -1.235016207695900814e+00
-1.815140575313421891e+02 -2.117190685605066236e-01
-1.835752014819408373e+02 -2.565299868319028676e-01
-1.856363454325394855e+02 2.880695909504772168e+00
-1.876974893831381053e+02 1.805672017063550516e+00
-1.897586333337367535e+02 7.445799043128201733e-01
-1.918197772843354016e+02 5.678271934265316512e-01
-1.938809212349340498e+02 2.582872076914605880e-02
-1.959420651855326696e+02 -1.522178640430267016e-01
-1.980032091361313178e+02 -7.716256076294141231e-01
-2.000643530867299376e+02 -1.706315693611696049e-01
-2.021254970373286142e+02 3.016004247936708849e-01
-2.041866409879272339e+02 -1.302500522943864425e+00
-2.062477849385258821e+02 5.477776205145328259e-01
-2.083089288891245019e+02 -9.406815458714259948e-02
-2.103700728397231501e+02 -1.081383231534191136e+00
-2.124312167903217983e+02 -1.531592040147304601e-01
-2.144923607409204465e+02 8.924640084701878084e-01
-2.165535046915190946e+02 2.192247720962992863e-01
-2.186146486421177144e+02 1.623829482497398113e-01
-2.206757925927163910e+02 -9.970286733672196755e-01
-2.227369365433150108e+02 -5.515685999660049355e-01
-2.247980804939136590e+02 1.362732245239977880e-01
-2.268592244445122788e+02 -1.758188254290169894e+00
-2.289203683951109269e+02 -1.060425536250067857e+00
-2.309815123457095751e+02 2.698931277919345770e-02
-2.330426562963082233e+02 -1.083685325368860308e+00
-2.351038002469068431e+02 3.920860693107218187e-01
-2.371649441975054913e+02 -3.174033109424014842e+00
-2.392260881481041110e+02 2.192481235225725467e+00
-2.412872320987027877e+02 3.304816507370074707e-01
-2.433483760493014074e+02 5.551072008714900141e-01
-2.454095199999000556e+02 3.083056275419557846e+00
-2.474706639504986754e+02 2.528812290810153574e+00
-2.495318079010973520e+02 7.342104822150957721e-01
-2.515929518516959718e+02 3.125380717988661239e+00
-2.536540958022946199e+02 -2.207916895791813272e-01
-2.557152397528932681e+02 7.627154915872848273e-02
-2.577763837034918879e+02 2.520753889766476963e+00
