2.721199733838038242e+02 8.119883816207730254e-01
2.700588294332051760e+02 4.733892479569029810e+00
2.679976854826065278e+02 5.041907347832451869e+00
2.659365415320079364e+02 4.224864995160579895e+00
2.638753975814092883e+02 6.285867146826162433e+00
2.618142536308106401e+02 6.172239810483818978e+00
2.597531096802119919e+02 6.344931387488034424e+00
2.576919657296133437e+02 6.510836583650514875e+00
2.556308217790146955e+02 7.676447549658281133e+00
2.535696778284160473e+02 6.511148656459497808e+00
2.515085338778174275e+02 5.458919495737450056e+00
2.494473899272187793e+02 6.425758896580005874e+00
2.473862459766201312e+02 7.092363964564321499e+00
2.453251020260214830e+02 2.858877250554640259e+00
2.432639580754228632e+02 4.450510704331890111e+00
2.412028141248242150e+02 5.851209861161346559e+00
2.391416701742255668e+02 6.499724520312080145e+00
2.370805262236269186e+02 9.154460364561387564e+00
2.350193822730282989e+02 8.304739257451153378e+00
2.329582383224296507e+02 5.208277265212711171e+00
2.308970943718310309e+02 5.079045310987125639e+00
2.288359504212323543e+02 7.885497183398346266e+00
2.267748064706337345e+02 3.233440195616033019e+00
2.247136625200350863e+02 1.663832036321679420e+00
2.226525185694364666e+02 5.394808796777545545e+00
2.205913746188378184e+02 7.786163842351940367e+00
2.185302306682391418e+02 7.951620879091201743e+00
2.164690867176405220e+02 7.530055021552736427e+00
2.144079427670418738e+02 7.203502066024778827e+00
2.123467988164432541e+02 4.696829070093690994e+00
2.102856548658446059e+02 8.753530355445874989e+00
2.082245109152459577e+02 6.464469197173678516e+00
2.061633669646473095e+02 6.966173316962079198e+00
2.041022230140486897e+02 7.288759482447200178e+00
2.020410790634500415e+02 6.985327208538249621e+00
1.999799351128513933e+02 4.271897907177365283e+00
1.979187911622527736e+02 5.299578879548440646e+00
1.958576472116541538e+02 7.776549180842457609e+00
1.937965032610555056e+02 9.146496185993225225e+00
1.917353593104568574e+02 6.331676879244823475e+00
1.896742153598582092e+02 6.674540533538569242e+00
1.876130714092595895e+02 6.910431426478202965e+00
1.855519274586609413e+02 8.217111926120434617e+00
1.834907835080622931e+02 5.764616479753437162e+00
1.814296395574636449e+02 6.384173606227188102e+00
1.793684956068649967e+02 7.430570916641895174e+00
1.773073516562663769e+02 7.387605001898171153e+00
1.752462077056677288e+02 5.934317926539152133e+00
1.731850637550690806e+02 5.798364831777722550e+00
1.711239198044704324e+02 6.027724348569899249e+00
1.690627758538718126e+02 3.278012647594960693e+00
1.670016319032731644e+02 8.549455557377159565e+00
1.649404879526745447e+02 4.896645764391172939e+00
1.628793440020758680e+02 3.792820266990017508e+00
1.608182000514772483e+02 7.791410757384810815e+00
1.587570561008786001e+02 7.244229760313143807e+00
1.566959121502799803e+02 8.139734876474905789e+00
1.546347681996813321e+02 5.406843596404455887e+00
1.525736242490826839e+02 6.356369926258743419e+00
1.505124802984840358e+02 8.590613257800685076e+00
1.484513363478854160e+02 5.876226509157474354e+00
1.463901923972867678e+02 6.926245626040081760e+00
1.443290484466881196e+02 6.332735412460234414e+00
1.422679044960894714e+02 5.203680068740480280e+00
1.402067605454908232e+02 6.497351032726297326e+00
1.381456165948922035e+02 7.773026417866939930e+00
1.360844726442935553e+02 5.758280601996307091e+00
1.340233286936949071e+02 8.371981897319809462e+00
1.319621847430962589e+02 8.211398202975598082e+00
1.299010407924976391e+02 7.480603384752984475e+00
1.278398968418990052e+02 5.701076923608332514e+00
1.257787528913003570e+02 4.962419606390580995e+00
1.237176089407017230e+02 6.928997614814233152e+00
1.216564649901030606e+02 5.708670685816546353e+00
1.195953210395044266e+02 6.068476578409621069e+00
1.175341770889057784e+02 4.666302055377757441e+00
1.154730331383071444e+02 3.859994011900636846e+00
1.134118891877085105e+02 4.016813431679500113e+00
1.113507452371098623e+02 4.834513754356732029e+00
1.092896012865112283e+02 4.920691999966330776e+00
1.072284573359125801e+02 7.375339350433201879e+00
1.051673133853139461e+02 7.553903171697456287e+00
1.031061694347152979e+02 6.765225156244763838e+00
1.010450254841166640e+02 3.959927624650167122e+00
9.898388153351801577e+01 5.224498918590676944e+00
9.692273758291936758e+01 6.316966086977687134e+00
9.486159363232073360e+01 4.807193703433013887e+00
9.280044968172209963e+01 7.141704828904908098e+00
9.073930573112345144e+01 6.662710043643560454e+00
8.867816178052481746e+01 6.881570715632371993e+00
8.661701782992616927e+01 5.498119564071267007e+00
8.455587387932752108e+01 6.201218361204126950e+00
8.249472992872887289e+01 7.911063305906893106e+00
8.043358597813023891e+01 6.859031045979925523e+00
7.837244202753160494e+01 6.113493508860239345e+00
7.631129807693295675e+01 5.991535188171255299e+00
7.425015412633432277e+01 7.079153237360319650e+00
7.218901017573567458e+01 5.793937554622261565e+00
7.012786622513704060e+01 6.371965127347277047e+00
6.806672227453839241e+01 8.362157625830279883e+00
6.600557832393975843e+01 6.290506005915360355e+00
6.394443437334111735e+01 6.690507706735501436e+00
6.188329042274247627e+01 9.009047383228837802e+00
5.982214647214383518e+01 8.805028414406626425e+00
5.776100252154520120e+01 6.696802269590461876e+00
5.569985857094655302e+01 7.393066545588028227e+00
5.363871462034791193e+01 7.049652052785834400e+00
5.157757066974927085e+01 6.852552696563347645e+00
4.951642671915062976e+01 9.675668167953487497e+00
4.745528276855198868e+01 8.714288208563894855e+00
4.539413881795334760e+01 9.989627038680726656e+00
4.333299486735471362e+01 8.818170280347697343e+00
4.127185091675607254e+01 9.359516564908407332e+00
3.921070696615743145e+01 1.149106846455932462e+01
3.714956301555878326e+01 1.058323631289901279e+01
3.508841906496014218e+01 1.225908506283560762e+01
3.302727511436150110e+01 1.596959538748316376e+01
3.096613116376286357e+01 1.520721418155908644e+01
2.890498721316422248e+01 1.697713616637502909e+01
2.684384326256558495e+01 1.901008943708016830e+01
2.478269931196694387e+01 1.786389553732916369e+01
2.272155536136829923e+01 1.744723416632845314e+01
2.066041141076966170e+01 2.239385590409381876e+01
1.859926746017102062e+01 2.315575669364080369e+01
1.653812350957237953e+01 2.730419199423443644e+01
1.447697955897373845e+01 3.270390820336062632e+01
1.241583560837509737e+01 3.690944044397397761e+01
1.035469165777645628e+01 4.408882640519667717e+01
8.293547707177816974e+00 4.865181106878720385e+01
6.232403756579175003e+00 5.559110396698248735e+01
4.171259805980534807e+00 5.724848820856129805e+01
2.110115855381894168e+00 4.460108004290894712e+01
4.897190478325368079e-02 3.552097395437291283e+01
-2.012172045815387111e+00 2.758784075229127097e+01
-4.073315996414027751e+00 2.226982053348580948e+01
-6.134459947012668835e+00 1.472338387097746448e+01
-8.195603897611309918e+00 1.247569499385590674e+01
-1.025674784820995100e+01 1.078363822532243255e+01
-1.231789179880859031e+01 1.083324938443091590e+01
-1.437903574940723317e+01 8.330424826365367963e+00
-1.644017970000587425e+01 7.952058298722428198e+00
-1.850132365060451534e+01 6.323167974602339036e+00
-2.056246760120315642e+01 6.632253579167313617e+00
-2.262361155180179395e+01 8.613067225485169232e+00
-2.468475550240043503e+01 5.317475662983737195e+00
-2.674589945299907967e+01 6.587353173544244989e+00
-2.880704340359771720e+01 5.949513376801007780e+00
-3.086818735419635829e+01 4.505763464657866813e+00
-3.292933130479499937e+01 6.336564624124216394e+00
-3.499047525539364045e+01 5.318137253477735804e+00
-3.705161920599228154e+01 3.767992284984822859e+00
-3.911276315659091551e+01 3.718007800859699952e+00
-4.117390710718956370e+01 5.514446820923763148e+00
-4.323505105778820479e+01 5.634490271552299312e+00
-4.529619500838684587e+01 4.840513321437205363e+00
-4.735733895898548695e+01 5.389694591247613964e+00
-4.941848290958412804e+01 6.163990573903297410e+00
-5.147962686018276912e+01 6.179378700782409695e+00
-5.354077081078140310e+01 7.319212806052400211e+00
-5.560191476138004418e+01 8.282255356807450397e+00
-5.766305871197868527e+01 5.005987330376537869e+00
-5.972420266257733346e+01 4.302360909467288330e+00
-6.178534661317597454e+01 4.508228266218554658e+00
-6.384649056377461562e+01 7.121474475083448219e+00
-6.590763451437324250e+01 6.829112538505219376e+00
-6.796877846497189068e+01 7.172204735316720203e+00
-7.002992241557053887e+01 6.974108913269400745e+00
-7.209106636616918706e+01 7.733687520758367739e+00
-7.415221031676782104e+01 5.533737757594679785e+00
-7.621335426736645502e+01 5.269791701374866300e+00
-7.827449821796510321e+01 7.104179280205794811e+00
-8.033564216856373719e+01 6.911453319796285300e+00
-8.239678611916238538e+01 5.982026946109685106e+00
-8.445793006976101935e+01 5.932548784212838378e+00
-8.651907402035965333e+01 6.704492462622975602e+00
-8.858021797095830152e+01 5.618452325157037741e+00
-9.064136192155693550e+01 4.128601978805031436e+00
-9.270250587215558369e+01 1.409621756207836141e+00
-9.476364982275421767e+01 3.737069830386110958e+00
-9.682479377335286586e+01 4.533531042055404470e+00
-9.888593772395149983e+01 2.253177230561438371e+00
-1.009470816745501338e+02 2.756076543582211880e+00
-1.030082256251487678e+02 3.812089391354112067e+00
-1.050693695757474160e+02 8.496547668527518749e-01
-1.071305135263460500e+02 5.397008586704401978e+00
-1.091916574769446981e+02 1.990532671456201053e+00
-1.112528014275433463e+02 2.911341855435902737e+00
-1.133139453781419803e+02 4.657873970114041029e+00
-1.153750893287406285e+02 1.172165475195624529e+00
-1.174362332793392625e+02 2.949249601717000013e-01
-1.194973772299379107e+02 1.461775950339027741e+00
-1.215585211805365446e+02 1.072307858961735638e+00
-1.236196651311351786e+02 4.444463000328827462e+00
-1.256808090817338268e+02 1.150129175779298629e+00
-1.277419530323324608e+02 1.552021897200480227e+00
-1.298030969829311232e+02 2.993432070205862328e+00
-1.318642409335297430e+02 1.399149413606367354e+00
-1.339253848841283911e+02 1.331560007589295935e+00
-1.359865288347270109e+02 3.329033919774294858e+00
-1.380476727853256875e+02 1.101749803369846292e+00
-1.401088167359243073e+02 8.620762072717433888e-01
-1.421699606865229555e+02 3.991225247898523953e+00
-1.442311046371215753e+02 2.915705530499673515e+00
-1.462922485877202519e+02 3.507834353674890604e+00
-1.483533925383188716e+02 1.486304882953922046e+00
-1.504145364889175198e+02 2.754111515222335882e+00
-1.524756804395161396e+02 1.156541914424749296e+00
-1.545368243901147878e+02 -6.109029788649296133e-01
-1.565979683407134360e+02 3.282927144081824178e+00
-1.586591122913120842e+02 1.623215003690339220e+00
-1.607202562419107039e+02 2.684603772395498300e+00
-1.627814001925093521e+02 1.831105184411916165e+00
-1.648425441431079719e+02 1.662212746376238393e+00
-1.669036880937066485e+02 9.773244188515805009e-01
-1.689648320443052967e+02 -1.518370956502451241e+00
-1.710259759949039164e+02 3.783085856820035953e-01
-1.730871199455025646e+02 -2.401393001739859923e-01
-1.751482638961012128e+02 9.371230574191157237e-01
-1.772094078466998610e+02 3.685986480411862942e+00
-1.792705517972984808e+02 1.132480915932861709e+00
-1.813316957478971290e+02 1.304409131123123844e+00
-1.833928396984957487e+02 1.411841860534621240e+00
-1.854539836490944253e+02 2.269095629708446360e+00
-1.875151275996930451e+02 3.190317524908957481e+00
-1.895762715502916933e+02 -6.628198094567984422e-02
-1.916374155008903131e+02 9.786092962134014250e-01
-1.936985594514889613e+02 1.404645128182048230e+00
-1.957597034020876094e+02 1.783905771833465215e+00
-1.978208473526862576e+02 1.502480240253175614e+00
-1.998819913032849058e+02 -1.249953921413243574e+00
-2.019431352538835540e+02 1.621720201322046417e+00
-2.040042792044821738e+02 2.194469846904425037e+00
-2.060654231550808220e+02 2.503073831105956160e+00
-2.081265671056794986e+02 1.473474105173870452e+00
-2.101877110562781183e+02 2.620327058161928235e+00
-2.122488550068767665e+02 2.395543297935265326e+00
-2.143099989574753863e+02 1.322879174463192475e+00
-2.163711429080740629e+02 2.065605717165323707e+00
-2.184322868586726827e+02 3.384890641815405665e-01
-2.204934308092713309e+02 -6.377880632826132823e-01
-2.225545747598699506e+02 7.882923199130796865e-01
-2.246157187104685988e+02 2.003751234393394753e+00
-2.266768626610672470e+02 -3.882366059526677904e-01
-2.287380066116658952e+02 2.513281498117521551e+00
-2.307991505622645150e+02 2.218614627710925546e+00
-2.328602945128631632e+02 2.750235680767560975e+00
-2.349214384634617829e+02 4.190885751181424590e-01
-2.369825824140604595e+02 9.879729077785603941e-01
-2.390437263646590793e+02 -6.546502943729037849e-02
-2.411048703152577275e+02 9.037597582537769680e-01
-2.431660142658563473e+02 3.981966785360644412e+00
-2.452271582164550239e+02 2.174449501952511188e+00
-2.472883021670536721e+02 2.641467086726378533e+00
-2.493494461176522918e+02 2.993184379810246654e+00
-2.514105900682509400e+02 1.385598123787991076e+00
-2.534717340188495598e+02 5.330589269390288543e+00
