2.613226449375263769e+02 2.719161262580172878e+00
2.592615009869277287e+02 5.846733171319131728e+00
2.572003570363291374e+02 8.112839358823322300e+00
2.551392130857304608e+02 8.515384154663491856e+00
2.530780691351318126e+02 7.139899685028180620e+00
2.510169251845331928e+02 7.361628730877968430e+00
2.489557812339345446e+02 1.093426884436456881e+01
2.468946372833359248e+02 8.206083226774701700e+00
2.448334933327372482e+02 5.480710599489054147e+00
2.427723493821386000e+02 8.128332675560889342e+00
2.407112054315399803e+02 8.944579970397251500e+00
2.386500614809413321e+02 9.325159890996484791e+00
2.365889175303427123e+02 9.207022525630193854e+00
2.345277735797440357e+02 9.851638507420016566e+00
2.324666296291454159e+02 1.083692505326212263e+01
2.304054856785467678e+02 9.066688627407980761e+00
2.283443417279481480e+02 7.969786009374379532e+00
2.262831977773494998e+02 8.984541657644003365e+00
2.242220538267508516e+02 7.831841877830717280e+00
2.221609098761522034e+02 1.124958447411543006e+01
2.200997659255535837e+02 7.855981702852132820e+00
2.180386219749549355e+02 8.742216595077493935e+00
2.159774780243562873e+02 9.549386484394096541e+00
2.139163340737576391e+02 8.679753113246654550e+00
2.118551901231590193e+02 1.009631652239818145e+01
2.097940461725603711e+02 1.069322955756970472e+01
2.077329022219617229e+02 8.975932362965696854e+00
2.056717582713630748e+02 1.149385345863472452e+01
2.036106143207644266e+02 9.780321852008238892e+00
2.015494703701658068e+02 9.824367554025020155e+00
1.994883264195671586e+02 1.167323553762889077e+01
1.974271824689685388e+02 8.640217164038551445e+00
1.953660385183698622e+02 1.016451188127278371e+01
1.933048945677712425e+02 1.047967282979954717e+01
1.912437506171725943e+02 1.027503205494322636e+01
1.891826066665739745e+02 9.585772272588895859e+00
1.871214627159752979e+02 1.002050703917897145e+01
1.850603187653766781e+02 9.787472973270146426e+00
1.829991748147780299e+02 8.516856691748291297e+00
1.809380308641794102e+02 1.037809876626468153e+01
1.788768869135807620e+02 8.843036880166502911e+00
1.768157429629821138e+02 9.520842395052611096e+00
1.747545990123834656e+02 1.111631118534512019e+01
1.726934550617848458e+02 9.480913194008641298e+00
1.706323111111861976e+02 9.880535390010015462e+00
1.685711671605875495e+02 1.120511352788583892e+01
1.665100232099889013e+02 1.022132544884980199e+01
1.644488792593902531e+02 1.113992300934758717e+01
1.623877353087916333e+02 8.776002616180349492e+00
1.603265913581929851e+02 8.160221997404537575e+00
1.582654474075943369e+02 1.023056179900157581e+01
1.562043034569956887e+02 1.006735172249704746e+01
1.541431595063970690e+02 9.747153021308509580e+00
1.520820155557984208e+02 1.301539088057479354e+01
1.500208716051998010e+02 1.153286819620874759e+01
1.479597276546011244e+02 1.179769969471414903e+01
1.458985837040025046e+02 1.079173507473248961e+01
1.438374397534038565e+02 8.023164939137640062e+00
1.417762958028052367e+02 9.232028065880607315e+00
1.397151518522065885e+02 8.423582050904487417e+00
1.376540079016079403e+02 9.680088951078319681e+00
1.355928639510092921e+02 1.020710041557061665e+01
1.335317200004106724e+02 1.106503874547148847e+01
1.314705760498120242e+02 1.367751604344258354e+01
1.294094320992133760e+02 9.032347493012343520e+00
1.273482881486147420e+02 1.064804522381363050e+01
1.252871441980160938e+02 1.114075787645954385e+01
1.232260002474174598e+02 1.046374660075682961e+01
1.211648562968188116e+02 9.257857893810303551e+00
1.191037123462201777e+02 1.066828528875737092e+01
1.170425683956215295e+02 1.068014395737667321e+01
1.149814244450228955e+02 8.239019929917926532e+00
1.129202804944242615e+02 9.676901779795262115e+00
1.108591365438255991e+02 1.044147189482476890e+01
1.087979925932269651e+02 9.728064935012849190e+00
1.067368486426283170e+02 1.062327740593963732e+01
1.046757046920296830e+02 1.028011052975204720e+01
1.026145607414310348e+02 1.140299348299283544e+01
1.005534167908324008e+02 7.261288871756804042e+00
9.849227284023376683e+01 7.218047975275459827e+00
9.643112888963511864e+01 9.146827597643916619e+00
9.436998493903648466e+01 9.225470736926610016e+00
9.230884098843783647e+01 1.095840897419831528e+01
9.024769703783920249e+01 8.125528568711859023e+00
8.818655308724056852e+01 1.235187016858923492e+01
8.612540913664192033e+01 1.009217198744656940e+01
8.406426518604328635e+01 7.544608795647532062e+00
8.200312123544463816e+01 9.124582807252465955e+00
7.994197728484600418e+01 8.455092788000609261e+00
7.788083333424735599e+01 9.777361932750103790e+00
7.581968938364872201e+01 9.614133424193383348e+00
7.375854543305008804e+01 1.042361880102229499e+01
7.169740148245142564e+01 1.055009716930479868e+01
6.963625753185279166e+01 1.163126561678905091e+01
6.757511358125414347e+01 1.184057400317601072e+01
6.551396963065550949e+01 1.267681827764836555e+01
6.345282568005686841e+01 1.295466604894159879e+01
6.139168172945822732e+01 1.195923638908589481e+01
5.933053777885958624e+01 1.486799250403429440e+01
5.726939382826094516e+01 1.288480918167029543e+01
5.520824987766230407e+01 1.401420261010911794e+01
5.314710592706367009e+01 1.552088456220194068e+01
5.108596197646502901e+01 1.488427113986216987e+01
4.902481802586639503e+01 1.753141315365424546e+01
4.696367407526775395e+01 1.920382027092064092e+01
4.490253012466911287e+01 1.628938492030370355e+01
4.284138617407046468e+01 2.293742764506908216e+01
4.078024222347182359e+01 2.126466355703257705e+01
3.871909827287318251e+01 2.267187904814249322e+01
3.665795432227454143e+01 2.686116296599388065e+01
3.459681037167590745e+01 2.642995926884901081e+01
3.253566642107726636e+01 3.017870675394608426e+01
3.047452247047862528e+01 3.519631441704127894e+01
2.841337851987998064e+01 3.619628411311428096e+01
2.635223456928133956e+01 4.166027095740508912e+01
2.429109061868269848e+01 4.978782450604803955e+01
2.222994666808405739e+01 5.340874356582170179e+01
2.016880271748541986e+01 6.286841651093700278e+01
1.810765876688677523e+01 6.656599791235478847e+01
1.604651481628813414e+01 6.944256344637720701e+01
1.398537086568949483e+01 7.115721953318390547e+01
1.192422691509085375e+01 6.973782271077821804e+01
9.863082964492214444e+00 6.577730820070409834e+01
7.801939013893573360e+00 6.014572950927237827e+01
5.740795063294932277e+00 4.905468591412809332e+01
3.679651112696291193e+00 4.667260607234528891e+01
1.618507162097650776e+00 3.922011810062973325e+01
-4.426367885009899750e-01 3.196573167793503245e+01
-2.503780739099630726e+00 2.615054689944980737e+01
-4.564924689698272253e+00 2.434765762331029038e+01
-6.626068640296912449e+00 2.283480533203600515e+01
-8.687212590895553532e+00 1.740288154736535731e+01
-1.074835654149419284e+01 1.830952137775000921e+01
-1.280950049209283570e+01 1.697345748965576462e+01
-1.487064444269147678e+01 1.200932774744061149e+01
-1.693178839329011609e+01 1.250112059465649494e+01
-1.899293234388876073e+01 1.290507998765079734e+01
-2.105407629448739826e+01 1.240420938733041822e+01
-2.311522024508603934e+01 1.160224979773897225e+01
-2.517636419568467687e+01 1.344502048114225445e+01
-2.723750814628331796e+01 1.513067748613126007e+01
-2.929865209688195904e+01 1.021158636470283732e+01
-3.135979604748060012e+01 1.163214123426215707e+01
-3.342093999807923410e+01 1.208095028425056405e+01
-3.548208394867788229e+01 1.313379369194016810e+01
-3.754322789927652337e+01 8.672837074892234099e+00
-3.960437184987516446e+01 1.156421946983676641e+01
-4.166551580047380554e+01 1.155098371234210397e+01
-4.372665975107244662e+01 1.261759434976475625e+01
-4.578780370167108771e+01 1.195367492995270986e+01
-4.784894765226972169e+01 1.078847768345131364e+01
-4.991009160286836988e+01 9.388193298674600840e+00
-5.197123555346701096e+01 1.146278486621535819e+01
-5.403237950406565915e+01 1.118380445424872960e+01
-5.609352345466430023e+01 1.247821063700380506e+01
-5.815466740526293421e+01 1.504899000576115675e+01
-6.021581135586157529e+01 1.468671527412717204e+01
-6.227695530646021638e+01 1.205755379733824562e+01
-6.433809925705885746e+01 1.253055521726066601e+01
-6.639924320765749144e+01 1.454833249183729293e+01
-6.846038715825613963e+01 1.469905780749094149e+01
-7.052153110885477361e+01 1.256682325464358385e+01
-7.258267505945342180e+01 1.138057620572685735e+01
-7.464381901005205577e+01 1.076692310038724010e+01
-7.670496296065070396e+01 8.846415517490740399e+00
-7.876610691124933794e+01 1.184783294928912589e+01
-8.082725086184797192e+01 1.122113112163389026e+01
-8.288839481244663432e+01 1.010038765928905491e+01
-8.494953876304526830e+01 9.473330357817223657e+00
-8.701068271364391649e+01 7.337625593755046083e+00
-8.907182666424255046e+01 7.630398016407618833e+00
-9.113297061484119865e+01 8.519486734386569893e+00
-9.319411456543983263e+01 6.193513644287012454e+00
-9.525525851603846661e+01 7.388226824110549984e+00
-9.731640246663711480e+01 7.277202346998684845e+00
-9.937754641723574878e+01 6.295365954035651690e+00
-1.014386903678343970e+02 6.834330908143442684e+00
-1.034998343184330309e+02 6.978508480761162147e+00
-1.055609782690316649e+02 5.803519150788456926e+00
-1.076221222196303131e+02 4.903345348738694653e+00
-1.096832661702289471e+02 5.595354601815817119e+00
-1.117444101208275953e+02 3.470324072931314063e+00
-1.138055540714262293e+02 4.209137090653515045e+00
-1.158666980220248774e+02 5.266716286870045671e+00
-1.179278419726235114e+02 5.334863602707492269e+00
-1.199889859232221454e+02 3.150660771301350582e+00
-1.220501298738208078e+02 6.242068591971638547e+00
-1.241112738244194418e+02 6.002449956092716477e+00
-1.261724177750180900e+02 5.795826694928764233e+00
-1.282335617256167097e+02 5.722607850524733308e+00
-1.302947056762153579e+02 4.110354939516907891e+00
-1.323558496268140061e+02 4.847151133650042354e+00
-1.344169935774126543e+02 3.079554813308659433e+00
-1.364781375280112741e+02 3.671576741958794354e+00
-1.385392814786099223e+02 5.404750831955634993e+00
-1.406004254292085704e+02 5.998276838880463480e+00
-1.426615693798072186e+02 4.475290732046626196e+00
-1.447227133304058668e+02 3.660370097460588834e+00
-1.467838572810044866e+02 2.904208276723175608e+00
-1.488450012316031348e+02 3.090090678464238128e+00
-1.509061451822017546e+02 4.419814650496896036e+00
-1.529672891328004312e+02 2.741299785483034768e+00
-1.550284330833990509e+02 4.650502410230663131e+00
-1.570895770339976991e+02 2.908195143470289068e+00
-1.591507209845963189e+02 3.823465349734972651e+00
-1.612118649351949671e+02 4.440005911715493525e+00
-1.632730088857936153e+02 3.946160789910626132e+00
-1.653341528363922635e+02 2.647369822952352347e+00
-1.673952967869908832e+02 2.772439950753659232e+00
-1.694564407375895314e+02 3.019334097369575698e+00
-1.715175846881881796e+02 1.734721597174419649e+00
-1.735787286387868278e+02 3.359121433417147529e+00
-1.756398725893854476e+02 6.316509173687440359e+00
-1.777010165399840957e+02 2.934669313210330088e+00
-1.797621604905827439e+02 1.370401196339291028e+00
-1.818233044411813921e+02 1.579975408435871920e+00
-1.838844483917800403e+02 3.464685731438527760e+00
-1.859455923423786601e+02 4.036202011793158739e+00
-1.880067362929773083e+02 5.677048186042068068e+00
-1.900678802435759280e+02 2.783182445606912747e+00
-1.921290241941746046e+02 3.151957751551935694e+00
-1.941901681447732244e+02 1.581940111716880315e+00
-1.962513120953718726e+02 4.660888125021940276e+00
-1.983124560459704924e+02 6.366218105925986137e+00
-2.003735999965691690e+02 2.225269925731579335e+00
-2.024347439471677887e+02 2.067690970685842178e+00
-2.044958878977664369e+02 5.586846807930798242e+00
-2.065570318483650567e+02 3.627633028598857390e+00
-2.086181757989637049e+02 3.428602744959032833e+00
-2.106793197495623531e+02 3.599833224068500925e+00
-2.127404637001610013e+02 1.982388460817454234e+00
-2.148016076507596210e+02 2.218022249977266824e+00
-2.168627516013582692e+02 3.315274181002428211e+00
-2.189238955519569174e+02 1.104727655623207516e+00
-2.209850395025555656e+02 2.906893705612153767e+00
-2.230461834531542138e+02 4.752771136722357959e+00
-2.251073274037528336e+02 2.804162852540079243e+00
-2.271684713543514818e+02 3.779648859081216283e+00
-2.292296153049501299e+02 2.722723066299413297e+00
-2.312907592555487781e+02 4.001545044751845026e+00
-2.333519032061473979e+02 4.573811500671628671e+00
-2.354130471567460461e+02 3.229621244325020069e+00
-2.374741911073446659e+02 3.269841892013590101e+00
-2.395353350579433425e+02 7.039597963409460757e-01
-2.415964790085419622e+02 3.391738407975205760e+00
-2.436576229591406104e+02 4.650853895468408106e-01
-2.457187669097392302e+02 4.610225202168391156e+00
-2.477799108603378784e+02 3.962742740646251871e+00
-2.498410548109365266e+02 2.884873552868411295e+00
-2.519021987615351748e+02 4.755781272325148912e+00
-2.539633427121337945e+02 4.274190310776468493e+00
-2.560244866627324427e+02 4.636212495178265058e+00
-2.580856306133310909e+02 4.389920549456646448e+00
-2.601467745639297391e+02 3.947191704826642056e+00
-2.622079185145283873e+02 5.157753681491461073e+00
-2.642690624651270355e+02 7.541148726293137372e+00
