2.643854989957956150e+02 -5.755851351030197627e+00
2.623243550451969668e+02 -8.631613612187734930e+00
2.602632110945983186e+02 -1.298203313332695252e+01
2.582020671439996704e+02 -1.126134135791737023e+01
2.561409231934010791e+02 -1.263548737155683810e+01
2.540797792428024025e+02 -1.192177427884186613e+01
2.520186352922037543e+02 -8.402396287749768433e+00
2.499574913416051061e+02 -1.213609552658614277e+01
2.478963473910064863e+02 -9.337107436783190550e+00
2.458352034404078381e+02 -1.290201592358912563e+01
2.437740594898091899e+02 -1.263986716427379875e+01
2.417129155392105417e+02 -1.034888508967092058e+01
2.396517715886119220e+02 -1.268570867225345467e+01
2.375906276380132738e+02 -1.099896504787178131e+01
2.355294836874146540e+02 -1.105338000593033065e+01
2.334683397368159774e+02 -1.169535280860515236e+01
2.314071957862173576e+02 -9.883444969598672358e+00
2.293460518356187094e+02 -1.451910508407982547e+01
2.272849078850200897e+02 -1.294451901469184030e+01
2.252237639344214415e+02 -1.108758128400703669e+01
2.231626199838227933e+02 -1.324936956752126882e+01
2.211014760332241451e+02 -9.873272199591044185e+00
2.190403320826255253e+02 -1.060588219989120518e+01
2.169791881320268772e+02 -1.101124045609362945e+01
2.149180441814282005e+02 -1.073947186451109737e+01
2.128569002308295808e+02 -1.133928121977279346e+01
2.107957562802309326e+02 -1.190809773525943172e+01
2.087346123296323128e+02 -1.081475729319580026e+01
2.066734683790336646e+02 -1.091409912163777918e+01
2.046123244284350164e+02 -1.259523236977097049e+01
2.025511804778363683e+02 -1.120578058812230360e+01
2.004900365272377485e+02 -1.104299469276346279e+01
1.984288925766391003e+02 -1.287106566847987743e+01
1.963677486260404805e+02 -9.984053612755442231e+00
1.943066046754418323e+02 -1.111863938402844099e+01
1.922454607248432126e+02 -1.271588516835100613e+01
1.901843167742445644e+02 -1.293219257655316667e+01
1.881231728236459162e+02 -1.019437003129336361e+01
1.860620288730472680e+02 -9.817786236188545956e+00
1.840008849224486482e+02 -1.081746066162273756e+01
1.819397409718500001e+02 -1.044917863626610810e+01
1.798785970212513803e+02 -1.207728545016289168e+01
1.778174530706527037e+02 -1.378296341432277927e+01
1.757563091200540555e+02 -1.225530558704279471e+01
1.736951651694554357e+02 -1.053375975303624124e+01
1.716340212188567875e+02 -1.248703894560062899e+01
1.695728772682581678e+02 -1.263854022996466497e+01
1.675117333176594911e+02 -9.115595171880151781e+00
1.654505893670608714e+02 -9.624866962119517311e+00
1.633894454164622232e+02 -1.031055859641515937e+01
1.613283014658636034e+02 -1.012889605768945600e+01
1.592671575152649268e+02 -9.271460097499680586e+00
1.572060135646663070e+02 -1.156818875050239548e+01
1.551448696140676589e+02 -1.032990271155614970e+01
1.530837256634690391e+02 -1.112834516408937802e+01
1.510225817128703909e+02 -1.098766974888226500e+01
1.489614377622717427e+02 -9.628414962815240230e+00
1.469002938116730945e+02 -8.640962344830285247e+00
1.448391498610744748e+02 -9.322583472998337228e+00
1.427780059104758266e+02 -1.108501557431611495e+01
1.407168619598772068e+02 -8.597951329147594635e+00
1.386557180092785302e+02 -1.197208071692339004e+01
1.365945740586798820e+02 -9.575030541379318194e+00
1.345334301080812622e+02 -1.213208807550417490e+01
1.324722861574826140e+02 -1.096538739585721345e+01
1.304111422068839659e+02 -1.183483447864222882e+01
1.283499982562853461e+02 -8.369339415450244957e+00
1.262888543056866979e+02 -1.004030223300391533e+01
1.242277103550880639e+02 -9.748033416146752117e+00
1.221665664044894157e+02 -9.517428366136591933e+00
1.201054224538907818e+02 -1.113682779885413510e+01
1.180442785032921194e+02 -1.098074172291694950e+01
1.159831345526934854e+02 -9.199020641581775237e+00
1.139219906020948514e+02 -1.104081360075618612e+01
1.118608466514962032e+02 -1.014776811150615821e+01
1.097997027008975692e+02 -9.966321218598245935e+00
1.077385587502989210e+02 -1.089431914331989404e+01
1.056774147997002871e+02 -8.585416437093806863e+00
1.036162708491016389e+02 -9.429123955696720571e+00
1.015551268985030049e+02 -7.326075887064003034e+00
9.949398294790437092e+01 -1.114915739868839495e+01
9.743283899730570852e+01 -9.669020048725444738e+00
9.537169504670707454e+01 -1.006339982990239257e+01
9.331055109610844056e+01 -1.070894052735714119e+01
9.124940714550979237e+01 -8.970132544259310947e+00
8.918826319491115839e+01 -1.058300531214577944e+01
8.712711924431251020e+01 -9.300815002366896067e+00
8.506597529371387623e+01 -1.107447128040325346e+01
8.300483134311522804e+01 -8.315457233744877996e+00
8.094368739251659406e+01 -9.970857748939872423e+00
7.888254344191794587e+01 -1.053212346171759428e+01
7.682139949131929768e+01 -8.950507453674495295e+00
7.476025554072066370e+01 -9.132820867433601109e+00
7.269911159012201551e+01 -7.505967848149888155e+00
7.063796763952338154e+01 -8.287938441299932180e+00
6.857682368892473335e+01 -7.062649907542986938e+00
6.651567973832609937e+01 -4.213907775067684547e+00
6.445453578772746539e+01 -4.206801744773366991e+00
6.239339183712881720e+01 -1.102494022260011697e+00
6.033224788653018322e+01 -1.062830744158797858e+00
5.827110393593154214e+01 3.085896623364792646e+00
5.620995998533290106e+01 5.104322451495737489e+00
5.414881603473425997e+01 6.939208099211072955e+00
5.208767208413561889e+01 1.161115662046466568e+01
5.002652813353697070e+01 1.563983061523423856e+01
4.796538418293833672e+01 1.721180432568806395e+01
4.590424023233969564e+01 2.023620376238721263e+01
4.384309628174105455e+01 2.378938126212061022e+01
4.178195233114242058e+01 2.966022699102119731e+01
3.972080838054377949e+01 3.416760949356407195e+01
3.765966442994513841e+01 3.335726955915993130e+01
3.559852047934649732e+01 3.912511100403833098e+01
3.353737652874785624e+01 3.827493677521240301e+01
3.147623257814921516e+01 4.168911236958051347e+01
2.941508862755057407e+01 4.273914116031389909e+01
2.735394467695193299e+01 4.157300913480361260e+01
2.529280072635329191e+01 4.512801402820405627e+01
2.323165677575465082e+01 4.795326570387707932e+01
2.117051282515600974e+01 4.742683514939593437e+01
1.910936887455737221e+01 4.725516519741383092e+01
1.704822492395873113e+01 4.679545004064939917e+01
1.498708097336008827e+01 4.852969762188973846e+01
1.292593702276144718e+01 5.391752121617895455e+01
1.086479307216280610e+01 5.848381542421405754e+01
8.803649121564163238e+00 5.992766466617891297e+01
6.742505170965523931e+00 5.386899057546540348e+01
4.681361220366882847e+00 4.510640615052219715e+01
2.620217269768242208e+00 3.907788640395640556e+01
5.590733191696014570e-01 3.372623888820067606e+01
-1.502070631429039516e+00 3.115871180157437692e+01
-3.563214582027680599e+00 2.574477673503195163e+01
-5.624358532626320795e+00 1.996847826276639282e+01
-7.685502483224961878e+00 1.586187643049976970e+01
-9.746646433823602962e+00 1.383417000113911755e+01
-1.180779038442224405e+01 9.988496824889878667e+00
-1.386893433502088158e+01 1.014092420620107937e+01
-1.593007828561952444e+01 6.573105038034272596e+00
-1.799122223621816374e+01 4.189673258975158632e+00
-2.005236618681680483e+01 -9.522054998119960922e-02
-2.211351013741544946e+01 6.323526703266704185e-01
-2.417465408801408699e+01 1.070671461480089404e+00
-2.623579803861272808e+01 -3.101361260081388238e+00
-2.829694198921136916e+01 -5.366303122826222571e-01
-3.035808593981000669e+01 -1.744389591753707114e+00
-3.241922989040865133e+01 -8.616746106791669524e-01
-3.448037384100729241e+01 1.595220149760852857e-01
-3.654151779160593350e+01 2.027025043216517108e+00
-3.860266174220457458e+01 9.881352753109768905e-01
-4.066380569280320856e+01 2.121266451884277426e+00
-4.272494964340184964e+01 3.685601784293046634e+00
-4.478609359400049073e+01 3.514371000111528254e+00
-4.684723754459913891e+01 6.925916165684382619e+00
-4.890838149519778000e+01 8.958144261444536127e+00
-5.096952544579642108e+01 9.786444204215149156e+00
-5.303066939639506217e+01 8.973386606219774464e+00
-5.509181334699370325e+01 1.377991591405768013e+01
-5.715295729759234433e+01 1.401787414075772986e+01
-5.921410124819098542e+01 1.726520310197161834e+01
-6.127524519878962650e+01 1.421210114104901834e+01
-6.333638914938826758e+01 1.636655746853949012e+01
-6.539753309998690156e+01 1.189793452546151720e+01
-6.745867705058554975e+01 1.108756711701937370e+01
-6.951982100118418373e+01 8.802072310304090763e+00
-7.158096495178281771e+01 5.936347954366334001e+00
-7.364210890238146590e+01 4.236201650340042590e+00
-7.570325285298011408e+01 4.416188696013041981e-01
-7.776439680357876227e+01 3.684706442940988591e+00
-7.982554075417739625e+01 -2.586056606946414593e+00
-8.188668470477604444e+01 2.726894523732561471e-01
-8.394782865537467842e+01 -1.065320933378337775e+00
-8.600897260597331240e+01 -2.109857539189406772e+00
-8.807011655657196059e+01 -5.653979600938369821e+00
-9.013126050717059456e+01 -6.387136750766425841e+00
-9.219240445776924275e+01 -3.666394912391479632e+00
-9.425354840836787673e+01 -7.064819424406402426e+00
-9.631469235896652492e+01 -3.545751809491660023e+00
-9.837583630956515890e+01 -6.308757474937908505e+00
-1.004369802601637929e+02 -7.760503872180959384e+00
-1.024981242107624269e+02 -5.188922434645668602e+00
-1.045592681613610750e+02 -8.509670911039716401e+00
-1.066204121119597090e+02 -4.679435130182795888e+00
-1.086815560625583430e+02 -6.483105874210838948e+00
-1.107427000131569912e+02 -9.259841667615351213e+00
-1.128038439637556252e+02 -7.984360407422082417e+00
-1.148649879143542876e+02 -7.220780645568681599e+00
-1.169261318649529215e+02 -8.781923873313495221e+00
-1.189872758155515555e+02 -8.560746086280927258e+00
-1.210484197661502037e+02 -8.565495494596964576e+00
-1.231095637167488377e+02 -7.018225955069669730e+00
-1.251707076673474859e+02 -7.744276612157580786e+00
-1.272318516179461199e+02 -7.391898188924507451e+00
-1.292929955685447680e+02 -8.111195148182945402e+00
-1.313541395191434162e+02 -8.421612114697044404e+00
-1.334152834697420644e+02 -7.588865281215278813e+00
-1.354764274203406842e+02 -8.041892578476366182e+00
-1.375375713709393324e+02 -8.349925128351998183e+00
-1.395987153215379521e+02 -8.102187705520176308e+00
-1.416598592721366288e+02 -7.201523270067461624e+00
-1.437210032227352485e+02 -6.433176923690830940e+00
-1.457821471733338967e+02 -7.919544492831188442e+00
-1.478432911239325165e+02 -8.334474903628382947e+00
-1.499044350745311647e+02 -7.794109313052497434e+00
-1.519655790251298129e+02 -8.211344556512699455e+00
-1.540267229757284611e+02 -7.989018812874125075e+00
-1.560878669263270808e+02 -9.463550833740127288e+00
-1.581490108769257290e+02 -6.315034045181072031e+00
-1.602101548275243772e+02 -8.251503178677994654e+00
-1.622712987781230254e+02 -8.655374264990147282e+00
-1.643324427287216452e+02 -8.538102080206474653e+00
-1.663935866793202933e+02 -5.873364092549009818e+00
-1.684547306299189131e+02 -7.742683231887683704e+00
-1.705158745805175897e+02 -8.596587464521777022e+00
-1.725770185311162379e+02 -6.713507095475978126e+00
-1.746381624817148577e+02 -8.059320630664069895e+00
-1.766993064323135059e+02 -8.459306676112603895e+00
-1.787604503829121256e+02 -8.700727201483751116e+00
-1.808215943335108022e+02 -8.632685733889427837e+00
-1.828827382841094220e+02 -8.896746805890501264e+00
-1.849438822347080702e+02 -8.632135448029446323e+00
-1.870050261853066900e+02 -7.642601529386499948e+00
-1.890661701359053382e+02 -8.219272480106631917e+00
-1.911273140865039863e+02 -6.303258038205164837e+00
-1.931884580371026345e+02 -6.142897533541606947e+00
-1.952496019877012543e+02 -6.828537368387329387e+00
-1.973107459382999025e+02 -8.642320926400270054e+00
-1.993718898888985507e+02 -8.971621778384859525e+00
-2.014330338394972273e+02 -9.110691715902197174e+00
-2.034941777900958471e+02 -6.708793276462777122e+00
-2.055553217406944952e+02 -6.995152615232695048e+00
-2.076164656912931150e+02 -8.074602055670810685e+00
-2.096776096418917632e+02 -6.127788224043367649e+00
-2.117387535924904398e+02 -6.334986705733070877e+00
-2.137998975430890596e+02 -8.758802286835464912e+00
-2.158610414936877078e+02 -7.997066140613092067e+00
-2.179221854442863275e+02 -7.902297637518679529e+00
-2.199833293948849757e+02 -6.448097779978147592e+00
-2.220444733454836239e+02 -6.948257396896529769e+00
-2.241056172960822721e+02 -8.478348273603403484e+00
-2.261667612466808919e+02 -9.349598052801209036e+00
-2.282279051972795401e+02 -7.510572342007058921e+00
-2.302890491478781598e+02 -9.151992063543794131e+00
-2.323501930984768364e+02 -8.986841432539367958e+00
-2.344113370490754562e+02 -1.007377285308863613e+01
-2.364724809996741044e+02 -8.813717399319754620e+00
-2.385336249502727242e+02 -7.744769591543884779e+00
-2.405947689008714008e+02 -6.255826923433808417e+00
-2.426559128514700205e+02 -8.472227831510366514e+00
-2.447170568020686687e+02 -8.599599006592743677e+00
-2.467782007526672885e+02 -8.045449980357018305e+00
-2.488393447032659367e+02 -8.030240027603191777e+00
-2.509004886538646133e+02 -8.879084864192751780e+00
-2.529616326044632331e+02 -1.119350397011460174e+01
-2.550227765550618813e+02 -8.856778531021424428e+00
-2.570839205056605010e+02 -7.854503461241962192e+00
-2.591450644562591492e+02 -9.879906250663195166e+00
-2.612062084068577974e+02 -1.030695675562342828e+01
