2.641173666821469510e+02 7.329145139526974662e-01
2.620562227315483028e+02 2.169532184644815231e+00
2.599950787809496546e+02 6.283712332542868317e+00
2.579339348303510633e+02 3.539156252489723542e+00
2.558727908797524151e+02 1.279027747775232760e+00
2.538116469291537385e+02 3.971728111282465612e+00
2.517505029785551187e+02 5.087723194991833786e+00
2.496893590279564705e+02 3.344345517664401690e+00
2.476282150773578508e+02 1.401655497871266087e+00
2.455670711267592026e+02 6.246543267926704113e-01
2.435059271761605260e+02 4.172622166554890377e+00
2.414447832255619062e+02 2.188180828978218528e+00
2.393836392749632580e+02 3.438735389565579226e+00
2.373224953243646382e+02 5.759525111481542226e+00
2.352613513737659900e+02 6.121543964678493488e+00
2.332002074231673419e+02 4.593815363250803863e+00
2.311390634725686937e+02 4.060379364164680815e+00
2.290779195219700739e+02 5.308755254227188303e+00
2.270167755713714257e+02 4.800493561620477578e+00
2.249556316207727775e+02 3.486162377679277391e+00
2.228944876701741293e+02 2.909213696582746866e+00
2.208333437195755096e+02 7.137288545744120416e-01
2.187721997689768614e+02 5.210586176052851570e+00
2.167110558183782416e+02 5.575389651300666216e+00
2.146499118677795650e+02 5.323117452707502473e+00
2.125887679171809452e+02 7.411538608944383100e+00
2.105276239665822970e+02 1.943373221577367138e+00
2.084664800159836773e+02 4.494106504536726554e+00
2.064053360653850291e+02 5.739016067831989254e+00
2.043441921147863525e+02 5.769351808748750976e+00
2.022830481641877327e+02 4.781663233772980526e+00
2.002219042135890845e+02 8.047729931080326082e+00
1.981607602629904648e+02 5.529810486944900738e+00
1.960996163123918166e+02 1.047323761571896306e+01
1.940384723617931968e+02 5.957460159877935091e+00
1.919773284111945486e+02 6.105835337783024563e+00
1.899161844605959288e+02 8.055491977472469145e+00
1.878550405099972522e+02 2.807154036432906175e+00
1.857938965593986325e+02 4.913009830144969392e+00
1.837327526087999843e+02 2.904689521058842594e+00
1.816716086582013645e+02 2.739702762741845099e+00
1.796104647076027163e+02 3.738196767303200385e+00
1.775493207570040681e+02 1.606855201298806435e+00
1.754881768064054199e+02 4.671646774672282731e+00
1.734270328558068002e+02 2.597473287274588039e+00
1.713658889052081520e+02 2.215117024226675113e+00
1.693047449546095038e+02 2.866906116765719936e+00
1.672436010040108556e+02 5.912617692358011823e+00
1.651824570534122074e+02 7.349916739944799104e+00
1.631213131028135876e+02 6.507136638300073272e+00
1.610601691522149395e+02 6.243001617346976673e+00
1.589990252016162913e+02 4.981144471667784401e+00
1.569378812510176431e+02 4.982665268023200866e+00
1.548767373004190233e+02 4.947106799951511924e+00
1.528155933498203751e+02 7.761074611251526534e+00
1.507544493992217554e+02 3.676722772376468384e+00
1.486933054486230787e+02 3.350295126520153044e+00
1.466321614980244590e+02 1.816145053964789868e+00
1.445710175474258108e+02 7.280901501157148736e+00
1.425098735968271910e+02 7.146321273677846087e+00
1.404487296462285144e+02 4.877133703209120874e+00
1.383875856956298946e+02 3.014425927785418402e+00
1.363264417450312465e+02 9.880537000773466971e+00
1.342652977944326267e+02 6.571223620641291951e+00
1.322041538438339785e+02 7.052394283615213588e+00
1.301430098932353303e+02 6.735958722361176321e+00
1.280818659426366821e+02 4.157783842631920912e+00
1.260207219920380481e+02 3.874228473867639355e+00
1.239595780414394142e+02 6.092197102003016340e+00
1.218984340908407660e+02 5.144126514431166974e+00
1.198372901402421320e+02 5.084535941964315242e+00
1.177761461896434838e+02 7.506479712531842985e+00
1.157150022390448498e+02 6.071584988951511441e+00
1.136538582884462016e+02 6.103808056723541320e+00
1.115927143378475677e+02 8.201324534767294949e+00
1.095315703872489337e+02 4.560267539808182669e+00
1.074704264366502713e+02 6.039664641171263781e+00
1.054092824860516373e+02 3.543913777217632788e+00
1.033481385354529891e+02 6.651272233424394109e+00
1.012869945848543551e+02 8.350462057739127530e+00
9.922585063425570695e+01 3.784019459176325650e+00
9.716470668365705876e+01 4.828592404607809918e+00
9.510356273305842478e+01 7.544342307749317911e+00
9.304241878245977659e+01 6.596125051524588834e+00
9.098127483186114262e+01 6.541503424410668011e+00
8.892013088126250864e+01 5.630019019994982443e+00
8.685898693066386045e+01 6.758651848960798070e+00
8.479784298006522647e+01 7.066706963575110301e+00
8.273669902946657828e+01 7.176298807236022093e+00
8.067555507886794430e+01 7.464193478796969927e+00
7.861441112826929611e+01 7.239057468288015329e+00
7.655326717767066214e+01 8.179500570722517239e+00
7.449212322707202816e+01 8.474423725570380483e+00
7.243097927647337997e+01 1.414559356055114669e+01
7.036983532587474599e+01 1.541148616655041437e+01
6.830869137527608359e+01 2.049682604022579113e+01
6.624754742467744961e+01 2.405859382871853924e+01
6.418640347407881563e+01 2.911947741751284013e+01
6.212525952348017455e+01 3.437664820348563666e+01
6.006411557288152636e+01 3.783636965380121353e+01
5.800297162228288528e+01 4.024630600891984500e+01
5.594182767168425130e+01 4.563863313534177024e+01
5.388068372108561022e+01 5.365446002022745375e+01
5.181953977048696913e+01 5.914347337447202335e+01
4.975839581988832805e+01 6.246738036474532407e+01
4.769725186928969407e+01 5.983324531660191781e+01
4.563610791869105299e+01 6.577638948582925593e+01
4.357496396809241190e+01 6.581621183729748736e+01
4.151382001749377082e+01 6.545003864571569352e+01
3.945267606689512974e+01 6.207289551316605980e+01
3.739153211629648865e+01 6.157101548826116755e+01
3.533038816569784757e+01 6.146075766072388546e+01
3.326924421509920649e+01 6.546863551702098505e+01
3.120810026450056540e+01 6.394575033519156193e+01
2.914695631390192787e+01 6.341232132015911560e+01
2.708581236330328679e+01 6.685136748275776597e+01
2.502466841270464215e+01 7.055899521476666791e+01
2.296352446210600107e+01 7.415947327057648408e+01
2.090238051150735998e+01 7.910531621726245532e+01
1.884123656090871890e+01 7.244241019290181782e+01
1.678009261031007782e+01 7.181750054601256750e+01
1.471894865971143851e+01 7.376252951309187722e+01
1.265780470911279565e+01 8.296908600936234279e+01
1.059666075851415812e+01 8.860746162534557868e+01
8.535516807915515258e+00 9.295751780368745187e+01
6.474372857316875951e+00 9.032330733941525125e+01
4.413228906718234867e+00 8.580792893513948627e+01
2.352084956119593784e+00 7.674036409993804853e+01
2.909410055209530332e-01 5.881966000882561474e+01
-1.770202945077687717e+00 5.229956696160564888e+01
-3.831346895676328579e+00 4.461762193027508516e+01
-5.892490846274968774e+00 3.658206659975719077e+01
-7.953634796873609858e+00 3.189508148164482293e+01
-1.001477874747225094e+01 3.068789624622318613e+01
-1.207592269807089203e+01 2.617657762315363001e+01
-1.413706664866953311e+01 2.317081763211826484e+01
-1.619821059926817242e+01 1.500457254269119645e+01
-1.825935454986681350e+01 2.006824142665366395e+01
-2.032049850046545458e+01 1.877948222529029465e+01
-2.238164245106409922e+01 1.353468677878688986e+01
-2.444278640166273675e+01 1.703353758905107540e+01
-2.650393035226137428e+01 1.858636614682762200e+01
-2.856507430286001537e+01 1.424207282912268901e+01
-3.062621825345865645e+01 2.020905438911477958e+01
-3.268736220405730108e+01 2.212722327196176764e+01
-3.474850615465593506e+01 2.283539229131777404e+01
-3.680965010525458325e+01 2.215244504730134523e+01
-3.887079405585322434e+01 2.578788326876896519e+01
-4.093193800645186542e+01 2.432670095471372917e+01
-4.299308195705050650e+01 2.699754367682469081e+01
-4.505422590764914048e+01 2.804907869943700049e+01
-4.711536985824778156e+01 2.687630786676813699e+01
-4.917651380884642265e+01 3.202239788129239173e+01
-5.123765775944507084e+01 3.432577500800899628e+01
-5.329880171004371192e+01 3.074883550924394982e+01
-5.535994566064234590e+01 3.559221180896280856e+01
-5.742108961124099409e+01 3.851000248203643395e+01
-5.948223356183963517e+01 3.384149131062865479e+01
-6.154337751243827626e+01 3.130195776570335298e+01
-6.360452146303691734e+01 2.676282744203289710e+01
-6.566566541363555132e+01 2.798337356779241603e+01
-6.772680936423419951e+01 2.364432929026017050e+01
-6.978795331483283348e+01 2.052044773014442569e+01
-7.184909726543148167e+01 1.956560993648379920e+01
-7.391024121603011565e+01 1.509352204307896805e+01
-7.597138516662874963e+01 1.455262308668410753e+01
-7.803252911722739782e+01 1.398771355660122140e+01
-8.009367306782603180e+01 1.063252986977954784e+01
-8.215481701842467999e+01 1.264577115815301767e+01
-8.421596096902331396e+01 7.387886260280130735e+00
-8.627710491962197636e+01 8.723267621982468967e+00
-8.833824887022061034e+01 5.146409656581526271e+00
-9.039939282081924432e+01 6.800066082438106285e+00
-9.246053677141789251e+01 4.509618509369706985e+00
-9.452168072201652649e+01 5.904699842371281093e+00
-9.658282467261517468e+01 4.619276104283840390e+00
-9.864396862321380866e+01 1.363184431968500254e+00
-1.007051125738124426e+02 4.185918304418830616e+00
-1.027662565244110766e+02 2.449385710943124739e+00
-1.048274004750097248e+02 1.032742680882238862e+00
-1.068885444256083588e+02 3.446814843234412784e+00
-1.089496883762069928e+02 3.224199944600425916e+00
-1.110108323268056409e+02 1.858768281963852020e+00
-1.130719762774042749e+02 -2.441601625502572148e-01
-1.151331202280029231e+02 4.201773104241222079e+00
-1.171942641786015571e+02 2.050637260171053189e+00
-1.192554081292002053e+02 1.178004616765327972e+00
-1.213165520797988393e+02 9.365044789028321714e-01
-1.233776960303974732e+02 1.069206568294978288e+00
-1.254388399809961356e+02 3.775740064273834240e-01
-1.274999839315947696e+02 9.438640717401954872e-01
-1.295611278821934036e+02 4.694913134198054339e-01
-1.316222718327920518e+02 2.312306800227332537e-01
-1.336834157833907000e+02 1.552426857364772816e+00
-1.357445597339893197e+02 -6.039093307886336248e-01
-1.378057036845879679e+02 3.984519172379558771e+00
-1.398668476351865877e+02 8.085524360682386780e-01
-1.419279915857852643e+02 3.586129948540223378e+00
-1.439891355363839125e+02 2.192449370871177639e+00
-1.460502794869825323e+02 -3.486968130959231527e-01
-1.481114234375811805e+02 3.488155993434475910e+00
-1.501725673881798286e+02 1.371306783061796430e+00
-1.522337113387784768e+02 6.578272082228452389e-01
-1.542948552893770966e+02 1.767131891062706295e+00
-1.563559992399757448e+02 1.851295249106293284e+00
-1.584171431905743646e+02 2.216165663923730378e-01
-1.604782871411730412e+02 1.347983979399194565e+00
-1.625394310917716609e+02 9.938710367602676676e-01
-1.646005750423703091e+02 2.510131349649637578e+00
-1.666617189929689289e+02 -1.344575436327084761e+00
-1.687228629435675771e+02 2.846614510780232088e+00
-1.707840068941662253e+02 2.405932239796212624e+00
-1.728451508447648735e+02 1.504473739260524745e+00
-1.749062947953634932e+02 1.437935789849702939e+00
-1.769674387459621414e+02 1.458976516364228537e+00
-1.790285826965607612e+02 -7.375175222335159653e-01
-1.810897266471594378e+02 -1.312784949365850551e+00
-1.831508705977580860e+02 8.046380801728711951e-01
-1.852120145483567057e+02 1.032710941183973885e+00
-1.872731584989553539e+02 -1.988777053349691570e+00
-1.893343024495540021e+02 -7.442239907997297843e-01
-1.913954464001526503e+02 1.730176024749912722e+00
-1.934565903507512701e+02 -1.453052484681764511e+00
-1.955177343013499183e+02 -3.879248891073344474e+00
-1.975788782519485380e+02 -9.339440816776071186e-01
-1.996400222025472146e+02 -1.824720805835178039e+00
-2.017011661531458628e+02 7.403452156530786477e-01
-2.037623101037445110e+02 -6.769852828325794158e-01
-2.058234540543431308e+02 -1.991836212235089110e-01
-2.078845980049417790e+02 -3.004934400239068548e+00
-2.099457419555403987e+02 -4.766078924112258641e-01
-2.120068859061390754e+02 4.963892839321555894e-01
-2.140680298567376951e+02 -2.202848531375395158e+00
-2.161291738073363433e+02 1.407491231803720266e+00
-2.181903177579349631e+02 2.694623222651580940e-01
-2.202514617085336113e+02 -1.494395282636201028e+00
-2.223126056591322879e+02 -1.655001274333726791e+00
-2.243737496097309077e+02 -2.995605986665414555e+00
-2.264348935603295558e+02 -2.362568236607632155e+00
-2.284960375109281756e+02 -1.691005809924757575e+00
-2.305571814615268522e+02 5.373527126447431579e-01
-2.326183254121254720e+02 -3.008903793389904324e-01
-2.346794693627241202e+02 9.622302967090329284e-01
-2.367406133133227399e+02 -7.031055915713854132e-01
-2.388017572639213881e+02 9.077607345646103720e-01
-2.408629012145200363e+02 1.118237248454112320e+00
-2.429240451651186845e+02 2.230338562690605375e+00
-2.449851891157173043e+02 -1.189995204441133714e+00
-2.470463330663159525e+02 1.315608132569679789e+00
-2.491074770169145722e+02 -2.028798944963023487e+00
-2.511686209675132488e+02 -5.642579582152820183e-01
-2.532297649181118686e+02 -1.324690242139688445e+00
-2.552909088687105168e+02 -2.355795604512628927e+00
-2.573520528193091650e+02 -2.796886425845668711e+00
-2.594131967699078132e+02 1.574585830584012136e+00
-2.614743407205064614e+02 3.767843360989083568e+00
