2.721068192355732549e+02 4.418657579696916748e+00
2.700456752849745499e+02 6.593356653017245605e+00
2.679845313343759585e+02 6.416375887042554460e+00
2.659233873837773103e+02 8.685150737327210990e+00
2.638622434331786621e+02 7.156587992119329833e+00
2.618010994825800140e+02 7.779779254675753819e+00
2.597399555319813658e+02 8.318175500526876931e+00
2.576788115813827176e+02 9.826072002895362090e+00
2.556176676307840978e+02 8.693030550782525623e+00
2.535565236801854780e+02 1.016447922920923119e+01
2.514953797295868299e+02 5.121718482854367593e+00
2.494342357789881817e+02 6.178204658620081169e+00
2.473730918283895335e+02 8.399609079820233859e+00
2.453119478777909137e+02 9.490463710174887879e+00
2.432508039271922655e+02 1.158767027721870235e+01
2.411896599765936173e+02 7.603614868205452737e+00
2.391285160259949691e+02 7.692664884491303923e+00
2.370673720753963210e+02 9.396046113814644940e+00
2.350062281247977012e+02 8.863293190538044541e+00
2.329450841741990530e+02 9.413115082555835400e+00
2.308839402236004048e+02 1.044181103528704391e+01
2.288227962730017566e+02 9.818070714078325878e+00
2.267616523224031368e+02 8.456894915378018851e+00
2.247005083718044887e+02 6.683967577583986852e+00
2.226393644212058689e+02 1.050530443545957127e+01
2.205782204706071923e+02 8.265533139386645800e+00
2.185170765200085725e+02 9.334831393813228573e+00
2.164559325694099243e+02 9.860869383558362955e+00
2.143947886188113046e+02 8.654382431183405444e+00
2.123336446682126564e+02 8.034145722765618558e+00
2.102725007176140082e+02 7.552933579668949626e+00
2.082113567670153600e+02 9.133747847532893260e+00
2.061502128164167402e+02 9.801948298179331331e+00
2.040890688658180920e+02 9.187556509455799159e+00
2.020279249152194154e+02 1.002405748608363822e+01
1.999667809646207957e+02 4.559405779327994956e+00
1.979056370140221190e+02 1.021021180510826554e+01
1.958444930634234993e+02 9.178678263556266259e+00
1.937833491128248511e+02 8.552661463498202110e+00
1.917222051622262313e+02 8.672862465171439439e+00
1.896610612116275547e+02 9.489729444978166839e+00
1.875999172610289349e+02 7.815029210074735389e+00
1.855387733104302868e+02 7.509947724129433233e+00
1.834776293598316670e+02 1.178601446412657872e+01
1.814164854092330188e+02 9.481781641127415838e+00
1.793553414586343706e+02 1.006559249864944405e+01
1.772941975080357224e+02 1.144035914294774514e+01
1.752330535574371027e+02 8.557390607200201060e+00
1.731719096068384545e+02 5.125072826125975922e+00
1.711107656562398347e+02 8.060546059111088013e+00
1.690496217056411581e+02 9.067322873645540682e+00
1.669884777550425099e+02 7.924543373664014290e+00
1.649273338044438901e+02 8.792380410764112142e+00
1.628661898538452419e+02 8.465173526250346470e+00
1.608050459032465938e+02 8.470014635075370890e+00
1.587439019526479456e+02 1.022025691367626266e+01
1.566827580020493258e+02 9.681211962934408888e+00
1.546216140514506776e+02 7.629846091629317151e+00
1.525604701008520578e+02 8.395814026816212916e+00
1.504993261502533812e+02 9.456891967603853644e+00
1.484381821996547615e+02 9.333424888573198075e+00
1.463770382490561133e+02 5.918361682421984682e+00
1.443158942984574935e+02 6.630199892690286312e+00
1.422547503478588453e+02 9.556471489335354619e+00
1.401936063972601971e+02 7.660990864624362295e+00
1.381324624466615489e+02 6.354687329533136975e+00
1.360713184960629292e+02 8.441215556080271298e+00
1.340101745454642810e+02 8.128116050809339299e+00
1.319490305948656328e+02 6.871930631645181364e+00
1.298878866442670130e+02 7.201238646404212851e+00
1.278267426936683506e+02 6.464402094828792578e+00
1.257655987430697166e+02 9.905993809982675202e+00
1.237044547924710685e+02 7.007619691598315548e+00
1.216433108418724345e+02 7.862350473536841911e+00
1.195821668912737863e+02 6.736821375730718486e+00
1.175210229406751523e+02 7.795195133307326607e+00
1.154598789900765183e+02 7.280913195632248147e+00
1.133987350394778701e+02 9.269513834452776990e+00
1.113375910888792362e+02 7.983809745332773211e+00
1.092764471382805880e+02 7.749355866193214482e+00
1.072153031876819398e+02 9.821486954875709330e+00
1.051541592370832916e+02 6.801457020630454764e+00
1.030930152864846576e+02 5.850030961908905702e+00
1.010318713358860236e+02 9.581236588208764005e+00
9.897072738528737545e+01 8.687582663065985145e+00
9.690958343468874148e+01 7.293901387234475564e+00
9.484843948409009329e+01 9.100566580795476312e+00
9.278729553349145931e+01 8.945764363689734822e+00
9.072615158289281112e+01 8.586629907857448174e+00
8.866500763229417714e+01 6.885912116207187239e+00
8.660386368169554316e+01 7.429067965924573080e+00
8.454271973109689498e+01 8.560440519035223517e+00
8.248157578049826100e+01 8.017279161401051013e+00
8.042043182989961281e+01 8.191196622763341040e+00
7.835928787930097883e+01 6.033358631125491200e+00
7.629814392870233064e+01 5.719138234649202346e+00
7.423699997810369666e+01 8.847925355417830318e+00
7.217585602750506268e+01 7.036626314245846281e+00
7.011471207690640028e+01 8.492280744279828042e+00
6.805356812630776631e+01 9.154422861919146115e+00
6.599242417570911812e+01 8.500181247588242783e+00
6.393128022511049124e+01 8.854730424116757703e+00
6.187013627451185016e+01 8.099626565863374594e+00
5.980899232391320197e+01 9.184796411551472417e+00
5.774784837331456089e+01 9.569284705580935579e+00
5.568670442271591980e+01 6.491395409129793848e+00
5.362556047211728583e+01 8.622816836895301762e+00
5.156441652151864474e+01 9.647490615403329528e+00
4.950327257092000366e+01 8.727471075154769053e+00
4.744212862032136258e+01 9.312926891995008560e+00
4.538098466972272149e+01 9.076787433802293137e+00
4.331984071912408041e+01 1.293319915456184255e+01
4.125869676852543222e+01 8.594410721758009686e+00
3.919755281792679824e+01 1.093541524276886889e+01
3.713640886732815716e+01 1.132282626559635119e+01
3.507526491672951607e+01 1.512620728602912656e+01
3.301412096613087499e+01 1.413695887850779265e+01
3.095297701553223391e+01 1.435381967327736596e+01
2.889183306493359638e+01 1.793702095407575214e+01
2.683068911433495529e+01 1.936408007558091882e+01
2.476954516373631421e+01 2.055818153214428889e+01
2.270840121313767312e+01 2.276753352030360489e+01
2.064725726253903559e+01 2.928006619703506530e+01
1.858611331194039451e+01 2.898748961599329022e+01
1.652496936134174987e+01 3.051303911130474233e+01
1.446382541074311234e+01 3.248959216000368855e+01
1.240268146014447126e+01 3.632390081807736237e+01
1.034153750954582840e+01 4.208510197744846693e+01
8.280393558947187316e+00 4.296696184355571546e+01
6.219249608348547120e+00 5.039627495214178055e+01
4.158105657749906925e+00 5.000691044168407018e+01
2.096961707151265841e+00 4.451542539635453011e+01
3.581775655262516012e-02 3.630116667411161302e+01
-2.025326194046015882e+00 2.918782272276077450e+01
-4.086470144644656521e+00 2.302662114440077801e+01
-6.147614095243296717e+00 2.073917461417368813e+01
-8.208758045841937800e+00 1.829289063687044603e+01
-1.026990199644058066e+01 1.489141692275709516e+01
-1.233104594703921997e+01 1.373029776220054288e+01
-1.439218989763785927e+01 1.095626278701781153e+01
-1.645333384823650036e+01 9.170012748768192168e+00
-1.851447779883514144e+01 1.042268613959495838e+01
-2.057562174943377897e+01 9.905426126080438820e+00
-2.263676570003242361e+01 7.903503501978221379e+00
-2.469790965063106469e+01 9.010570571212362267e+00
-2.675905360122970578e+01 1.069478294113584838e+01
-2.882019755182834686e+01 1.018074139762822305e+01
-3.088134150242698794e+01 8.543560519220624982e+00
-3.294248545302562547e+01 8.828280450593393169e+00
-3.500362940362426656e+01 6.794477241002012669e+00
-3.706477335422291475e+01 8.658145727329566554e+00
-3.912591730482155583e+01 8.328016949515506084e+00
-4.118706125542019691e+01 7.392024984674187671e+00
-4.324820520601883089e+01 5.388253007673480255e+00
-4.530934915661747198e+01 8.829410382970278803e+00
-4.737049310721611306e+01 9.006987792513651669e+00
-4.943163705781475414e+01 8.436183223467530468e+00
-5.149278100841339523e+01 7.789336387286131647e+00
-5.355392495901203631e+01 8.132798325964181174e+00
-5.561506890961068450e+01 7.089656696414858850e+00
-5.767621286020931848e+01 6.764901831415754074e+00
-5.973735681080795956e+01 9.187126564035503762e+00
-6.179850076140660065e+01 7.797964134598201369e+00
-6.385964471200524173e+01 7.641358997866422698e+00
-6.592078866260388281e+01 1.086300022079561067e+01
-6.798193261320251679e+01 9.560439998282644680e+00
-7.004307656380116498e+01 9.374084352341039761e+00
-7.210422051439979896e+01 8.408196018181619991e+00
-7.416536446499844715e+01 7.929056913175683619e+00
-7.622650841559708113e+01 7.059222248394116939e+00
-7.828765236619571510e+01 6.949410906837939272e+00
-8.034879631679436329e+01 6.324431321646640569e+00
-8.240994026739299727e+01 8.566318729895826323e+00
-8.447108421799164546e+01 6.557021588198155726e+00
-8.653222816859029365e+01 5.041675810418878356e+00
-8.859337211918894184e+01 7.701839025508346204e+00
-9.065451606978757582e+01 6.723976806902192571e+00
-9.271566002038620979e+01 6.626946425610626967e+00
-9.477680397098485798e+01 4.991581100198769327e+00
-9.683794792158349196e+01 6.702748626370996554e+00
-9.889909187218214015e+01 5.662345802420011509e+00
-1.009602358227807741e+02 7.271796509346946102e+00
-1.030213797733794223e+02 6.608300988749578053e+00
-1.050825237239780563e+02 5.597996857874401933e+00
-1.071436676745766903e+02 6.036372801242182895e+00
-1.092048116251753385e+02 3.588144427190817609e+00
-1.112659555757739724e+02 6.823382378139588589e+00
-1.133270995263726206e+02 5.921276298424644757e+00
-1.153882434769712546e+02 4.103088468136751210e+00
-1.174493874275699028e+02 6.403163418120707107e+00
-1.195105313781685368e+02 4.426258902508538817e+00
-1.215716753287671708e+02 1.516161706978042201e+00
-1.236328192793658332e+02 4.921655643644699651e+00
-1.256939632299644671e+02 2.837029679744218491e+00
-1.277551071805631153e+02 2.917143736701944157e+00
-1.298162511311617493e+02 2.842995745926736983e+00
-1.318773950817603975e+02 5.907447114188063786e+00
-1.339385390323590173e+02 3.856238791005732747e+00
-1.359996829829576654e+02 3.278824837797921443e+00
-1.380608269335562852e+02 4.153833697151392279e+00
-1.401219708841549618e+02 3.427717498755189496e+00
-1.421831148347535816e+02 2.795784056123505223e+00
-1.442442587853522298e+02 3.586349288142109959e+00
-1.463054027359508780e+02 2.828189584142280388e+00
-1.483665466865494977e+02 3.765171356299986893e+00
-1.504276906371481743e+02 4.353989369337974757e+00
-1.524888345877467941e+02 3.302249398626655896e+00
-1.545499785383454423e+02 1.321644372649205312e+00
-1.566111224889440621e+02 4.377708436416229421e-01
-1.586722664395427387e+02 5.066540250777894272e+00
-1.607334103901413584e+02 3.758107615064506302e+00
-1.627945543407400066e+02 2.613314880484345348e+00
-1.648556982913386264e+02 1.998023518765355888e+00
-1.669168422419372746e+02 1.745150704208772607e+00
-1.689779861925359228e+02 2.645108644192116998e+00
-1.710391301431345710e+02 3.640457873629160623e+00
-1.731002740937331907e+02 2.124137451859746228e+00
-1.751614180443318389e+02 2.604738695449094976e+00
-1.772225619949304587e+02 3.697473920662726510e+00
-1.792837059455291353e+02 9.366768097284876582e-01
-1.813448498961277835e+02 4.514960670813036536e+00
-1.834059938467264033e+02 3.708038627440695123e+00
-1.854671377973250515e+02 1.367133554256371397e+00
-1.875282817479236996e+02 2.983330186534995487e+00
-1.895894256985223478e+02 3.238053962121028473e+00
-1.916505696491209676e+02 2.465058823306743641e+00
-1.937117135997196158e+02 2.772273639502698561e+00
-1.957728575503182356e+02 1.752995337874032167e+00
-1.978340015009169122e+02 9.907001926185915464e-01
-1.998951454515155035e+02 3.051560505167113746e+00
-2.019562894021141517e+02 2.807075887323314589e+00
-2.040174333527127715e+02 4.155103359675556440e+00
-2.060785773033114481e+02 4.020213661487662016e+00
-2.081397212539100678e+02 2.164677779589792017e+00
-2.102008652045087160e+02 5.484275564130622449e+00
-2.122620091551073358e+02 3.776923895450555513e+00
-2.143231531057060124e+02 2.366226719151670821e+00
-2.163842970563046322e+02 3.269095626149594480e+00
-2.184454410069032804e+02 2.506548598349337631e+00
-2.205065849575019001e+02 2.341353467799899057e+00
-2.225677289081005483e+02 2.062016061256782606e+00
-2.246288728586992249e+02 9.347093650429035838e-01
-2.266900168092978447e+02 2.676586659063798113e+00
-2.287511607598964929e+02 3.130402038446589152e+00
-2.308123047104951127e+02 2.288079494665732572e+00
-2.328734486610937608e+02 3.904911822671616850e+00
-2.349345926116924090e+02 4.422668145026555919e+00
-2.369957365622910572e+02 1.775869092747364153e+00
-2.390568805128896770e+02 7.920876273715625748e-01
-2.411180244634883252e+02 2.932946900256345302e+00
-2.431791684140869449e+02 2.776565314711502364e+00
-2.452403123646856216e+02 4.399364153379658582e+00
-2.473014563152842413e+02 4.289450269749494282e+00
-2.493626002658828895e+02 4.177168572464195151e+00
-2.514237442164815093e+02 1.710150803008606113e+00
-2.534848881670801859e+02 5.194798755218659636e+00
