2.720711695220337560e+02 -1.033731878927113490e+00
2.700100255714351647e+02 -1.386466667658767582e+00
2.679488816208365165e+02 -1.901830817550507868e+00
2.658877376702378683e+02 -3.714682750760682217e-01
2.638265937196392201e+02 1.501856459651491393e+00
2.617654497690405719e+02 -3.382962711504547415e-01
2.597043058184419237e+02 -7.886420900983873716e-01
2.576431618678433324e+02 7.171269715363298713e-01
2.555820179172446842e+02 2.575750502516024554e+00
2.535208739666460076e+02 8.153996631101564363e-01
2.514597300160473594e+02 -2.458991149087254247e+00
2.493985860654487396e+02 4.522085219209060480e-01
2.473374421148500915e+02 1.081663939618775716e+00
2.452762981642514717e+02 2.109485342490555304e+00
2.432151542136527951e+02 1.201780720598921937e+00
2.411540102630541753e+02 2.657549696880658341e-01
2.390928663124555271e+02 3.404929501717379181e-01
2.370317223618569074e+02 2.688124337261837304e+00
2.349705784112582592e+02 1.173620305673156450e+00
2.329094344606596110e+02 1.849552574367331115e+00
2.308482905100609628e+02 1.309959767463406921e+00
2.287871465594623430e+02 5.288742243260170506e-01
2.267260026088636948e+02 -1.519054933714454547e+00
2.246648586582650466e+02 -3.595828637053542387e+00
2.226037147076663985e+02 2.636989827123479291e+00
2.205425707570677787e+02 -1.104188333614482653e+00
2.184814268064691305e+02 1.916251203831349503e+00
2.164202828558705107e+02 2.071215753938865589e+00
2.143591389052718341e+02 1.748843043153831545e+00
2.122979949546731859e+02 5.488211775858641284e-01
2.102368510040745662e+02 -7.517354176748392361e-03
2.081757070534759180e+02 1.193347163321955007e+00
2.061145631028772982e+02 -1.431973191081801489e-01
2.040534191522786216e+02 2.181822815058230003e-01
2.019922752016800018e+02 1.673474845149069523e+00
1.999311312510813536e+02 -9.813519449090724045e-01
1.978699873004827339e+02 6.418897973347137409e-01
1.958088433498840573e+02 1.491544362594773965e+00
1.937476993992854375e+02 8.092034385292463661e-01
1.916865554486867893e+02 1.073583445709029416e+00
1.896254114980881695e+02 1.720774843766961881e+00
1.875642675474895213e+02 -4.287920303651726606e-01
1.855031235968908732e+02 4.583283130440060638e-01
1.834419796462922250e+02 2.280029280640493816e+00
1.813808356956936052e+02 1.983539743803339084e+00
1.793196917450949570e+02 -1.648903616550261519e+00
1.772585477944963372e+02 1.487336254727935403e+00
1.751974038438976606e+02 1.124475449961533702e+00
1.731362598932990124e+02 1.394511825579210385e+00
1.710751159427003927e+02 2.032619779413857852e+00
1.690139719921017445e+02 3.247214182514961855e+00
1.669528280415030963e+02 1.413977572522234327e+00
1.648916840909044481e+02 7.683486961154143424e-01
1.628305401403058283e+02 3.336593186054870319e-01
1.607693961897071802e+02 2.457184619886330079e+00
1.587082522391085604e+02 1.740140065679311454e-01
1.566471082885098838e+02 7.713300558688892528e-01
1.545859643379112640e+02 1.283618105322848146e+00
1.525248203873126158e+02 4.910857406874542530e-01
1.504636764367139961e+02 1.831781265687456139e+00
1.484025324861153479e+02 1.625418650401841969e+00
1.463413885355166997e+02 1.470137577229432724e+00
1.442802445849180515e+02 -1.717939986271787428e-02
1.422191006343194317e+02 3.889577142780913377e-01
1.401579566837207835e+02 1.792296477751724737e+00
1.380968127331221638e+02 2.087778777406139152e+00
1.360356687825234872e+02 -2.962947697457834484e-01
1.339745248319248390e+02 2.691991492917670925e+00
1.319133808813262192e+02 9.885337897735291257e-01
1.298522369307275710e+02 4.418456686078564011e-01
1.277910929801289370e+02 2.177295332265206884e+00
1.257299490295302888e+02 2.328920802095736597e+00
1.236688050789316549e+02 1.322690571307149732e+00
1.216076611283330209e+02 3.848433846148189841e-01
1.195465171777343727e+02 9.197130861907530930e-01
1.174853732271357387e+02 1.357267408136907827e+00
1.154242292765370763e+02 -8.736537133883813533e-02
1.133630853259384423e+02 1.313477639562473875e+00
1.113019413753398084e+02 -1.001322697509908544e+00
1.092407974247411602e+02 -8.936328363158635435e-01
1.071796534741425262e+02 7.829937289681689894e-01
1.051185095235438780e+02 -2.807260857026465661e-01
1.030573655729452440e+02 8.492261395424960391e-01
1.009962216223465958e+02 1.123437348368832994e-01
9.893507767174796186e+01 -7.688288048916911421e-01
9.687393372114932788e+01 -1.025831449435500031e-01
9.481278977055067969e+01 -7.303100938012475618e-01
9.275164581995204571e+01 2.148756768762682401e-01
9.069050186935339752e+01 6.891532598351621242e-02
8.862935791875476355e+01 -2.257193887822983580e+00
8.656821396815611536e+01 -2.210424991211101808e+00
8.450707001755748138e+01 -1.281377034670047932e+00
8.244592606695884740e+01 1.049220230587049274e+00
8.038478211636019921e+01 -8.769972948518409694e-01
7.832363816576156523e+01 4.727642996773402939e-01
7.626249421516290283e+01 -1.831788348805934108e+00
7.420135026456426885e+01 2.600258425847357113e-01
7.214020631396562067e+01 3.094791536569633017e+00
7.007906236336698669e+01 -9.696592387403135671e-01
6.801791841276835271e+01 -1.014283996586211600e+00
6.595677446216970452e+01 -1.572432685663114338e+00
6.389563051157106344e+01 -1.293347855101799171e+00
6.183448656097242946e+01 -2.219004011657925268e+00
5.977334261037378838e+01 -6.838977956966905136e-01
5.771219865977514729e+01 -1.154189686507212542e+00
5.565105470917650621e+01 -1.125905708543708084e+00
5.358991075857786512e+01 -4.830016450999005118e-01
5.152876680797922404e+01 -1.284394938007932696e+00
4.946762285738057585e+01 -6.249170625937693346e-01
4.740647890678193477e+01 -2.081679464515084010e+00
4.534533495618329368e+01 2.857046094141527659e-01
4.328419100558465260e+01 1.323674686166499193e+00
4.122304705498601152e+01 -1.687984094581340910e+00
3.916190310438737043e+01 2.636390726366823145e+00
3.710075915378873646e+01 3.527214223786292902e+00
3.503961520319009537e+01 3.050902473276943194e+00
3.297847125259145429e+01 2.419777940916246983e+00
3.091732730199280965e+01 2.545391299384685002e+00
2.885618335139416857e+01 4.763472407993536883e+00
2.679503940079553104e+01 6.465859195478603105e+00
2.473389545019688640e+01 6.633816284484924886e+00
2.267275149959824532e+01 1.225432358037007496e+01
2.061160754899960779e+01 1.008798682030810845e+01
1.855046359840096670e+01 1.139395283347593057e+01
1.648931964780232562e+01 1.572815372787758648e+01
1.442817569720368454e+01 1.797390403538128112e+01
1.236703174660504345e+01 2.076690204168913922e+01
1.030588779600640414e+01 2.299163844365910236e+01
8.244743845407763061e+00 2.763748591415371791e+01
6.183599894809121977e+00 2.904448623641873439e+01
4.122455944210480894e+00 3.300519981450518259e+01
2.061311993611840698e+00 3.333004726922659700e+01
1.680430131997001392e-04 2.788703324733392463e+01
-2.060975907585441025e+00 2.276978314802983761e+01
-4.122119858184081664e+00 1.665751613739559645e+01
-6.183263808782722748e+00 1.519130380396780033e+01
-8.244407759381363832e+00 1.302450126380030149e+01
-1.030555170998000314e+01 1.030884883051482248e+01
-1.236669566057864422e+01 8.292684818196155661e+00
-1.442783961117728708e+01 5.018162769382875865e+00
-1.648898356177592817e+01 5.687036482133947857e+00
-1.855012751237456925e+01 3.641363026781600620e+00
-2.061127146297320678e+01 2.793642832360007322e+00
-2.267241541357184786e+01 1.193477892914797556e+00
-2.473355936417049250e+01 1.816589803476849285e+00
-2.679470331476913358e+01 -1.315021646133930577e+00
-2.885584726536777112e+01 2.116225861679187359e-01
-3.091699121596641220e+01 -5.351249995609597132e-03
-3.297813516656505328e+01 -8.583398566105576721e-01
-3.503927911716369437e+01 4.019162704673497344e-01
-3.710042306776233545e+01 -1.133035293590921810e+00
-3.916156701836097653e+01 -2.647706365999120681e+00
-4.122271096895961762e+01 2.223380168390182710e-01
-4.328385491955825870e+01 -6.992147083176127875e-01
-4.534499887015689268e+01 -1.689722496216622627e+00
-4.740614282075554087e+01 -7.810125528791791449e-01
-4.946728677135418195e+01 -1.302139451395143865e+00
-5.152843072195281593e+01 -2.301118020650589013e+00
-5.358957467255145701e+01 1.733132150042556718e+00
-5.565071862315009810e+01 1.443206505976613319e-01
-5.771186257374873918e+01 1.817855275977673601e+00
-5.977300652434738026e+01 7.589646273762348239e-01
-6.183415047494601424e+01 -1.246684712139589646e+00
-6.389529442554465533e+01 -2.029231849719569158e+00
-6.595643837614329641e+01 1.355373227130940217e+00
-6.801758232674194460e+01 1.500367702607980247e+00
-7.007872627734057858e+01 1.089582391270361272e+00
-7.213987022793921255e+01 -1.272322343729685112e+00
-7.420101417853786074e+01 -1.145784123972427349e+00
-7.626215812913649472e+01 -7.076978732120303706e-01
-7.832330207973515712e+01 -5.251061158970232734e-01
-8.038444603033379110e+01 2.671257194370001975e-01
-8.244558998093242508e+01 -3.878181279685651850e-01
-8.450673393153107327e+01 -1.409452128469295351e+00
-8.656787788212970725e+01 1.696106861979241653e+00
-8.862902183272835543e+01 7.786541122440947260e-02
-9.069016578332698941e+01 -2.869782834609393873e+00
-9.275130973392563760e+01 -1.783457985500478127e-01
-9.481245368452427158e+01 2.697887813783425570e-01
-9.687359763512290556e+01 -2.080771309954335901e+00
-9.893474158572155375e+01 -7.691013887397271098e-01
-1.009958855363201877e+02 -1.102801216544065266e+00
-1.030570294869188359e+02 -1.962063574401443855e+00
-1.051181734375174699e+02 -8.290794132840511033e-01
-1.071793173881161181e+02 -3.810338933130029915e+00
-1.092404613387147521e+02 -2.517677361987295637e+00
-1.113016052893133860e+02 -1.918216635334586639e+00
-1.133627492399120342e+02 -4.235830729166994324e+00
-1.154238931905106682e+02 -4.239583790498599569e+00
-1.174850371411093306e+02 -2.759960768908122475e+00
-1.195461810917079646e+02 -2.808013694963737095e+00
-1.216073250423066128e+02 -2.634531248486133848e+00
-1.236684689929052468e+02 -3.238543844056402943e+00
-1.257296129435038807e+02 -3.765794753259551264e+00
-1.277907568941025289e+02 -7.964100892863634762e+00
-1.298519008447011629e+02 -4.055230833873249452e+00
-1.319130447952997827e+02 -4.691222302674272981e+00
-1.339741887458984593e+02 -4.415887468109462866e-01
-1.360353326964971075e+02 -1.331570062869553706e+00
-1.380964766470957272e+02 -5.216444207341498718e+00
-1.401576205976943754e+02 -4.688135767710802426e+00
-1.422187645482929952e+02 -4.248085271921095973e+00
-1.442799084988916718e+02 -2.626827207678146259e+00
-1.463410524494902916e+02 -3.071342889038628066e+00
-1.484021964000889398e+02 -5.347073712992794547e+00
-1.504633403506875595e+02 -5.235120068184395237e+00
-1.525244843012862077e+02 -4.918868108156687846e+00
-1.545856282518848559e+02 -5.200935587413942685e+00
-1.566467722024835041e+02 -5.590309725976520205e+00
-1.587079161530821239e+02 -3.158275699074172493e+00
-1.607690601036807720e+02 -2.389535594177982780e+00
-1.628302040542794202e+02 -4.921550431966335459e+00
-1.648913480048780684e+02 -2.059499154215837180e+00
-1.669524919554766882e+02 -5.141173722432866633e+00
-1.690136359060753364e+02 -6.348830235466866867e+00
-1.710747798566739561e+02 -4.441973940335282478e+00
-1.731359238072726328e+02 -4.370220524554408570e+00
-1.751970677578712809e+02 -5.993387533444131776e+00
-1.772582117084699007e+02 -6.543493568237799707e+00
-1.793193556590685489e+02 -3.455074400759101216e+00
-1.813804996096671687e+02 -4.105606437782833851e+00
-1.834416435602658453e+02 -4.205973733439456019e+00
-1.855027875108644650e+02 -3.991001132291413178e+00
-1.875639314614631132e+02 -4.286579671338180297e+00
-1.896250754120617330e+02 -3.934044171601033923e+00
-1.916862193626604096e+02 -3.351542758513891052e+00
-1.937473633132590294e+02 -4.393360451287306567e+00
-1.958085072638576776e+02 -3.689039205116476872e+00
-1.978696512144562973e+02 -6.307973552772600634e+00
-1.999307951650549455e+02 -6.503216641496755379e+00
-2.019919391156535937e+02 -5.568839378021424480e+00
-2.040530830662522419e+02 -3.965888758976278794e+00
-2.061142270168508617e+02 -5.632848186505282406e+00
-2.081753709674495099e+02 -5.624213345015143695e+00
-2.102365149180481296e+02 -4.339529870067032391e+00
-2.122976588686468062e+02 -4.791478666117706453e+00
-2.143588028192454544e+02 -5.789922945604400795e+00
-2.164199467698440742e+02 -5.959387732181147257e+00
-2.184810907204427224e+02 -4.524583831281525192e+00
-2.205422346710413422e+02 -5.239031319881063631e+00
-2.226033786216400188e+02 -4.365903847490677947e+00
-2.246645225722386385e+02 -5.745939415023886276e+00
-2.267256665228372867e+02 -2.701553228426226916e+00
-2.287868104734359065e+02 -3.274064091608943183e+00
-2.308479544240345831e+02 -4.777522698762589393e+00
-2.329090983746332029e+02 -6.195899112658775465e+00
-2.349702423252318511e+02 -3.882896418013176643e+00
-2.370313862758304708e+02 -4.972874264229823815e+00
-2.390925302264291190e+02 -3.544295880760172768e+00
-2.411536741770277672e+02 -4.951414998651428867e+00
-2.432148181276264154e+02 -4.111423469881030357e+00
-2.452759620782250352e+02 -4.927118543209136448e+00
-2.473371060288236833e+02 -2.026789966740935256e+00
-2.493982499794223031e+02 -4.522363995066718267e+00
-2.514593939300209797e+02 -4.680317375026239901e+00
-2.535205378806196279e+02 -4.383566872204772480e+00
