2.646176422074186121e+02 -1.451130031021759859e+00
2.625564982568199639e+02 1.608046126192870462e+00
2.604953543062213157e+02 1.088596594290208053e+00
2.584342103556227244e+02 2.378661225772888965e+00
2.563730664050240762e+02 7.872726218707559731e+00
2.543119224544253996e+02 5.481279611831406662e+00
2.522507785038267798e+02 3.926170482184575761e+00
2.501896345532281316e+02 6.753462339518912394e+00
2.481284906026294834e+02 6.784100864978888090e+00
2.460673466520308637e+02 4.387108470821103445e+00
2.440062027014321870e+02 4.258125157525380011e+00
2.419450587508335673e+02 4.029479103757834579e+00
2.398839148002349191e+02 9.078154667499646280e+00
2.378227708496362993e+02 6.411777307748240951e+00
2.357616268990376511e+02 3.439555992564238718e+00
2.337004829484390029e+02 5.363609600029889179e+00
2.316393389978403548e+02 4.745478047124451315e+00
2.295781950472417350e+02 7.744234164642469054e+00
2.275170510966430868e+02 6.132939684179818940e+00
2.254559071460444386e+02 6.749243490507492282e+00
2.233947631954457904e+02 8.429258599266120200e+00
2.213336192448471706e+02 5.684100345170937985e+00
2.192724752942485225e+02 4.709196181829811145e+00
2.172113313436499027e+02 9.493735025654181925e+00
2.151501873930512261e+02 9.705053627715081177e+00
2.130890434424526063e+02 8.082961200358516507e+00
2.110278994918539581e+02 7.026530114213065836e+00
2.089667555412553099e+02 8.609648546745182429e+00
2.069056115906566902e+02 6.928583237519875482e+00
2.048444676400580136e+02 7.807410970358795943e+00
2.027833236894593938e+02 6.719711346187787981e+00
2.007221797388607456e+02 6.688753286204708992e+00
1.986610357882621258e+02 4.863982790989095584e+00
1.965998918376634492e+02 5.665439371846511030e+00
1.945387478870648295e+02 8.056564706392729036e+00
1.924776039364661528e+02 4.381981385862046885e+00
1.904164599858675331e+02 9.612089830913070898e+00
1.883553160352688849e+02 6.089049500640244084e+00
1.862941720846702651e+02 7.263007626948180473e+00
1.842330281340715885e+02 1.203198050692786225e+01
1.821718841834729687e+02 1.341061203806848390e+01
1.801107402328743206e+02 9.627006719834300341e+00
1.780495962822757008e+02 6.582108367441528607e+00
1.759884523316770526e+02 1.054996494069900415e+01
1.739273083810783760e+02 1.070906325344574839e+01
1.718661644304797562e+02 5.336330684589718487e+00
1.698050204798811080e+02 7.946706512074864115e+00
1.677438765292824883e+02 9.781863025411372092e+00
1.656827325786838401e+02 4.945882728518228966e+00
1.636215886280851919e+02 3.453638609903632251e+00
1.615604446774865437e+02 8.138714364251592670e+00
1.594993007268879239e+02 7.026192110895307152e+00
1.574381567762892757e+02 7.297744387753384743e+00
1.553770128256906560e+02 7.487366072852074339e+00
1.533158688750919794e+02 7.797918326191589422e+00
1.512547249244933596e+02 6.167638346362081414e+00
1.491935809738947114e+02 8.956159152234008047e+00
1.471324370232960916e+02 8.703610221098552202e+00
1.450712930726974150e+02 6.741537308004122764e+00
1.430101491220987953e+02 8.901024342633416353e+00
1.409490051715001471e+02 1.031818560377990757e+01
1.388878612209015273e+02 9.717936024544208351e+00
1.368267172703028791e+02 8.310546804349883132e+00
1.347655733197042025e+02 6.902010873302993232e+00
1.327044293691055827e+02 9.124668995592900345e+00
1.306432854185069345e+02 7.756334501489437372e+00
1.285821414679082864e+02 2.128007756833075081e+00
1.265209975173096666e+02 8.006428376445681394e+00
1.244598535667110326e+02 6.434322318975627120e+00
1.223987096161123844e+02 8.678310367304460371e+00
1.203375656655137504e+02 1.004162452938684424e+01
1.182764217149151023e+02 9.404800236065602448e+00
1.162152777643164683e+02 1.111006313446604743e+01
1.141541338137178201e+02 9.633949199527506835e+00
1.120929898631191719e+02 8.500939528479461771e+00
1.100318459125205379e+02 6.939374983851743117e+00
1.079707019619218897e+02 7.276506682585663022e+00
1.059095580113232558e+02 5.610693754979738657e+00
1.038484140607246076e+02 7.480804895105025665e+00
1.017872701101259736e+02 8.092619348803740564e+00
9.972612615952733961e+01 8.059183338735538271e+00
9.766498220892869142e+01 6.204797908612240676e+00
9.560383825833005744e+01 4.455139627189730334e+00
9.354269430773140925e+01 7.157142172998624652e+00
9.148155035713277528e+01 6.172042968783478578e+00
8.942040640653412709e+01 7.988256609481780401e+00
8.735926245593549311e+01 5.961566813172149537e+00
8.529811850533685913e+01 6.860149456723802608e+00
8.323697455473821094e+01 6.995665302165707367e+00
8.117583060413957696e+01 6.134666110542205786e+00
7.911468665354092877e+01 8.812061582806970605e+00
7.705354270294229480e+01 5.758237229038400073e+00
7.499239875234363240e+01 3.369285145440220841e+00
7.293125480174499842e+01 7.739822015791165910e+00
7.087011085114636444e+01 3.715076131687195637e+00
6.880896690054771625e+01 8.862010634885145066e+00
6.674782294994908227e+01 8.445703030908772391e+00
6.468667899935044829e+01 6.190149551447563070e+00
6.262553504875180010e+01 9.405415390031244272e+00
6.056439109815315902e+01 7.885546896888719459e+00
5.850324714755451794e+01 5.919948114306625264e+00
5.644210319695587685e+01 1.103969021077853263e+01
5.438095924635723577e+01 1.004534746948100654e+01
5.231981529575859469e+01 8.887488238014050523e+00
5.025867134515996071e+01 7.075441438645796666e+00
4.819752739456132673e+01 7.163586683897819718e+00
4.613638344396267854e+01 1.001969498234882749e+01
4.407523949336403746e+01 1.593501546871227603e+01
4.201409554276539637e+01 1.525836625236081545e+01
3.995295159216675529e+01 1.797872423556662369e+01
3.789180764156811421e+01 1.957263680358449065e+01
3.583066369096947312e+01 2.413820883305883669e+01
3.376951974037083914e+01 2.461204794807905216e+01
3.170837578977219096e+01 3.146604926797120072e+01
2.964723183917355342e+01 3.707426139972780987e+01
2.758608788857491234e+01 4.802017775108521391e+01
2.552494393797627126e+01 6.356568204984981918e+01
2.346379998737763373e+01 6.884643875987104877e+01
2.140265603677898909e+01 8.036056407388940670e+01
1.934151208618034801e+01 8.621883131049820292e+01
1.728036813558171048e+01 1.009861853764391100e+02
1.521922418498306762e+01 1.080454667932647794e+02
1.315808023438442653e+01 1.119833469009642499e+02
1.109693628378578367e+01 1.185385104104161513e+02
9.035792333187144365e+00 1.271320810527371350e+02
6.974648382588503281e+00 1.202872942367604594e+02
4.913504431989863086e+00 1.162239541472366682e+02
2.852360481391222002e+00 1.021070785304898578e+02
7.912165307925813629e-01 8.558133766266595899e+01
-1.269927419806059277e+00 8.379639684250936682e+01
-3.331071370404699916e+00 6.975228188795749418e+01
-5.392215321003340556e+00 6.675814316376548163e+01
-7.453359271601982527e+00 5.744758660570628450e+01
-9.514503222200623611e+00 4.829562928954295131e+01
-1.157564717279926292e+01 4.203668878647005869e+01
-1.363679112339790400e+01 4.473226990789304836e+01
-1.569793507399654331e+01 4.235844467310156602e+01
-1.775907902459518439e+01 3.461033241120663462e+01
-1.982022297519382548e+01 3.243014552209980650e+01
-2.188136692579246656e+01 3.322048288398902827e+01
-2.394251087639110764e+01 2.530298214099044074e+01
-2.600365482698974873e+01 1.946851896413542704e+01
-2.806479877758838981e+01 2.259110464149990349e+01
-3.012594272818703089e+01 2.236182058470003398e+01
-3.218708667878566843e+01 1.691590416044932255e+01
-3.424823062938431661e+01 1.398147137017415176e+01
-3.630937457998295059e+01 1.708967215334608269e+01
-3.837051853058159168e+01 1.916627754776826364e+01
-4.043166248118023276e+01 1.424895266032647534e+01
-4.249280643177887384e+01 1.830646983668129124e+01
-4.455395038237751493e+01 1.769808022230623479e+01
-4.661509433297615601e+01 2.330529646781471342e+01
-4.867623828357478999e+01 2.369085834802399759e+01
-5.073738223417344528e+01 2.780590229563332016e+01
-5.279852618477208637e+01 2.503719739081308759e+01
-5.485967013537072745e+01 3.118215426695557468e+01
-5.692081408596936853e+01 3.529870125353473753e+01
-5.898195803656800251e+01 4.015608985974946421e+01
-6.104310198716664360e+01 4.774707600666232565e+01
-6.310424593776528468e+01 4.676653246396080732e+01
-6.516538988836393287e+01 4.618044633007851019e+01
-6.722653383896256685e+01 4.990975854320930694e+01
-6.928767778956120083e+01 5.309859420518854733e+01
-7.134882174015984901e+01 4.768855890882977633e+01
-7.340996569075848299e+01 4.525492088673883728e+01
-7.547110964135713118e+01 3.667884459059089863e+01
-7.753225359195576516e+01 3.039687257460441927e+01
-7.959339754255441335e+01 2.490487787710451073e+01
-8.165454149315306154e+01 1.984256172953276831e+01
-8.371568544375169552e+01 1.731738450895034021e+01
-8.577682939435034370e+01 1.353405470463799176e+01
-8.783797334494897768e+01 1.315753713190226115e+01
-8.989911729554762587e+01 1.285632516148507953e+01
-9.196026124614625985e+01 1.047483114523478775e+01
-9.402140519674489383e+01 8.134971798087887507e+00
-9.608254914734354202e+01 1.099399457448036799e+01
-9.814369309794217600e+01 6.856369018528361003e+00
-1.002048370485408242e+02 5.024121319703077404e+00
-1.022659809991394582e+02 4.882620126790198967e+00
-1.043271249497381064e+02 8.645328167349790149e+00
-1.063882689003367403e+02 6.998917886421968326e+00
-1.084494128509353743e+02 7.928133463105123901e+00
-1.105105568015340225e+02 1.010069144037171185e+01
-1.125717007521326565e+02 5.899612355498296878e+00
-1.146328447027313047e+02 7.286198857475479684e+00
-1.166939886533299386e+02 6.299328761080408512e+00
-1.187551326039286010e+02 2.936794721119502238e+00
-1.208162765545272350e+02 4.086872654898307644e+00
-1.228774205051258690e+02 4.202292769246528614e+00
-1.249385644557245172e+02 2.996056719690213033e+00
-1.269997084063231512e+02 1.646667957395677950e+00
-1.290608523569217994e+02 5.074280702915415553e+00
-1.311219963075204191e+02 2.804775094646186240e+00
-1.331831402581190673e+02 1.654043090274753602e+00
-1.352442842087176871e+02 2.075027333427390985e+00
-1.373054281593163637e+02 7.038323027788007558e+00
-1.393665721099150119e+02 3.522831313478139936e+00
-1.414277160605136316e+02 2.578593022137610102e+00
-1.434888600111122798e+02 4.528914703966030686e+00
-1.455500039617109280e+02 3.258325644451104619e+00
-1.476111479123095762e+02 3.836460026117800570e+00
-1.496722918629081960e+02 8.836094327513039914e-01
-1.517334358135068442e+02 1.040677406732499755e+00
-1.537945797641054639e+02 4.447309424387414722e+00
-1.558557237147041405e+02 1.856279977285895999e+00
-1.579168676653027603e+02 2.501274797639489567e+00
-1.599780116159014085e+02 1.986986726751902799e+00
-1.620391555665000283e+02 1.763515770279930006e+00
-1.641002995170986765e+02 4.762639166722053119e+00
-1.661614434676973246e+02 4.148386674659001017e+00
-1.682225874182959728e+02 3.477686774552660953e+00
-1.702837313688945926e+02 2.624102814032732489e+00
-1.723448753194932408e+02 3.561898051227011530e-01
-1.744060192700919174e+02 3.768129557772879057e+00
-1.764671632206905372e+02 -3.564234400190921526e-01
-1.785283071712891854e+02 3.215717146346868560e+00
-1.805894511218878051e+02 2.269778864457407508e+00
-1.826505950724864533e+02 2.849376817639787118e-01
-1.847117390230851015e+02 2.158605456227959962e+00
-1.867728829736837497e+02 2.378549116429149013e+00
-1.888340269242823695e+02 1.957768275999828278e+00
-1.908951708748810177e+02 1.031626991793919368e+00
-1.929563148254796374e+02 1.553247365095890231e+00
-1.950174587760783140e+02 4.857471232932272009e+00
-1.970786027266769338e+02 -1.490104298629306268e+00
-1.991397466772755536e+02 2.291009046986327125e+00
-2.012008906278742018e+02 3.252581512942386510e+00
-2.032620345784728499e+02 5.196286784209532605e+00
-2.053231785290714697e+02 2.001936072265835698e+00
-2.073843224796701179e+02 8.342149260382696330e-01
-2.094454664302687377e+02 -6.023144737978827212e-01
-2.115066103808674143e+02 2.266830367794111734e+00
-2.135677543314660340e+02 1.941873752148330468e+00
-2.156288982820646822e+02 1.255277103308868991e+00
-2.176900422326633304e+02 3.253356500599335455e+00
-2.197511861832619502e+02 -1.231678303925845874e+00
-2.218123301338606268e+02 7.143097419952392224e-01
-2.238734740844592466e+02 1.040632791210059471e+00
-2.259346180350578948e+02 1.845490559017202825e+00
-2.279957619856565145e+02 1.949728861117946854e+00
-2.300569059362551911e+02 1.829749333201932116e+00
-2.321180498868538109e+02 5.033117009760728955e+00
-2.341791938374524591e+02 1.615794564508491682e+00
-2.362403377880510789e+02 1.577209105618789575e+00
-2.383014817386497270e+02 3.295062419337679849e-01
-2.403626256892483752e+02 -1.553572018220623630e+00
-2.424237696398470234e+02 2.903360303720152302e+00
-2.444849135904456432e+02 1.298938167516928477e+00
-2.465460575410442914e+02 3.939731798405824659e+00
-2.486072014916429112e+02 3.493982060064038997e+00
-2.506683454422415878e+02 8.669222483139764623e-01
-2.527294893928402075e+02 4.975589514445578621e-01
-2.547906333434388557e+02 1.287963351798459222e+00
-2.568517772940375039e+02 6.082127205513181423e-01
-2.589129212446361521e+02 1.758335371542700365e+00
-2.609740651952348003e+02 4.050287783216113269e+00
