2.681143691629529258e+02 1.595909576207185099e+00
2.660532252123542776e+02 3.090953198897714138e+00
2.639920812617556294e+02 2.269431216636263127e+00
2.619309373111569812e+02 6.367094779514686387e+00
2.598697933605583898e+02 4.324641606034986374e+00
2.578086494099596848e+02 4.404580350739259131e+00
2.557475054593610650e+02 4.569703991114045571e+00
2.536863615087624453e+02 4.482205886211048984e+00
2.516252175581637971e+02 6.320779274056778974e+00
2.495640736075651489e+02 6.025622495874031870e+00
2.475029296569665007e+02 3.128427374079979728e+00
2.454417857063678809e+02 4.840178946610270927e+00
2.433806417557692328e+02 5.384758241326245809e+00
2.413194978051706130e+02 5.634431234722411475e+00
2.392583538545719364e+02 4.441540903954588337e+00
2.371972099039733166e+02 6.770253383259311697e+00
2.351360659533746684e+02 5.528954139850601024e+00
2.330749220027760487e+02 5.249669587621988320e+00
2.310137780521774005e+02 5.873025260837962058e+00
2.289526341015787239e+02 4.936839244861391585e+00
2.268914901509801041e+02 5.987011727821739626e+00
2.248303462003814559e+02 5.798809334648554525e+00
2.227692022497828361e+02 3.773888103480756762e+00
2.207080582991841595e+02 3.895484548882016895e+00
2.186469143485855398e+02 7.218033146431843683e+00
2.165857703979868916e+02 5.562357460210063387e+00
2.145246264473882718e+02 3.480680917894217075e+00
2.124634824967896236e+02 6.019674442323899477e+00
2.104023385461909754e+02 5.223362088904038636e+00
2.083411945955923272e+02 7.580675427861780058e+00
2.062800506449937075e+02 4.810817226014599157e+00
2.042189066943950593e+02 4.760332684874623688e+00
2.021577627437964395e+02 7.295839345507394214e+00
2.000966187931977629e+02 5.937843977131250561e+00
1.980354748425991716e+02 5.832454906953038254e+00
1.959743308920005234e+02 6.148512176129486306e+00
1.939131869414018752e+02 5.316801474095415259e+00
1.918520429908032270e+02 7.700473722134426602e+00
1.897908990402046072e+02 6.156298339817483978e+00
1.877297550896059590e+02 6.203474925165155973e+00
1.856686111390073108e+02 6.376944841195344438e+00
1.836074671884086627e+02 5.327032384797384168e+00
1.815463232378100145e+02 6.539945316203939818e+00
1.794851792872113947e+02 5.420542939694724893e+00
1.774240353366127465e+02 4.928014326711820381e+00
1.753628913860141267e+02 5.137648200669582721e+00
1.733017474354154501e+02 8.041059665445200011e+00
1.712406034848168304e+02 7.505399476276326531e+00
1.691794595342181822e+02 6.972069352035020096e+00
1.671183155836195624e+02 7.413753008371648079e+00
1.650571716330208858e+02 5.216959258632679841e+00
1.629960276824222660e+02 6.292816842940629485e+00
1.609348837318236178e+02 6.698929577373224475e+00
1.588737397812249981e+02 6.184717875429260658e+00
1.568125958306263499e+02 7.799368016204465626e+00
1.547514518800277017e+02 5.062873120793601522e+00
1.526903079294290535e+02 5.019063629216764078e+00
1.506291639788304337e+02 6.901909997487733150e+00
1.485680200282317855e+02 4.671897173152943061e+00
1.465068760776331374e+02 5.085370429370977163e+00
1.444457321270344892e+02 6.482357035578139914e+00
1.423845881764358410e+02 4.951927614220385188e+00
1.403234442258372212e+02 6.824853545765686924e+00
1.382623002752385730e+02 6.217444577068302003e+00
1.362011563246399533e+02 7.311438247847697802e+00
1.341400123740412766e+02 6.621139327319041534e+00
1.320788684234426569e+02 5.835958942580854014e+00
1.300177244728440087e+02 4.302233085075579666e+00
1.279565805222453605e+02 5.825568248415256889e+00
1.258954365716467265e+02 5.287115525486996148e+00
1.238342926210480783e+02 5.409974396651390904e+00
1.217731486704494444e+02 6.184017331958474806e+00
1.197120047198508104e+02 6.518953295773052936e+00
1.176508607692521622e+02 4.299367742651957869e+00
1.155897168186535282e+02 4.575697506946047710e+00
1.135285728680548800e+02 6.081269419328099168e+00
1.114674289174562460e+02 6.077201146774253715e+00
1.094062849668575979e+02 7.389905421539241459e+00
1.073451410162589639e+02 5.569506682469484993e+00
1.052839970656603299e+02 5.252692546592078848e+00
1.032228531150616817e+02 7.522948811835243887e+00
1.011617091644630477e+02 3.906303638903733777e+00
9.910056521386439954e+01 5.409510915650086460e+00
9.703942126326575135e+01 7.318311216037143296e+00
9.497827731266711737e+01 4.378207262086041496e+00
9.291713336206845497e+01 5.575203252246058838e+00
9.085598941146982099e+01 4.718092515067816350e+00
8.879484546087117280e+01 5.801999840232193506e+00
8.673370151027253883e+01 3.984642959494097969e+00
8.467255755967390485e+01 6.533248424790776276e+00
8.261141360907525666e+01 4.918873335992142160e+00
8.055026965847662268e+01 7.190032232508249521e+00
7.848912570787797449e+01 7.566265915395815611e+00
7.642798175727934051e+01 3.087368350080629487e+00
7.436683780668069232e+01 4.566264656907334185e+00
7.230569385608205835e+01 7.008240741855822797e+00
7.024454990548342437e+01 6.129942946266913495e+00
6.818340595488477618e+01 7.252264979255589772e+00
6.612226200428614220e+01 5.952506602260235979e+00
6.406111805368749401e+01 5.416226570122038453e+00
6.199997410308885293e+01 3.806046484813239150e+00
5.993883015249021184e+01 5.918334997654003615e+00
5.787768620189157076e+01 7.832581961918390512e+00
5.581654225129292968e+01 6.203940387998319927e+00
5.375539830069428859e+01 5.952352381653209790e+00
5.169425435009565462e+01 5.779875312255151165e+00
4.963311039949701353e+01 5.708996889358348703e+00
4.757196644889837245e+01 8.376094713559115945e+00
4.551082249829973136e+01 9.121252893570297005e+00
4.344967854770108318e+01 9.913333750306543735e+00
4.138853459710244209e+01 1.133596667869904984e+01
3.932739064650380101e+01 1.166212927473014815e+01
3.726624669590516703e+01 1.463592392769106532e+01
3.520510274530652595e+01 1.729844327075922195e+01
3.314395879470788486e+01 1.788106644803552570e+01
3.108281484410924378e+01 1.999962626716102676e+01
2.902167089351059914e+01 2.621276590299877185e+01
2.696052694291196161e+01 2.668092513267319532e+01
2.489938299231332053e+01 3.314605096032402543e+01
2.283823904171467944e+01 3.679891782677258760e+01
2.077709509111604191e+01 4.034574428388926748e+01
1.871595114051739728e+01 4.518901336090611665e+01
1.665480718991875619e+01 5.420654120392380548e+01
1.459366323932011689e+01 5.867027127312285018e+01
1.253251928872147580e+01 6.323284036291438781e+01
1.047137533812283650e+01 6.642458736185767521e+01
8.410231387524197189e+00 6.684899952844946824e+01
6.349087436925555217e+00 6.685058308039100439e+01
4.287943486326913245e+00 6.037798563949138497e+01
2.226799535728272605e+00 5.939308691274999319e+01
1.656555851296320214e-01 5.243385204403141842e+01
-1.895488365469008896e+00 4.659146804333013137e+01
-3.956632316067649313e+00 4.051200378509604150e+01
-6.017776266666290397e+00 3.473468809743384611e+01
-8.078920217264929704e+00 2.860273224969035866e+01
-1.014006416786357079e+01 2.437121794201400959e+01
-1.220120811846221187e+01 2.130091086974202241e+01
-1.426235206906085473e+01 2.261965510558140480e+01
-1.632349601965949404e+01 2.000009063950286148e+01
-1.838463997025813867e+01 1.572822025372807708e+01
-2.044578392085677621e+01 1.376845393924681105e+01
-2.250692787145541729e+01 1.473826951825395248e+01
-2.456807182205405837e+01 1.353718897190281822e+01
-2.662921577265269590e+01 1.121745312123941751e+01
-2.869035972325134054e+01 8.642263350719140647e+00
-3.075150367384998162e+01 9.235782022127734692e+00
-3.281264762444861560e+01 1.029892013048035082e+01
-3.487379157504726379e+01 1.085667886185869868e+01
-3.693493552564590487e+01 1.023606636582500329e+01
-3.899607947624454596e+01 1.034576533747097749e+01
-4.105722342684318704e+01 9.527792277761236051e+00
-4.311836737744182813e+01 8.672261020673783349e+00
-4.517951132804046210e+01 1.155385331712084884e+01
-4.724065527863910319e+01 1.076254451022163927e+01
-4.930179922923774427e+01 1.053569316970421887e+01
-5.136294317983638535e+01 1.509690980354279688e+01
-5.342408713043503354e+01 1.390071623813288326e+01
-5.548523108103367463e+01 1.685037279743573535e+01
-5.754637503163231571e+01 1.699082641856896103e+01
-5.960751898223094969e+01 1.749621560941272591e+01
-6.166866293282959077e+01 2.282010620728026851e+01
-6.372980688342823186e+01 2.084191097896665923e+01
-6.579095083402687294e+01 2.235427030728518716e+01
-6.785209478462552113e+01 2.355520136310721924e+01
-6.991323873522415511e+01 2.285702619944862590e+01
-7.197438268582280330e+01 2.031343787746133955e+01
-7.403552663642143727e+01 1.872380154607281000e+01
-7.609667058702008546e+01 1.438872375412776172e+01
-7.815781453761871944e+01 1.233846529561448158e+01
-8.021895848821735342e+01 1.377103124400155210e+01
-8.228010243881600161e+01 1.349987387599893296e+01
-8.434124638941463559e+01 1.289827089803470450e+01
-8.640239034001328378e+01 1.273466504322636084e+01
-8.846353429061191775e+01 1.221663682404314244e+01
-9.052467824121056594e+01 1.042371382321376494e+01
-9.258582219180919992e+01 7.811537287790853767e+00
-9.464696614240783390e+01 1.189420307114646036e+01
-9.670811009300648209e+01 7.858939269300646124e+00
-9.876925404360511607e+01 8.480909646015327041e+00
-1.008303979942037500e+02 1.093854267558467619e+01
-1.028915419448023982e+02 9.381549268903743410e+00
-1.049526858954010464e+02 1.018660158159053353e+01
-1.070138298459996804e+02 1.181494946064807294e+01
-1.090749737965983286e+02 9.273289415946486258e+00
-1.111361177471969626e+02 7.025888441855409283e+00
-1.131972616977955965e+02 5.608780869873640107e+00
-1.152584056483942447e+02 2.729495257363345750e+00
-1.173195495989928787e+02 3.825644539437651481e+00
-1.193806935495915269e+02 1.764041298546772163e+00
-1.214418375001901609e+02 4.833544895786902273e+00
-1.235029814507888091e+02 3.359961725575999480e+00
-1.255641254013874430e+02 1.991339216398340328e+00
-1.276252693519860770e+02 2.445453187178636689e+00
-1.296864133025847252e+02 2.103383014065089096e+00
-1.317475572531833734e+02 2.641118675721148890e+00
-1.338087012037819932e+02 4.175583836424598516e+00
-1.358698451543806698e+02 6.895846116898779465e-01
-1.379309891049792896e+02 1.369193793672715431e+00
-1.399921330555779377e+02 4.546012806685228447e-01
-1.420532770061765575e+02 2.246231388856919364e-01
-1.441144209567752057e+02 1.313447935940612155e+00
-1.461755649073738539e+02 2.026211299361002638e+00
-1.482367088579725021e+02 1.271389159012663361e+00
-1.502978528085711218e+02 -3.408115331510020440e-01
-1.523589967591697700e+02 1.090001914176616626e+00
-1.544201407097683898e+02 -9.478847217423446159e-01
-1.564812846603670664e+02 -1.825873050823475952e+00
-1.585424286109656862e+02 1.088861390444519905e+00
-1.606035725615643344e+02 7.532096066815213709e-01
-1.626647165121629826e+02 1.950890785637459102e+00
-1.647258604627616307e+02 9.522900607874170698e-01
-1.667870044133602789e+02 6.933128248710616892e-02
-1.688481483639588987e+02 -2.733543256782296482e-01
-1.709092923145575469e+02 -7.410981017740156940e-01
-1.729704362651561667e+02 2.107331873702803282e+00
-1.750315802157548433e+02 2.789093233254811732e+00
-1.770927241663534630e+02 7.219768764893607083e-01
-1.791538681169521112e+02 -4.347556598595366251e-01
-1.812150120675507310e+02 2.292071271461773474e+00
-1.832761560181493792e+02 3.076727088323970571e-01
-1.853372999687480274e+02 -6.957514598785616289e-02
-1.873984439193466756e+02 -1.043333561388178676e+00
-1.894595878699452953e+02 1.655271346514279041e-01
-1.915207318205439435e+02 3.642526818260413690e-01
-1.935818757711425917e+02 -4.605450133138692115e-01
-1.956430197217412399e+02 -1.089317791047150097e+00
-1.977041636723398597e+02 4.891358355145043468e-01
-1.997653076229385363e+02 1.974962696875321555e+00
-2.018264515735371845e+02 1.179822729048572105e+00
-2.038875955241358042e+02 5.063960868748406119e-01
-2.059487394747344808e+02 -2.364270071090023517e+00
-2.080098834253331006e+02 3.084821749165134741e-01
-2.100710273759317488e+02 -3.072925990839215846e-02
-2.121321713265303686e+02 -7.182720734281453426e-03
-2.141933152771290167e+02 3.213932474340115975e-01
-2.162544592277276649e+02 7.750191081051202024e-01
-2.183156031783263131e+02 1.346177958825083065e+00
-2.203767471289249329e+02 -1.443686078831570185e+00
-2.224378910795235811e+02 -7.715432937844723948e-01
-2.244990350301222009e+02 -1.285602535763300802e-01
-2.265601789807208775e+02 4.508882961662269984e-01
-2.286213229313194972e+02 5.289465502608853287e-01
-2.306824668819181454e+02 -1.255276511558388153e+00
-2.327436108325167652e+02 -3.953048596680807658e-01
-2.348047547831154418e+02 1.747193542677270894e+00
-2.368658987337140900e+02 3.131414378774486501e-02
-2.389270426843127098e+02 1.306058256865076095e-01
-2.409881866349113579e+02 1.600120981983224500e+00
-2.430493305855099777e+02 8.305690479977853591e-02
-2.451104745361086543e+02 7.449103234168233945e-01
-2.471716184867072741e+02 1.345282429256512868e+00
-2.492327624373059223e+02 4.987986389656553499e-01
-2.512939063879045420e+02 -1.848801880414493892e+00
-2.533550503385031902e+02 6.606306712219757182e-01
-2.554161942891018384e+02 6.104203030385905171e-01
-2.574773382397004866e+02 3.079699535315191472e+00
