2.616401932175467095e+02 3.290097614659717173e+00
2.595790492669480614e+02 5.217061724260897648e+00
2.575179053163494700e+02 1.793207240118864343e+00
2.554567613657508218e+02 3.492705057630758780e+00
2.533956174151521736e+02 4.996474326886223061e+00
2.513344734645535254e+02 5.520244604692492452e+00
2.492733295139548773e+02 3.477190775255043498e+00
2.472121855633562291e+02 2.668041595181737780e+00
2.451510416127576093e+02 6.750927975379121371e+00
2.430898976621589611e+02 6.672958037230752204e+00
2.410287537115603129e+02 5.553198948347751518e+00
2.389676097609616647e+02 6.954061918318640068e+00
2.369064658103630450e+02 4.918141264081477892e+00
2.348453218597643968e+02 8.060387480407412042e+00
2.327841779091657486e+02 7.072438831850319296e+00
2.307230339585671004e+02 6.025622140696809126e+00
2.286618900079684806e+02 5.645510326215584129e+00
2.266007460573698324e+02 7.712112475240726184e+00
2.245396021067712127e+02 5.926029972788024125e+00
2.224784581561725361e+02 4.491004057256931858e+00
2.204173142055739163e+02 5.367510678138576630e+00
2.183561702549752681e+02 8.011628266400057541e+00
2.162950263043766483e+02 6.277434675484395932e+00
2.142338823537780002e+02 8.699832173791254064e+00
2.121727384031793520e+02 6.704487367023095779e+00
2.101115944525807038e+02 6.886488174927328565e+00
2.080504505019820556e+02 8.078210572774645826e+00
2.059893065513834358e+02 6.529081028810410636e+00
2.039281626007847592e+02 7.072897646555700746e+00
2.018670186501861394e+02 5.143591055024935521e+00
1.998058746995874912e+02 7.267242465630111781e+00
1.977447307489888715e+02 7.480289961200875304e+00
1.956835867983902233e+02 6.138742059480582824e+00
1.936224428477915751e+02 8.008433923388638576e+00
1.915612988971929269e+02 9.008357548100985213e+00
1.895001549465943071e+02 7.132983229147066950e+00
1.874390109959956590e+02 6.140887389098046434e+00
1.853778670453970392e+02 6.548119831157045212e+00
1.833167230947983626e+02 8.086486906942210950e+00
1.812555791441997428e+02 6.092590802481083756e+00
1.791944351936010946e+02 7.321110208210350301e+00
1.771332912430024749e+02 8.446876253197380890e+00
1.750721472924037982e+02 8.629473657577371171e+00
1.730110033418051785e+02 7.742236738845692301e+00
1.709498593912065303e+02 6.539197338774904722e+00
1.688887154406078821e+02 7.876168844154522120e+00
1.668275714900092623e+02 8.755682831833620838e+00
1.647664275394105857e+02 7.842511836742563247e+00
1.627052835888119660e+02 7.779026755646401448e+00
1.606441396382133178e+02 8.215678126421739336e+00
1.585829956876146980e+02 7.681973506508111171e+00
1.565218517370160498e+02 1.010916562042794631e+01
1.544607077864174016e+02 8.115523998777485204e+00
1.523995638358187534e+02 1.024814216588508131e+01
1.503384198852201337e+02 6.303007016441033450e+00
1.482772759346214855e+02 5.296783986024327540e+00
1.462161319840228657e+02 9.113935948262771092e+00
1.441549880334241891e+02 8.278418359321774389e+00
1.420938440828255693e+02 5.388181727015351363e+00
1.400327001322269211e+02 5.489235883879233668e+00
1.379715561816283014e+02 7.024447555335703974e+00
1.359104122310296248e+02 8.242714137321174306e+00
1.338492682804309766e+02 7.563003618580397713e+00
1.317881243298323568e+02 7.260045447889392101e+00
1.297269803792337086e+02 7.465004713661413049e+00
1.276658364286350746e+02 7.577477298960614505e+00
1.256046924780364407e+02 1.094901129422151875e+01
1.235435485274377925e+02 7.307776138254895137e+00
1.214824045768391585e+02 8.208199643908358212e+00
1.194212606262405245e+02 5.961203952985812293e+00
1.173601166756418763e+02 4.536583306378837221e+00
1.152989727250432423e+02 7.150534644606271861e+00
1.132378287744445799e+02 7.851427029980496464e+00
1.111766848238459460e+02 7.361356702731245427e+00
1.091155408732472978e+02 7.130240317623979251e+00
1.070543969226486638e+02 9.060818852430715609e+00
1.049932529720500298e+02 7.283986192171349572e+00
1.029321090214513816e+02 6.540505768714655055e+00
1.008709650708527477e+02 7.080259975873805622e+00
9.880982112025408526e+01 1.001247142115511224e+01
9.674867716965545128e+01 7.898822331102927308e+00
9.468753321905681730e+01 7.011411215424260490e+00
9.262638926845816911e+01 1.060498718520974570e+01
9.056524531785953513e+01 7.903823415186097989e+00
8.850410136726088695e+01 8.138262264344437114e+00
8.644295741666225297e+01 1.028537547464377688e+01
8.438181346606361899e+01 9.192054052647046447e+00
8.232066951546497080e+01 6.913401693816941140e+00
8.025952556486633682e+01 8.396500677051669470e+00
7.819838161426768863e+01 7.095627819956003002e+00
7.613723766366905465e+01 8.498575214540911915e+00
7.407609371307039225e+01 8.025284889750178507e+00
7.201494976247175828e+01 7.819135281392878056e+00
6.995380581187312430e+01 7.551200051409557190e+00
6.789266186127447611e+01 8.824893959341716609e+00
6.583151791067584213e+01 5.376376498549532812e+00
6.377037396007720105e+01 6.811338697479413007e+00
6.170923000947855996e+01 7.485668329308404090e+00
5.964808605887991888e+01 5.978413074748683442e+00
5.758694210828127780e+01 8.584475982916650594e+00
5.552579815768263671e+01 7.448348130575931592e+00
5.346465420708399563e+01 6.858226475394309851e+00
5.140351025648535455e+01 8.021845360196682151e+00
4.934236630588672057e+01 9.448019674645491861e+00
4.728122235528807948e+01 8.583481709725523601e+00
4.522007840468943130e+01 1.010656810665569161e+01
4.315893445409079021e+01 9.687009636529078094e+00
4.109779050349214913e+01 1.108838273684997233e+01
3.903664655289350804e+01 1.189979098379523847e+01
3.697550260229486696e+01 1.044015849509545824e+01
3.491435865169623298e+01 1.047518588090197333e+01
3.285321470109759190e+01 1.514172770518390898e+01
3.079207075049894726e+01 1.472124962703672679e+01
2.873092679990030618e+01 1.704844209202214245e+01
2.666978284930166510e+01 1.980021932775279581e+01
2.460863889870302756e+01 2.306772215242373747e+01
2.254749494810438293e+01 2.684746609867201528e+01
2.048635099750574184e+01 3.468486096969067489e+01
1.842520704690710431e+01 4.280734194510137769e+01
1.636406309630846323e+01 5.284961744552803253e+01
1.430291914570982037e+01 7.167040945321031131e+01
1.224177519511118284e+01 8.781245872169043309e+01
1.018063124451253998e+01 1.029058212806954629e+02
8.119487293913900672e+00 1.028565230695775909e+02
6.058343343315258700e+00 9.829187591853644790e+01
3.997199392716618060e+00 8.511387343356118151e+01
1.936055442117977421e+00 6.946521436537346972e+01
-1.250885084806632186e-01 5.634916498565875287e+01
-2.186232459079304302e+00 4.678014445242013863e+01
-4.247376409677944942e+00 3.977431414515378805e+01
-6.308520360276585137e+00 3.347541600649853422e+01
-8.369664310875224444e+00 3.033468820591317794e+01
-1.043080826147386730e+01 2.441477467769288623e+01
-1.249195221207250839e+01 2.399244425958123728e+01
-1.455309616267114947e+01 2.248661227394448048e+01
-1.661424011326979056e+01 1.883436135186125071e+01
-1.867538406386843164e+01 1.854463109454663439e+01
-2.073652801446707272e+01 1.954494340898141758e+01
-2.279767196506571025e+01 1.462273133675884118e+01
-2.485881591566435134e+01 1.332349723259553542e+01
-2.691995986626299597e+01 1.604753506433848287e+01
-2.898110381686163706e+01 1.223372502384206228e+01
-3.104224776746027459e+01 1.183559517795625560e+01
-3.310339171805891567e+01 1.456663975305488457e+01
-3.516453566865755676e+01 1.077810245000304512e+01
-3.722567961925619784e+01 1.061204626401587170e+01
-3.928682356985483892e+01 1.072388280329593258e+01
-4.134796752045348001e+01 1.012338950069794485e+01
-4.340911147105212109e+01 9.303592955813506649e+00
-4.547025542165076217e+01 1.076117787989193531e+01
-4.753139937224939615e+01 9.150165347860903964e+00
-4.959254332284803723e+01 1.123467278810457870e+01
-5.165368727344668542e+01 1.014406288869246708e+01
-5.371483122404532651e+01 8.776472020430807319e+00
-5.577597517464396759e+01 9.671896214866496422e+00
-5.783711912524260867e+01 1.246756970373074047e+01
-5.989826307584124976e+01 1.270900039252970615e+01
-6.195940702643988374e+01 1.382735368881610327e+01
-6.402055097703852482e+01 1.437282188147842987e+01
-6.608169492763717301e+01 1.468890148760955405e+01
-6.814283887823580699e+01 1.546261110284993023e+01
-7.020398282883444097e+01 1.376897012151831134e+01
-7.226512677943308915e+01 1.308269023480930748e+01
-7.432627073003172313e+01 1.600452209803313153e+01
-7.638741468063037132e+01 1.654459228631863255e+01
-7.844855863122900530e+01 1.568955652359869291e+01
-8.050970258182766770e+01 1.594908675233262230e+01
-8.257084653242630168e+01 1.236241406598077042e+01
-8.463199048302493566e+01 9.507731136517568515e+00
-8.669313443362358385e+01 1.078659129970699659e+01
-8.875427838422221782e+01 8.321763650219644148e+00
-9.081542233482086601e+01 6.388883089423414319e+00
-9.287656628541949999e+01 6.341534531614844816e+00
-9.493771023601814818e+01 6.570184136981569445e+00
-9.699885418661678216e+01 4.288113046809253426e+00
-9.905999813721541614e+01 5.234801887006461207e+00
-1.011211420878140501e+02 6.182889253029220988e+00
-1.031822860384126841e+02 4.565381843580809118e+00
-1.052434299890113323e+02 5.004099110721900168e+00
-1.073045739396099663e+02 4.248337754008055356e+00
-1.093657178902086144e+02 4.121817000203844117e+00
-1.114268618408072484e+02 3.988892840959235020e+00
-1.134880057914058966e+02 4.115409639315405599e+00
-1.155491497420045306e+02 3.603178961411880543e+00
-1.176102936926031646e+02 2.897844108156855114e+00
-1.196714376432018270e+02 4.176298719704851337e+00
-1.217325815938004610e+02 2.885475551257223881e+00
-1.237937255443991091e+02 4.159052541161596395e+00
-1.258548694949977431e+02 4.701268799457946734e+00
-1.279160134455963913e+02 3.155682941772777195e+00
-1.299771573961950253e+02 1.468257163791276243e+00
-1.320383013467936451e+02 2.712800314244789845e+00
-1.340994452973922932e+02 2.466714130386004733e+00
-1.361605892479909414e+02 3.339207585662555822e+00
-1.382217331985895896e+02 2.170374862556444295e+00
-1.402828771491882378e+02 3.523020966109832841e+00
-1.423440210997868576e+02 2.946068078301487869e+00
-1.444051650503855058e+02 4.101675421509250796e+00
-1.464663090009841540e+02 4.501360033989366904e+00
-1.485274529515828021e+02 1.702546706410410060e+00
-1.505885969021814219e+02 9.663378785852673181e-01
-1.526497408527800701e+02 2.953149948277861370e+00
-1.547108848033787183e+02 3.300806705005017161e+00
-1.567720287539773665e+02 2.261365521390586719e-01
-1.588331727045759862e+02 1.951146957397820403e+00
-1.608943166551746344e+02 1.312844620195769307e+00
-1.629554606057732542e+02 3.314782343689695043e+00
-1.650166045563719308e+02 1.898390203442437807e+00
-1.670777485069705506e+02 7.598385511075297361e-01
-1.691388924575691988e+02 1.177511005517226206e+00
-1.712000364081678185e+02 3.778215448751718775e+00
-1.732611803587664667e+02 2.909863345940522095e+00
-1.753223243093651149e+02 1.449882516394084497e+00
-1.773834682599637631e+02 -1.650633491144112730e+00
-1.794446122105624113e+02 2.106715705719117704e+00
-1.815057561611610311e+02 4.213969116863356845e+00
-1.835669001117597077e+02 2.078060597526295350e+00
-1.856280440623583274e+02 1.760216524803377203e+00
-1.876891880129569756e+02 1.603308180462631460e+00
-1.897503319635555954e+02 3.424373579756853636e-01
-1.918114759141542436e+02 -3.938415565358272669e-02
-1.938726198647528918e+02 1.980020057137588552e+00
-1.959337638153515400e+02 -1.417191723302833939e+00
-1.979949077659501597e+02 1.276742419881246926e+00
-2.000560517165488079e+02 2.315767087550380410e+00
-2.021171956671474277e+02 -1.865413738590945003e-01
-2.041783396177461043e+02 3.407917324164736694e+00
-2.062394835683447241e+02 3.330858649978751806e-01
-2.083006275189433723e+02 7.081238001140255367e-01
-2.103617714695419920e+02 1.400568609674685217e+00
-2.124229154201406686e+02 2.423894741095153016e+00
-2.144840593707393168e+02 1.662627113343131846e+00
-2.165452033213379366e+02 -2.288420942085731546e-01
-2.186063472719365848e+02 -1.287779875481142033e+00
-2.206674912225352045e+02 -1.833796606352014746e-01
-2.227286351731338812e+02 3.940411900584132043e-01
-2.247897791237325009e+02 1.580817405532151554e+00
-2.268509230743311491e+02 1.169003285020094207e+00
-2.289120670249297689e+02 -1.981464338789399093e+00
-2.309732109755284171e+02 3.138973155005871707e+00
-2.330343549261270653e+02 1.767064501437929813e+00
-2.350954988767257134e+02 7.684305195725835702e-01
-2.371566428273243332e+02 -1.305101306109652526e-01
-2.392177867779229814e+02 8.494580084484125715e-01
-2.412789307285216012e+02 -6.720841876547086757e-01
-2.433400746791202778e+02 -8.233857257252916728e-01
-2.454012186297188975e+02 1.199523946640656868e+00
-2.474623625803175457e+02 7.994951308860880068e-02
-2.495235065309161655e+02 5.313889734597526671e-01
-2.515846504815148421e+02 3.339803713233950866e+00
-2.536457944321134903e+02 1.199815488716911571e-01
-2.557069383827121101e+02 2.021790264705138007e+00
-2.577680823333107583e+02 2.934274055416321580e+00
-2.598292262839094064e+02 1.512829887592509914e+00
-2.618903702345080546e+02 2.837614859741462325e+00
-2.639515141851067028e+02 2.961384932891105493e+00
