2.645926032323920367e+02 -6.294478917030984277e+00
2.625314592817934454e+02 -1.286241871013560889e+01
2.604703153311947972e+02 -1.055725971799807006e+01
2.584091713805961490e+02 -1.210987743541272188e+01
2.563480274299975008e+02 -1.317207104740339396e+01
2.542868834793988810e+02 -1.107575341473276431e+01
2.522257395288002328e+02 -1.225893039038772514e+01
2.501645955782015847e+02 -1.060081300332111098e+01
2.481034516276029649e+02 -1.229477345347072692e+01
2.460423076770043167e+02 -1.359727907155282800e+01
2.439811637264056685e+02 -1.210991989774897171e+01
2.419200197758070203e+02 -1.416319625288478079e+01
2.398588758252083721e+02 -1.366945534434320919e+01
2.377977318746097524e+02 -1.324621895819012352e+01
2.357365879240111042e+02 -1.118657253222475489e+01
2.336754439734124560e+02 -1.269596843943587139e+01
2.316143000228138078e+02 -1.240122089012668383e+01
2.295531560722151880e+02 -1.004153400408784336e+01
2.274920121216165398e+02 -1.172334655666428382e+01
2.254308681710179201e+02 -1.380409791743359094e+01
2.233697242204192435e+02 -1.115315596189032732e+01
2.213085802698206237e+02 -1.273572360036655482e+01
2.192474363192219755e+02 -1.431659381896248284e+01
2.171862923686233557e+02 -1.154151423654113451e+01
2.151251484180247076e+02 -1.246844456309983684e+01
2.130640044674260594e+02 -1.260993990424978506e+01
2.110028605168274112e+02 -1.222813724273900959e+01
2.089417165662287914e+02 -1.104641054679041012e+01
2.068805726156301432e+02 -1.115848415117175740e+01
2.048194286650314950e+02 -1.148362425765288641e+01
2.027582847144328468e+02 -9.456179674568149451e+00
2.006971407638341987e+02 -1.261229664275776585e+01
1.986359968132355789e+02 -1.283100377891168975e+01
1.965748528626369307e+02 -1.052570127878703232e+01
1.945137089120382825e+02 -1.037795765543899940e+01
1.924525649614396343e+02 -1.279221652842234747e+01
1.903914210108410145e+02 -1.005512360729775523e+01
1.883302770602423664e+02 -1.363051510112601328e+01
1.862691331096437466e+02 -1.123042445909498532e+01
1.842079891590450700e+02 -1.462202644470444746e+01
1.821468452084464502e+02 -1.217363757662558399e+01
1.800857012578478020e+02 -1.045047595322006195e+01
1.780245573072491823e+02 -1.119329949207254593e+01
1.759634133566505341e+02 -1.189572541675250683e+01
1.739022694060518859e+02 -1.104351066403421200e+01
1.718411254554532377e+02 -1.201387454659659859e+01
1.697799815048546179e+02 -9.641529757906067033e+00
1.677188375542559697e+02 -1.107842340699176553e+01
1.656576936036572931e+02 -1.258751917797578557e+01
1.635965496530586734e+02 -1.049040664401111833e+01
1.615354057024600252e+02 -1.018952459647081810e+01
1.594742617518614054e+02 -1.040675725697750842e+01
1.574131178012627572e+02 -1.300076579215093275e+01
1.553519738506641090e+02 -1.032347402489269683e+01
1.532908299000654608e+02 -1.151912879476142670e+01
1.512296859494668411e+02 -9.740207987247087473e+00
1.491685419988681929e+02 -1.257607362039511045e+01
1.471073980482695731e+02 -1.004914324451417862e+01
1.450462540976708965e+02 -1.083447233525391873e+01
1.429851101470722767e+02 -9.208602798988403393e+00
1.409239661964736285e+02 -1.013788797138247766e+01
1.388628222458750088e+02 -1.093574201863116713e+01
1.368016782952763322e+02 -1.161523086891159906e+01
1.347405343446777124e+02 -1.169199591263085303e+01
1.326793903940790642e+02 -1.074695802116994159e+01
1.306182464434804444e+02 -1.093869008847141089e+01
1.285571024928817678e+02 -1.044416202826838003e+01
1.264959585422831481e+02 -1.143341616625852275e+01
1.244348145916844999e+02 -1.213638280554255822e+01
1.223736706410858659e+02 -1.232692829646282107e+01
1.203125266904872319e+02 -8.223268116463039235e+00
1.182513827398885837e+02 -9.796444935073335358e+00
1.161902387892899498e+02 -1.069571601011999462e+01
1.141290948386913016e+02 -8.605682297610268705e+00
1.120679508880926676e+02 -1.200761682312645462e+01
1.100068069374940052e+02 -9.265076132286933941e+00
1.079456629868953712e+02 -1.053656593716846857e+01
1.058845190362967372e+02 -1.011790886724517691e+01
1.038233750856980890e+02 -6.843754827888242076e+00
1.017622311350994551e+02 -1.007041769807732479e+01
9.970108718450080687e+01 -1.018299212410707533e+01
9.763994323390217289e+01 -1.175257466076677026e+01
9.557879928330352470e+01 -9.544842767006858963e+00
9.351765533270489072e+01 -1.178025951612400135e+01
9.145651138210625675e+01 -1.047275699686442074e+01
8.939536743150760856e+01 -9.768636616608528556e+00
8.733422348090897458e+01 -1.009967649187530725e+01
8.527307953031032639e+01 -9.599704902312465649e+00
8.321193557971169241e+01 -8.293866595355218863e+00
8.115079162911305843e+01 -9.051745394106676557e+00
7.908964767851441025e+01 -8.628655665808638631e+00
7.702850372791577627e+01 -9.624919153438757036e+00
7.496735977731712808e+01 -8.941396737632606673e+00
7.290621582671849410e+01 -8.330638554907421778e+00
7.084507187611983170e+01 -9.302315406516555640e+00
6.878392792552119772e+01 -7.486673219564048409e+00
6.672278397492256374e+01 -7.169349181817243455e+00
6.466164002432391555e+01 -9.438217295427879350e+00
6.260049607372528158e+01 -9.434756772738225550e+00
6.053935212312663339e+01 -9.754065855337470836e+00
5.847820817252799941e+01 -6.939510536753410896e+00
5.641706422192935833e+01 -8.505956840651023754e+00
5.435592027133071724e+01 -8.939076758802235290e+00
5.229477632073207616e+01 -3.629592530918440030e+00
5.023363237013343507e+01 -4.055660915364381225e+00
4.817248841953479399e+01 -2.114228678248201820e+00
4.611134446893615291e+01 -4.053225526488247965e+00
4.405020051833751182e+01 -2.453658014467474946e-01
4.198905656773886363e+01 5.531997748376759283e+00
3.992791261714022255e+01 7.881708014798433304e+00
3.786676866654158147e+01 1.114655784460480703e+01
3.580562471594294749e+01 1.951670895940597816e+01
3.374448076534430641e+01 2.140184235852362704e+01
3.168333681474566532e+01 2.992040106822115320e+01
2.962219286414702424e+01 3.452407867048723489e+01
2.756104891354837960e+01 4.305338200867764442e+01
2.549990496294974207e+01 4.685571433311469747e+01
2.343876101235110454e+01 5.182203164419612307e+01
2.137761706175246346e+01 5.623943901749170493e+01
1.931647311115382237e+01 5.543112706984104676e+01
1.725532916055517774e+01 6.031576123299059589e+01
1.519418520995654021e+01 6.443184132833874855e+01
1.313304125935789912e+01 7.009499283367283340e+01
1.107189730875925626e+01 7.295245717541344277e+01
9.010753358160616955e+00 7.126481743011080994e+01
6.949609407561974983e+00 6.738983026047141323e+01
4.888465456963334788e+00 6.251755337920018007e+01
2.827321506364694148e+00 5.307612756188055414e+01
7.661775557660531755e-01 4.655448602630695376e+01
-1.294966394832587575e+00 3.858211152131327282e+01
-3.356110345431228215e+00 3.274282500083328529e+01
-5.417254296029868854e+00 2.884753760688414559e+01
-7.478398246628509938e+00 2.138541363109652238e+01
-9.539542197227151021e+00 2.341537974967895153e+01
-1.160068614782579033e+01 1.858482613365851677e+01
-1.366183009842443141e+01 1.569267802899015862e+01
-1.572297404902307072e+01 1.568548180002141912e+01
-1.778411799962171003e+01 1.059267072276494837e+01
-1.984526195022035111e+01 1.250775890575460991e+01
-2.190640590081899575e+01 7.270742945306804650e+00
-2.396754985141763683e+01 2.836282962519374617e+00
-2.602869380201627791e+01 2.525737291967731224e+00
-2.808983775261491900e+01 1.716186110594670189e-01
-3.015098170321356008e+01 1.158734462891484185e+00
-3.221212565381220116e+01 6.049134534035667254e-01
-3.427326960441083514e+01 -3.214955615129784672e+00
-3.633441355500948333e+01 -1.239719576314115779e+00
-3.839555750560812442e+01 -4.656035604292901864e-01
-4.045670145620676550e+01 -1.439190775403620171e+00
-4.251784540680540658e+01 9.216921199811993481e-02
-4.457898935740404767e+01 -7.512799494908448672e-01
-4.664013330800268875e+01 2.460092498004542882e+00
-4.870127725860132273e+01 5.941405690233764858e+00
-5.076242120919995671e+01 5.840989059002215100e+00
-5.282356515979859779e+01 7.785825196238660872e+00
-5.488470911039724598e+01 1.017484925139093299e+01
-5.694585306099588706e+01 1.437974614003502616e+01
-5.900699701159452815e+01 1.676215191263459658e+01
-6.106814096219316923e+01 1.760610861348430944e+01
-6.312928491279181031e+01 1.942741782909802239e+01
-6.519042886339045140e+01 1.950919273794021080e+01
-6.725157281398908538e+01 2.127317263476568243e+01
-6.931271676458773356e+01 1.965183872853698688e+01
-7.137386071518636754e+01 1.713309219101687830e+01
-7.343500466578500152e+01 1.588566603449092973e+01
-7.549614861638364971e+01 1.127063762746122322e+01
-7.755729256698228369e+01 7.912382297328688807e+00
-7.961843651758093188e+01 5.153305588629869760e+00
-8.167958046817956586e+01 2.950946150001166224e+00
-8.374072441877822826e+01 -2.795273988595086134e-01
-8.580186836937686223e+01 -2.025055533224680460e+00
-8.786301231997549621e+01 -1.009659336728212731e+00
-8.992415627057414440e+01 -6.009081214177987462e+00
-9.198530022117277838e+01 -4.823367989981523607e+00
-9.404644417177142657e+01 -4.363830412935093328e+00
-9.610758812237006055e+01 -7.534388157794794871e+00
-9.816873207296870874e+01 -5.918116270438721571e+00
-1.002298760235673427e+02 -4.922404733238507468e+00
-1.022910199741659767e+02 -6.378498771046043458e+00
-1.043521639247646249e+02 -7.395644394243016784e+00
-1.064133078753632589e+02 -8.734200221598111824e+00
-1.084744518259619070e+02 -6.803314105819308288e+00
-1.105355957765605410e+02 -7.851739963510190989e+00
-1.125967397271591750e+02 -9.671635841190131089e+00
-1.146578836777578232e+02 -1.080038705073954475e+01
-1.167190276283564572e+02 -9.773419244192455224e+00
-1.187801715789551054e+02 -9.034363901763601490e+00
-1.208413155295537393e+02 -9.503772442882322480e+00
-1.229024594801524017e+02 -8.819523584278536887e+00
-1.249636034307510357e+02 -7.955539153361955940e+00
-1.270247473813496697e+02 -9.338662582531050305e+00
-1.290858913319483179e+02 -8.412452810710629336e+00
-1.311470352825469377e+02 -8.728644559536540726e+00
-1.332081792331455858e+02 -7.529089186283483670e+00
-1.352693231837442340e+02 -7.453051809866191313e+00
-1.373304671343428822e+02 -7.174796480926905140e+00
-1.393916110849415020e+02 -9.803228654481964455e+00
-1.414527550355401502e+02 -8.107946555556996060e+00
-1.435138989861387984e+02 -9.466818679303157680e+00
-1.455750429367374466e+02 -8.114550266842540438e+00
-1.476361868873360947e+02 -7.111959775724941757e+00
-1.496973308379347145e+02 -9.949438217882560664e+00
-1.517584747885333627e+02 -8.720889946194986919e+00
-1.538196187391320109e+02 -7.601906125394813252e+00
-1.558807626897306591e+02 -8.657737716341108225e+00
-1.579419066403292788e+02 -8.913726664163160507e+00
-1.600030505909279270e+02 -7.158248088721565594e+00
-1.620641945415265468e+02 -8.194151948306579669e+00
-1.641253384921252234e+02 -8.755013941672421751e+00
-1.661864824427238432e+02 -1.002619312498963389e+01
-1.682476263933224914e+02 -1.042839316708675845e+01
-1.703087703439211111e+02 -9.357846607741802103e+00
-1.723699142945197593e+02 -7.689156072109430085e+00
-1.744310582451184075e+02 -7.013609447499693061e+00
-1.764922021957170557e+02 -6.939178794919235393e+00
-1.785533461463156755e+02 -5.485189867098783090e+00
-1.806144900969143237e+02 -6.957453972451949298e+00
-1.826756340475129718e+02 -9.118063336656774709e+00
-1.847367779981116200e+02 -6.212491492778259961e+00
-1.867979219487102682e+02 -6.632654024179212904e+00
-1.888590658993088880e+02 -1.009636434514143311e+01
-1.909202098499075362e+02 -6.785027408068892818e+00
-1.929813538005061844e+02 -7.408709909095022361e+00
-1.950424977511048326e+02 -9.222568480053160656e+00
-1.971036417017034523e+02 -5.695616600996555867e+00
-1.991647856523021005e+02 -8.385960281128346239e+00
-2.012259296029007203e+02 -9.353582469629683871e+00
-2.032870735534993969e+02 -8.011719281313871122e+00
-2.053482175040980167e+02 -8.163681568080516371e+00
-2.074093614546966649e+02 -7.634240934562525283e+00
-2.094705054052952846e+02 -8.789392813860780862e+00
-2.115316493558939328e+02 -7.916961945872436068e+00
-2.135927933064925810e+02 -6.667654857446881245e+00
-2.156539372570912292e+02 -7.565005612367272647e+00
-2.177150812076898490e+02 -6.674146892557489608e+00
-2.197762251582884971e+02 -5.398052151600167825e+00
-2.218373691088871738e+02 -7.249841653688101850e+00
-2.238985130594857935e+02 -1.030174000075237473e+01
-2.259596570100844417e+02 -7.567771238789056554e+00
-2.280208009606830615e+02 -6.973431562560101327e+00
-2.300819449112817097e+02 -6.927726104543243224e+00
-2.321430888618803579e+02 -9.314070443271253552e+00
-2.342042328124790060e+02 -9.801110434180872133e+00
-2.362653767630776258e+02 -6.640820081645746775e+00
-2.383265207136762740e+02 -8.870576392648102271e+00
-2.403876646642748938e+02 -6.733429028600307120e+00
-2.424488086148735704e+02 -7.618126939731876490e+00
-2.445099525654721901e+02 -8.415360493856757884e+00
-2.465710965160708383e+02 -8.139377974548647643e+00
-2.486322404666694581e+02 -8.700370328687851540e+00
-2.506933844172681347e+02 -7.419652780716673668e+00
-2.527545283678667545e+02 -1.087260812390448805e+01
-2.548156723184654027e+02 -8.784356783867757201e+00
-2.568768162690640224e+02 -8.128887827090535367e+00
-2.589379602196626706e+02 -1.038322329719255244e+01
-2.609991041702613188e+02 -1.043328834284613471e+01
