2.648260961408048502e+02 -5.860085175899345522e+00
2.627649521902061451e+02 -1.272347537515195981e+01
2.607038082396074969e+02 -1.189415180182189857e+01
2.586426642890089056e+02 -1.257288929066582028e+01
2.565815203384102006e+02 -1.043258680655144133e+01
2.545203763878115808e+02 -1.238450797086862387e+01
2.524592324372129610e+02 -1.408129917463953262e+01
2.503980884866143128e+02 -1.326134724357816275e+01
2.483369445360156931e+02 -1.321578529974181571e+01
2.462758005854170165e+02 -1.219307387373434537e+01
2.442146566348183967e+02 -1.217193610911511925e+01
2.421535126842197485e+02 -1.287947618873334577e+01
2.400923687336211287e+02 -1.333970287462368098e+01
2.380312247830224521e+02 -1.325632272199205097e+01
2.359700808324238324e+02 -1.293089798214821506e+01
2.339089368818251842e+02 -1.261442870436493102e+01
2.318477929312265644e+02 -1.032426597138303137e+01
2.297866489806279162e+02 -1.239335388336196431e+01
2.277255050300292680e+02 -1.357203882667475980e+01
2.256643610794306198e+02 -1.500932296699724411e+01
2.236032171288319716e+02 -1.389569882875765217e+01
2.215420731782333519e+02 -1.210872213153180432e+01
2.194809292276347037e+02 -1.325841627931278310e+01
2.174197852770360555e+02 -1.323355558990454917e+01
2.153586413264374073e+02 -1.215709343899811223e+01
2.132974973758387875e+02 -1.178367661423155788e+01
2.112363534252401394e+02 -1.237468043871955992e+01
2.091752094746414912e+02 -1.234711612167864203e+01
2.071140655240428430e+02 -1.117599589029501672e+01
2.050529215734442232e+02 -1.465072536048268148e+01
2.029917776228455750e+02 -1.194199279373312805e+01
2.009306336722469553e+02 -1.130348292462096360e+01
1.988694897216482786e+02 -1.187231732130243067e+01
1.968083457710496589e+02 -1.302962007043355541e+01
1.947472018204510107e+02 -1.322657733359218568e+01
1.926860578698523909e+02 -1.392442884561687144e+01
1.906249139192537427e+02 -1.206903898176344292e+01
1.885637699686550945e+02 -1.270627016186145219e+01
1.865026260180564464e+02 -1.367576299625749492e+01
1.844414820674577982e+02 -1.047359945346738819e+01
1.823803381168591784e+02 -1.087759623268066456e+01
1.803191941662605302e+02 -1.055001530111965735e+01
1.782580502156618820e+02 -1.158363822290037426e+01
1.761969062650632338e+02 -1.201637858587635499e+01
1.741357623144646141e+02 -1.197867772839008005e+01
1.720746183638659659e+02 -1.363311727531670492e+01
1.700134744132673177e+02 -1.089649075478590667e+01
1.679523304626686695e+02 -1.246619175991511952e+01
1.658911865120700497e+02 -1.293908126425526461e+01
1.638300425614714015e+02 -1.357340637410650253e+01
1.617688986108727818e+02 -1.090049593719785292e+01
1.597077546602741052e+02 -8.368981391864480202e+00
1.576466107096754854e+02 -1.150106914421742310e+01
1.555854667590768372e+02 -1.196036138568677742e+01
1.535243228084782174e+02 -1.126163969453770264e+01
1.514631788578795693e+02 -1.134260406705013580e+01
1.494020349072809211e+02 -1.216645343256764100e+01
1.473408909566822729e+02 -1.223139349132619280e+01
1.452797470060836247e+02 -1.167055086282872800e+01
1.432186030554850049e+02 -1.230944920750537541e+01
1.411574591048863283e+02 -1.082867572117768518e+01
1.390963151542877085e+02 -1.059831397147737775e+01
1.370351712036890603e+02 -9.494131729023235877e+00
1.349740272530904406e+02 -1.264832501399870068e+01
1.329128833024917924e+02 -1.178566219044186347e+01
1.308517393518931442e+02 -9.275757369516172801e+00
1.287905954012944960e+02 -1.062989967643491518e+01
1.267294514506958620e+02 -1.148881306299130323e+01
1.246683075000972281e+02 -1.214792205188331842e+01
1.226071635494985799e+02 -9.065915843695213638e+00
1.205460195988999459e+02 -1.263361736008290137e+01
1.184848756483012977e+02 -1.360894849772296311e+01
1.164237316977026637e+02 -1.052106059930792981e+01
1.143625877471040155e+02 -1.016849444091400834e+01
1.123014437965053816e+02 -1.105268443778334309e+01
1.102402998459067476e+02 -1.226066411422988445e+01
1.081791558953080994e+02 -1.071611063477657666e+01
1.061180119447094654e+02 -1.259879716287211693e+01
1.040568679941108172e+02 -1.139961729440382321e+01
1.019957240435121832e+02 -1.228941897454809329e+01
9.993458009291353505e+01 -1.163038333799610946e+01
9.787343614231491529e+01 -9.738006822510978822e+00
9.581229219171626710e+01 -1.032055489157450445e+01
9.375114824111763312e+01 -9.991157344131963214e+00
9.169000429051898493e+01 -9.316193630266917936e+00
8.962886033992035095e+01 -1.063766030483427016e+01
8.756771638932170276e+01 -1.186777743973104471e+01
8.550657243872305457e+01 -9.844930174775774034e+00
8.344542848812442060e+01 -1.133013895505185253e+01
8.138428453752577241e+01 -8.960588948867561854e+00
7.932314058692713843e+01 -1.103566367797747461e+01
7.726199663632850445e+01 -1.186783247942543085e+01
7.520085268572985626e+01 -1.104671490215657137e+01
7.313970873513122228e+01 -1.054275291248192836e+01
7.107856478453257409e+01 -1.097429382762283545e+01
6.901742083393394012e+01 -9.745731367341271323e+00
6.695627688333529193e+01 -1.070497419938792305e+01
6.489513293273665795e+01 -1.095277991150901364e+01
6.283398898213801687e+01 -9.103119656386471803e+00
6.077284503153937578e+01 -1.181612925770371447e+01
5.871170108094072759e+01 -1.109568888488182381e+01
5.665055713034208651e+01 -1.034367614261644697e+01
5.458941317974345253e+01 -1.136822113481918706e+01
5.252826922914481145e+01 -1.015966233596167179e+01
5.046712527854617036e+01 -1.059582178123822693e+01
4.840598132794752928e+01 -7.469851077804433359e+00
4.634483737734888820e+01 -7.371885632232328511e+00
4.428369342675024711e+01 -1.039299052874940799e+01
4.222254947615161313e+01 -7.634941734317059137e+00
4.016140552555296495e+01 -7.540348823697431868e+00
3.810026157495432386e+01 -7.155319131032251256e+00
3.603911762435568278e+01 -5.912457885030983462e+00
3.397797367375704169e+01 -5.021907876992552922e+00
3.191682972315840416e+01 -1.264501000020517851e-01
2.985568577255976308e+01 4.603052139827391365e+00
2.779454182196112200e+01 6.657416873295161963e+00
2.573339787136247736e+01 1.288636818137348961e+01
2.367225392076383983e+01 2.014928623564729904e+01
2.161110997016519875e+01 3.069923070736859572e+01
1.954996601956655766e+01 4.081688571353789996e+01
1.748882206896792013e+01 5.126184746634042000e+01
1.542767811836927727e+01 6.499456025819409888e+01
1.336653416777063441e+01 7.256014033852540024e+01
1.130539021717199333e+01 7.937657472305208728e+01
9.244246266573352244e+00 8.526049806919294838e+01
7.183102315974712049e+00 8.484957315800939170e+01
5.121958365376071853e+00 8.235029875859514448e+01
3.060814414777431214e+00 7.502052690919333600e+01
9.996704641787901302e-01 6.386760529472626757e+01
-1.061473486419850509e+00 5.522674695966751557e+01
-3.122617437018491149e+00 4.308535475600510978e+01
-5.183761387617131788e+00 3.505128383347192056e+01
-7.244905338215773760e+00 3.224746684807944064e+01
-9.306049288814413956e+00 2.524989186294526888e+01
-1.136719323941305504e+01 2.493108462563099792e+01
-1.342833719001169435e+01 1.712962448864124809e+01
-1.548948114061033543e+01 1.765129073157524786e+01
-1.755062509120897474e+01 1.324045240119335887e+01
-1.961176904180761582e+01 1.373911839049388739e+01
-2.167291299240625690e+01 1.070665843737215717e+01
-2.373405694300489799e+01 9.583027046409050342e+00
-2.579520089360353907e+01 7.411961255597542930e+00
-2.785634484420218016e+01 7.542310958355598949e+00
-2.991748879480082124e+01 3.018645800372097732e+00
-3.197863274539946232e+01 -9.845353803558464234e-01
-3.403977669599809985e+01 -1.067266473084467204e+00
-3.610092064659674094e+01 -5.332157897267761903e-01
-3.816206459719538913e+01 -2.447493120677076472e+00
-4.022320854779403021e+01 -3.008266502310463331e+00
-4.228435249839266419e+01 -1.690353046177146989e+00
-4.434549644899130527e+01 -1.266949367475931121e+00
-4.640664039958994636e+01 -1.330838910513126194e+00
-4.846778435018858744e+01 2.418232205872903329e+00
-5.052892830078722852e+01 4.669868935412340605e+00
-5.259007225138586961e+01 6.151552081090689406e+00
-5.465121620198450358e+01 9.333310682764516031e+00
-5.671236015258315177e+01 1.166118413304899093e+01
-5.877350410318179286e+01 1.674850709922368353e+01
-6.083464805378043394e+01 1.797944168030142365e+01
-6.289579200437907502e+01 2.142734508362312340e+01
-6.495693595497770900e+01 2.272449651395909953e+01
-6.701807990557635719e+01 2.315294872244886193e+01
-6.907922385617500538e+01 2.287106120948232757e+01
-7.114036780677363936e+01 2.043307552294225360e+01
-7.320151175737228755e+01 1.837807355544899224e+01
-7.526265570797092153e+01 1.803068689164843263e+01
-7.732379965856955550e+01 9.574320590967262845e+00
-7.938494360916820369e+01 4.428589400626392170e+00
-8.144608755976683767e+01 2.914171290294788275e+00
-8.350723151036548586e+01 -1.806057462291188243e+00
-8.556837546096411984e+01 -1.355585648922836284e-01
-8.762951941156276803e+01 -3.341650120628255394e+00
-8.969066336216140201e+01 -2.962341295930107865e+00
-9.175180731276003598e+01 -4.732690481978480967e+00
-9.381295126335868417e+01 -4.996732225396697480e+00
-9.587409521395731815e+01 -4.749091651058630070e+00
-9.793523916455596634e+01 -5.682759050591467798e+00
-9.999638311515461453e+01 -6.875938929064379757e+00
-1.020575270657532485e+02 -4.448402718398491551e+00
-1.041186710163519109e+02 -5.646234366028670237e+00
-1.061798149669505449e+02 -6.554835538555869867e+00
-1.082409589175491931e+02 -7.038346645896818465e+00
-1.103021028681478271e+02 -8.026606656840039378e+00
-1.123632468187464610e+02 -7.211116706624542516e+00
-1.144243907693451092e+02 -8.179550141390230067e+00
-1.164855347199437432e+02 -7.783773454517592505e+00
-1.185466786705423914e+02 -7.880763648278199973e+00
-1.206078226211410254e+02 -1.003766793645277211e+01
-1.226689665717396736e+02 -9.528921730155898828e+00
-1.247301105223383075e+02 -8.386322308050965901e+00
-1.267912544729369415e+02 -1.032904459422242560e+01
-1.288523984235355897e+02 -9.321315244099132258e+00
-1.309135423741342379e+02 -9.580859150233646204e+00
-1.329746863247328861e+02 -8.524214306749184900e+00
-1.350358302753315058e+02 -7.204224531900642603e+00
-1.370969742259301540e+02 -7.061228963208710852e+00
-1.391581181765287738e+02 -8.508956843094759748e+00
-1.412192621271274504e+02 -9.537388027697295101e+00
-1.432804060777260702e+02 -1.165237446351771666e+01
-1.453415500283247184e+02 -1.001901458672374723e+01
-1.474026939789233381e+02 -6.804962816459855013e+00
-1.494638379295220147e+02 -9.816301562789544022e+00
-1.515249818801206345e+02 -8.563103039723447552e+00
-1.535861258307192827e+02 -9.963081631455988685e+00
-1.556472697813179025e+02 -8.815111123066889931e+00
-1.577084137319165507e+02 -9.583842178464646366e+00
-1.597695576825151988e+02 -8.138458561379877665e+00
-1.618307016331138470e+02 -1.034234655557641425e+01
-1.638918455837124952e+02 -8.232085400226617722e+00
-1.659529895343111150e+02 -9.760963573551155292e+00
-1.680141334849097632e+02 -7.009521678579897497e+00
-1.700752774355084114e+02 -9.299026153036175302e+00
-1.721364213861070596e+02 -8.887928436669719545e+00
-1.741975653367056793e+02 -8.309886763690057521e+00
-1.762587092873043275e+02 -9.117093314287773254e+00
-1.783198532379029757e+02 -6.094364898742456127e+00
-1.803809971885016239e+02 -9.859046802055276615e+00
-1.824421411391002437e+02 -7.676425625432613309e+00
-1.845032850896988919e+02 -8.461914944667444871e+00
-1.865644290402975116e+02 -8.300930520421422543e+00
-1.886255729908961882e+02 -9.379189021840927509e+00
-1.906867169414948080e+02 -9.381451189066025265e+00
-1.927478608920934562e+02 -8.787368255765253267e+00
-1.948090048426920760e+02 -9.185443918864216073e+00
-1.968701487932907241e+02 -8.574071726162612705e+00
-1.989312927438893723e+02 -1.113050950853445542e+01
-2.009924366944880205e+02 -1.023002481493062454e+01
-2.030535806450866687e+02 -7.751405042055932171e+00
-2.051147245956852885e+02 -8.142135282741289615e+00
-2.071758685462839367e+02 -9.144031484846840030e+00
-2.092370124968825849e+02 -8.860274914744810104e+00
-2.112981564474812330e+02 -8.545020012196710368e+00
-2.133593003980798528e+02 -1.051981752074627785e+01
-2.154204443486785010e+02 -9.386685995461036214e+00
-2.174815882992771492e+02 -9.650935812563751881e+00
-2.195427322498757974e+02 -8.404313539313397641e+00
-2.216038762004744171e+02 -8.332761178255832846e+00
-2.236650201510730653e+02 -8.901408622360028389e+00
-2.257261641016716851e+02 -9.986332599916421415e+00
-2.277873080522703617e+02 -8.104078860000258899e+00
-2.298484520028689815e+02 -9.703839083414802502e+00
-2.319095959534676297e+02 -8.207841747760882711e+00
-2.339707399040662494e+02 -6.316785360314583819e+00
-2.360318838546648976e+02 -9.062220184044212701e+00
-2.380930278052635458e+02 -9.432452746503862784e+00
-2.401541717558621940e+02 -8.186084804718296581e+00
-2.422153157064608422e+02 -9.326084631122007806e+00
-2.442764596570594620e+02 -9.475050142490564653e+00
-2.463376036076581386e+02 -9.579047166613873898e+00
-2.483987475582567583e+02 -7.661177848183394978e+00
-2.504598915088554065e+02 -7.544714580727409192e+00
-2.525210354594540263e+02 -9.560828507275388688e+00
-2.545821794100526745e+02 -1.203586352146053251e+01
-2.566433233606513227e+02 -1.291216573405512946e+01
-2.587044673112499709e+02 -9.284954198096899702e+00
-2.607656112618486191e+02 -1.372855844259853697e+01
