2.614520058835149143e+02 -7.768345495056295938e-04
2.593908619329162661e+02 -8.577188476652009008e-01
2.573297179823176180e+02 4.657997826218625986e-02
2.552685740317189698e+02 4.781767222180910992e-01
2.532074300811203500e+02 1.749415475475534887e+00
2.511462861305217018e+02 1.642269385803726056e+00
2.490851421799230536e+02 1.260409247322105131e+00
2.470239982293244054e+02 3.031240349771134657e+00
2.449628542787257857e+02 4.132259234809276371e+00
2.429017103281271375e+02 3.622433846889109077e+00
2.408405663775284893e+02 2.831030418170694229e+00
2.387794224269298411e+02 5.545218963258630396e+00
2.367182784763312213e+02 3.775580853554090677e+00
2.346571345257325731e+02 3.349705295324671095e+00
2.325959905751339534e+02 4.339075423110070773e+00
2.305348466245352768e+02 4.964582525421568526e+00
2.284737026739366570e+02 1.175314848008726987e+00
2.264125587233380088e+02 4.374198976202367639e+00
2.243514147727393890e+02 4.640527367960029181e+00
2.222902708221407408e+02 4.446344680396599358e+00
2.202291268715420642e+02 4.680276151961003883e+00
2.181679829209434445e+02 6.122205345032142532e+00
2.161068389703447963e+02 2.420146803174022310e+00
2.140456950197461765e+02 5.083570029429596460e+00
2.119845510691474999e+02 4.142833474451516729e+00
2.099234071185488801e+02 2.516526138568126569e+00
2.078622631679502319e+02 3.538617287547845436e+00
2.058011192173516122e+02 4.375721539473845567e+00
2.037399752667529640e+02 6.672176455075160106e+00
2.016788313161543158e+02 6.122480868350813843e+00
1.996176873655556676e+02 4.653631405486255090e+00
1.975565434149570194e+02 5.026642820091764108e+00
1.954953994643583712e+02 5.436720598204780153e+00
1.934342555137597515e+02 6.610132975396320276e+00
1.913731115631611033e+02 5.870049778843562827e+00
1.893119676125624551e+02 5.059997036309628271e+00
1.872508236619638069e+02 5.901321389207246249e+00
1.851896797113651871e+02 3.152294672871151615e+00
1.831285357607665389e+02 3.340823654287202515e+00
1.810673918101678908e+02 3.910204093409777037e+00
1.790062478595692426e+02 6.560629424388389808e+00
1.769451039089705944e+02 4.522548056079163104e+00
1.748839599583719746e+02 3.057294990343475849e+00
1.728228160077733264e+02 5.549070640365936669e+00
1.707616720571746782e+02 4.313005840227701171e+00
1.687005281065760300e+02 5.530952783119339244e+00
1.666393841559774103e+02 6.320693940173192971e+00
1.645782402053787621e+02 3.245282086475836714e+00
1.625170962547801423e+02 4.453749445090978476e+00
1.604559523041814657e+02 5.069867547669628216e+00
1.583948083535828459e+02 4.259778338756778027e+00
1.563336644029841977e+02 2.465793435533792710e+00
1.542725204523855780e+02 4.308425045060263692e+00
1.522113765017869298e+02 4.895077932615668814e+00
1.501502325511882816e+02 3.618207498650869436e+00
1.480890886005896334e+02 3.999571680209928370e+00
1.460279446499910136e+02 5.403622374882750101e+00
1.439668006993923655e+02 4.525068386615042293e+00
1.419056567487937173e+02 1.123854363284313207e+00
1.398445127981950691e+02 4.078824660103987476e+00
1.377833688475964209e+02 2.656007575361873929e+00
1.357222248969978011e+02 4.707038176971043875e+00
1.336610809463991529e+02 6.117736850334507537e+00
1.315999369958005047e+02 3.693799011920293918e+00
1.295387930452018566e+02 6.212858053335722275e+00
1.274776490946032368e+02 2.624386032015473713e+00
1.254165051440046028e+02 4.839597214795494651e+00
1.233553611934059404e+02 3.186958242645332007e+00
1.212942172428073064e+02 3.840971932804871258e+00
1.192330732922086582e+02 4.863847306329652120e+00
1.171719293416100243e+02 4.114637861244119676e+00
1.151107853910113761e+02 4.344889523588525648e+00
1.130496414404127421e+02 4.159269431931195804e+00
1.109884974898141081e+02 3.082865001268375149e+00
1.089273535392154599e+02 6.822188383791640831e+00
1.068662095886168260e+02 3.655638633722761099e+00
1.048050656380181778e+02 3.076018343634115304e+00
1.027439216874195438e+02 4.674001822791221450e+00
1.006827777368208956e+02 3.850406493662926088e+00
9.862163378622226162e+01 3.814146427276356999e+00
9.656048983562362764e+01 7.501072324776459688e+00
9.449934588502497945e+01 6.788947625849201195e+00
9.243820193442634547e+01 3.985100642762254619e+00
9.037705798382769729e+01 4.986696365383772367e+00
8.831591403322906331e+01 4.117166918825247102e+00
8.625477008263042933e+01 4.747244518382228051e+00
8.419362613203176693e+01 3.882581477424516425e+00
8.213248218143313295e+01 5.515104863453753836e+00
8.007133823083448476e+01 7.406777503323084488e+00
7.801019428023585078e+01 7.146750101405154432e+00
7.594905032963720259e+01 6.864488525195491242e+00
7.388790637903856862e+01 5.305303823773010130e+00
7.182676242843993464e+01 6.028641446537941206e+00
6.976561847784128645e+01 7.828077474402880931e+00
6.770447452724265247e+01 5.274644461921198513e+00
6.564333057664400428e+01 4.571478818072270300e+00
6.358218662604537030e+01 4.562181523017595275e+00
6.152104267544672922e+01 7.656360405390831403e+00
5.945989872484808814e+01 6.483369170900757261e+00
5.739875477424944705e+01 4.057238488295038970e+00
5.533761082365079886e+01 2.694798067384223117e+00
5.327646687305215778e+01 4.150692657965561416e+00
5.121532292245352380e+01 8.482080963466881229e+00
4.915417897185488272e+01 9.476519117119071467e+00
4.709303502125624874e+01 6.876695162696983665e+00
4.503189107065760766e+01 5.137054117009179244e+00
4.297074712005896657e+01 6.934488571333270457e+00
4.090960316946032549e+01 1.117599511720232108e+01
3.884845921886168441e+01 1.008404738846957294e+01
3.678731526826303622e+01 1.259583775464718336e+01
3.472617131766440224e+01 1.478905887492792282e+01
3.266502736706576115e+01 1.642946407678722309e+01
3.060388341646712007e+01 1.863183415145412880e+01
2.854273946586847899e+01 2.743704305632201823e+01
2.648159551526983790e+01 2.970184218350647143e+01
2.442045156467120037e+01 3.556352176679115473e+01
2.235930761407255574e+01 4.235038586980883935e+01
2.029816366347391465e+01 4.906378756465775837e+01
1.823701971287527357e+01 6.214097303721342769e+01
1.617587576227663249e+01 7.530029898543163824e+01
1.411473181167799318e+01 8.447696190304451136e+01
1.205358786107935209e+01 8.787696633284174652e+01
9.992443910480709235e+00 8.319553427784495625e+01
7.931299959882069928e+00 7.927647742755455340e+01
5.870156009283429732e+00 6.859498530457088350e+01
3.809012058684789537e+00 5.750927949091524027e+01
1.747868108086148009e+00 4.428564993296554775e+01
-3.132758425124927415e-01 3.735078281463785288e+01
-2.374419793111133714e+00 3.046782105834802934e+01
-4.435563743709773910e+00 2.420282345859774153e+01
-6.496707694308415881e+00 2.284031479930259323e+01
-8.557851644907055189e+00 1.489089543211089328e+01
-1.061899559550569805e+01 1.525984725573443157e+01
-1.268013954610433558e+01 1.430903373325237204e+01
-1.474128349670297844e+01 1.419671703655527395e+01
-1.680242744730162130e+01 1.163375152619165043e+01
-1.886357139790025883e+01 9.569956914387130809e+00
-2.092471534849889991e+01 1.081747490474618978e+01
-2.298585929909754100e+01 1.157273152827518636e+01
-2.504700324969617853e+01 9.387438775770736044e+00
-2.710814720029482316e+01 1.051577271170685002e+01
-2.916929115089346425e+01 6.478471114265992981e+00
-3.123043510149210178e+01 6.805778415905765932e+00
-3.329157905209074642e+01 7.515389033452536616e+00
-3.535272300268938039e+01 5.809010238607184462e+00
-3.741386695328802148e+01 5.762274240548252990e+00
-3.947501090388666256e+01 5.207294305200918849e+00
-4.153615485448531075e+01 7.637792775038763082e+00
-4.359729880508395183e+01 6.214116202685096901e+00
-4.565844275568259292e+01 5.326234469801060634e+00
-4.771958670628123400e+01 6.956570923489003633e+00
-4.978073065687987508e+01 7.865126824065127309e+00
-5.184187460747851617e+01 7.827119944221131220e+00
-5.390301855807715725e+01 7.365151376207339950e+00
-5.596416250867579834e+01 8.628055965225234658e+00
-5.802530645927443942e+01 8.077535264236221479e+00
-6.008645040987308050e+01 1.035278707170079748e+01
-6.214759436047172159e+01 1.251321242556996793e+01
-6.420873831107036267e+01 1.257711143830976219e+01
-6.626988226166899665e+01 1.455758433095931359e+01
-6.833102621226763063e+01 1.247591092984927741e+01
-7.039217016286629303e+01 1.410718639516526629e+01
-7.245331411346492700e+01 1.267111394523591983e+01
-7.451445806406357519e+01 9.267637271230647400e+00
-7.657560201466220917e+01 1.052830262294744301e+01
-7.863674596526085736e+01 8.804482144500759944e+00
-8.069788991585949134e+01 8.439848183301375428e+00
-8.275903386645812532e+01 8.476726197856631728e+00
-8.482017781705677351e+01 6.511520411051088253e+00
-8.688132176765540748e+01 5.418171613839316336e+00
-8.894246571825405567e+01 4.736430079919411895e+00
-9.100360966885268965e+01 4.164585759941027199e+00
-9.306475361945133784e+01 4.928443643091063642e+00
-9.512589757004997182e+01 1.237235492010947846e+00
-9.718704152064860580e+01 2.609664034683181200e+00
-9.924818547124725399e+01 4.497527952993351619e+00
-1.013093294218458880e+02 4.733024542734681761e-01
-1.033704733724445362e+02 6.154231623631553072e-01
-1.054316173230431701e+02 8.299965413904168976e-01
-1.074927612736418041e+02 -1.041438673146545923e+00
-1.095539052242404665e+02 1.684829331120498430e-01
-1.116150491748391005e+02 4.553090305243998603e-01
-1.136761931254377487e+02 2.044430406026095104e-01
-1.157373370760363827e+02 3.262430545698589590e+00
-1.177984810266350308e+02 2.255685887912241228e+00
-1.198596249772336648e+02 1.570435196730642774e-02
-1.219207689278322988e+02 1.772522786329954636e+00
-1.239819128784309470e+02 2.999108050552808796e-02
-1.260430568290295810e+02 1.911632685211619442e+00
-1.281042007796282292e+02 2.611201722039668827e-01
-1.301653447302268773e+02 -1.199648278069765261e+00
-1.322264886808255255e+02 1.043714043968717586e+00
-1.342876326314241453e+02 -2.660751921723860658e-01
-1.363487765820227935e+02 -1.306840075433426673e-01
-1.384099205326214133e+02 -1.053378317116418383e+00
-1.404710644832200899e+02 8.065658984361337991e-01
-1.425322084338187096e+02 1.192276265578718908e-01
-1.445933523844173578e+02 -1.239276608338216734e+00
-1.466544963350159776e+02 -1.140738054284737624e+00
-1.487156402856146258e+02 -1.438599085923668808e+00
-1.507767842362132740e+02 2.538243510110090306e-01
-1.528379281868119222e+02 -1.078054785747232236e+00
-1.548990721374105419e+02 -2.530399144722041971e+00
-1.569602160880091901e+02 -2.328734879366244348e-01
-1.590213600386078383e+02 1.872891871527436816e-02
-1.610825039892064865e+02 4.807749619990668855e-01
-1.631436479398051063e+02 1.651821482122636797e-01
-1.652047918904037545e+02 -7.782625547821194756e-01
-1.672659358410024026e+02 -2.783606538292424104e-01
-1.693270797916010508e+02 5.115249573637445923e-01
-1.713882237421996990e+02 6.421408756872662438e-02
-1.734493676927983188e+02 -3.821806078282576763e-02
-1.755105116433969670e+02 -8.980789498388038750e-01
-1.775716555939955867e+02 7.155733645152025924e-01
-1.796327995445942634e+02 -3.343622293817592461e-01
-1.816939434951928831e+02 -6.344123894399584795e-01
-1.837550874457915313e+02 -2.355168865536592548e+00
-1.858162313963901511e+02 -1.499589927469892725e+00
-1.878773753469888277e+02 -1.084938840182177344e+00
-1.899385192975874475e+02 -8.781691627679312218e-01
-1.919996632481860956e+02 3.003763948860542210e-01
-1.940608071987847154e+02 8.639155849953145117e-01
-1.961219511493833636e+02 2.109276110726565623e+00
-1.981830950999819834e+02 2.744059795644424593e-01
-2.002442390505806316e+02 5.044543229317394184e-01
-2.023053830011792513e+02 -2.532212715432086148e-01
-2.043665269517778995e+02 -2.998765832573596413e+00
-2.064276709023765761e+02 -5.011789482133117701e-01
-2.084888148529751959e+02 -1.637266639718699457e+00
-2.105499588035738441e+02 -8.775149324474875723e-01
-2.126111027541724638e+02 -7.993025341390659344e-01
-2.146722467047711405e+02 -2.037779349616285263e+00
-2.167333906553697602e+02 -1.244365859385795775e-01
-2.187945346059684084e+02 -1.715332684733379853e+00
-2.208556785565670282e+02 -1.285007653825038787e+00
-2.229168225071656764e+02 -1.822241019333352918e+00
-2.249779664577643246e+02 -6.549696378118555762e-01
-2.270391104083629727e+02 -1.196189187209499627e+00
-2.291002543589615925e+02 -1.326474669271977325e+00
-2.311613983095602407e+02 -2.412595125918398087e-01
-2.332225422601588605e+02 -1.628470912496581047e+00
-2.352836862107575371e+02 -1.085512438741282892e+00
-2.373448301613561569e+02 -2.792495728598885396e+00
-2.394059741119548050e+02 -1.519262333639233908e+00
-2.414671180625534248e+02 -1.820021210784936949e+00
-2.435282620131521014e+02 -2.070877422734043627e+00
-2.455894059637507496e+02 -5.847230064950666995e-01
-2.476505499143493694e+02 -5.137682958502808317e-01
-2.497116938649480176e+02 -9.958089483963129540e-01
-2.517728378155466373e+02 1.115195953826864761e+00
-2.538339817661453139e+02 -2.134812175338005158e+00
-2.558951257167439337e+02 -1.551289216880541222e+00
-2.579562696673425535e+02 -9.480824811021511256e-02
-2.600174136179412017e+02 -9.294275629285964069e-01
-2.620785575685398499e+02 -8.851068275542822716e-01
-2.641397015191384980e+02 -4.020686651228433384e-02
