2.684523312210891959e+02 2.440558631832714376e+00
2.663911872704904908e+02 4.486164609548430882e+00
2.643300433198918995e+02 5.494479569372656691e+00
2.622688993692932513e+02 2.927041214111602674e+00
2.602077554186946031e+02 6.221882482536331693e+00
2.581466114680959549e+02 5.182898630317027688e+00
2.560854675174973067e+02 6.613304405967146415e+00
2.540243235668986870e+02 6.247869496715333426e+00
2.519631796163000388e+02 5.908058813286572786e+00
2.499020356657014190e+02 7.240407785641921556e+00
2.478408917151027424e+02 5.571147258959405768e+00
2.457797477645041226e+02 6.846928557342796928e+00
2.437186038139054745e+02 7.354324009686401986e+00
2.416574598633068547e+02 7.928372064871921587e+00
2.395963159127082065e+02 7.939186556204316680e+00
2.375351719621095583e+02 6.963276624630212908e+00
2.354740280115109101e+02 5.105289002012203703e+00
2.334128840609122619e+02 6.629772219927079213e+00
2.313517401103136422e+02 9.746303633847102077e+00
2.292905961597149940e+02 7.849351221090017816e+00
2.272294522091163458e+02 8.970691496127539466e+00
2.251683082585176976e+02 8.895060603636020247e+00
2.231071643079190778e+02 7.179388370198088509e+00
2.210460203573204296e+02 8.347330910582728691e+00
2.189848764067217814e+02 8.094790422063333324e+00
2.169237324561231333e+02 5.106606679330987220e+00
2.148625885055245135e+02 9.477141254375862189e+00
2.128014445549258653e+02 6.921181412827666968e+00
2.107403006043272455e+02 8.004044297619616444e+00
2.086791566537285689e+02 7.831172345706026938e+00
2.066180127031299492e+02 9.553504200454462136e+00
2.045568687525313010e+02 8.306864080037927422e+00
2.024957248019326812e+02 6.894903189576780278e+00
2.004345808513340330e+02 9.695548638406460640e+00
1.983734369007353848e+02 8.269771046004660064e+00
1.963122929501367082e+02 9.161975839957344547e+00
1.942511489995380600e+02 8.854895008326067796e+00
1.921900050489394403e+02 1.037523985037253560e+01
1.901288610983407921e+02 1.143504007611647388e+01
1.880677171477421723e+02 9.228698635982659937e+00
1.860065731971434957e+02 6.377513617840848248e+00
1.839454292465448759e+02 7.301764457523267637e+00
1.818842852959462277e+02 9.379466583477924502e+00
1.798231413453476080e+02 9.162204440573969322e+00
1.777619973947489314e+02 8.861728947551403834e+00
1.757008534441503116e+02 9.163639437611369232e+00
1.736397094935516634e+02 6.743501716836213689e+00
1.715785655429530436e+02 6.932688075639777736e+00
1.695174215923543954e+02 8.838871035009589150e+00
1.674562776417557473e+02 7.872891628378592799e+00
1.653951336911570991e+02 8.132123260333484538e+00
1.633339897405584793e+02 9.921260700987380332e+00
1.612728457899598311e+02 9.713499995365530992e+00
1.592117018393612113e+02 7.762470014916213579e+00
1.571505578887625347e+02 9.815603442462355943e+00
1.550894139381638865e+02 7.758455204331850652e+00
1.530282699875652668e+02 8.381911534688008203e+00
1.509671260369666186e+02 1.013287862412308726e+01
1.489059820863679704e+02 6.172596682252106781e+00
1.468448381357693222e+02 8.320045544664791848e+00
1.447836941851707024e+02 7.294795605136476624e+00
1.427225502345720543e+02 9.260518311238419287e+00
1.406614062839734345e+02 8.040673554627618458e+00
1.386002623333747579e+02 7.485231958662341256e+00
1.365391183827761381e+02 9.197546924664793622e+00
1.344779744321774899e+02 9.784315767143501930e+00
1.324168304815788701e+02 6.958239443213624753e+00
1.303556865309802220e+02 7.782283082811513708e+00
1.282945425803815738e+02 8.415628972989834367e+00
1.262333986297829256e+02 9.510953346144219722e+00
1.241722546791842916e+02 8.594403422209325072e+00
1.221111107285856434e+02 6.756450582213232359e+00
1.200499667779870094e+02 9.155280267269837680e+00
1.179888228273883755e+02 9.828365226404365274e+00
1.159276788767897273e+02 7.568057763330069854e+00
1.138665349261910933e+02 6.286283584425500948e+00
1.118053909755924451e+02 8.039248167462686112e+00
1.097442470249938111e+02 9.033091140776550176e+00
1.076831030743951629e+02 8.538268858769489711e+00
1.056219591237965290e+02 6.576562259454484582e+00
1.035608151731978950e+02 8.547546007591162009e+00
1.014996712225992468e+02 9.777780599100241332e+00
9.943852727200059860e+01 1.088976032058614329e+01
9.737738332140195041e+01 7.355280911755094131e+00
9.531623937080331643e+01 5.565126976657556845e+00
9.325509542020466824e+01 6.942619417901638279e+00
9.119395146960603427e+01 6.954167167879938383e+00
8.913280751900740029e+01 6.338578041847178213e+00
8.707166356840875210e+01 7.868208428822673461e+00
8.501051961781011812e+01 9.432551159767442073e+00
8.294937566721146993e+01 8.618384686872307299e+00
8.088823171661283595e+01 8.078616997906692632e+00
7.882708776601418776e+01 6.086235319831684087e+00
7.676594381541555379e+01 8.315801810999062127e+00
7.470479986481691981e+01 9.100710436405133663e+00
7.264365591421827162e+01 6.272370232629269182e+00
7.058251196361963764e+01 4.374989117863208321e+00
6.852136801302098945e+01 9.009464406160173411e+00
6.646022406242235547e+01 8.685169080077344006e+00
6.439908011182370728e+01 7.404406301134078383e+00
6.233793616122506620e+01 7.147649807645776399e+00
6.027679221062642512e+01 7.817981927960228283e+00
5.821564826002778403e+01 9.356795583188764809e+00
5.615450430942915006e+01 9.383714258835871291e+00
5.409336035883050897e+01 7.625318404598560917e+00
5.203221640823186078e+01 6.580284842245081478e+00
4.997107245763321970e+01 9.185731627018938639e+00
4.790992850703457862e+01 1.047381402123297534e+01
4.584878455643593753e+01 1.129516654661490271e+01
4.378764060583729645e+01 8.717634535036317800e+00
4.172649665523866247e+01 1.072702897211973649e+01
3.966535270464002139e+01 7.857768477277919494e+00
3.760420875404138030e+01 8.609211163129076638e+00
3.554306480344273922e+01 8.811979567749398612e+00
3.348192085284409814e+01 1.044492489346656150e+01
3.142077690224545705e+01 9.569567793970007230e+00
2.935963295164681597e+01 1.250805310499124090e+01
2.729848900104817133e+01 1.473216601936830905e+01
2.523734505044953380e+01 1.653476038301638695e+01
2.317620109985089272e+01 2.320883160662621947e+01
2.111505714925225163e+01 2.853845500274036340e+01
1.905391319865361055e+01 3.790368601480256672e+01
1.699276924805496947e+01 4.935652534252127310e+01
1.493162529745632838e+01 6.563081804267245900e+01
1.287048134685768908e+01 7.815776532340474603e+01
1.080933739625904622e+01 9.034897811093084385e+01
8.748193445660406908e+00 1.006925467426701033e+02
6.687049495061765825e+00 1.014281678053919222e+02
4.625905544463125629e+00 1.005139967063046669e+02
2.564761593864484990e+00 1.060570245512109295e+02
5.036176432658440172e-01 1.022063744083290970e+02
-1.557526307332796733e+00 9.708101883892869921e+01
-3.618670257931437373e+00 8.909036608287510717e+01
-5.679814208530078012e+00 8.154776966401841776e+01
-7.740958159128719984e+00 7.542428134733482636e+01
-9.802102109727361068e+00 6.537096536863766971e+01
-1.186324606032600038e+01 5.839957594892832304e+01
-1.392439001092464324e+01 5.088597481183782634e+01
-1.598553396152328254e+01 4.459629260914817195e+01
-1.804667791212192185e+01 4.078664087592617449e+01
-2.010782186272056293e+01 3.178715629522313435e+01
-2.216896581331920757e+01 2.887486544004718425e+01
-2.423010976391784510e+01 2.850413097325302658e+01
-2.629125371451648618e+01 2.425318284158471371e+01
-2.835239766511512727e+01 2.302469453082351691e+01
-3.041354161571376835e+01 2.110383639722716964e+01
-3.247468556631240943e+01 2.417446287281912376e+01
-3.453582951691105052e+01 2.255851728365723119e+01
-3.659697346750969160e+01 2.314837159919151333e+01
-3.865811741810833269e+01 2.335705835991236867e+01
-4.071926136870696666e+01 2.217002367136641894e+01
-4.278040531930560775e+01 2.171417921266061057e+01
-4.484154926990425594e+01 1.957365946588621242e+01
-4.690269322050289702e+01 1.776452964702569304e+01
-4.896383717110153810e+01 1.975647081525093540e+01
-5.102498112170017919e+01 1.709485700920232887e+01
-5.308612507229882027e+01 1.706542626404796081e+01
-5.514726902289745425e+01 1.883421612235942177e+01
-5.720841297349609533e+01 2.160945762885559418e+01
-5.926955692409473642e+01 1.778930251777115146e+01
-6.133070087469337750e+01 2.318781774458816969e+01
-6.339184482529201858e+01 2.166114546607726155e+01
-6.545298877589065967e+01 2.214956605893004848e+01
-6.751413272648930786e+01 2.792194817584077171e+01
-6.957527667708794183e+01 2.472634966859195416e+01
-7.163642062768659002e+01 2.733513551133521702e+01
-7.369756457828522400e+01 2.560211741511986006e+01
-7.575870852888385798e+01 2.473183345235128527e+01
-7.781985247948250617e+01 2.313278505383060235e+01
-7.988099643008114015e+01 2.252541395641818056e+01
-8.194214038067978834e+01 1.808665965934735453e+01
-8.400328433127842231e+01 2.145369136511762065e+01
-8.606442828187707050e+01 1.917791401186766009e+01
-8.812557223247570448e+01 1.859034102401912847e+01
-9.018671618307433846e+01 1.538399373633035339e+01
-9.224786013367298665e+01 1.660985448060131731e+01
-9.430900408427163484e+01 1.414472310369843200e+01
-9.637014803487028303e+01 1.261883115377747444e+01
-9.843129198546891701e+01 1.114845735483948630e+01
-1.004924359360675652e+02 8.950591888070279722e+00
-1.025535798866661992e+02 1.186588053636102202e+01
-1.046147238372648332e+02 1.100678603944531098e+01
-1.066758677878634813e+02 1.076667634898642056e+01
-1.087370117384621153e+02 8.923828993866219861e+00
-1.107981556890607635e+02 8.186340286345934913e+00
-1.128592996396593975e+02 8.755468585237146328e+00
-1.149204435902580457e+02 1.176590606120587879e+01
-1.169815875408566797e+02 9.777502294047216935e+00
-1.190427314914553136e+02 6.992733936825496599e+00
-1.211038754420539618e+02 7.685045385708889398e+00
-1.231650193926525958e+02 9.193021734542229595e+00
-1.252261633432512440e+02 6.391022986439537590e+00
-1.272873072938498780e+02 7.315680666755167039e+00
-1.293484512444485404e+02 4.521374143318158012e+00
-1.314095951950471601e+02 4.530356888744445421e+00
-1.334707391456458083e+02 3.859096695881807815e+00
-1.355318830962444565e+02 7.317829613626374297e+00
-1.375930270468430763e+02 6.408519219677152989e+00
-1.396541709974417245e+02 3.685491313727810248e+00
-1.417153149480403727e+02 3.412169035001340500e+00
-1.437764588986390208e+02 2.720660137657238131e+00
-1.458376028492376406e+02 4.897584319905867289e+00
-1.478987467998362888e+02 3.491313590245887610e+00
-1.499598907504349086e+02 2.437269623547799302e+00
-1.520210347010335852e+02 2.831417604468313698e+00
-1.540821786516322334e+02 2.678894210611022508e+00
-1.561433226022308531e+02 3.008423548920907464e+00
-1.582044665528295013e+02 3.850364934547916285e+00
-1.602656105034281211e+02 5.165943121732353704e-01
-1.623267544540267977e+02 2.401586638772059246e+00
-1.643878984046254175e+02 4.991268402488826084e+00
-1.664490423552240657e+02 1.597681668334171023e+00
-1.685101863058226854e+02 2.127763924616903335e+00
-1.705713302564213620e+02 3.212097886205506292e+00
-1.726324742070199818e+02 2.188287757730763783e+00
-1.746936181576186300e+02 2.068242660304156821e+00
-1.767547621082172498e+02 1.558532183479823141e+00
-1.788159060588158979e+02 -5.383824564829948339e-02
-1.808770500094145461e+02 1.599808602066601360e+00
-1.829381939600131943e+02 2.310016627043927517e+00
-1.849993379106118141e+02 1.212212341154937256e+00
-1.870604818612104623e+02 1.045289542765569069e+00
-1.891216258118090821e+02 2.131128114904460524e+00
-1.911827697624077587e+02 2.486404414847961153e+00
-1.932439137130064069e+02 2.890765494643423583e+00
-1.953050576636050266e+02 2.511803577017694966e+00
-1.973662016142036748e+02 7.452604878429123225e-01
-1.994273455648022946e+02 7.776096051672646281e-01
-2.014884895154009428e+02 2.485089052239929153e+00
-2.035496334659995625e+02 2.989189828583202591e+00
-2.056107774165982107e+02 1.398831352660487859e+00
-2.076719213671968589e+02 3.870208169401238685e+00
-2.097330653177955071e+02 2.114312153144310980e+00
-2.117942092683941269e+02 2.006938484521251898e+00
-2.138553532189927751e+02 2.342174679680935512e+00
-2.159164971695913948e+02 7.355305443458810821e-02
-2.179776411201900714e+02 1.602320536447331190e+00
-2.200387850707886912e+02 3.671508917608947709e+00
-2.220999290213873394e+02 1.825709838873675883e+00
-2.241610729719859592e+02 1.728837413304254778e+00
-2.262222169225846358e+02 2.943799104200691019e+00
-2.282833608731832555e+02 3.578742981063420814e+00
-2.303445048237819037e+02 3.972214378401461410e+00
-2.324056487743805519e+02 -5.589075427175506094e-01
-2.344667927249791717e+02 1.317937832402890530e+00
-2.365279366755778483e+02 3.213413924276770750e+00
-2.385890806261764681e+02 3.186901438908111395e+00
-2.406502245767751162e+02 2.173700007006581281e+00
-2.427113685273737360e+02 2.766795697869536497e+00
-2.447725124779723842e+02 2.947970817254984777e+00
-2.468336564285710324e+02 5.699111375117665190e+00
-2.488948003791696806e+02 5.372518769706788433e+00
-2.509559443297683003e+02 5.892097606727158876e+00
-2.530170882803669485e+02 7.105799383840575301e-01
-2.550782322309655683e+02 4.552540206421751279e+00
-2.571393761815642165e+02 4.597703815059603016e+00
