2.619441374873588302e+02 1.798391006507839673e+00
2.598829935367601820e+02 3.589059183080877791e+00
2.578218495861615338e+02 5.323880274507003740e+00
2.557607056355628856e+02 5.238933405876426086e+00
2.536995616849642659e+02 2.895158794577274541e+00
2.516384177343656177e+02 2.875689859047791508e+00
2.495772737837669695e+02 3.618927394463219205e+00
2.475161298331683213e+02 4.289357845125039148e+00
2.454549858825697015e+02 4.272940094710837577e+00
2.433938419319710533e+02 4.234373969712389219e+00
2.413326979813724336e+02 3.334788000848640355e+00
2.392715540307737569e+02 6.207848733058304980e+00
2.372104100801751372e+02 6.737916585732977026e+00
2.351492661295764890e+02 5.596748778538668923e+00
2.330881221789778408e+02 5.338182904835528930e+00
2.310269782283791926e+02 6.605949051872163302e+00
2.289658342777805444e+02 5.098826317021558197e+00
2.269046903271819247e+02 6.165969434610970801e+00
2.248435463765832765e+02 6.132198842417312612e+00
2.227824024259846567e+02 7.019280950962645704e+00
2.207212584753859801e+02 5.938193847476494369e+00
2.186601145247873603e+02 4.859071973825624724e+00
2.165989705741887121e+02 5.972418376401005702e+00
2.145378266235900924e+02 8.521905837549919482e+00
2.124766826729914442e+02 7.668421880060182438e+00
2.104155387223927960e+02 6.681940295456066714e+00
2.083543947717941478e+02 5.196987345659119129e+00
2.062932508211955280e+02 4.971356030869490183e+00
2.042321068705968798e+02 7.013086706178651930e+00
2.021709629199982317e+02 4.517666703720785826e+00
2.001098189693995835e+02 5.614241938735151649e+00
1.980486750188009637e+02 5.255927196673271240e+00
1.959875310682023155e+02 7.327472966736799265e+00
1.939263871176036673e+02 6.870075772420770832e+00
1.918652431670050191e+02 5.625859288341703568e+00
1.898040992164063709e+02 6.847263856820934969e+00
1.877429552658077512e+02 5.385992566684145721e+00
1.856818113152091030e+02 8.525328065282847589e+00
1.836206673646104832e+02 6.415010692163604311e+00
1.815595234140118066e+02 5.680129264124210486e+00
1.794983794634131868e+02 7.014435661343784822e+00
1.774372355128145387e+02 6.671461131128934241e+00
1.753760915622159189e+02 5.841078425984177258e+00
1.733149476116172423e+02 4.357039270941537978e+00
1.712538036610186225e+02 5.771913496212705219e+00
1.691926597104199743e+02 8.524231417796153565e+00
1.671315157598213545e+02 1.071573758280926114e+01
1.650703718092227064e+02 7.853775612903113768e+00
1.630092278586240582e+02 4.558592486203432159e+00
1.609480839080254100e+02 8.195312158730299501e+00
1.588869399574267902e+02 5.998865227886102325e+00
1.568257960068281420e+02 5.964108097034977796e+00
1.547646520562294938e+02 7.475455975220058669e+00
1.527035081056308456e+02 7.153833040210836991e+00
1.506423641550321975e+02 6.727642630416013070e+00
1.485812202044335777e+02 7.771818092351605145e+00
1.465200762538349295e+02 6.938592805340412006e+00
1.444589323032363097e+02 6.962412875026092962e+00
1.423977883526376331e+02 6.307564723110321125e+00
1.403366444020390134e+02 5.397876562606789719e+00
1.382755004514403652e+02 6.879510860911653758e+00
1.362143565008417454e+02 8.343919279980884340e+00
1.341532125502430688e+02 8.315502858948539355e+00
1.320920685996444490e+02 7.100698459920307570e+00
1.300309246490458008e+02 6.383944938319384477e+00
1.279697806984471669e+02 6.024540278817580585e+00
1.259086367478485187e+02 5.302589840157893697e+00
1.238474927972498847e+02 8.361930720902872594e+00
1.217863488466512365e+02 7.918833427304512895e+00
1.197252048960526025e+02 6.173645278422050353e+00
1.176640609454539543e+02 6.672030235907151052e+00
1.156029169948553204e+02 9.072853725966528060e+00
1.135417730442566864e+02 7.719589647288945145e+00
1.114806290936580382e+02 6.122722829342946760e+00
1.094194851430594042e+02 7.324013827338130334e+00
1.073583411924607560e+02 7.562936449935018679e+00
1.052971972418621220e+02 7.580742595166821474e+00
1.032360532912634881e+02 5.526145774038528913e+00
1.011749093406648399e+02 4.343655972044362379e+00
9.911376539006620590e+01 5.665538048529759507e+00
9.705262143946752929e+01 3.927771028391586761e+00
9.499147748886889531e+01 4.703477032419752568e+00
9.293033353827026133e+01 5.592706438570122174e+00
9.086918958767161314e+01 3.768150734643394895e+00
8.880804563707297916e+01 5.242441625316384801e+00
8.674690168647433097e+01 7.311544554052214373e+00
8.468575773587569699e+01 7.435827291229667679e+00
8.262461378527704881e+01 6.442818784481096017e+00
8.056346983467841483e+01 7.610769366712538897e+00
7.850232588407978085e+01 5.108383992498008119e+00
7.644118193348113266e+01 5.528688136812155207e+00
7.438003798288249868e+01 6.940485046896586852e+00
7.231889403228385049e+01 7.253198369132061174e+00
7.025775008168521651e+01 6.256781273421013090e+00
6.819660613108658254e+01 5.057946000988724933e+00
6.613546218048793435e+01 4.803473312458311995e+00
6.407431822988928616e+01 4.880687640634758573e+00
6.201317427929064507e+01 6.682473397469757437e+00
5.995203032869201110e+01 6.239881372181770303e+00
5.789088637809337001e+01 6.208871534247586865e+00
5.582974242749472893e+01 7.671029499931866447e+00
5.376859847689608785e+01 4.773699539261458291e+00
5.170745452629744676e+01 8.004627761688649201e+00
4.964631057569879857e+01 6.991842660162933321e+00
4.758516662510016459e+01 5.198044255932208202e+00
4.552402267450152351e+01 7.093069049604464382e+00
4.346287872390288243e+01 6.857368145975016205e+00
4.140173477330424134e+01 7.517495308148332889e+00
3.934059082270560026e+01 8.006954651344264207e+00
3.727944687210695918e+01 4.064553516510748032e+00
3.521830292150831809e+01 5.531252804363345099e+00
3.315715897090968411e+01 5.927981425603968901e+00
3.109601502031103593e+01 7.912738279466157820e+00
2.903487106971239839e+01 9.518329800394811357e+00
2.697372711911375731e+01 9.305673653019814751e+00
2.491258316851511267e+01 1.412998296017793898e+01
2.285143921791647514e+01 1.394877624954707152e+01
2.079029526731783761e+01 1.682226398063560069e+01
1.872915131671919653e+01 2.033571079543017035e+01
1.666800736612055545e+01 2.973360621242629875e+01
1.460686341552191436e+01 3.876548251912196719e+01
1.254571946492327328e+01 4.913462774676823130e+01
1.048457551432463219e+01 6.569405296010748430e+01
8.423431563725991111e+00 7.740803355730426460e+01
6.362287613127350916e+00 8.503443310493236140e+01
4.301143662528709832e+00 8.671634152982201726e+01
2.239999711930068749e+00 8.098583098725964646e+01
1.788557613314282202e-01 7.465129668662936524e+01
-1.882288189267212530e+00 6.483181787757243342e+01
-3.943432139865853170e+00 5.933466387741209758e+01
-6.004576090464493809e+00 5.360143770648902262e+01
-8.065720041063135781e+00 4.705317544715486378e+01
-1.012686399166177686e+01 4.181046172933914562e+01
-1.218800794226041617e+01 4.089181358727415017e+01
-1.424915189285905726e+01 3.478989553386158207e+01
-1.631029584345769834e+01 3.386893973580124850e+01
-1.837143979405633942e+01 2.827064507836003671e+01
-2.043258374465497695e+01 2.295250491745164823e+01
-2.249372769525362159e+01 2.266708205709383606e+01
-2.455487164585226267e+01 1.866221159132665974e+01
-2.661601559645090376e+01 1.881527027463566171e+01
-2.867715954704954484e+01 1.656281355999191973e+01
-3.073830349764818592e+01 1.454044800585738351e+01
-3.279944744824683056e+01 1.579428906285710532e+01
-3.486059139884547164e+01 1.401234239397773962e+01
-3.692173534944410562e+01 1.443175763808024570e+01
-3.898287930004274671e+01 1.549580283270809566e+01
-4.104402325064138779e+01 1.631111760146502476e+01
-4.310516720124002887e+01 1.473030293371387245e+01
-4.516631115183866996e+01 1.394911094358089620e+01
-4.722745510243731815e+01 1.482092544052239091e+01
-4.928859905303595212e+01 1.345119800549880829e+01
-5.134974300363459321e+01 1.199413444244739324e+01
-5.341088695423323429e+01 1.487645411594857947e+01
-5.547203090483187538e+01 1.065071151451961740e+01
-5.753317485543051646e+01 1.007116046006326293e+01
-5.959431880602915754e+01 1.125792664314599456e+01
-6.165546275662779863e+01 1.538916485798869438e+01
-6.371660670722643260e+01 1.343553093105097851e+01
-6.577775065782508079e+01 1.393995058822269861e+01
-6.783889460842372898e+01 1.195940013767481780e+01
-6.990003855902236296e+01 1.386285769316116401e+01
-7.196118250962099694e+01 1.557442303513159665e+01
-7.402232646021964513e+01 1.532305623275737183e+01
-7.608347041081827911e+01 1.158813041851577808e+01
-7.814461436141692730e+01 1.301603854534992877e+01
-8.020575831201556127e+01 1.547553002693397595e+01
-8.226690226261420946e+01 1.059669882235430016e+01
-8.432804621321284344e+01 1.318391241948755521e+01
-8.638919016381147742e+01 1.093083710905604278e+01
-8.845033411441012561e+01 1.051894716967331789e+01
-9.051147806500875959e+01 1.012825290722727800e+01
-9.257262201560740777e+01 9.732938276106469999e+00
-9.463376596620604175e+01 6.353815506787641176e+00
-9.669490991680470415e+01 6.107484183052832805e+00
-9.875605386740333813e+01 7.450530053544812681e+00
-1.008171978180019721e+02 4.775582946124515615e+00
-1.028783417686006061e+02 2.926339687877734352e+00
-1.049394857191992401e+02 6.272513301534191399e+00
-1.070006296697978883e+02 2.512974308402042833e+00
-1.090617736203965222e+02 2.519067024477761763e+00
-1.111229175709951704e+02 4.935024276929576459e+00
-1.131840615215938044e+02 3.902739487083579206e+00
-1.152452054721924526e+02 5.011147638295760487e+00
-1.173063494227910866e+02 3.784712694621866547e+00
-1.193674933733897205e+02 2.696521412094965875e+00
-1.214286373239883687e+02 5.431442344650967868e+00
-1.234897812745870027e+02 4.125891902497739849e+00
-1.255509252251856509e+02 1.509395309198388491e+00
-1.276120691757842849e+02 2.672368010752292466e+00
-1.296732131263829331e+02 3.096766501750390255e+00
-1.317343570769815813e+02 1.834783471094649121e+00
-1.337955010275802010e+02 3.299201718580036857e+00
-1.358566449781788492e+02 3.566385969636665987e+00
-1.379177889287774974e+02 1.810246166113400834e+00
-1.399789328793761456e+02 3.482650402487993180e+00
-1.420400768299747654e+02 5.663060239492477832e-01
-1.441012207805734135e+02 2.748051662725099487e+00
-1.461623647311720333e+02 3.106477970345062012e+00
-1.482235086817707099e+02 1.130708603252093214e+00
-1.502846526323693297e+02 1.125485434193173928e+00
-1.523457965829679779e+02 1.313121823349999051e+00
-1.544069405335666261e+02 2.327570026502181921e+00
-1.564680844841652743e+02 2.650938949939849021e+00
-1.585292284347639225e+02 1.587519411673444791e+00
-1.605903723853625422e+02 2.137327532012179621e+00
-1.626515163359611904e+02 2.578431989821029724e+00
-1.647126602865598102e+02 -1.714810481889825766e-01
-1.667738042371584868e+02 2.516177934490016810e+00
-1.688349481877571066e+02 2.197903653236176869e+00
-1.708960921383557547e+02 1.955445585114294060e-01
-1.729572360889543745e+02 1.111219628515221380e+00
-1.750183800395530227e+02 8.917224900791672626e-01
-1.770795239901516709e+02 3.904318617165814409e+00
-1.791406679407503191e+02 2.823144639683945023e+00
-1.812018118913489388e+02 4.596592569164845155e-01
-1.832629558419475870e+02 2.620803549706984370e+00
-1.853240997925462352e+02 9.829974323043504381e-01
-1.873852437431448834e+02 3.361250315946279765e-01
-1.894463876937435032e+02 2.705437102203491762e+00
-1.915075316443421514e+02 1.552639108020435928e-02
-1.935686755949407996e+02 1.944858882265141364e+00
-1.956298195455394477e+02 1.522038595283504936e+00
-1.976909634961380959e+02 3.841413199809316392e+00
-1.997521074467367157e+02 3.152067884607828496e+00
-2.018132513973353639e+02 6.555003822835231420e-01
-2.038743953479339837e+02 3.741913588919863365e+00
-2.059355392985326603e+02 4.829701590476178641e-01
-2.079966832491312800e+02 9.157249347603934053e-01
-2.100578271997299282e+02 1.076728845033651405e+00
-2.121189711503285480e+02 1.669701843044056666e+00
-2.141801151009272246e+02 -3.193522575449239675e-02
-2.162412590515258444e+02 2.390016985970965457e+00
-2.183024030021244926e+02 3.012644551560662798e+00
-2.203635469527231123e+02 5.767970251769258816e-01
-2.224246909033217605e+02 2.100166027987270478e+00
-2.244858348539204087e+02 5.624098822109980800e-01
-2.265469788045190569e+02 2.870409918153463136e-01
-2.286081227551176767e+02 -9.899857705760948257e-01
-2.306692667057163249e+02 3.519906190457564588e-01
-2.327304106563149730e+02 9.709396678218665810e-01
-2.347915546069136212e+02 1.510584802085991329e+00
-2.368526985575122694e+02 2.258208970927764625e+00
-2.389138425081108892e+02 1.655544557377846004e+00
-2.409749864587095374e+02 3.344911550637353348e-01
-2.430361304093081571e+02 6.323891324559467453e-01
-2.450972743599068338e+02 -1.042961694807990336e-01
-2.471584183105054535e+02 1.923541141025451262e+00
-2.492195622611041017e+02 3.139272886448797095e+00
-2.512807062117027215e+02 -1.102336555427257503e+00
-2.533418501623013981e+02 4.945851736742467031e-01
-2.554029941129000179e+02 1.348410319982043415e+00
-2.574641380634986376e+02 1.526327087339084843e+00
-2.595252820140972858e+02 3.029010618703344981e+00
-2.615864259646959340e+02 2.147976187926813996e+00
-2.636475699152945822e+02 3.630403891166295693e+00
