2.720004975456187140e+02 1.167996564292558936e+00
2.699393535950200089e+02 7.135074676982814168e+00
2.678782096444213607e+02 6.838667363839023849e+00
2.658170656938227694e+02 7.518999402398027776e+00
2.637559217432240644e+02 8.632879566842312613e+00
2.616947777926254730e+02 6.827709904985010070e+00
2.596336338420268248e+02 8.549020653825017746e+00
2.575724898914281766e+02 7.150705659645892887e+00
2.555113459408295284e+02 1.132787797198492719e+01
2.534502019902308803e+02 7.158424463136054072e+00
2.513890580396322605e+02 3.477674968638525321e+00
2.493279140890336123e+02 6.193109280197147015e+00
2.472667701384349925e+02 7.375844744638571981e+00
2.452056261878363159e+02 8.441611062135397248e+00
2.431444822372376962e+02 9.165299761522003763e+00
2.410833382866390480e+02 9.549634699731853971e+00
2.390221943360404282e+02 1.012155801898216900e+01
2.369610503854417800e+02 9.045181774950661335e+00
2.348999064348431318e+02 1.107375358242970620e+01
2.328387624842444836e+02 1.176245751395823014e+01
2.307776185336458354e+02 1.058539079846929809e+01
2.287164745830472157e+02 7.241996963638493767e+00
2.266553306324485391e+02 5.221150945165885737e+00
2.245941866818499193e+02 7.733706140586721567e+00
2.225330427312512711e+02 1.046563165405645179e+01
2.204718987806526513e+02 1.042311661277714663e+01
2.184107548300540032e+02 9.273454946003255372e+00
2.163496108794553550e+02 9.902500983541191459e+00
2.142884669288567068e+02 7.124742838358562480e+00
2.122273229782580870e+02 9.441860610837306211e+00
2.101661790276594388e+02 8.940122273471265757e+00
2.081050350770608190e+02 7.804204224224427833e+00
2.060438911264621424e+02 6.949606074283909862e+00
2.039827471758635227e+02 8.722071216949991879e+00
2.019216032252648745e+02 1.074695601919808396e+01
1.998604592746662547e+02 8.706194842150271285e+00
1.977993153240675781e+02 1.112732486270142651e+01
1.957381713734689583e+02 8.124601056404442190e+00
1.936770274228703101e+02 8.550068226437037566e+00
1.916158834722716620e+02 8.213582000004477024e+00
1.895547395216730422e+02 1.060145025282742814e+01
1.874935955710743656e+02 8.391159760308671167e+00
1.854324516204757458e+02 8.372915988596162151e+00
1.833713076698770976e+02 1.060828335970737335e+01
1.813101637192784779e+02 5.612846869160549090e+00
1.792490197686798297e+02 9.846022851453948732e+00
1.771878758180811815e+02 7.606231350851717643e+00
1.751267318674825333e+02 9.104947936666222930e+00
1.730655879168839135e+02 1.106018139662820055e+01
1.710044439662852653e+02 1.236182759672470866e+01
1.689433000156866171e+02 1.120199598465212532e+01
1.668821560650879690e+02 1.056132152341537811e+01
1.648210121144893492e+02 9.832187091320836458e+00
1.627598681638907010e+02 9.677442326502147196e+00
1.606987242132920812e+02 7.231285792329199325e+00
1.586375802626934046e+02 8.006563970737280655e+00
1.565764363120947564e+02 8.560153577056759389e+00
1.545152923614961367e+02 1.028731769692208253e+01
1.524541484108974885e+02 9.632966387953638687e+00
1.503930044602988687e+02 9.873821910929187595e+00
1.483318605097001921e+02 9.078568130698617011e+00
1.462707165591015723e+02 9.659063706135203375e+00
1.442095726085029241e+02 9.452724145930476496e+00
1.421484286579043044e+02 8.088722613433565911e+00
1.400872847073056562e+02 7.129051488079742427e+00
1.380261407567070080e+02 9.618646403396200029e+00
1.359649968061083598e+02 6.354256293690180968e+00
1.339038528555097400e+02 9.096723287246812006e+00
1.318427089049110918e+02 5.434883350906655863e+00
1.297815649543124437e+02 1.005611594116357921e+01
1.277204210037137955e+02 1.114172814748846285e+01
1.256592770531151615e+02 9.686092366031921586e+00
1.235981331025165275e+02 7.731122487034683743e+00
1.215369891519178793e+02 7.882963206012126633e+00
1.194758452013192453e+02 7.735673863622313462e+00
1.174147012507205972e+02 8.904165910596445244e+00
1.153535573001219632e+02 8.439127143797595210e+00
1.132924133495233150e+02 6.944267044444034198e+00
1.112312693989246810e+02 9.070189532697895629e+00
1.091701254483260470e+02 9.224923226661026376e+00
1.071089814977273988e+02 8.043128317177195896e+00
1.050478375471287649e+02 8.858298083507275322e+00
1.029866935965301167e+02 6.890959238386169083e+00
1.009255496459314827e+02 9.127449028465358438e+00
9.886440569533284872e+01 8.961249466808155262e+00
9.680326174473418632e+01 1.228676562325845723e+01
9.474211779413555234e+01 8.063452662094448442e+00
9.268097384353690416e+01 7.503379549584153096e+00
9.061982989293827018e+01 8.745727320875289479e+00
8.855868594233962199e+01 7.335095333114099780e+00
8.649754199174098801e+01 8.173230473189704526e+00
8.443639804114235403e+01 6.921933706240767314e+00
8.237525409054370584e+01 7.719360093820022861e+00
8.031411013994507186e+01 8.217664189707626576e+00
7.825296618934642368e+01 1.007296390224177962e+01
7.619182223874778970e+01 9.376717291520318298e+00
7.413067828814914151e+01 5.327825583400356280e+00
7.206953433755050753e+01 8.214918641765562413e+00
7.000839038695187355e+01 5.672877887999469237e+00
6.794724643635322536e+01 6.070576473797463457e+00
6.588610248575459138e+01 7.000121617623103809e+00
6.382495853515594320e+01 8.682572930627330265e+00
6.176381458455730211e+01 8.127710199073282737e+00
5.970267063395866103e+01 6.249580514641345452e+00
5.764152668336001994e+01 5.450436363094486758e+00
5.558038273276137886e+01 7.257711307654882482e+00
5.351923878216273778e+01 5.448620161600602252e+00
5.145809483156409669e+01 4.728264557145421598e+00
4.939695088096545561e+01 6.054155639705273373e+00
4.733580693036681453e+01 6.746374619915417981e+00
4.527466297976817344e+01 5.356778108070865407e+00
4.321351902916953236e+01 6.522668399208829904e+00
4.115237507857089128e+01 8.226637216062725244e+00
3.909123112797225019e+01 7.021024187094851321e+00
3.703008717737360911e+01 8.129970698094037829e+00
3.496894322677497513e+01 8.752913647638125738e+00
3.290779927617633405e+01 9.329862563050024704e+00
3.084665532557768941e+01 1.123526459797464483e+01
2.878551137497904833e+01 1.337842302197051580e+01
2.672436742438040724e+01 1.281172560423736684e+01
2.466322347378176616e+01 1.354886607646288788e+01
2.260207952318312508e+01 1.328339778319451625e+01
2.054093557258448399e+01 1.656359815165881244e+01
1.847979162198584646e+01 1.577051094284224497e+01
1.641864767138720538e+01 2.318388334582422772e+01
1.435750372078856252e+01 2.586825206331138816e+01
1.229635977018991966e+01 2.698056769013798117e+01
1.023521581959128035e+01 3.120649109086855688e+01
8.174071868992639267e+00 3.239763775606718355e+01
6.112927918393999072e+00 3.801831588841961462e+01
4.051783967795357988e+00 3.931540813733236917e+01
1.990640017196717348e+00 4.048928038830575105e+01
-7.050393340192349922e-02 4.087007177269813951e+01
-2.131647884000564375e+00 3.476573695382253959e+01
-4.192791834599204570e+00 3.504519586114832919e+01
-6.253935785197846542e+00 2.874728626269698850e+01
-8.315079735796487626e+00 2.293814470677190087e+01
-1.037622368639512693e+01 2.494322530450286735e+01
-1.243736763699376802e+01 2.095454618625830889e+01
-1.449851158759240732e+01 1.763260075440020458e+01
-1.655965553819104841e+01 1.745320898494187389e+01
-1.862079948878968949e+01 1.606211912294407895e+01
-2.068194343938833057e+01 1.343991729943636493e+01
-2.274308738998696811e+01 1.379666973302225408e+01
-2.480423134058561274e+01 1.098735720739929178e+01
-2.686537529118425383e+01 1.066217917201438681e+01
-2.892651924178289491e+01 1.070369653327161252e+01
-3.098766319238153244e+01 1.100840527545518199e+01
-3.304880714298017352e+01 8.936082029200214549e+00
-3.510995109357881461e+01 8.073573907530166238e+00
-3.717109504417745569e+01 8.873248953541153838e+00
-3.923223899477609677e+01 1.073233357360547480e+01
-4.129338294537473786e+01 7.616561026861101702e+00
-4.335452689597337894e+01 9.519757495533912817e+00
-4.541567084657202003e+01 8.747399987948034195e+00
-4.747681479717066111e+01 6.844514007497395802e+00
-4.953795874776930219e+01 8.784884948125235127e+00
-5.159910269836794328e+01 7.318751363460639148e+00
-5.366024664896658436e+01 5.706314896888428301e+00
-5.572139059956522544e+01 6.767439570970402052e+00
-5.778253455016386653e+01 8.647105297298253390e+00
-5.984367850076250761e+01 7.568184687890139983e+00
-6.190482245136114159e+01 7.898658870054510395e+00
-6.396596640195978267e+01 7.417765301759774665e+00
-6.602711035255843797e+01 9.124230545121086777e+00
-6.808825430315707194e+01 9.483880549004664928e+00
-7.014939825375570592e+01 8.127377530585871312e+00
-7.221054220435435411e+01 8.931197427828298174e+00
-7.427168615495298809e+01 8.554489550070975667e+00
-7.633283010555163628e+01 7.848974367620085602e+00
-7.839397405615027026e+01 7.189962626640602039e+00
-8.045511800674891845e+01 8.532677290070710185e+00
-8.251626195734755242e+01 9.469599115643513088e+00
-8.457740590794618640e+01 7.200454848052286749e+00
-8.663854985854483459e+01 8.069294141968395451e+00
-8.869969380914346857e+01 8.689007759452071156e+00
-9.076083775974211676e+01 9.280276847163539955e+00
-9.282198171034075074e+01 5.821862759226923423e+00
-9.488312566093938472e+01 6.627034609746241145e+00
-9.694426961153804712e+01 7.064330369321599967e+00
-9.900541356213668109e+01 7.635212441134121342e+00
-1.010665575127353293e+02 7.639324965535011280e+00
-1.031277014633339633e+02 5.373621356781055347e+00
-1.051888454139326115e+02 4.622983694269284349e+00
-1.072499893645312454e+02 6.641268891832328158e+00
-1.093111333151298794e+02 6.211893374147924973e+00
-1.113722772657285276e+02 5.118601115569918925e+00
-1.134334212163271616e+02 7.107505404500035873e+00
-1.154945651669258098e+02 6.320496869526433414e+00
-1.175557091175244437e+02 6.749354772487132337e+00
-1.196168530681230919e+02 5.919152433732135954e+00
-1.216779970187217259e+02 4.065478650486847201e+00
-1.237391409693203599e+02 5.360087985645070496e+00
-1.258002849199190081e+02 4.506981990586113263e+00
-1.278614288705176421e+02 6.621059851606500679e+00
-1.299225728211162902e+02 5.929171974362643205e+00
-1.319837167717149384e+02 2.997649249901112700e+00
-1.340448607223135866e+02 5.263826009270900386e+00
-1.361060046729122064e+02 5.669959804275265469e+00
-1.381671486235108546e+02 4.268349982193823777e+00
-1.402282925741094743e+02 4.218172728596011112e+00
-1.422894365247081510e+02 3.974943446268163871e+00
-1.443505804753067707e+02 3.345588393351007550e+00
-1.464117244259054189e+02 4.947931037689699885e+00
-1.484728683765040387e+02 4.170746713000177408e+00
-1.505340123271026869e+02 2.908181443087320073e+00
-1.525951562777013351e+02 6.092350776530906842e+00
-1.546563002282999832e+02 2.686064037351907352e+00
-1.567174441788986314e+02 4.924038254490350042e+00
-1.587785881294972512e+02 5.073961891057757079e+00
-1.608397320800959278e+02 5.159102678752869764e+00
-1.629008760306945476e+02 4.100122727069446249e+00
-1.649620199812931958e+02 2.299828488379287883e+00
-1.670231639318918155e+02 4.140602762172910012e+00
-1.690843078824904637e+02 4.919771852317054162e+00
-1.711454518330891119e+02 3.212384325979637190e+00
-1.732065957836877601e+02 4.171279208401349692e+00
-1.752677397342863799e+02 3.002126302604716468e+00
-1.773288836848850281e+02 3.474869932092435221e+00
-1.793900276354836478e+02 3.194048874692569928e+00
-1.814511715860823244e+02 2.631049446538902714e+00
-1.835123155366809442e+02 1.313339387423262838e+00
-1.855734594872795924e+02 2.545201562896489467e+00
-1.876346034378782122e+02 4.498342277708968773e+00
-1.896957473884768888e+02 2.584286191802071198e+00
-1.917568913390755370e+02 1.046517649825138951e+00
-1.938180352896741567e+02 3.612623425879978090e+00
-1.958791792402728049e+02 3.467673867896085227e+00
-1.979403231908714247e+02 3.763143525905500386e+00
-2.000014671414701013e+02 3.405569251650224949e+00
-2.020626110920687211e+02 4.335101193155178834e+00
-2.041237550426673693e+02 5.424369687486624514e+00
-2.061848989932659890e+02 4.252921140330725436e+00
-2.082460429438646372e+02 1.782290123519564284e+00
-2.103071868944632854e+02 2.978066549469423396e+00
-2.123683308450619336e+02 3.560472917593736408e+00
-2.144294747956605534e+02 2.649774288281096180e+00
-2.164906187462592015e+02 2.239506823365607247e+00
-2.185517626968578497e+02 4.231176879657913226e+00
-2.206129066474564979e+02 3.722629903936487406e+00
-2.226740505980551177e+02 3.896213593241411033e+00
-2.247351945486537659e+02 3.036642987212079259e+00
-2.267963384992523856e+02 2.574267566560660470e+00
-2.288574824498510623e+02 3.738757253617082110e+00
-2.309186264004497104e+02 2.888372080240840578e+00
-2.329797703510483302e+02 3.820692582833038919e+00
-2.350409143016469784e+02 4.892387547879562426e+00
-2.371020582522455982e+02 3.879513713114465912e+00
-2.391632022028442748e+02 3.959460114007169906e+00
-2.412243461534428945e+02 2.876177512537573033e+00
-2.432854901040415427e+02 1.668276593367359339e+00
-2.453466340546401625e+02 5.314316659053268666e+00
-2.474077780052388107e+02 3.398863965033208423e+00
-2.494689219558374589e+02 5.358669755284547698e+00
-2.515300659064361071e+02 5.558514952245089624e+00
-2.535912098570347268e+02 2.718681424609547648e+00
