2.651177642617533934e+02 7.449670497588456897e+00
2.630566203111547452e+02 1.233199772831826735e+01
2.609954763605561538e+02 1.141211353187479638e+01
2.589343324099575057e+02 1.205349163344998331e+01
2.568731884593588575e+02 9.430571565906943121e+00
2.548120445087602093e+02 1.130092104004368458e+01
2.527509005581615895e+02 1.331851523017241945e+01
2.506897566075629413e+02 1.426232267313893765e+01
2.486286126569642931e+02 1.335615104061941771e+01
2.465674687063656449e+02 1.372064601338905909e+01
2.445063247557670252e+02 1.291876502325081155e+01
2.424451808051683770e+02 1.245655914646976470e+01
2.403840368545697572e+02 1.260715812677668879e+01
2.383228929039710806e+02 1.448071152699699660e+01
2.362617489533724608e+02 1.223781342692337226e+01
2.342006050027738127e+02 1.550930566875625338e+01
2.321394610521751929e+02 1.592192369928743467e+01
2.300783171015765447e+02 1.307559150811048809e+01
2.280171731509778681e+02 1.378212361280625942e+01
2.259560292003792483e+02 1.446070290543010017e+01
2.238948852497806001e+02 1.276554831018093061e+01
2.218337412991819804e+02 1.344273408557690175e+01
2.197725973485833038e+02 1.234731014384928116e+01
2.177114533979846840e+02 1.386564387007418908e+01
2.156503094473860358e+02 2.065430026807020525e+01
2.135891654967874160e+02 1.494947836446796252e+01
2.115280215461887678e+02 1.525225413572110078e+01
2.094668775955901197e+02 1.521543703945081738e+01
2.074057336449914715e+02 1.537597101384356257e+01
2.053445896943928517e+02 1.577371920929702220e+01
2.032834457437942035e+02 1.124785325399199820e+01
2.012223017931955837e+02 1.738118103010971183e+01
1.991611578425969071e+02 1.471488338952654473e+01
1.971000138919982589e+02 1.283558034252044600e+01
1.950388699413996108e+02 1.259351766058505540e+01
1.929777259908009910e+02 1.142486291683408872e+01
1.909165820402023428e+02 1.425309037086067399e+01
1.888554380896036946e+02 1.607101202049483035e+01
1.867942941390050464e+02 1.611230804168567232e+01
1.847331501884063982e+02 1.520755226637394486e+01
1.826720062378077785e+02 1.469200718849789666e+01
1.806108622872091303e+02 1.478346034145245724e+01
1.785497183366104821e+02 1.360522796322434047e+01
1.764885743860118339e+02 1.520593736157969822e+01
1.744274304354132141e+02 1.374238720604604858e+01
1.723662864848145659e+02 1.434417513776648967e+01
1.703051425342159462e+02 1.485069934881527409e+01
1.682439985836172696e+02 1.401802760897921019e+01
1.661828546330186498e+02 1.394858752790067058e+01
1.641217106824200016e+02 1.389655965482905486e+01
1.620605667318213818e+02 1.571443388627112547e+01
1.599994227812227336e+02 1.329896376977627170e+01
1.579382788306240855e+02 1.230494764465258406e+01
1.558771348800254373e+02 1.238949699354337319e+01
1.538159909294267891e+02 1.668951232908531068e+01
1.517548469788281693e+02 1.883785745567335468e+01
1.496937030282294927e+02 1.301200029420220972e+01
1.476325590776308729e+02 1.608503105312200887e+01
1.455714151270322247e+02 1.491912537253243443e+01
1.435102711764336050e+02 1.274506822453703592e+01
1.414491272258349568e+02 1.410928934466111606e+01
1.393879832752363086e+02 1.761623193097959472e+01
1.373268393246376604e+02 1.652201952226134907e+01
1.352656953740390406e+02 1.342587369914676643e+01
1.332045514234403925e+02 1.173066887084357823e+01
1.311434074728417727e+02 1.673252575051158431e+01
1.290822635222431245e+02 1.381977296189690563e+01
1.270211195716444621e+02 1.434130462779396353e+01
1.249599756210458281e+02 1.495472507586509003e+01
1.228988316704471799e+02 1.354736429964837185e+01
1.208376877198485460e+02 1.758383866946775598e+01
1.187765437692499120e+02 1.474004076634042271e+01
1.167153998186512638e+02 1.072496828224954868e+01
1.146542558680526298e+02 1.517288089206867063e+01
1.125931119174539816e+02 1.702051421866446290e+01
1.105319679668553476e+02 1.547805214544600361e+01
1.084708240162566995e+02 1.447859618123351488e+01
1.064096800656580655e+02 1.509485906441039660e+01
1.043485361150594315e+02 1.405211375745332170e+01
1.022873921644607833e+02 1.283720695289224878e+01
1.002262482138621493e+02 1.656820808992586436e+01
9.816510426326351535e+01 1.089922900789291305e+01
9.610396031266488137e+01 1.497323341405680708e+01
9.404281636206621897e+01 1.471285034338727016e+01
9.198167241146758499e+01 1.351110150516986153e+01
8.992052846086893680e+01 1.403785585178119177e+01
8.785938451027030283e+01 1.397887475288583481e+01
8.579824055967166885e+01 1.698310346353479616e+01
8.373709660907302066e+01 1.311948102656912774e+01
8.167595265847438668e+01 1.420651097579044908e+01
7.961480870787573849e+01 1.383023178914367612e+01
7.755366475727710451e+01 1.207789156199290126e+01
7.549252080667845632e+01 1.175483109934669201e+01
7.343137685607982235e+01 1.782273963216714918e+01
7.137023290548118837e+01 1.217511245653651741e+01
6.930908895488254018e+01 1.627934064880076548e+01
6.724794500428390620e+01 1.695805633667868761e+01
6.518680105368525801e+01 1.620939016079957185e+01
6.312565710308661693e+01 1.653166456191427969e+01
6.106451315248797584e+01 1.128041818737234969e+01
5.900336920188933476e+01 1.529186460498830513e+01
5.694222525129069368e+01 1.357653380614038774e+01
5.488108130069205259e+01 1.474078485876008315e+01
5.281993735009341862e+01 1.363844930048283466e+01
5.075879339949477753e+01 1.334986986661429320e+01
4.869764944889613645e+01 1.595966247388758497e+01
4.663650549829748826e+01 1.305206199343286855e+01
4.457536154769884718e+01 1.715804743704062574e+01
4.251421759710020609e+01 1.594024350421686620e+01
4.045307364650156501e+01 1.369289416764774536e+01
3.839192969590293103e+01 1.489013695196301690e+01
3.633078574530428995e+01 1.430705489185283596e+01
3.426964179470564886e+01 1.567311175465490791e+01
3.220849784410700778e+01 1.774569252396221231e+01
3.014735389350836314e+01 1.806676324403075284e+01
2.808620994290972561e+01 1.839357525880992839e+01
2.602506599231108453e+01 2.761022704096949809e+01
2.396392204171244344e+01 3.326715171037504604e+01
2.190277809111379881e+01 3.546592240161934484e+01
1.984163414051516128e+01 4.894405598807245639e+01
1.778049018991652019e+01 6.222179290520518435e+01
1.571934623931788089e+01 8.198494248012649166e+01
1.365820228871923803e+01 1.019416880659496911e+02
1.159705833812059694e+01 1.167515189088355214e+02
9.535914387521955859e+00 1.342979953311317161e+02
7.474770436923315664e+00 1.421039922782958342e+02
5.413626486324674580e+00 1.463908291580737568e+02
3.352482535726033497e+00 1.472582887431728977e+02
1.291338585127393079e+00 1.314397637861091255e+02
-7.698053654712476712e-01 1.400017341989358499e+02
-2.830949316069888422e+00 1.329684641578015771e+02
-4.892093266668529061e+00 1.245123070119361017e+02
-6.953237217267170145e+00 1.170024753289770700e+02
-9.014381167865812117e+00 1.023755144950406049e+02
-1.107552511846445142e+01 8.758661101989025610e+01
-1.313666906906309073e+01 7.622031995846785435e+01
-1.519781301966173181e+01 6.910278943576204824e+01
-1.725895697026037467e+01 6.243314277630493336e+01
-1.932010092085901576e+01 5.932667587402630005e+01
-2.138124487145765329e+01 5.426238357897061348e+01
-2.344238882205629437e+01 5.338959000985226311e+01
-2.550353277265493901e+01 5.491962333691992626e+01
-2.756467672325357654e+01 5.814432841943217056e+01
-2.962582067385221762e+01 4.895730591720604252e+01
-3.168696462445085871e+01 5.048183473237486396e+01
-3.374810857504949979e+01 5.153771923768013608e+01
-3.580925252564814087e+01 4.879021845080824704e+01
-3.787039647624678196e+01 4.709888294947302967e+01
-3.993154042684542304e+01 4.451890509699742182e+01
-4.199268437744406413e+01 4.698909299475358381e+01
-4.405382832804269810e+01 4.282060838708957107e+01
-4.611497227864133919e+01 4.433801597652885818e+01
-4.817611622923998027e+01 4.152462381205284458e+01
-5.023726017983862846e+01 3.934489568933452119e+01
-5.229840413043726954e+01 3.904769663008448788e+01
-5.435954808103591063e+01 3.779531858972562475e+01
-5.642069203163455171e+01 3.874188299302783633e+01
-5.848183598223318569e+01 4.200292523388918653e+01
-6.054297993283182677e+01 4.736529646759477430e+01
-6.260412388343046786e+01 4.773092350476611756e+01
-6.466526783402910894e+01 5.198483580776142787e+01
-6.672641178462775713e+01 5.162581070675334161e+01
-6.878755573522639111e+01 5.765463517911997826e+01
-7.084869968582503930e+01 5.435379333466710960e+01
-7.290984363642367327e+01 5.330798037756855479e+01
-7.497098758702232146e+01 5.662474468840463970e+01
-7.703213153762095544e+01 5.648157386270878533e+01
-7.909327548821958942e+01 5.504415222297556198e+01
-8.115441943881823761e+01 5.111261165448006949e+01
-8.321556338941687159e+01 4.724777812593348614e+01
-8.527670734001551978e+01 3.999408911352259111e+01
-8.733785129061415375e+01 3.984868411370117514e+01
-8.939899524121280194e+01 2.861777416612509839e+01
-9.146013919181143592e+01 2.539940592702575373e+01
-9.352128314241006990e+01 2.306165509006668657e+01
-9.558242709300871809e+01 2.354007080769023119e+01
-9.764357104360735207e+01 1.706429362221793511e+01
-9.970471499420601447e+01 1.733907724883873769e+01
-1.017658589448046627e+02 1.869908812374874785e+01
-1.038270028954032966e+02 1.800952852544953231e+01
-1.058881468460019448e+02 1.784611208331325471e+01
-1.079492907966005788e+02 1.767161417745161600e+01
-1.100104347471992270e+02 1.275856243080204777e+01
-1.120715786977978610e+02 1.601414409394108773e+01
-1.141327226483964949e+02 1.732506414621318314e+01
-1.161938665989951431e+02 1.346879551726354052e+01
-1.182550105495937771e+02 1.340404184445404745e+01
-1.203161545001924253e+02 1.299897165303076108e+01
-1.223772984507910593e+02 1.139379378622642491e+01
-1.244384424013897075e+02 1.118776049449734700e+01
-1.264995863519883414e+02 1.524237963408252838e+01
-1.285607303025869896e+02 1.204407420610727186e+01
-1.306218742531856378e+02 1.217602525210346087e+01
-1.326830182037842860e+02 1.108691206007040542e+01
-1.347441621543829058e+02 1.307901772542992269e+01
-1.368053061049815540e+02 9.463441692444382269e+00
-1.388664500555801737e+02 1.471779353906065246e+01
-1.409275940061788219e+02 9.872391159739031252e+00
-1.429887379567774701e+02 9.115074726740962419e+00
-1.450498819073761183e+02 1.139664858508659684e+01
-1.471110258579747381e+02 9.089141445688525778e+00
-1.491721698085733863e+02 1.108390531989211603e+01
-1.512333137591720345e+02 1.054319561213369383e+01
-1.532944577097706826e+02 7.195903523334669316e+00
-1.553556016603693024e+02 1.003388739371418836e+01
-1.574167456109679506e+02 1.308359133203509650e+01
-1.594778895615665988e+02 8.440018985464403656e+00
-1.615390335121652470e+02 1.057047351221663689e+01
-1.636001774627638952e+02 1.110743423860634849e+01
-1.656613214133625149e+02 9.049534193745472521e+00
-1.677224653639611631e+02 1.236220549499717691e+01
-1.697836093145597829e+02 9.830602372316063153e+00
-1.718447532651584595e+02 9.740977697460019513e+00
-1.739058972157570793e+02 1.103788265915042643e+01
-1.759670411663557275e+02 1.312167604840870894e+01
-1.780281851169543472e+02 1.272331601859374750e+01
-1.800893290675530238e+02 9.022044319062308304e+00
-1.821504730181516436e+02 7.607923315384049090e+00
-1.842116169687502918e+02 8.168042365781786884e+00
-1.862727609193489116e+02 9.660199982608494551e+00
-1.883339048699475597e+02 7.531168234044608667e+00
-1.903950488205462079e+02 9.729140742669349251e+00
-1.924561927711448561e+02 9.153404869117023779e+00
-1.945173367217435043e+02 9.920871733939787163e+00
-1.965784806723421241e+02 9.972408286147867784e+00
-1.986396246229407723e+02 8.679899693698445162e+00
-2.007007685735393920e+02 9.557743284509276904e+00
-2.027619125241380402e+02 1.096189378118394409e+01
-2.048230564747366600e+02 1.261370062434558292e+01
-2.068842004253353366e+02 8.953926153141603450e+00
-2.089453443759339564e+02 1.026663446209941100e+01
-2.110064883265326046e+02 7.867435648860033659e+00
-2.130676322771312243e+02 7.312473743841423790e+00
-2.151287762277298725e+02 8.449268521979972135e+00
-2.171899201783285207e+02 8.514941245458137686e+00
-2.192510641289271689e+02 1.210191782584605669e+01
-2.213122080795257887e+02 6.833694523935103682e+00
-2.233733520301244369e+02 9.973465350897617654e+00
-2.254344959807230566e+02 6.441407726561582336e+00
-2.274956399313217332e+02 9.638462235619796203e+00
-2.295567838819203530e+02 1.020898869225955430e+01
-2.316179278325190012e+02 7.986600273953718521e+00
-2.336790717831176210e+02 5.809659031652417482e+00
-2.357402157337162976e+02 1.223174986023889765e+01
-2.378013596843149458e+02 9.721736279407467762e+00
-2.398625036349135655e+02 8.099014099067964878e+00
-2.419236475855122137e+02 8.840562964621625497e+00
-2.439847915361108335e+02 1.137032655498999922e+01
-2.460459354867095101e+02 1.066385205940458469e+01
-2.481070794373081299e+02 1.088571098498995227e+01
-2.501682233879067780e+02 8.644080424470537594e+00
-2.522293673385053978e+02 6.949177749998734832e+00
-2.542905112891040460e+02 9.920730441603371474e+00
-2.563516552397027226e+02 1.055064374515712622e+01
-2.584127991903013140e+02 1.052450208304768076e+01
-2.604739431408999621e+02 1.232699507301845365e+01
