2.617901969689119142e+02 2.626717285081826336e+00
2.597290530183132660e+02 5.297133124155283923e+00
2.576679090677146178e+02 2.338486967159551178e+00
2.556067651171159980e+02 6.890877673019981664e+00
2.535456211665173498e+02 5.057232205205351327e+00
2.514844772159187301e+02 2.626575556108100784e+00
2.494233332653200534e+02 8.764243427048125312e+00
2.473621893147214053e+02 7.399097406225050300e+00
2.453010453641227855e+02 7.038925816485378739e+00
2.432399014135241373e+02 3.074337691285414564e+00
2.411787574629255175e+02 5.931265450167892084e+00
2.391176135123268409e+02 5.757538012205776212e+00
2.370564695617282212e+02 5.855895148129605765e+00
2.349953256111295730e+02 5.630415977517063020e+00
2.329341816605309532e+02 7.691835895425889191e+00
2.308730377099323050e+02 5.845126797458851442e+00
2.288118937593336568e+02 8.479446526882075119e+00
2.267507498087350086e+02 9.216966842462415599e+00
2.246896058581363889e+02 5.713196980428578264e+00
2.226284619075377407e+02 8.922358069486849175e+00
2.205673179569390925e+02 6.814411614790730098e+00
2.185061740063404443e+02 6.980748152416531127e+00
2.164450300557418245e+02 6.207073793920602434e+00
2.143838861051431763e+02 7.008975993564346751e+00
2.123227421545445566e+02 7.455829593556125623e+00
2.102615982039458800e+02 7.194383578720291439e+00
2.082004542533472318e+02 9.678587052122566092e+00
2.061393103027486120e+02 8.775108197165362611e+00
2.040781663521499638e+02 6.157084922367539903e+00
2.020170224015513440e+02 7.562003217801666288e+00
1.999558784509526674e+02 7.807259340459467012e+00
1.978947345003540192e+02 6.697888035806581541e+00
1.958335905497553711e+02 6.776704941316006980e+00
1.937724465991567513e+02 8.938805603778039455e+00
1.917113026485581031e+02 7.104623440524397537e+00
1.896501586979594833e+02 8.473716499860485030e+00
1.875890147473608067e+02 7.736003700664957350e+00
1.855278707967621870e+02 7.767835478981966801e+00
1.834667268461635388e+02 8.811288163603427037e+00
1.814055828955649190e+02 7.343161874714184911e+00
1.793444389449662424e+02 8.460883643743038363e+00
1.772832949943676226e+02 8.755280402727235511e+00
1.752221510437689744e+02 8.424634173434229822e+00
1.731610070931703547e+02 5.379237929237731031e+00
1.710998631425717065e+02 9.390154393651990006e+00
1.690387191919730299e+02 1.044459712569906884e+01
1.669775752413744101e+02 8.562536241009437887e+00
1.649164312907757619e+02 6.203776257769884062e+00
1.628552873401771421e+02 6.341050322955251062e+00
1.607941433895784940e+02 6.944159466809662895e+00
1.587329994389798458e+02 8.841212490971196658e+00
1.566718554883811976e+02 7.808823822047054719e+00
1.546107115377825778e+02 6.683411754500967028e+00
1.525495675871839296e+02 7.297787651190946967e+00
1.504884236365853099e+02 9.868717750592947979e+00
1.484272796859866332e+02 9.619976882752954594e+00
1.463661357353880135e+02 7.824383915791135458e+00
1.443049917847893653e+02 8.692361994161137417e+00
1.422438478341907455e+02 7.287362761125293353e+00
1.401827038835920689e+02 8.670043399626058189e+00
1.381215599329934491e+02 6.196509108627499707e+00
1.360604159823948009e+02 7.044665796668223123e+00
1.339992720317961812e+02 8.046159766242098499e+00
1.319381280811975330e+02 8.360810422307476841e+00
1.298769841305988848e+02 9.670732900170566637e+00
1.278158401800002366e+02 8.750211900199888149e+00
1.257546962294016026e+02 7.838848751506645840e+00
1.236935522788029544e+02 8.018729682545192361e+00
1.216324083282043205e+02 8.160330926869161061e+00
1.195712643776056865e+02 6.237670042308117502e+00
1.175101204270070383e+02 9.336004029775427426e+00
1.154489764764084043e+02 8.202659904387431311e+00
1.133878325258097419e+02 9.586581353748979240e+00
1.113266885752111079e+02 7.307758059760014469e+00
1.092655446246124740e+02 7.993873881564128148e+00
1.072044006740138258e+02 8.783398381288265000e+00
1.051432567234151918e+02 7.760219213552640660e+00
1.030821127728165436e+02 6.635093739110180522e+00
1.010209688222179096e+02 7.180833033161819756e+00
9.895982487161927565e+01 7.870534950661582485e+00
9.689868092102064168e+01 7.333643537249655786e+00
9.483753697042199349e+01 9.335638419127235466e+00
9.277639301982335951e+01 8.250605744840928679e+00
9.071524906922471132e+01 8.516410004536544065e+00
8.865410511862607734e+01 7.378737228839147733e+00
8.659296116802744336e+01 7.393456357289272418e+00
8.453181721742879517e+01 6.648010958753164168e+00
8.247067326683016120e+01 8.131767644210551538e+00
8.040952931623151301e+01 8.665379849225681497e+00
7.834838536563287903e+01 7.216176224857310473e+00
7.628724141503423084e+01 6.705165044344906455e+00
7.422609746443559686e+01 1.003799120204561390e+01
7.216495351383694867e+01 8.371936598578619382e+00
7.010380956323830048e+01 7.217101681634124688e+00
6.804266561263966651e+01 6.610360195325145405e+00
6.598152166204101832e+01 7.579440610378416210e+00
6.392037771144238434e+01 4.908999309619261453e+00
6.185923376084374326e+01 7.746981277688001377e+00
5.979808981024510217e+01 4.698339922768616894e+00
5.773694585964646109e+01 8.127776307719473792e+00
5.567580190904782000e+01 8.532239505438568017e+00
5.361465795844918603e+01 6.855921871182053984e+00
5.155351400785054494e+01 7.136986953432959524e+00
4.949237005725190386e+01 9.456181437326822703e+00
4.743122610665326278e+01 8.939263596884529761e+00
4.537008215605462169e+01 6.235592874169794797e+00
4.330893820545597350e+01 6.626567911132014821e+00
4.124779425485733242e+01 6.432619865561309602e+00
3.918665030425869844e+01 9.535929648570371953e+00
3.712550635366005736e+01 7.047578669271512553e+00
3.506436240306141627e+01 9.672218501769618726e+00
3.300321845246277519e+01 7.924538675732636150e+00
3.094207450186413411e+01 1.056190768792801649e+01
2.888093055126549302e+01 1.048102717909560866e+01
2.681978660066685194e+01 1.224943331809077129e+01
2.475864265006821086e+01 1.658701176320807846e+01
2.269749869946956977e+01 2.017989453148985746e+01
2.063635474887092514e+01 2.425353737487031225e+01
1.857521079827228405e+01 3.088195377331483371e+01
1.651406684767364652e+01 4.322854926400086129e+01
1.445292289707500544e+01 5.600226666507682438e+01
1.239177894647636435e+01 7.078334790775632257e+01
1.033063499587772327e+01 8.373848808312349945e+01
8.269491045279082186e+00 8.920152724900209762e+01
6.208347094680441991e+00 8.988290409504236322e+01
4.147203144081801796e+00 8.836146376591734963e+01
2.086059193483161156e+00 8.009087621448078664e+01
2.491524288452005159e-02 7.201163783188420098e+01
-2.036228707714120567e+00 6.150930172676869745e+01
-4.097372658312760763e+00 5.483802240518282645e+01
-6.158516608911401846e+00 4.578257951900749845e+01
-8.219660559510042930e+00 4.321865947436861433e+01
-1.028080451010868401e+01 3.485827271201782906e+01
-1.234194846070732510e+01 3.065313600499121094e+01
-1.440309241130596618e+01 2.781923118552296614e+01
-1.646423636190460726e+01 2.759086340702474160e+01
-1.852538031250324835e+01 2.313684999164908263e+01
-2.058652426310188943e+01 2.147771519348070157e+01
-2.264766821370053052e+01 2.237538955826290277e+01
-2.470881216429916805e+01 2.076355602001254397e+01
-2.676995611489780558e+01 1.763946685001919334e+01
-2.883110006549645021e+01 1.415154657116884884e+01
-3.089224401609509130e+01 1.490848499769102276e+01
-3.295338796669373238e+01 1.714182168630773972e+01
-3.501453191729237346e+01 1.494914859286059894e+01
-3.707567586789101455e+01 1.451174136209203880e+01
-3.913681981848965563e+01 1.432930364247897792e+01
-4.119796376908829671e+01 1.244974880586513066e+01
-4.325910771968693069e+01 1.486609096431683774e+01
-4.532025167028557178e+01 1.497450639251198190e+01
-4.738139562088421286e+01 1.357819595738305374e+01
-4.944253957148285394e+01 1.201244570777951814e+01
-5.150368352208149503e+01 1.144468367973240497e+01
-5.356482747268014322e+01 1.340044910592155070e+01
-5.562597142327878430e+01 1.325410287757643246e+01
-5.768711537387741828e+01 1.350249208096173881e+01
-5.974825932447605936e+01 1.301289176609456533e+01
-6.180940327507470045e+01 1.197582579035994854e+01
-6.387054722567334153e+01 1.448157685430506270e+01
-6.593169117627198261e+01 1.665439338985811446e+01
-6.799283512687061659e+01 1.582552141619552977e+01
-7.005397907746926478e+01 1.445215577891831593e+01
-7.211512302806789876e+01 1.743242220630514439e+01
-7.417626697866654695e+01 1.450147012275463432e+01
-7.623741092926518093e+01 1.498248735280050425e+01
-7.829855487986381490e+01 1.453099225962074748e+01
-8.035969883046246309e+01 1.270541421677730831e+01
-8.242084278106111128e+01 1.334791723458147850e+01
-8.448198673165975947e+01 1.067549453554390659e+01
-8.654313068225839345e+01 1.295660239927063628e+01
-8.860427463285704164e+01 1.092587906960232935e+01
-9.066541858345567562e+01 8.747937957103735229e+00
-9.272656253405430959e+01 7.557337612259322768e+00
-9.478770648465295778e+01 5.154423017156259057e+00
-9.684885043525159176e+01 5.658102622959517269e+00
-9.890999438585023995e+01 5.682083302724771023e+00
-1.009711383364488881e+02 8.180438167788089743e+00
-1.030322822870475221e+02 4.944770873563341773e+00
-1.050934262376461703e+02 4.634480160488021028e+00
-1.071545701882448043e+02 4.681720901663375400e+00
-1.092157141388434525e+02 5.153988186379435454e+00
-1.112768580894420865e+02 5.049956941887098871e+00
-1.133380020400407204e+02 4.472682298190696848e+00
-1.153991459906393686e+02 5.475421989025208269e+00
-1.174602899412380026e+02 2.994331323248839549e+00
-1.195214338918366650e+02 5.431981160901598216e+00
-1.215825778424352990e+02 4.882919377621107060e+00
-1.236437217930339472e+02 1.682807748367386891e+00
-1.257048657436325811e+02 5.376939184313860309e+00
-1.277660096942312151e+02 3.886139220504132297e+00
-1.298271536448298491e+02 4.608421675358555625e+00
-1.318882975954284973e+02 5.372044870434751651e+00
-1.339494415460271455e+02 5.248760296571660433e+00
-1.360105854966257652e+02 2.774646168432845172e+00
-1.380717294472244134e+02 3.816571681859970422e+00
-1.401328733978230616e+02 3.421888359005151425e+00
-1.421940173484217098e+02 1.664837046714841451e+00
-1.442551612990203580e+02 1.196556946967745061e+00
-1.463163052496189778e+02 1.204800727317728359e+00
-1.483774492002176260e+02 3.042033944613272922e+00
-1.504385931508162741e+02 3.385478016598275630e-01
-1.524997371014149223e+02 2.895921764424330025e+00
-1.545608810520135421e+02 4.919500758430519483e+00
-1.566220250026121903e+02 3.516223752342452880e+00
-1.586831689532108101e+02 2.625103370089563182e+00
-1.607443129038094867e+02 1.386192155029540629e+00
-1.628054568544081064e+02 3.778054379194678347e+00
-1.648666008050067546e+02 3.144679125393991637e+00
-1.669277447556053744e+02 3.205294719128339409e+00
-1.689888887062040226e+02 2.968357789937052793e+00
-1.710500326568026708e+02 1.849257545721086915e+00
-1.731111766074013190e+02 1.849790096928624894e-01
-1.751723205579999387e+02 7.587507335545854437e-01
-1.772334645085985869e+02 2.905050901296254651e+00
-1.792946084591972635e+02 2.255224434894324670e+00
-1.813557524097958833e+02 6.761916639676915919e-01
-1.834168963603945315e+02 3.369063636693307440e-01
-1.854780403109931513e+02 7.510576357689144888e-01
-1.875391842615917994e+02 2.456888444618801959e+00
-1.896003282121904476e+02 1.427748209706342308e+00
-1.916614721627890958e+02 4.678690702027708537e-01
-1.937226161133877156e+02 2.662307462154334559e+00
-1.957837600639863638e+02 3.052948229664690594e+00
-1.978449040145849835e+02 1.761202688802858018e+00
-1.999060479651836317e+02 3.224220985626932823e+00
-2.019671919157822515e+02 1.660142713321878682e+00
-2.040283358663808997e+02 2.046658681824063741e+00
-2.060894798169795479e+02 3.208650210178779716e+00
-2.081506237675781961e+02 1.339523003285584268e+00
-2.102117677181768158e+02 2.769432875175135145e-01
-2.122729116687754640e+02 1.251787708286757006e+00
-2.143340556193740838e+02 1.322497547725208111e+00
-2.163951995699727604e+02 3.491862980124501803e+00
-2.184563435205714086e+02 1.808540855648023582e+00
-2.205174874711700284e+02 8.052670061441296046e-01
-2.225786314217686765e+02 3.391486722320933289e-01
-2.246397753723672963e+02 -4.351639917790210699e-02
-2.267009193229659729e+02 1.769636371035104405e+00
-2.287620632735645927e+02 6.827495017900095942e-01
-2.308232072241632409e+02 -4.684550576061922711e-01
-2.328843511747618606e+02 7.236074844940822148e-02
-2.349454951253605373e+02 2.426394477244051107e+00
-2.370066390759591570e+02 -6.850773025969886243e-01
-2.390677830265578052e+02 4.823325037892331468e-01
-2.411289269771564250e+02 2.185504709094455045e+00
-2.431900709277550732e+02 -1.115171405193707554e-01
-2.452512148783537214e+02 5.731459024288407811e-01
-2.473123588289523695e+02 1.639558979305287378e+00
-2.493735027795509893e+02 2.313727721773332746e+00
-2.514346467301496375e+02 1.364029294819304461e+00
-2.534957906807482573e+02 1.107972084278004310e+00
-2.555569346313469339e+02 1.066357153326319418e+00
-2.576180785819455537e+02 2.943901961530477340e+00
-2.596792225325442018e+02 2.824836009887404131e+00
-2.617403664831428500e+02 2.051578405379345382e-01
-2.638015104337414982e+02 2.660497886618841790e+00
