2.605586784514902092e+02 2.114460665015137852e+00
2.584975345008915610e+02 6.442827087334319636e+00
2.564363905502929128e+02 3.951548960919778253e+00
2.543752465996942931e+02 5.029387210503091232e+00
2.523141026490956449e+02 5.024404634950337289e+00
2.502529586984969967e+02 6.845509354466986274e+00
2.481918147478983485e+02 5.611210593193796115e+00
2.461306707972997287e+02 4.883810197194289771e+00
2.440695268467010806e+02 5.931971222340688854e+00
2.420083828961024324e+02 4.585769323213102489e+00
2.399472389455037842e+02 4.975847997562993008e+00
2.378860949949051360e+02 5.060712856327299392e+00
2.358249510443065162e+02 6.192897343941051069e+00
2.337638070937078680e+02 6.853096307812535315e+00
2.317026631431092483e+02 5.722926804644703935e+00
2.296415191925105717e+02 6.380789950425283408e+00
2.275803752419119519e+02 7.112550467769825246e+00
2.255192312913133037e+02 7.998812791169086722e+00
2.234580873407146839e+02 7.678157161877362746e+00
2.213969433901160073e+02 6.098400219807087907e+00
2.193357994395173876e+02 6.130943052407958227e+00
2.172746554889187394e+02 6.552291251724901677e+00
2.152135115383201196e+02 5.165962976286898822e+00
2.131523675877214714e+02 7.068414120945226031e+00
2.110912236371228232e+02 8.521570110499739670e+00
2.090300796865241750e+02 7.944426776547123481e+00
2.069689357359255553e+02 5.311694648512078842e+00
2.049077917853269071e+02 6.204460942096440945e+00
2.028466478347282589e+02 7.603409709263335259e+00
2.007855038841296107e+02 6.670381631662220201e+00
1.987243599335309625e+02 3.262164219230970996e+00
1.966632159829323712e+02 7.406826455788833030e+00
1.946020720323336946e+02 8.030677864073927807e+00
1.925409280817350748e+02 7.878614006428811933e+00
1.904797841311364266e+02 5.566271164132626126e+00
1.884186401805378068e+02 6.035892041695751331e+00
1.863574962299391586e+02 9.232014037650669636e+00
1.842963522793405104e+02 7.661254294772603224e+00
1.822352083287418623e+02 8.139536342031441052e+00
1.801740643781432425e+02 6.694121192330124259e+00
1.781129204275445943e+02 6.749916019890107144e+00
1.760517764769459745e+02 6.049142113189969194e+00
1.739906325263472979e+02 8.091364783428975471e+00
1.719294885757486782e+02 6.241817925467867845e+00
1.698683446251500300e+02 6.038005577573599680e+00
1.678072006745514102e+02 9.057027992183737553e+00
1.657460567239527336e+02 8.913348322417993685e+00
1.636849127733540854e+02 6.370792278883571136e+00
1.616237688227554656e+02 7.522202497559878687e+00
1.595626248721568174e+02 8.210916861798654764e+00
1.575014809215581977e+02 7.506605230848580668e+00
1.554403369709595211e+02 7.980923949179216770e+00
1.533791930203609013e+02 8.668763678777514414e+00
1.513180490697622531e+02 7.739871795799454723e+00
1.492569051191636333e+02 8.225254082960145041e+00
1.471957611685649852e+02 7.740505130905111386e+00
1.451346172179663370e+02 7.184803917241112003e+00
1.430734732673676888e+02 8.214946999583908394e+00
1.410123293167690690e+02 6.487809995478037273e+00
1.389511853661704208e+02 6.281231746701852359e+00
1.368900414155717726e+02 7.112234577673540947e+00
1.348288974649731244e+02 6.824550132871177510e+00
1.327677535143745047e+02 7.687332048655072470e+00
1.307066095637758565e+02 7.874022635454585917e+00
1.286454656131772083e+02 7.544765019169915377e+00
1.265843216625785743e+02 9.110159390539029900e+00
1.245231777119799261e+02 7.720419695746801203e+00
1.224620337613812922e+02 7.358421001796734195e+00
1.204008898107826582e+02 7.816968077270518123e+00
1.183397458601840100e+02 7.353190676143050553e+00
1.162786019095853760e+02 7.971785907066417209e+00
1.142174579589867278e+02 6.208852653949887390e+00
1.121563140083880938e+02 6.556980123291986651e+00
1.100951700577894457e+02 6.140350568071854198e+00
1.080340261071908117e+02 6.673508253426708059e+00
1.059728821565921635e+02 7.262779995975432001e+00
1.039117382059935153e+02 8.916441986134902464e+00
1.018505942553948813e+02 8.863732162518227042e+00
9.978945030479623313e+01 7.712747256509525862e+00
9.772830635419759915e+01 8.643310653592537918e+00
9.566716240359895096e+01 6.457416801252718663e+00
9.360601845300031698e+01 7.058424627963938214e+00
9.154487450240168300e+01 7.822036607357038207e+00
8.948373055180303481e+01 7.227547040878543605e+00
8.742258660120440084e+01 6.375200728014385199e+00
8.536144265060575265e+01 8.842434921090507771e+00
8.330029870000711867e+01 7.308019624826608052e+00
8.123915474940847048e+01 6.544265306384290604e+00
7.917801079880983650e+01 7.347612407504017007e+00
7.711686684821120252e+01 6.982277597368595323e+00
7.505572289761255433e+01 7.638906497226630954e+00
7.299457894701392036e+01 8.304168994486380129e+00
7.093343499641527217e+01 6.837292305502475465e+00
6.887229104581663819e+01 7.458351827307983406e+00
6.681114709521797579e+01 6.461564119236643755e+00
6.475000314461934181e+01 6.583585266090237198e+00
6.268885919402070783e+01 6.643114789948308285e+00
6.062771524342206675e+01 6.667350653677013739e+00
5.856657129282342567e+01 7.725666185218996951e+00
5.650542734222478458e+01 6.568882055873797476e+00
5.444428339162614350e+01 6.275919101082868323e+00
5.238313944102750241e+01 7.386200086109850460e+00
5.032199549042886133e+01 6.822072430406132426e+00
4.826085153983022025e+01 5.503486790585668587e+00
4.619970758923157916e+01 8.464177931749947703e+00
4.413856363863294519e+01 6.846605616196002941e+00
4.207741968803430410e+01 7.185070047805504956e+00
4.001627573743566302e+01 8.063541319061952706e+00
3.795513178683701483e+01 5.955843001323611219e+00
3.589398783623837375e+01 6.311467741929315700e+00
3.383284388563973266e+01 7.556972775738597825e+00
3.177169993504109513e+01 9.114652312961293745e+00
2.971055598444245405e+01 9.795977354622809941e+00
2.764941203384381652e+01 1.254543748144193671e+01
2.558826808324517543e+01 1.372718916470394568e+01
2.352712413264652724e+01 1.499084785203073267e+01
2.146598018204788971e+01 1.851718804423495612e+01
1.940483623144924863e+01 2.147713701533518460e+01
1.734369228085060755e+01 2.958030798741833678e+01
1.528254833025196646e+01 3.831619800817716737e+01
1.322140437965332715e+01 4.936617545516919137e+01
1.116026042905468607e+01 6.145389387306057927e+01
9.099116478456046764e+00 7.150479692076510219e+01
7.037972527857405680e+00 7.717640461322034184e+01
4.976828577258763708e+00 7.768110569608180072e+01
2.915684626660123069e+00 7.216621254252318352e+01
8.545406760614822073e-01 6.887023659686110477e+01
-1.206603274537158654e+00 6.039129317444922407e+01
-3.267747225135799738e+00 4.861521743191200784e+01
-5.328891175734440822e+00 4.508146184066498563e+01
-7.390035126333080129e+00 3.925050279467423309e+01
-9.451179076931721212e+00 3.447131942562963047e+01
-1.151232302753036230e+01 3.117322887696387212e+01
-1.357346697812900338e+01 2.585958233237126436e+01
-1.563461092872764446e+01 2.245350138209696667e+01
-1.769575487932628732e+01 1.902423486862443625e+01
-1.975689882992492485e+01 1.902089067383103327e+01
-2.181804278052356594e+01 1.754220843869602930e+01
-2.387918673112221057e+01 1.506049692337088253e+01
-2.594033068172084810e+01 1.601008317134449754e+01
-2.800147463231948564e+01 1.491733966373829112e+01
-3.006261858291812672e+01 1.241365728438043625e+01
-3.212376253351676780e+01 1.376851235294491360e+01
-3.418490648411540889e+01 1.183606833714176076e+01
-3.624605043471404997e+01 1.226889503297006456e+01
-3.830719438531269105e+01 1.206318630212214238e+01
-4.036833833591133214e+01 1.206905667196725140e+01
-4.242948228650997322e+01 1.423461861831821906e+01
-4.449062623710861430e+01 1.061311635768174355e+01
-4.655177018770725539e+01 1.216872003885428732e+01
-4.861291413830589647e+01 1.199084338751980461e+01
-5.067405808890453756e+01 1.093198293789895992e+01
-5.273520203950317153e+01 1.015910504404708625e+01
-5.479634599010181262e+01 9.713986628134803070e+00
-5.685748994070045370e+01 1.177147200562500196e+01
-5.891863389129910189e+01 1.037626985685879077e+01
-6.097977784189774297e+01 1.145132242250572752e+01
-6.304092179249638406e+01 1.204412033772483426e+01
-6.510206574309502514e+01 1.161383844002475740e+01
-6.716320969369365912e+01 1.172460895228452671e+01
-6.922435364429230731e+01 1.327560497363399783e+01
-7.128549759489094129e+01 1.311656527968223607e+01
-7.334664154548957526e+01 1.233144419486933785e+01
-7.540778549608822345e+01 1.141375972863026078e+01
-7.746892944668685743e+01 1.035365822584353523e+01
-7.953007339728550562e+01 1.178690347973423869e+01
-8.159121734788413960e+01 1.152324525412037026e+01
-8.365236129848278779e+01 9.427178359832327104e+00
-8.571350524908142177e+01 9.252458892209315167e+00
-8.777464919968006996e+01 8.581429011247367455e+00
-8.983579315027871814e+01 7.298247047298864310e+00
-9.189693710087735212e+01 9.029283774210959734e+00
-9.395808105147600031e+01 5.987886459984388843e+00
-9.601922500207463429e+01 7.357418417846053771e+00
-9.808036895267328248e+01 4.621522009926093411e+00
-1.001415129032719165e+02 5.010931375566504364e+00
-1.022026568538705504e+02 4.706272209198012035e+00
-1.042638008044691986e+02 3.296636163505394457e+00
-1.063249447550678326e+02 4.403228814062428498e+00
-1.083860887056664808e+02 4.319319586212222006e+00
-1.104472326562651148e+02 3.419233470846297251e+00
-1.125083766068637630e+02 3.638951080703456409e+00
-1.145695205574623969e+02 3.695220623067911880e+00
-1.166306645080610309e+02 3.081179690640182489e+00
-1.186918084586596791e+02 3.297246098250912194e+00
-1.207529524092583131e+02 3.531050387799946844e+00
-1.228140963598569613e+02 2.814274168863642345e+00
-1.248752403104555952e+02 4.440873756704904807e+00
-1.269363842610542576e+02 3.789924981991224850e+00
-1.289975282116528774e+02 2.372219350846695995e+00
-1.310586721622515256e+02 3.948569171638281805e+00
-1.331198161128501454e+02 5.071416898121707817e+00
-1.351809600634488220e+02 1.793108691026989110e+00
-1.372421040140474418e+02 1.915263461607609408e+00
-1.393032479646460899e+02 1.820845353784541709e+00
-1.413643919152447097e+02 3.131723738901350806e+00
-1.434255358658433579e+02 3.396836963538946375e+00
-1.454866798164420345e+02 3.089623288686550673e+00
-1.475478237670406543e+02 3.494963889467591844e+00
-1.496089677176393025e+02 3.510889074251114739e+00
-1.516701116682379222e+02 2.694850409494747634e+00
-1.537312556188365988e+02 2.535163762604105031e+00
-1.557923995694352186e+02 4.336013643526659411e-01
-1.578535435200338668e+02 2.125395152900348528e+00
-1.599146874706324866e+02 2.482179001703578081e+00
-1.619758314212311348e+02 2.140232268676372396e+00
-1.640369753718297829e+02 3.450483602311952502e+00
-1.660981193224284311e+02 2.036267421807928191e+00
-1.681592632730270509e+02 1.060638974272185564e+00
-1.702204072236256991e+02 1.445861744280700911e+00
-1.722815511742243189e+02 9.888118314549054766e-01
-1.743426951248229955e+02 1.723891658778167857e+00
-1.764038390754216152e+02 1.148660453811642279e+00
-1.784649830260202634e+02 8.391351582682260446e-01
-1.805261269766188832e+02 1.891592356783458939e+00
-1.825872709272175598e+02 3.069651495484394310e+00
-1.846484148778162080e+02 1.889614097964629869e+00
-1.867095588284148278e+02 2.276387079614281550e+00
-1.887707027790134759e+02 4.909359573347370498e-01
-1.908318467296120957e+02 1.591019491729894764e+00
-1.928929906802107723e+02 1.328419102539557084e+00
-1.949541346308093921e+02 1.163654645869652837e+00
-1.970152785814080403e+02 2.852560159998894118e+00
-1.990764225320066885e+02 1.904368986231463889e+00
-2.011375664826053367e+02 2.094407168947689968e+00
-2.031987104332039564e+02 2.595189054851934074e+00
-2.052598543838026330e+02 1.398012401841084440e+00
-2.073209983344012528e+02 2.220871764744040355e+00
-2.093821422849999010e+02 6.445450078974283015e-01
-2.114432862355985208e+02 2.300087105864065506e+00
-2.135044301861971690e+02 1.684908328559117541e+00
-2.155655741367958171e+02 2.130119017813306925e+00
-2.176267180873944653e+02 2.220441760366356654e+00
-2.196878620379930851e+02 2.042891050685226251e+00
-2.217490059885917333e+02 2.847265528261791356e+00
-2.238101499391904099e+02 1.612789944705703915e+00
-2.258712938897890297e+02 -5.703356407539612594e-01
-2.279324378403876779e+02 2.044902929480310050e+00
-2.299935817909862976e+02 1.464204857713373054e+00
-2.320547257415849458e+02 1.217336372510908094e+00
-2.341158696921835940e+02 2.453336371382716763e+00
-2.361770136427822422e+02 8.931913107093784054e-01
-2.382381575933808620e+02 -3.804976611910672601e-01
-2.402993015439795101e+02 1.580306544778767197e+00
-2.423604454945781299e+02 4.328999801600502684e-01
-2.444215894451768065e+02 1.593648796275252133e+00
-2.464827333957754263e+02 1.449854166060136507e+00
-2.485438773463740745e+02 -4.561958127792033468e-01
-2.506050212969726942e+02 2.266627538508751982e+00
-2.526661652475713424e+02 2.131856245268400230e+00
-2.547273091981699906e+02 2.370605470903383249e+00
-2.567884531487686104e+02 2.357725612902480172e+00
-2.588495970993672586e+02 2.828267778429135237e+00
-2.609107410499659068e+02 1.775909489613954229e+00
-2.629718850005645550e+02 2.261293631526920311e+00
-2.650330289511632031e+02 3.531618058735392029e+00
