2.720360930538398065e+02 1.048369882926855512e+00
2.699749491032411584e+02 3.668629831547463027e+00
2.679138051526425670e+02 4.246106322687090540e+00
2.658526612020438620e+02 3.783209185071141345e+00
2.637915172514452706e+02 4.080592119199264012e+00
2.617303733008466224e+02 5.255670901910746373e+00
2.596692293502479743e+02 4.192080755784838964e+00
2.576080853996493261e+02 5.134590212827111699e+00
2.555469414490506779e+02 7.283744492052614206e+00
2.534857974984520581e+02 6.080469397186734959e+00
2.514246535478534099e+02 4.630016335727182408e+00
2.493635095972547902e+02 3.940173305811689897e+00
2.473023656466561135e+02 6.442257003238593960e+00
2.452412216960574654e+02 5.260777152534171108e+00
2.431800777454588456e+02 4.303725104096600695e+00
2.411189337948601974e+02 5.744433730637444668e+00
2.390577898442615492e+02 4.615289876855293905e+00
2.369966458936629010e+02 6.324825874660300329e+00
2.349355019430642812e+02 4.368494702124650964e+00
2.328743579924656331e+02 5.944672944824011651e+00
2.308132140418670133e+02 7.593311496361029533e+00
2.287520700912683367e+02 7.097322179522710606e+00
2.266909261406697169e+02 3.834978023048899232e+00
2.246297821900710687e+02 3.261608336688273546e+00
2.225686382394724490e+02 8.063738407644107653e+00
2.205074942888738008e+02 7.070517329048893629e+00
2.184463503382751526e+02 7.513065639710747590e+00
2.163852063876765044e+02 7.915406934930830474e+00
2.143240624370778846e+02 8.545415868737169518e+00
2.122629184864792364e+02 8.210856792592156950e+00
2.102017745358806167e+02 5.917024974786653679e+00
2.081406305852819401e+02 8.693067548886885376e+00
2.060794866346832919e+02 6.506899515623756791e+00
2.040183426840846721e+02 6.221120173891422134e+00
2.019571987334860239e+02 6.784718849571395261e+00
1.998960547828873757e+02 3.412796156326217911e+00
1.978349108322887560e+02 5.010672073906158985e+00
1.957737668816901362e+02 5.565758927494185215e+00
1.937126229310914880e+02 6.960774642711727189e+00
1.916514789804928398e+02 7.982024726035486850e+00
1.895903350298941916e+02 7.770111177685715020e+00
1.875291910792955719e+02 6.438676143248711625e+00
1.854680471286969237e+02 6.141181823479298529e+00
1.834069031780982755e+02 4.780434477315258057e+00
1.813457592274996273e+02 5.965336345366901050e+00
1.792846152769010075e+02 6.736074671507334521e+00
1.772234713263023593e+02 6.739693881446287449e+00
1.751623273757037396e+02 5.619706915964061800e+00
1.731011834251050630e+02 5.756880665188289115e+00
1.710400394745064432e+02 6.891009595356519135e+00
1.689788955239077950e+02 3.831563182627368391e+00
1.669177515733091468e+02 5.133470543784085294e+00
1.648566076227105270e+02 4.899044168565553470e+00
1.627954636721118504e+02 3.648815050615621391e+00
1.607343197215132307e+02 5.742306537678352640e+00
1.586731757709145825e+02 5.008665155354929510e+00
1.566120318203159627e+02 6.442536226780600117e+00
1.545508878697173145e+02 5.578088609277081389e+00
1.524897439191186663e+02 5.274116696372328938e+00
1.504285999685200181e+02 5.447280855088956208e+00
1.483674560179213984e+02 6.665024827881482317e+00
1.463063120673227502e+02 6.728017577199107535e+00
1.442451681167241020e+02 6.105134871036797861e+00
1.421840241661254538e+02 5.736776620243174918e+00
1.401228802155268340e+02 5.358648754923187596e+00
1.380617362649281858e+02 5.640852294326027305e+00
1.360005923143295661e+02 6.008769561146848126e+00
1.339394483637308895e+02 4.109942443943706003e+00
1.318783044131322697e+02 5.834634463130353055e+00
1.298171604625336215e+02 7.679118794497872713e+00
1.277560165119349733e+02 7.805945092677972319e+00
1.256948725613363393e+02 2.757239775930910852e+00
1.236337286107377054e+02 4.725615980972361463e+00
1.215725846601390572e+02 7.121609069323270091e+00
1.195114407095404232e+02 7.683391671798436739e+00
1.174502967589417750e+02 5.496518886891515798e+00
1.153891528083431410e+02 4.216762404650020279e+00
1.133280088577445071e+02 5.157103104008612604e+00
1.112668649071458447e+02 6.738622284160435960e+00
1.092057209565472107e+02 8.696730885705687086e+00
1.071445770059485625e+02 5.588686272105877428e+00
1.050834330553499285e+02 4.397536424905993613e+00
1.030222891047512803e+02 4.151608549372880042e+00
1.009611451541526463e+02 4.658202644959884786e+00
9.890000120355401236e+01 7.430496052977525245e+00
9.683885725295536417e+01 4.555686507931019591e+00
9.477771330235673020e+01 2.169807359943824565e+00
9.271656935175808201e+01 5.002440905898629886e+00
9.065542540115944803e+01 2.354791297252159410e+00
8.859428145056079984e+01 3.045639016049634051e+00
8.653313749996216586e+01 5.797083272123993325e+00
8.447199354936353188e+01 5.105405589864335347e+00
8.241084959876488369e+01 4.555688636121255186e+00
8.034970564816624972e+01 4.514754941200402882e+00
7.828856169756760153e+01 7.515753751235683566e+00
7.622741774696896755e+01 4.820443514845200284e+00
7.416627379637031936e+01 5.912259094239396440e+00
7.210512984577167117e+01 4.368420191436630518e+00
7.004398589517303719e+01 4.345774788423884871e+00
6.798284194457438900e+01 5.985800998257429839e+00
6.592169799397575503e+01 2.739189207854806796e+00
6.386055404337712105e+01 6.407444218209067621e+00
6.179941009277847286e+01 4.330775619489640960e+00
5.973826614217983177e+01 3.559802092910454796e+00
5.767712219158119069e+01 4.605858364978016262e+00
5.561597824098254961e+01 5.132117556460100261e+00
5.355483429038390852e+01 4.864559462643321730e+00
5.149369033978527455e+01 3.508323846879395358e+00
4.943254638918663346e+01 4.340471391872794626e+00
4.737140243858799238e+01 6.542135627586570301e+00
4.531025848798935129e+01 7.272150079517125221e+00
4.324911453739070311e+01 6.274643409950630080e+00
4.118797058679206202e+01 3.626489046562749952e+00
3.912682663619342094e+01 5.657249019201956663e+00
3.706568268559478696e+01 5.891800047435785892e+00
3.500453873499614588e+01 3.676550894815737269e+00
3.294339478439750479e+01 3.931468381914670740e+00
3.088225083379886371e+01 6.063304365944131469e+00
2.882110688320021907e+01 7.643091321175411679e+00
2.675996293260158154e+01 8.798783010898247881e+00
2.469881898200294046e+01 1.201481907939938587e+01
2.263767503140429938e+01 1.053593422713653993e+01
2.057653108080565829e+01 1.443350695320889443e+01
1.851538713020701721e+01 1.727066175369937184e+01
1.645424317960837612e+01 2.161525690534074684e+01
1.439309922900973682e+01 2.133302420853643611e+01
1.233195527841109573e+01 2.466652162416070837e+01
1.027081132781245465e+01 2.863648069154868381e+01
8.209667377213815342e+00 3.030323297983812481e+01
6.148523426615173371e+00 3.134843824200624596e+01
4.087379476016532287e+00 3.830521536950552530e+01
2.026235525417891203e+00 3.754322606213727198e+01
-3.490842518074945000e-02 3.964291687336928760e+01
-2.096052375779390520e+00 3.639213473727154025e+01
-4.157196326378031159e+00 2.991760558479550980e+01
-6.218340276976672243e+00 2.740842632089773545e+01
-8.279484227575313326e+00 2.020648522104825773e+01
-1.034062817817395263e+01 1.779311809565553659e+01
-1.240177212877259549e+01 1.627093687553822932e+01
-1.446291607937123480e+01 1.546679762086591481e+01
-1.652406002996987411e+01 1.458917967927478720e+01
-1.858520398056851519e+01 1.228112774282703334e+01
-2.064634793116715983e+01 9.591324944321447887e+00
-2.270749188176579736e+01 9.081070725596301685e+00
-2.476863583236443844e+01 6.066076420742386510e+00
-2.682977978296307953e+01 6.652959957269337643e+00
-2.889092373356171706e+01 8.510512530638660422e+00
-3.095206768416036169e+01 5.946047031245718095e+00
-3.301321163475899567e+01 7.501514738002291516e+00
-3.507435558535764386e+01 6.067714530106657733e+00
-3.713549953595628494e+01 5.021957881312475891e+00
-3.919664348655492603e+01 7.143498719876327563e+00
-4.125778743715356711e+01 5.223954629174588860e+00
-4.331893138775220820e+01 4.423950640832079451e+00
-4.538007533835084217e+01 2.803212476640417616e+00
-4.744121928894948326e+01 5.656534469477172422e+00
-4.950236323954812434e+01 5.473528253636856356e+00
-5.156350719014676542e+01 4.224108903818240002e+00
-5.362465114074541361e+01 5.080558198401865511e+00
-5.568579509134405470e+01 5.501546092859856962e+00
-5.774693904194269578e+01 3.784300492672624472e+00
-5.980808299254132976e+01 4.577171087593588261e+00
-6.186922694313997084e+01 5.014435510011437280e+00
-6.393037089373861193e+01 7.251105800251823830e+00
-6.599151484433726012e+01 4.626353657507179307e+00
-6.805265879493589409e+01 5.994113834205990976e+00
-7.011380274553452807e+01 6.653973107625853700e+00
-7.217494669613317626e+01 5.228484018369396580e+00
-7.423609064673181024e+01 5.667630610815685976e+00
-7.629723459733045843e+01 5.971164064275751748e+00
-7.835837854792909241e+01 6.097604065282896890e+00
-8.041952249852772638e+01 6.475835555813506339e+00
-8.248066644912638878e+01 5.401866201312712334e+00
-8.454181039972502276e+01 2.309203233383247511e+00
-8.660295435032367095e+01 2.144140222017919317e+00
-8.866409830092230493e+01 7.354848324274847471e+00
-9.072524225152095312e+01 6.872570030952030784e+00
-9.278638620211958710e+01 4.297867549131381359e+00
-9.484753015271822107e+01 3.923706950869485510e+00
-9.690867410331686926e+01 5.350922686580698695e+00
-9.896981805391550324e+01 2.327702148611679345e+00
-1.010309620045141514e+02 2.835506121038476213e+00
-1.030921059551127854e+02 3.052110042735345363e+00
-1.051532499057114336e+02 3.588364744506381765e+00
-1.072143938563100676e+02 3.176957158251491276e+00
-1.092755378069087016e+02 4.262535533773663232e+00
-1.113366817575073497e+02 4.192831597925207987e+00
-1.133978257081059837e+02 3.214240506101536443e+00
-1.154589696587046319e+02 3.561957440032837763e+00
-1.175201136093032659e+02 3.432880979592997761e+00
-1.195812575599019141e+02 1.395297643832336787e+00
-1.216424015105005623e+02 3.095152454574175316e+00
-1.237035454610991962e+02 2.763033019009945246e+00
-1.257646894116978444e+02 3.871325148286070217e+00
-1.278258333622964784e+02 1.998774028856982632e+00
-1.298869773128951124e+02 2.390342649163538447e+00
-1.319481212634937606e+02 1.866522698956710080e+00
-1.340092652140923803e+02 1.373715662646588065e+00
-1.360704091646910285e+02 -8.365913476310326002e-01
-1.381315531152896767e+02 2.555984949924417382e+00
-1.401926970658883249e+02 1.377128265518137606e+00
-1.422538410164869731e+02 1.132616962758314028e+00
-1.443149849670855929e+02 2.655545027583843698e+00
-1.463761289176842695e+02 8.322328226823657582e-01
-1.484372728682828892e+02 5.539850394739282979e-01
-1.504984168188815374e+02 -7.465613760755026584e-01
-1.525595607694801572e+02 -1.119558879297580523e-01
-1.546207047200788054e+02 1.396497720796368247e+00
-1.566818486706774536e+02 9.906791581464869934e-01
-1.587429926212761018e+02 1.379304007345881100e+00
-1.608041365718747215e+02 1.066788050595386173e+00
-1.628652805224733697e+02 -5.426323676069387814e-01
-1.649264244730719895e+02 -1.345360855405516309e+00
-1.669875684236706661e+02 3.291324249486803133e+00
-1.690487123742692859e+02 1.041391175018190340e+00
-1.711098563248679341e+02 1.929321098804786860e+00
-1.731710002754665538e+02 2.882231685165908885e+00
-1.752321442260652304e+02 -8.345409624949450267e-01
-1.772932881766638502e+02 -2.827663979453366450e-01
-1.793544321272624984e+02 1.906719712746422823e+00
-1.814155760778611466e+02 1.906238544735831542e-01
-1.834767200284597664e+02 1.114310378820381642e+00
-1.855378639790584430e+02 1.109592571832197783e-01
-1.875990079296570627e+02 9.969983066671741501e-01
-1.896601518802557109e+02 1.207165523443789912e+00
-1.917212958308543307e+02 9.663008817959354291e-01
-1.937824397814529789e+02 -9.452487233008088907e-01
-1.958435837320516271e+02 7.069930156863983850e-01
-1.979047276826502753e+02 7.718598617800334072e-01
-1.999658716332489234e+02 1.697131644251264282e+00
-2.020270155838475716e+02 5.555965600056562703e-01
-2.040881595344461914e+02 7.005956536673406676e-01
-2.061493034850448396e+02 2.825449379418457418e+00
-2.082104474356434878e+02 2.403663971466121207e-01
-2.102715913862421360e+02 4.253239970664842717e-01
-2.123327353368407557e+02 -7.628524963966593075e-01
-2.143938792874394039e+02 -1.577492602523927312e+00
-2.164550232380380805e+02 8.948217723917120114e-01
-2.185161671886367003e+02 -3.488062594171592035e-01
-2.205773111392353485e+02 2.603522401889767135e+00
-2.226384550898339683e+02 7.574915227549413599e-01
-2.246995990404326164e+02 -5.253307070145950552e-01
-2.267607429910312646e+02 -2.349984091653379292e-01
-2.288218869416299128e+02 9.708906547543195986e-02
-2.308830308922285326e+02 -8.301417181886378005e-01
-2.329441748428271808e+02 6.985349298705136045e-02
-2.350053187934258005e+02 2.618692805813425950e-02
-2.370664627440244772e+02 1.275678892807081688e+00
-2.391276066946230969e+02 2.850933919002688555e+00
-2.411887506452217451e+02 3.842456646087821226e-01
-2.432498945958203649e+02 4.180070803589628348e-01
-2.453110385464190415e+02 1.407362183286830160e+00
-2.473721824970176613e+02 4.102805229057090664e+00
-2.494333264476163095e+02 1.540146122179531840e+00
-2.514944703982149292e+02 4.476453349453515251e-01
-2.535556143488135774e+02 2.659961997592669380e+00
