2.661294530557793223e+02 -1.397311523397687161e+00
2.640683091051807310e+02 1.529590491537145547e-01
2.620071651545820828e+02 5.007504403970363116e-01
2.599460212039834346e+02 -3.194470775356079706e-01
2.578848772533847864e+02 -6.385722544139319501e-01
2.558237333027861666e+02 1.150726962637501849e+00
2.537625893521874900e+02 1.714712163824999358e+00
2.517014454015888703e+02 1.799119983379517118e-01
2.496403014509902221e+02 9.466485460886567838e-01
2.475791575003916023e+02 1.500131840306029085e+00
2.455180135497929257e+02 8.652144402724784022e-01
2.434568695991943059e+02 6.589049784220951667e-01
2.413957256485956577e+02 1.539269020035118452e+00
2.393345816979970380e+02 1.811778759064583744e+00
2.372734377473983898e+02 1.256115658965730075e+00
2.352122937967997416e+02 1.836291312538303355e+00
2.331511498462010934e+02 2.905131012709857963e+00
2.310900058956024736e+02 2.673512357423059704e+00
2.290288619450038254e+02 3.353605927134859943e+00
2.269677179944052057e+02 2.997237278564387264e+00
2.249065740438065291e+02 2.438549823373290515e+00
2.228454300932079093e+02 1.305465343446127857e+00
2.207842861426092611e+02 1.399756169854952936e-01
2.187231421920106129e+02 1.672834833543539235e+00
2.166619982414119647e+02 2.507748817132941621e+00
2.146008542908133165e+02 2.996493846865099453e+00
2.125397103402146968e+02 2.620227585261814873e+00
2.104785663896160486e+02 1.709301983127767599e+00
2.084174224390174288e+02 1.482823264448869471e+00
2.063562784884187522e+02 3.502088992533950229e+00
2.042951345378201324e+02 2.024451811822520320e+00
2.022339905872214842e+02 2.554748793266547136e+00
2.001728466366228645e+02 2.245239048086660194e+00
1.981117026860242163e+02 2.504975951639150988e+00
1.960505587354255965e+02 3.958521454360256264e+00
1.939894147848269483e+02 1.258742180438164660e+00
1.919282708342283286e+02 3.839837830059457779e+00
1.898671268836296520e+02 1.810272949563078715e+00
1.878059829330310322e+02 3.723269350966667890e+00
1.857448389824323840e+02 4.167581091052673159e+00
1.836836950318337642e+02 2.988012695433013288e+00
1.816225510812351160e+02 2.668184068535775388e+00
1.795614071306364394e+02 2.965364659537444325e+00
1.775002631800378197e+02 1.814015678598160264e+00
1.754391192294391715e+02 1.963333857057268927e+00
1.733779752788405517e+02 3.697396409418407970e+00
1.713168313282419035e+02 2.670445893552400030e+00
1.692556873776432553e+02 3.377555120540465250e+00
1.671945434270446071e+02 2.799369753691251628e+00
1.651333994764459874e+02 2.302945445523608914e+00
1.630722555258473392e+02 2.754234510530563895e+00
1.610111115752487194e+02 2.641849833118092850e+00
1.589499676246500428e+02 4.532642856874940840e+00
1.568888236740514230e+02 2.333545139480672326e+00
1.548276797234527749e+02 2.512201638553965832e+00
1.527665357728541551e+02 3.048196719180760184e+00
1.507053918222554785e+02 1.805930914369521023e+00
1.486442478716568587e+02 4.154555918983760421e+00
1.465831039210582105e+02 5.111314118652940053e+00
1.445219599704595907e+02 9.933912736200600779e-01
1.424608160198609426e+02 2.963370230403373551e+00
1.403996720692622659e+02 2.695475298649542495e+00
1.383385281186636462e+02 2.813095340341037698e+00
1.362773841680649980e+02 2.508852057119300039e+00
1.342162402174663782e+02 2.255161450080992225e+00
1.321550962668677300e+02 1.237329214194406779e+00
1.300939523162690818e+02 1.025556230005250313e+00
1.280328083656704337e+02 3.589076033957300904e+00
1.259716644150718139e+02 2.379737917580092788e+00
1.239105204644731657e+02 3.426479325772032070e+00
1.218493765138745175e+02 3.668361848506588530e+00
1.197882325632758835e+02 4.391336464783034188e+00
1.177270886126772353e+02 3.314071094671890094e+00
1.156659446620786014e+02 3.378373361900023131e+00
1.136048007114799532e+02 2.156646974697550512e+00
1.115436567608813192e+02 1.951015252689523027e+00
1.094825128102826710e+02 4.387003291099692781e+00
1.074213688596840370e+02 2.665692732079866900e+00
1.053602249090854031e+02 3.026189990309039679e+00
1.032990809584867549e+02 3.108454925001959079e+00
1.012379370078881209e+02 4.174158589547197984e+00
9.917679305728947270e+01 3.277377595868983917e+00
9.711564910669082451e+01 2.775674344224451140e+00
9.505450515609219053e+01 3.146294940907411686e+00
9.299336120549354234e+01 3.019629858376998932e+00
9.093221725489490836e+01 3.335398310563999047e+00
8.887107330429626018e+01 3.762864851703518365e+00
8.680992935369762620e+01 3.804405929588550617e+00
8.474878540309899222e+01 2.763806160864112904e+00
8.268764145250032982e+01 2.486717958595685563e+00
8.062649750190169584e+01 3.303654613649332550e+00
7.856535355130304765e+01 2.834640534866388784e+00
7.650420960070441367e+01 2.057288899370556923e+00
7.444306565010576549e+01 3.331339873110811034e+00
7.238192169950713151e+01 3.594564228098377168e+00
7.032077774890849753e+01 2.759656829878926132e+00
6.825963379830984934e+01 1.345356574790179227e+00
6.619848984771121536e+01 2.549792949894239769e+00
6.413734589711256717e+01 1.817279542230696210e+00
6.207620194651393319e+01 1.485563564364277278e+00
6.001505799591529211e+01 3.194412119664631788e+00
5.795391404531665103e+01 3.994632293868495054e+00
5.589277009471800994e+01 3.766720077597501160e+00
5.383162614411936175e+01 2.043578702335274055e+00
5.177048219352072067e+01 2.342717262540261469e+00
4.970933824292208669e+01 2.596081535517748229e+00
4.764819429232344561e+01 3.628162674498392359e+00
4.558705034172480453e+01 3.463051271132674636e+00
4.352590639112616344e+01 2.240775962051238857e+00
4.146476244052752236e+01 3.966675113870072433e+00
3.940361848992888127e+01 2.260187466073100726e+00
3.734247453933024019e+01 3.295496029967325491e+00
3.528133058873159911e+01 5.513709007340492185e+00
3.322018663813295802e+01 4.336680231963596199e+00
3.115904268753432049e+01 4.942199005939656331e+00
2.909789873693567586e+01 8.510574517463354027e+00
2.703675478633703477e+01 1.106188892674425084e+01
2.497561083573839724e+01 1.398227611450050389e+01
2.291446688513975616e+01 2.040694283209261428e+01
2.085332293454111152e+01 2.868377900277884152e+01
1.879217898394247399e+01 4.079300857648540557e+01
1.673103503334383291e+01 5.471585477675355236e+01
1.466989108274519182e+01 7.031848130624968007e+01
1.260874713214655074e+01 8.814853652340214296e+01
1.054760318154791143e+01 1.014125239790014348e+02
8.486459230949270349e+00 1.106013468843409271e+02
6.425315280350630154e+00 1.158065600867143843e+02
4.364171329751989070e+00 1.152304890426963055e+02
2.303027379153348431e+00 1.085625622199712268e+02
2.418834285547075968e-01 1.099297908274513134e+02
-1.819260522043933292e+00 1.109123216334242557e+02
-3.880404472642574376e+00 1.073006380534603323e+02
-5.941548423241214572e+00 9.956636983253093831e+01
-8.002692373839854767e+00 9.051292987654861122e+01
-1.006383632443849585e+01 7.888142414984314144e+01
-1.212498027503713693e+01 7.099552955363998308e+01
-1.418612422563577802e+01 6.079662691591018842e+01
-1.624726817623442088e+01 5.266102285774105951e+01
-1.830841212683306196e+01 4.698392975031186580e+01
-2.036955607743170305e+01 4.352228272789540142e+01
-2.243070002803034058e+01 3.919662872449386981e+01
-2.449184397862898166e+01 3.802103789332172568e+01
-2.655298792922762274e+01 3.490806229768977431e+01
-2.861413187982626738e+01 3.618786874379321006e+01
-3.067527583042490491e+01 3.382283642495150389e+01
-3.273641978102354955e+01 3.396537964345001370e+01
-3.479756373162218352e+01 3.355337510585038530e+01
-3.685870768222082461e+01 3.354336646402521183e+01
-3.891985163281946569e+01 3.168299360712385848e+01
-4.098099558341810678e+01 3.116799515832036249e+01
-4.304213953401675496e+01 3.338551474913720085e+01
-4.510328348461539605e+01 2.926280872432476698e+01
-4.716442743521403003e+01 2.925854758083079687e+01
-4.922557138581267111e+01 2.677185989358148532e+01
-5.128671533641131219e+01 2.546638745629870826e+01
-5.334785928700995328e+01 2.442734587923532175e+01
-5.540900323760859436e+01 2.553217194669950629e+01
-5.747014718820723544e+01 2.746302241407769529e+01
-5.953129113880587653e+01 2.982313125448234814e+01
-6.159243508940451761e+01 3.229130787575521566e+01
-6.365357904000315870e+01 3.888075858442149979e+01
-6.571472299060179978e+01 3.936236432122829143e+01
-6.777586694120043376e+01 4.150283992007892664e+01
-6.983701089179906774e+01 4.439753852081206276e+01
-7.189815484239773014e+01 4.541321998476533395e+01
-7.395929879299636411e+01 4.306082354746607876e+01
-7.602044274359501230e+01 4.205934350260711341e+01
-7.808158669419364628e+01 4.201737633216992407e+01
-8.014273064479229447e+01 3.789259918779492864e+01
-8.220387459539092845e+01 3.440205973667315931e+01
-8.426501854598956243e+01 3.070996385166766629e+01
-8.632616249658821062e+01 2.764189363087854545e+01
-8.838730644718684459e+01 2.110408868838745278e+01
-9.044845039778549278e+01 1.888540248556705947e+01
-9.250959434838412676e+01 1.588406014804796484e+01
-9.457073829898276074e+01 1.258712889493297915e+01
-9.663188224958140893e+01 9.073793098082060027e+00
-9.869302620018004291e+01 8.718790518673166900e+00
-1.007541701507786769e+02 7.920110032706720204e+00
-1.028153141013773109e+02 5.514369203442062606e+00
-1.048764580519759591e+02 7.173005213351327569e+00
-1.069376020025745930e+02 6.184548427536620707e+00
-1.089987459531732412e+02 3.648592142055051557e+00
-1.110598899037718894e+02 4.892131060820373634e+00
-1.131210338543705376e+02 4.425477517687073536e+00
-1.151821778049691716e+02 2.554129060414174646e+00
-1.172433217555678056e+02 2.852102997226268588e+00
-1.193044657061664537e+02 2.806041083569574379e+00
-1.213656096567650877e+02 2.864859327025925051e+00
-1.234267536073637359e+02 1.194373480125981546e+00
-1.254878975579623699e+02 1.509699469649921300e+00
-1.275490415085610181e+02 1.027796629734777811e+00
-1.296101854591596521e+02 9.970437800424776231e-01
-1.316713294097583002e+02 -7.007237447334685454e-02
-1.337324733603569484e+02 1.495547285447928365e+00
-1.357936173109555682e+02 -9.253858018104917926e-01
-1.378547612615542164e+02 -1.193518388906602778e+00
-1.399159052121528646e+02 -1.981630500774207215e+00
-1.419770491627515128e+02 8.253024773970032979e-02
-1.440381931133501325e+02 6.143847508134416824e-01
-1.460993370639487807e+02 -8.035139186177183701e-01
-1.481604810145474005e+02 -2.284595707691932542e+00
-1.502216249651460771e+02 -2.932672830075488069e+00
-1.522827689157446969e+02 -1.601108264376531087e+00
-1.543439128663433451e+02 -1.984805042179291323e+00
-1.564050568169419648e+02 -1.131566529810160260e+00
-1.584662007675406130e+02 -2.385615495831046040e+00
-1.605273447181392612e+02 -7.424771560124056036e-01
-1.625884886687379094e+02 -7.168697844655446128e-01
-1.646496326193365292e+02 -2.365593334401168590e+00
-1.667107765699351773e+02 -2.959880617023181948e+00
-1.687719205205338540e+02 -2.253568849247032713e+00
-1.708330644711324737e+02 -1.768500104849849985e-01
-1.728942084217311219e+02 -5.216273924263389317e-01
-1.749553523723297417e+02 -2.151994675259918388e+00
-1.770164963229283899e+02 -2.737498857952562759e+00
-1.790776402735270381e+02 -3.697677764903577913e+00
-1.811387842241256863e+02 -4.307191853008593974e-01
-1.831999281747243060e+02 -3.003529835397985348e+00
-1.852610721253229542e+02 -2.826422322962953260e+00
-1.873222160759215740e+02 -1.693680973102309251e+00
-1.893833600265202506e+02 -8.926361563655983433e-01
-1.914445039771188704e+02 -2.842036131334751303e+00
-1.935056479277175185e+02 -3.131969356322703124e+00
-1.955667918783161383e+02 -6.908943451864311136e-01
-1.976279358289148149e+02 -2.048341005796177949e+00
-1.996890797795134347e+02 -1.689104008785995648e+00
-2.017502237301121113e+02 -1.732170068746018421e+00
-2.038113676807107311e+02 -1.850436016263332650e+00
-2.058725116313093793e+02 -7.494345550887645535e-01
-2.079336555819080274e+02 -2.956472926824089242e+00
-2.099947995325066756e+02 -2.484458905641951709e+00
-2.120559434831053238e+02 -2.679581683316971219e+00
-2.141170874337039436e+02 -2.187421298378478873e+00
-2.161782313843025918e+02 -2.321550196470384186e+00
-2.182393753349012115e+02 -2.107653719096125311e+00
-2.203005192854998882e+02 -3.485819399568265808e+00
-2.223616632360985079e+02 -1.904663750073546602e+00
-2.244228071866971561e+02 -1.818353685778819839e+00
-2.264839511372957759e+02 -1.748600975552716097e+00
-2.285450950878944241e+02 -4.044617646641956554e+00
-2.306062390384930723e+02 -2.807120453904433877e+00
-2.326673829890917204e+02 -2.469764191193515757e+00
-2.347285269396903402e+02 -1.176267340771566916e+00
-2.367896708902889884e+02 -2.879284580701493290e+00
-2.388508148408876366e+02 -3.631481235601266455e+00
-2.409119587914862848e+02 -2.832253893621077712e+00
-2.429731027420849045e+02 -2.057329850968754759e+00
-2.450342466926835527e+02 -3.362598709908402483e+00
-2.470953906432822009e+02 -2.837440420429998333e+00
-2.491565345938808491e+02 -2.529516190419277333e+00
-2.512176785444794973e+02 -2.402100396347341515e+00
-2.532788224950781171e+02 -3.602301314320765502e-01
-2.553399664456767653e+02 -5.259204868055541437e-01
-2.574011103962753850e+02 -1.983271411309434962e+00
-2.594622543468740332e+02 -2.785359019610189613e+00
