2.648306932817521329e+02 -1.094456256348327106e+00
2.627695493311534847e+02 2.900417001210293666e+00
2.607084053805548365e+02 4.448646664189941369e+00
2.586472614299561883e+02 2.746499083025291554e+00
2.565861174793575401e+02 4.045832537761553382e+00
2.545249735287588919e+02 1.161769771054842915e+00
2.524638295781602437e+02 -6.201108922095146525e-01
2.504026856275616240e+02 4.289803347629780994e+00
2.483415416769629758e+02 5.054505255174881917e+00
2.462803977263643560e+02 3.571516961388243594e+00
2.442192537757656794e+02 6.305892509853014083e+00
2.421581098251670596e+02 2.285086761361947882e+00
2.400969658745684114e+02 3.933560121534540155e+00
2.380358219239697917e+02 7.195252744683167556e+00
2.359746779733711151e+02 4.184037783687554857e+00
2.339135340227724953e+02 5.542878668263735875e+00
2.318523900721738471e+02 5.465815967334654246e+00
2.297912461215752273e+02 7.720794448986412206e+00
2.277301021709765791e+02 7.419366437682604065e+00
2.256689582203779310e+02 4.416513376858596018e+00
2.236078142697792828e+02 9.309048619954612747e+00
2.215466703191806630e+02 6.811521454649995810e+00
2.194855263685820148e+02 3.214711119736290978e+00
2.174243824179833666e+02 6.366346687172661056e+00
2.153632384673847184e+02 5.212631051048146169e+00
2.133020945167860702e+02 3.893710588348910484e+00
2.112409505661874505e+02 3.556369005650616533e+00
2.091798066155888023e+02 4.110823991744253725e+00
2.071186626649901825e+02 2.699363215061435728e+00
2.050575187143915059e+02 2.154419506089644276e+00
2.029963747637928861e+02 5.056941819892674772e+00
2.009352308131942380e+02 6.719978949456214323e+00
1.988740868625956182e+02 4.926867456840419379e+00
1.968129429119969416e+02 3.534327485000441804e+00
1.947517989613982934e+02 8.610172134561242530e+00
1.926906550107996452e+02 6.516444573281668262e+00
1.906295110602010254e+02 5.899506134582066075e+00
1.885683671096023772e+02 6.428710608254158743e+00
1.865072231590037575e+02 5.836764321209821915e+00
1.844460792084050809e+02 9.434371561896155001e+00
1.823849352578064327e+02 1.007930219549667861e+01
1.803237913072078129e+02 2.490119930995552178e+00
1.782626473566091647e+02 6.791377432872780950e+00
1.762015034060105449e+02 2.831743310652846457e+00
1.741403594554118683e+02 5.488630250909723785e+00
1.720792155048132486e+02 2.716690599052466570e+00
1.700180715542146004e+02 3.880895291539242731e+00
1.679569276036159806e+02 8.496309707492622820e+00
1.658957836530173040e+02 5.029893823420629850e+00
1.638346397024186842e+02 1.004168015868244002e+00
1.617734957518200360e+02 4.639845515362353900e+00
1.597123518012214163e+02 9.118348457479756419e+00
1.576512078506227681e+02 7.568308222263919305e+00
1.555900639000241199e+02 3.710484485095107754e+00
1.535289199494254717e+02 1.621065768194800194e+00
1.514677759988268519e+02 4.098999120385109940e+00
1.494066320482282038e+02 7.549558783141554485e+00
1.473454880976295840e+02 6.781271500740724711e+00
1.452843441470309074e+02 4.254562320024413147e+00
1.432232001964322592e+02 7.364099558565333936e+00
1.411620562458336394e+02 4.528895280291855840e+00
1.391009122952349912e+02 7.732470831236677888e+00
1.370397683446363715e+02 6.862230420953845389e+00
1.349786243940376949e+02 6.466251767905690784e+00
1.329174804434390751e+02 3.791080065594735871e+00
1.308563364928404269e+02 3.781902803929905854e+00
1.287951925422417787e+02 5.394327963154511352e+00
1.267340485916431589e+02 7.294235625319794636e+00
1.246729046410444965e+02 2.888353337566756274e+00
1.226117606904458626e+02 6.019943047753208099e+00
1.205506167398472286e+02 5.317007781665359367e+00
1.184894727892485804e+02 6.263516411834078923e+00
1.164283288386499464e+02 7.920797726559649199e+00
1.143671848880512982e+02 5.968673944731662573e+00
1.123060409374526643e+02 5.886425519868191181e+00
1.102448969868540303e+02 7.048866053010145905e+00
1.081837530362553821e+02 2.600773532103022756e+00
1.061226090856567481e+02 2.538266677631298318e+00
1.040614651350580999e+02 4.283752996756875930e+00
1.020003211844594659e+02 4.752448502001001884e+00
9.993917723386081775e+01 6.353846633291491131e+00
9.787803328326219798e+01 7.408737427698765643e+00
9.581688933266354979e+01 7.208863168974939839e+00
9.375574538206491582e+01 5.636770269535743338e+00
9.169460143146626763e+01 5.316054741705356079e+00
8.963345748086763365e+01 5.064944583510644804e+00
8.757231353026899967e+01 5.415918034130510428e+00
8.551116957967033727e+01 2.531331857994838952e+00
8.345002562907170329e+01 4.025742855112363294e+00
8.138888167847305510e+01 4.422065327919660227e+00
7.932773772787442113e+01 4.733406538369242078e+00
7.726659377727577294e+01 5.604517193847944334e-01
7.520544982667713896e+01 2.302171747292558912e+00
7.314430587607850498e+01 5.693687591043923746e+00
7.108316192547985679e+01 4.150986798660611043e+00
6.902201797488122281e+01 6.542880389060255375e+00
6.696087402428257462e+01 7.514555623075582780e+00
6.489973007368394065e+01 4.806675111382033627e+00
6.283858612308529956e+01 3.835114746335112734e+00
6.077744217248665848e+01 4.562815621846295855e+00
5.871629822188801739e+01 5.785941380523839328e+00
5.665515427128936921e+01 5.182287446468134107e+00
5.459401032069073523e+01 4.445249295889660779e+00
5.253286637009209414e+01 4.846658682338857993e+00
5.047172241949345306e+01 5.161824051943883163e+00
4.841057846889480487e+01 3.755409558216658894e+00
4.634943451829616379e+01 6.214915494045254896e+00
4.428829056769752981e+01 6.856287452789900705e+00
4.222714661709888873e+01 6.971689927386909069e+00
4.016600266650024764e+01 7.382956820955373978e+00
3.810485871590160656e+01 7.421713548885693790e+00
3.604371476530295837e+01 1.114405730149141327e+01
3.398257081470431729e+01 1.004092942205218719e+01
3.192142686410567975e+01 9.065462172911310290e+00
2.986028291350703867e+01 1.192193856034040245e+01
2.779913896290839759e+01 1.811971028213651280e+01
2.573799501230976006e+01 2.592997457647285486e+01
2.367685106171111897e+01 3.256386927044975721e+01
2.161570711111247434e+01 4.092588114452907178e+01
1.955456316051383681e+01 5.098236498681759343e+01
1.749341920991519572e+01 6.526743991522994293e+01
1.543227525931655464e+01 8.317462302381112238e+01
1.337113130871791356e+01 1.022793106422869442e+02
1.130998735811927425e+01 1.109311246144234246e+02
9.248843407520633164e+00 1.295358344511300288e+02
7.187699456921992081e+00 1.330622437195519012e+02
5.126555506323351885e+00 1.336941604524165825e+02
3.065411555724710801e+00 1.244402240854047648e+02
1.004267605126069940e+00 1.158404659472368650e+02
-1.056876345472570922e+00 1.118426290685450937e+02
-3.118020296071212005e+00 9.404126202455799444e+01
-5.179164246669852645e+00 8.747754292682036237e+01
-7.240308197268491952e+00 7.481256590137161311e+01
-9.301452147867134812e+00 5.787499406037600380e+01
-1.136259609846577412e+01 5.413203496168236484e+01
-1.342374004906441698e+01 5.560143104753421994e+01
-1.548488399966305806e+01 4.769531745460474070e+01
-1.754602795026169915e+01 4.600569795594818601e+01
-1.960717190086034023e+01 4.074655834447431602e+01
-2.166831585145897776e+01 3.841420089125421811e+01
-2.372945980205761884e+01 3.958795200839480088e+01
-2.579060375265626348e+01 3.434895041168410756e+01
-2.785174770325490101e+01 2.913624911419177366e+01
-2.991289165385354210e+01 2.787519899566296999e+01
-3.197403560445218318e+01 2.777361640775601970e+01
-3.403517955505082426e+01 2.343175813849319056e+01
-3.609632350564946535e+01 2.033703826911556334e+01
-3.815746745624809932e+01 2.145392291928644468e+01
-4.021861140684674751e+01 1.844340489658818427e+01
-4.227975535744538860e+01 1.704987542392330369e+01
-4.434089930804402968e+01 1.842406464046908354e+01
-4.640204325864267076e+01 1.737321045290107691e+01
-4.846318720924131185e+01 2.279212372441121559e+01
-5.052433115983994583e+01 2.508230193173319478e+01
-5.258547511043858691e+01 3.296258522250538903e+01
-5.464661906103722799e+01 2.931439367147901010e+01
-5.670776301163586197e+01 3.326651381184814937e+01
-5.876890696223450306e+01 3.394882825362039824e+01
-6.083005091283315124e+01 3.981244060080242519e+01
-6.289119486343179233e+01 4.619635363816302487e+01
-6.495233881403042631e+01 4.847447394605885762e+01
-6.701348276462906028e+01 5.042117383530799657e+01
-6.907462671522772268e+01 4.697593819642651169e+01
-7.113577066582635666e+01 4.695644425641916797e+01
-7.319691461642500485e+01 4.743757333144308319e+01
-7.525805856702363883e+01 4.236380983132520583e+01
-7.731920251762227281e+01 3.644987723370686439e+01
-7.938034646822092100e+01 2.800592865684338761e+01
-8.144149041881955498e+01 2.553970981407251273e+01
-8.350263436941820316e+01 1.911113613703730252e+01
-8.556377832001683714e+01 1.344146061903574818e+01
-8.762492227061548533e+01 1.159469998258063406e+01
-8.968606622121411931e+01 1.295269802488867406e+01
-9.174721017181275329e+01 1.191999192338307267e+01
-9.380835412241140148e+01 8.469768924679003774e+00
-9.586949807301003545e+01 9.278488204064437639e+00
-9.793064202360868364e+01 5.737131390237218298e+00
-9.999178597420733183e+01 1.017070230176345724e+01
-1.020529299248059658e+02 6.199316829732777201e+00
-1.041140738754046140e+02 2.901111440253911766e+00
-1.061752178260032480e+02 2.674425425357827901e+00
-1.082363617766019104e+02 4.989324027910081227e+00
-1.102975057272005444e+02 6.563395859974884949e+00
-1.123586496777991783e+02 6.827113452446798014e+00
-1.144197936283978265e+02 2.905653237885969631e+00
-1.164809375789964605e+02 4.216682174698191510e+00
-1.185420815295951087e+02 -6.517507348027301584e-02
-1.206032254801937427e+02 1.018953876063431130e+00
-1.226643694307923909e+02 4.667690089912251317e+00
-1.247255133813910248e+02 1.818484494348030500e+00
-1.267866573319896588e+02 2.740710303817749605e+00
-1.288478012825883070e+02 1.683266565969390394e+00
-1.309089452331869552e+02 8.923421950478719333e-01
-1.329700891837855750e+02 1.466764612399590995e+00
-1.350312331343842516e+02 4.422366722575951092e-01
-1.370923770849828713e+02 1.670625995851884480e-03
-1.391535210355815195e+02 1.110778956621420788e+00
-1.412146649861801393e+02 1.290795088654296041e+00
-1.432758089367787875e+02 -4.135045810583142245e-01
-1.453369528873774357e+02 -1.951098120243036638e-01
-1.473980968379760839e+02 -1.418849107721134040e+00
-1.494592407885747036e+02 1.736838634254282532e+00
-1.515203847391733518e+02 1.409675337104597581e+00
-1.535815286897719716e+02 -8.308298736610884028e-01
-1.556426726403706482e+02 2.479130759067906808e+00
-1.577038165909692680e+02 8.550719085624578497e-01
-1.597649605415679162e+02 -3.949034926413763635e+00
-1.618261044921665359e+02 6.563036840135524352e-01
-1.638872484427652125e+02 2.339349294061746409e+00
-1.659483923933638607e+02 -7.190223723704538550e-01
-1.680095363439624805e+02 6.286374618140941894e-01
-1.700706802945611287e+02 2.318476325459525977e+00
-1.721318242451597484e+02 1.836352469987631908e+00
-1.741929681957584251e+02 -7.337063075633999398e-01
-1.762541121463570448e+02 6.699821603156155270e-01
-1.783152560969556930e+02 1.516659033921377020e+00
-1.803764000475543128e+02 7.078446811411400752e-01
-1.824375439981529610e+02 -4.178172550806425467e-01
-1.844986879487516092e+02 1.371141798605602924e+00
-1.865598318993502573e+02 1.300519053238637479e+00
-1.886209758499488771e+02 2.726988000566550330e+00
-1.906821198005475253e+02 2.412826310577318889e+00
-1.927432637511461735e+02 -6.344604372327605768e-01
-1.948044077017448217e+02 -1.198419696017469782e+00
-1.968655516523434414e+02 2.420760079718017987e+00
-1.989266956029420612e+02 1.390677786981401320e+00
-2.009878395535407094e+02 7.696175480730628460e-02
-2.030489835041393576e+02 1.434597335285926478e+00
-2.051101274547379774e+02 4.618416641082307095e+00
-2.071712714053366255e+02 -2.343193583252385359e+00
-2.092324153559352737e+02 2.372955412562752220e-01
-2.112935593065339219e+02 -1.304111912768979087e+00
-2.133547032571325701e+02 -2.376258664812660015e+00
-2.154158472077311899e+02 -2.499280399376845985e+00
-2.174769911583298381e+02 -1.317376348028044708e+00
-2.195381351089284863e+02 -1.210011301317314381e+00
-2.215992790595271345e+02 -2.226340646111591159e-01
-2.236604230101257542e+02 -2.191876184951000450e+00
-2.257215669607244024e+02 -4.848610436550588876e-01
-2.277827109113230222e+02 7.261780171487589586e-01
-2.298438548619216988e+02 1.279051681579455313e-01
-2.319049988125203186e+02 3.191194333479771550e-01
-2.339661427631189667e+02 -2.326431491125303896e+00
-2.360272867137175865e+02 3.848151588231599196e-01
-2.380884306643162347e+02 1.858424846672554143e+00
-2.401495746149148829e+02 -2.499371009945922317e+00
-2.422107185655135311e+02 -3.057045704146764908e+00
-2.442718625161121508e+02 -2.259079059841205162e+00
-2.463330064667107990e+02 -2.915336467695899714e+00
-2.483941504173094756e+02 -1.577717113203040533e+00
-2.504552943679080954e+02 -3.928776965161963342e-02
-2.525164383185067436e+02 4.479626729988290812e+00
-2.545775822691053634e+02 1.595880715737503508e-01
-2.566387262197039831e+02 2.600484842809108743e-01
-2.586998701703026882e+02 1.590677929529749735e+00
-2.607610141209012795e+02 1.502605036628739121e-01
