2.621004770422526349e+02 4.231989515708730054e-01
2.600393330916539867e+02 2.032427353223467126e+00
2.579781891410553385e+02 2.848706829202927171e+00
2.559170451904566903e+02 1.798821631206523053e+00
2.538559012398580421e+02 4.494818131750612622e+00
2.517947572892594224e+02 2.232273078136027156e+00
2.497336133386607742e+02 1.595842998087334319e+00
2.476724693880621260e+02 2.591832876917763873e+00
2.456113254374634778e+02 4.742640247941221077e+00
2.435501814868648296e+02 3.814956724986149350e+00
2.414890375362662098e+02 1.384421001356788361e+00
2.394278935856675616e+02 1.577161960535949259e+00
2.373667496350689419e+02 4.540768887213677552e+00
2.353056056844702653e+02 4.753642068614939653e+00
2.332444617338716455e+02 4.959014587818940001e+00
2.311833177832729973e+02 4.515575967655334644e+00
2.291221738326743775e+02 1.070938761645566117e+00
2.270610298820757009e+02 3.617064196211107419e+00
2.249998859314770812e+02 6.514235248015220137e+00
2.229387419808784330e+02 4.026723526885253257e+00
2.208775980302798132e+02 5.603659093774895794e+00
2.188164540796811650e+02 3.635642435922709748e+00
2.167553101290825168e+02 2.931872678540024868e+00
2.146941661784838686e+02 2.022185693720543131e+00
2.126330222278852489e+02 4.112078628444337802e+00
2.105718782772866007e+02 2.436587867308610988e+00
2.085107343266879525e+02 4.560095429094615405e+00
2.064495903760893043e+02 3.651045870910065716e+00
2.043884464254906561e+02 4.217211126163985746e+00
2.023273024748920363e+02 3.098161925360851665e+00
2.002661585242933882e+02 4.140737348999890877e+00
1.982050145736947684e+02 3.197542311515396474e+00
1.961438706230960918e+02 4.726409470192855622e+00
1.940827266724974720e+02 4.876822370595513156e+00
1.920215827218988238e+02 4.458202943181850841e+00
1.899604387713002041e+02 4.715283518150139130e+00
1.878992948207015274e+02 4.652499974052000553e+00
1.858381508701029077e+02 5.612884747459450985e+00
1.837770069195042595e+02 1.666965668459289063e+00
1.817158629689056397e+02 3.850742712129739509e+00
1.796547190183069915e+02 5.483574502249425109e+00
1.775935750677083433e+02 5.244052649606694594e+00
1.755324311171096952e+02 3.536942451899750761e+00
1.734712871665110754e+02 4.100988249607801173e+00
1.714101432159124272e+02 4.280248118570102456e+00
1.693489992653137790e+02 4.094779112541536037e+00
1.672878553147151308e+02 3.498921622312108681e+00
1.652267113641164826e+02 3.672934432282151107e+00
1.631655674135178629e+02 3.981686621410224891e+00
1.611044234629192147e+02 5.115619271491858910e+00
1.590432795123205665e+02 5.656787706246710457e+00
1.569821355617219183e+02 4.788796515959909961e+00
1.549209916111232985e+02 4.009462547408484845e+00
1.528598476605246503e+02 5.539910817834139856e+00
1.507987037099260306e+02 5.318532643283241157e+00
1.487375597593273540e+02 3.968816668604257636e+00
1.466764158087287342e+02 4.084815948255299922e+00
1.446152718581300860e+02 3.987479954514540292e+00
1.425541279075314662e+02 5.420384067128948935e+00
1.404929839569328180e+02 4.259308509229888351e+00
1.384318400063341699e+02 2.871035374869666867e+00
1.363706960557355217e+02 3.568589217703402205e+00
1.343095521051369019e+02 4.265076273561852815e+00
1.322484081545382537e+02 4.687105925374735804e+00
1.301872642039396055e+02 4.073052908058646615e+00
1.281261202533409573e+02 6.781724826617468338e+00
1.260649763027423234e+02 4.492356889254189412e+00
1.240038323521436894e+02 6.872436683918688338e+00
1.219426884015450412e+02 2.972479524891031843e+00
1.198815444509464072e+02 3.444878030463770280e+00
1.178204005003477590e+02 5.297428960913284079e+00
1.157592565497491250e+02 3.143472252263409317e+00
1.136981125991504769e+02 6.061750855944823435e+00
1.116369686485518287e+02 5.086628695613107709e+00
1.095758246979531947e+02 6.972187143265071718e+00
1.075146807473545465e+02 2.331672318272982380e+00
1.054535367967559125e+02 4.877227319471831635e+00
1.033923928461572643e+02 8.143012010046577487e+00
1.013312488955586304e+02 4.110043040029772499e+00
9.927010494495999637e+01 6.127567078710725923e+00
9.720896099436133397e+01 3.519753420560956858e+00
9.514781704376270000e+01 5.922721863825568533e+00
9.308667309316406602e+01 4.224439158491822610e+00
9.102552914256541783e+01 3.397379745961778053e+00
8.896438519196678385e+01 5.947487506662804790e+00
8.690324124136813566e+01 5.494452851056920828e+00
8.484209729076950168e+01 4.867667635952066973e+00
8.278095334017085349e+01 5.244727545064933771e+00
8.071980938957221952e+01 4.977435060565960079e+00
7.865866543897358554e+01 3.157153870537501739e+00
7.659752148837492314e+01 3.772054918208145313e+00
7.453637753777628916e+01 5.992694912933652418e+00
7.247523358717764097e+01 4.369236795409213947e+00
7.041408963657900699e+01 6.315457463723730847e+00
6.835294568598035880e+01 8.288962146767836714e+00
6.629180173538172482e+01 4.522997299624693213e+00
6.423065778478309085e+01 2.597874810051439276e+00
6.216951383418444266e+01 4.543224689334201649e+00
6.010836988358580868e+01 3.773877699540694852e+00
5.804722593298716760e+01 5.595476167465380790e+00
5.598608198238852651e+01 3.952714180268595001e+00
5.392493803178988543e+01 5.579101404351769489e+00
5.186379408119124435e+01 3.906472702976742539e+00
4.980265013059260326e+01 5.648350792306116475e+00
4.774150617999395507e+01 5.725174231967923966e+00
4.568036222939532109e+01 2.689874555239720522e+00
4.361921827879668001e+01 4.654774096336648626e+00
4.155807432819803893e+01 6.556296805039704800e+00
3.949693037759939784e+01 5.386829571804176986e+00
3.743578642700075676e+01 3.646590175118523014e+00
3.537464247640211568e+01 5.811529314200482688e+00
3.331349852580347459e+01 4.820317687860301348e+00
3.125235457520483351e+01 6.317163960121185973e+00
2.919121062460619598e+01 5.482997832731857812e+00
2.713006667400755489e+01 4.688527218968928878e+00
2.506892272340891381e+01 6.694233426563224398e+00
2.300777877281026917e+01 8.594892228095808662e+00
2.094663482221163164e+01 1.393781691959476454e+01
1.888549087161299056e+01 1.554988004728971696e+01
1.682434692101434948e+01 2.191581457498981322e+01
1.476320297041570839e+01 3.145278211122187173e+01
1.270205901981706909e+01 3.967600361935990350e+01
1.064091506921842623e+01 5.412363329310934290e+01
8.579771118619786918e+00 6.616706172727216995e+01
6.518627168021145835e+00 7.925061376352067555e+01
4.457483217422505639e+00 8.750471250033835702e+01
2.396339266823865000e+00 9.084314002300774860e+01
3.351953162252241381e-01 8.347762769439293606e+01
-1.725948634373416501e+00 6.784487042177288174e+01
-3.787092584972056919e+00 6.428121924835360801e+01
-5.848236535570698003e+00 5.383439313170386242e+01
-7.909380486169339086e+00 4.763646382333086393e+01
-9.970524436767981058e+00 4.608362588071095445e+01
-1.203166838736662037e+01 3.999616656954535188e+01
-1.409281233796526145e+01 3.888167460788658047e+01
-1.615395628856390431e+01 3.566315507815654939e+01
-1.821510023916254539e+01 3.132319959857371572e+01
-2.027624418976118292e+01 3.037975007424618212e+01
-2.233738814035982401e+01 3.052725788195024137e+01
-2.439853209095846509e+01 2.500744815147785616e+01
-2.645967604155710617e+01 2.326662906238748718e+01
-2.852081999215574726e+01 2.094670269915478755e+01
-3.058196394275438834e+01 1.932739238154434958e+01
-3.264310789335303298e+01 1.999033190285117811e+01
-3.470425184395167406e+01 1.619346691667939808e+01
-3.676539579455030804e+01 1.600134915558919957e+01
-3.882653974514894912e+01 1.534427515905446171e+01
-4.088768369574759021e+01 1.602791238671613172e+01
-4.294882764634623129e+01 1.564444809604985309e+01
-4.500997159694487237e+01 1.592917732273183873e+01
-4.707111554754351346e+01 1.503680966357444149e+01
-4.913225949814216165e+01 1.349774643672605379e+01
-5.119340344874079562e+01 1.345309830247279059e+01
-5.325454739933943671e+01 1.018646896957247350e+01
-5.531569134993807779e+01 1.060071460099566742e+01
-5.737683530053671888e+01 1.094793407058162593e+01
-5.943797925113535996e+01 1.153318495228737817e+01
-6.149912320173400104e+01 1.261782090888195818e+01
-6.356026715233264213e+01 1.308860641648263723e+01
-6.562141110293127610e+01 1.232977336781178224e+01
-6.768255505352992429e+01 1.555542940722864209e+01
-6.974369900412855827e+01 1.287209727249769209e+01
-7.180484295472719225e+01 1.477614914107418187e+01
-7.386598690532584044e+01 1.477428663800842301e+01
-7.592713085592447442e+01 1.422068463489221557e+01
-7.798827480652312261e+01 1.335313296953985507e+01
-8.004941875712177080e+01 1.342858498258834032e+01
-8.211056270772041898e+01 1.377406247096615211e+01
-8.417170665831905296e+01 1.218569839971248037e+01
-8.623285060891768694e+01 1.034286351507267554e+01
-8.829399455951633513e+01 1.335781266332719142e+01
-9.035513851011496911e+01 9.363072540743589300e+00
-9.241628246071361730e+01 8.506042610420868400e+00
-9.447742641131225128e+01 8.780102102083125359e+00
-9.653857036191089946e+01 1.202013080773066989e+01
-9.859971431250953344e+01 7.810928211496163343e+00
-1.006608582631081674e+02 7.658153555497258402e+00
-1.027220022137068014e+02 6.765484551121872414e+00
-1.047831461643054496e+02 4.253051438733542966e+00
-1.068442901149040836e+02 5.142222115065962385e+00
-1.089054340655027175e+02 4.442829920152676415e+00
-1.109665780161013657e+02 4.111898484015590327e+00
-1.130277219666999997e+02 2.986549063251021430e+00
-1.150888659172986479e+02 5.083748332469864017e+00
-1.171500098678972819e+02 3.535763741273465488e+00
-1.192111538184959301e+02 2.183528635641684090e+00
-1.212722977690945783e+02 1.837466011396645449e+00
-1.233334417196932122e+02 1.606333802197803085e+00
-1.253945856702918604e+02 1.848343084369852840e-01
-1.274557296208904944e+02 5.884384845583555679e-01
-1.295168735714891284e+02 2.426992681596122026e+00
-1.315780175220877766e+02 2.729982624769898170e+00
-1.336391614726864248e+02 4.301786168957931478e-02
-1.357003054232850445e+02 5.541887310877902095e-01
-1.377614493738836927e+02 -3.188195097142184631e-01
-1.398225933244823409e+02 1.222930208278374398e+00
-1.418837372750809891e+02 -6.353170084412723684e-01
-1.439448812256796373e+02 1.461003655071009932e+00
-1.460060251762782570e+02 8.648688657007412850e-01
-1.480671691268769052e+02 -5.056723818354476041e-01
-1.501283130774755250e+02 8.193119909081653931e-04
-1.521894570280742016e+02 1.349419492367891937e+00
-1.542506009786728214e+02 1.292046287238847180e+00
-1.563117449292714696e+02 -6.807985176508989100e-02
-1.583728888798700893e+02 2.290038956398571024e+00
-1.604340328304687660e+02 2.504417753244700062e+00
-1.624951767810673857e+02 1.794418724947321575e+00
-1.645563207316660339e+02 -5.883603314999102940e-01
-1.666174646822646537e+02 -6.397064971550179280e-01
-1.686786086328633019e+02 -2.450330126687245147e-01
-1.707397525834619501e+02 9.760668830115373229e-01
-1.728008965340605982e+02 2.641177586592993620e+00
-1.748620404846592180e+02 -6.307598970384566961e-01
-1.769231844352578662e+02 8.112474802096489301e-02
-1.789843283858565144e+02 7.925333554914419654e-02
-1.810454723364551626e+02 -3.792350996848081190e-01
-1.831066162870538108e+02 1.054880834750618890e+00
-1.851677602376524305e+02 1.806028501318214685e+00
-1.872289041882510787e+02 -3.710600468302742705e-01
-1.892900481388496985e+02 -4.369787171477529930e-01
-1.913511920894483751e+02 -1.742961916929843369e+00
-1.934123360400469949e+02 2.741229813142962990e-01
-1.954734799906456431e+02 1.287844988738980900e+00
-1.975346239412442628e+02 1.500276137700237156e+00
-1.995957678918429394e+02 -3.738198098373575640e+00
-2.016569118424415592e+02 -8.125669207345292966e-01
-2.037180557930402074e+02 4.366011973110885402e-01
-2.057791997436388272e+02 -7.226129952720924954e-02
-2.078403436942374753e+02 2.031899018887596498e+00
-2.099014876448361235e+02 -2.022263962665889481e-01
-2.119626315954347717e+02 -1.826812805160521691e+00
-2.140237755460333915e+02 2.389847926232742559e+00
-2.160849194966320397e+02 -1.166840250417162661e+00
-2.181460634472306879e+02 -1.225149380259597631e+00
-2.202072073978293361e+02 -2.393250075901705576e-01
-2.222683513484279842e+02 1.894899014607519305e+00
-2.243294952990266040e+02 2.781583320029178630e+00
-2.263906392496252522e+02 -1.550134998244789397e+00
-2.284517832002239004e+02 -4.854594446286646381e-01
-2.305129271508225486e+02 -3.622961151521318368e-01
-2.325740711014211684e+02 1.371417316828592581e-01
-2.346352150520198165e+02 -1.548557293584233330e+00
-2.366963590026184363e+02 1.313182479822709581e-01
-2.387575029532171129e+02 -1.911815897657706653e+00
-2.408186469038157327e+02 -1.575094858477031678e+00
-2.428797908544143809e+02 -6.432540759313887246e-01
-2.449409348050130006e+02 -9.846737014976283398e-01
-2.470020787556116488e+02 -6.881449473842800035e-01
-2.490632227062102970e+02 -8.864484913452249648e-01
-2.511243666568089452e+02 -2.115477278165612596e+00
-2.531855106074075650e+02 -2.165283438377509029e+00
-2.552466545580062132e+02 -1.140716841044784546e+00
-2.573077985086048329e+02 -2.069729932424910213e-02
-2.593689424592035380e+02 -1.364612621074655863e+00
-2.614300864098021293e+02 9.201971409717029093e-01
-2.634912303604008343e+02 -3.842215050892530681e-01
