2.648263279637940286e+02 8.069553201529614528e-01
2.627651840131953236e+02 2.778277815403904061e+00
2.607040400625967322e+02 1.580047357242902351e+00
2.586428961119980841e+02 2.951338847174863833e+00
2.565817521613994359e+02 3.581908912297781633e+00
2.545206082108008161e+02 3.417120815987787719e+00
2.524594642602021679e+02 3.184931048556423949e+00
2.503983203096034913e+02 3.570914906493487084e+00
2.483371763590048715e+02 5.888939707129633661e+00
2.462760324084062233e+02 4.876644464250596833e+00
2.442148884578076036e+02 2.572105447961086533e+00
2.421537445072089270e+02 4.306091192356663377e+00
2.400926005566103072e+02 3.832343176927916151e+00
2.380314566060116590e+02 4.769845600493257010e+00
2.359703126554130392e+02 4.919154356063537570e+00
2.339091687048143910e+02 4.922957628920090478e+00
2.318480247542157429e+02 3.873111378556060025e+00
2.297868808036170947e+02 5.472479888395237246e+00
2.277257368530184749e+02 5.332526840784970190e+00
2.256645929024198267e+02 5.243453963496412129e+00
2.236034489518212069e+02 5.483885447710321159e+00
2.215423050012225303e+02 4.666848852790357327e+00
2.194811610506239106e+02 2.025125906639867690e+00
2.174200171000252624e+02 5.027257294921350095e+00
2.153588731494266426e+02 7.859917104045722525e+00
2.132977291988279660e+02 7.442687636599840673e+00
2.112365852482293178e+02 6.187095617470682818e+00
2.091754412976306980e+02 6.668120158855606050e+00
2.071142973470320499e+02 5.557522287170550968e+00
2.050531533964334301e+02 6.725865263147322359e+00
2.029920094458347535e+02 6.881100564420191468e+00
2.009308654952361337e+02 6.236582045023203236e+00
1.988697215446374855e+02 5.158052091630548119e+00
1.968085775940388942e+02 6.817676803641578687e+00
1.947474336434402176e+02 5.970219887972161743e+00
1.926862896928415978e+02 6.320038269778971873e+00
1.906251457422429496e+02 7.639331372548354260e+00
1.885640017916443298e+02 6.226218537429007327e+00
1.865028578410456532e+02 6.510014591568196174e+00
1.844417138904470335e+02 5.540453143645608591e+00
1.823805699398483853e+02 7.060125716753147707e+00
1.803194259892497655e+02 6.572989200509571361e+00
1.782582820386511173e+02 6.568192099751264834e+00
1.761971380880524691e+02 4.908224484989399450e+00
1.741359941374538209e+02 5.825999416538065745e+00
1.720748501868551728e+02 7.359385360200316306e+00
1.700137062362565530e+02 6.520290800900249373e+00
1.679525622856579048e+02 5.959636019406287843e+00
1.658914183350592566e+02 6.830695802010356310e+00
1.638302743844606084e+02 5.629607344468764651e+00
1.617691304338619886e+02 7.300095866175896120e+00
1.597079864832633405e+02 7.153162173546082414e+00
1.576468425326646923e+02 6.936925658961857089e+00
1.555856985820660441e+02 6.372445883544684442e+00
1.535245546314674243e+02 7.445977941932770072e+00
1.514634106808687761e+02 6.677394938403593549e+00
1.494022667302701564e+02 6.488391022533393837e+00
1.473411227796714797e+02 8.191348298534892436e+00
1.452799788290728600e+02 6.633645116885060311e+00
1.432188348784742118e+02 7.530650679968539762e+00
1.411576909278755920e+02 7.011506630272245744e+00
1.390965469772769438e+02 6.782069998298634772e+00
1.370354030266782956e+02 6.895142152987444817e+00
1.349742590760796475e+02 6.545328574882623762e+00
1.329131151254809993e+02 6.357652992988531260e+00
1.308519711748823511e+02 6.123126515927940439e+00
1.287908272242837313e+02 5.850360363457205892e+00
1.267296832736850973e+02 6.882060042104444442e+00
1.246685393230864491e+02 6.446649881748010458e+00
1.226073953724878152e+02 6.727087567349395947e+00
1.205462514218891670e+02 8.067918835403087741e+00
1.184851074712905330e+02 6.634143230191237528e+00
1.164239635206918848e+02 6.060398636881606294e+00
1.143628195700932366e+02 6.645306145875526482e+00
1.123016756194946026e+02 5.862255697934145360e+00
1.102405316688959545e+02 6.584159291069719089e+00
1.081793877182973205e+02 5.643440678005680944e+00
1.061182437676986723e+02 6.337241354377403546e+00
1.040570998171000383e+02 6.401371635533924298e+00
1.019959558665013901e+02 6.183856521165822073e+00
9.993481191590275614e+01 6.700251539277000568e+00
9.787366796530412216e+01 5.584803718187467680e+00
9.581252401470547397e+01 5.644365952092635474e+00
9.375138006410684000e+01 6.848532077618903813e+00
9.169023611350819181e+01 7.653051683137785943e+00
8.962909216290955783e+01 7.837822399730169920e+00
8.756794821231090964e+01 6.844213953167734843e+00
8.550680426171227566e+01 6.880910801640506058e+00
8.344566031111364168e+01 6.384401822355017408e+00
8.138451636051499349e+01 6.064954355732251834e+00
7.932337240991635952e+01 7.011149661964140911e+00
7.726222845931771133e+01 6.726965877401957172e+00
7.520108450871906314e+01 6.144628107648749449e+00
7.313994055812041495e+01 5.253187845744158757e+00
7.107879660752178097e+01 5.935432083551639870e+00
6.901765265692314699e+01 5.641770194520768555e+00
6.695650870632449880e+01 6.734379946773730197e+00
6.489536475572586482e+01 5.471178975272878553e+00
6.283422080512722374e+01 5.692188572751869735e+00
6.077307685452858266e+01 6.453196942362063204e+00
5.871193290392994157e+01 5.769229690427242652e+00
5.665078895333130049e+01 5.920689273533899843e+00
5.458964500273265941e+01 6.096320020718672517e+00
5.252850105213401832e+01 6.406630219318772745e+00
5.046735710153538434e+01 6.073836993813031881e+00
4.840621315093674326e+01 4.804245977287989078e+00
4.634506920033809507e+01 6.694116752229557044e+00
4.428392524973945399e+01 6.561493741222649057e+00
4.222278129914081291e+01 5.282321524310412464e+00
4.016163734854217182e+01 4.979138555723364945e+00
3.810049339794353784e+01 6.041896225328625469e+00
3.603934944734489676e+01 6.518589974243936602e+00
3.397820549674625568e+01 6.006038033143124899e+00
3.191706154614761104e+01 8.607428564878254917e+00
2.985591759554896996e+01 9.016778640722577620e+00
2.779477364495033243e+01 1.003649730274460872e+01
2.573362969435169134e+01 1.025918055330821232e+01
2.367248574375305026e+01 1.388889988717361312e+01
2.161134179315440562e+01 1.741173094696508272e+01
1.955019784255576809e+01 2.417163509404715782e+01
1.748905389195712701e+01 3.125488104081693308e+01
1.542790994135848592e+01 4.206504654294092660e+01
1.336676599075984484e+01 5.549094057081048703e+01
1.130562204016120376e+01 7.185622903453830190e+01
9.244478089562562673e+00 8.844775841919539516e+01
7.183334138963921589e+00 9.767138332535979828e+01
5.122190188365281394e+00 1.003438414422902838e+02
3.061046237766639866e+00 9.904061329145710602e+01
9.999022871679992264e-01 9.165972445324885598e+01
-1.061241663430641413e+00 9.132024315820321192e+01
-3.122385614029282497e+00 8.785487866533860313e+01
-5.183529564627923136e+00 8.392254947926626585e+01
-7.244673515226564220e+00 8.158011182586615462e+01
-9.305817465825205304e+00 7.801067785156574530e+01
-1.136696141642384461e+01 7.530221200831641681e+01
-1.342810536702248569e+01 7.213402545841252334e+01
-1.548924931762112500e+01 6.625843209574861703e+01
-1.755039326821976786e+01 5.922134015036944987e+01
-1.961153721881840895e+01 5.072502495503918141e+01
-2.167268116941704648e+01 4.405554807579453325e+01
-2.373382512001568756e+01 3.671659108165368934e+01
-2.579496907061433220e+01 3.338635568632817296e+01
-2.785611302121296973e+01 2.995720654143400452e+01
-2.991725697181161081e+01 3.065126124457956891e+01
-3.197840092241025189e+01 3.167957874531152029e+01
-3.403954487300889298e+01 3.484863126446597192e+01
-3.610068882360753406e+01 4.003079296369478612e+01
-3.816183277420617515e+01 4.399253976816097378e+01
-4.022297672480481623e+01 4.847094926843398355e+01
-4.228412067540345731e+01 5.208904921124309340e+01
-4.434526462600209840e+01 5.032030065611206737e+01
-4.640640857660073237e+01 4.724528303982377508e+01
-4.846755252719937346e+01 4.257826567802288054e+01
-5.052869647779802165e+01 3.835059161262335437e+01
-5.258984042839666273e+01 3.512962200044959360e+01
-5.465098437899530381e+01 3.112135108311656495e+01
-5.671212832959394490e+01 2.850444096947061468e+01
-5.877327228019257888e+01 2.668338327785927433e+01
-6.083441623079121996e+01 2.542235390771742232e+01
-6.289556018138986104e+01 2.669876714996415146e+01
-6.495670413198850213e+01 2.933469819844823334e+01
-6.701784808258713610e+01 3.234616353646579512e+01
-6.907899203318578429e+01 3.653155900666390465e+01
-7.114013598378441827e+01 3.960094134669110844e+01
-7.320127993438306646e+01 4.226533465064199646e+01
-7.526242388498170044e+01 4.242614666201325235e+01
-7.732356783558034863e+01 4.021909091157575489e+01
-7.938471178617899682e+01 3.931466385408058528e+01
-8.144585573677763080e+01 3.668384911433980022e+01
-8.350699968737627898e+01 3.278796780911579134e+01
-8.556814363797491296e+01 3.010954470563932261e+01
-8.762928758857356115e+01 2.666158167185303540e+01
-8.969043153917219513e+01 2.280836741514551846e+01
-9.175157548977084332e+01 2.125220389231907703e+01
-9.381271944036947730e+01 1.983089986954176709e+01
-9.587386339096811128e+01 1.699419501900798224e+01
-9.793500734156675946e+01 1.478987198847534934e+01
-9.999615129216539344e+01 1.195960554687267852e+01
-1.020572952427640416e+02 1.098906498636062068e+01
-1.041184391933626756e+02 9.441708631541395391e+00
-1.061795831439613238e+02 8.932660803346900380e+00
-1.082407270945599578e+02 7.108288009409532648e+00
-1.103018710451585918e+02 6.566412070017899616e+00
-1.123630149957572399e+02 5.255772763047095175e+00
-1.144241589463558739e+02 4.431420984432241639e+00
-1.164853028969545221e+02 4.632546461079824596e+00
-1.185464468475531703e+02 3.310721934716549519e+00
-1.206075907981518043e+02 3.469301247167558611e+00
-1.226687347487504525e+02 3.675655989129385848e+00
-1.247298786993490864e+02 3.497007052196274390e+00
-1.267910226499477346e+02 2.273466128180893886e+00
-1.288521666005463544e+02 1.900446588333698283e+00
-1.309133105511450026e+02 3.479142072694603627e+00
-1.329744545017436508e+02 3.360063880455541607e+00
-1.350355984523422990e+02 2.117177141758190828e+00
-1.370967424029409472e+02 2.019705708286896773e+00
-1.391578863535395669e+02 1.612971889132086334e+00
-1.412190303041382151e+02 1.873304435034424120e+00
-1.432801742547368633e+02 1.992940841975635369e+00
-1.453413182053355115e+02 1.884873327732519588e+00
-1.474024621559341313e+02 2.822416857032404636e+00
-1.494636061065327794e+02 3.086730168287349141e+00
-1.515247500571313992e+02 1.950075038583050313e+00
-1.535858940077300758e+02 1.538964466834093159e+00
-1.556470379583286956e+02 1.375252955045191738e+00
-1.577081819089273438e+02 1.365934156432904834e+00
-1.597693258595259636e+02 1.842658089720892400e+00
-1.618304698101246402e+02 1.913183720457798609e+00
-1.638916137607232599e+02 9.477870031675817986e-01
-1.659527577113219081e+02 1.907731483781812454e+00
-1.680139016619205279e+02 2.097917878127569247e-01
-1.700750456125191761e+02 5.898005523907654535e-01
-1.721361895631178243e+02 2.118601610906762911e-01
-1.741973335137164725e+02 2.697011575234425917e-01
-1.762584774643151206e+02 -2.762112988990317666e-02
-1.783196214149137404e+02 2.740154542167942964e-01
-1.803807653655123886e+02 5.921722298565451625e-01
-1.824419093161110368e+02 6.704407278627457778e-01
-1.845030532667096850e+02 1.322422582188976126e+00
-1.865641972173083047e+02 7.440705522039222641e-01
-1.886253411679069529e+02 9.006835741633878456e-01
-1.906864851185055727e+02 1.261568797567063971e+00
-1.927476290691042493e+02 8.402202471711240905e-01
-1.948087730197028691e+02 1.673142329090894220e+00
-1.968699169703015173e+02 2.592619885970735560e-01
-1.989310609209001655e+02 -7.798580303494175858e-01
-2.009922048714988136e+02 -9.216621224562452364e-01
-2.030533488220974618e+02 4.747307822049098291e-01
-2.051144927726961100e+02 6.531286453439102413e-01
-2.071756367232947298e+02 8.356965793362354233e-01
-2.092367806738933780e+02 1.450523776121748210e-01
-2.112979246244919977e+02 -6.477539092590919312e-01
-2.133590685750906744e+02 2.119624571718097678e-02
-2.154202125256893225e+02 -1.040878443561386257e+00
-2.174813564762879423e+02 1.425518474111958089e-01
-2.195425004268865905e+02 1.050673624224224056e+00
-2.216036443774852103e+02 2.044166118539080812e-01
-2.236647883280838869e+02 4.402706718998454782e-01
-2.257259322786825066e+02 2.095313093889264802e-02
-2.277870762292811548e+02 -7.191790171165061141e-01
-2.298482201798797746e+02 6.998397026246350183e-01
-2.319093641304784228e+02 6.013443207136919266e-01
-2.339705080810770710e+02 7.114766258343412364e-01
-2.360316520316757192e+02 1.808649420964406840e+00
-2.380927959822743389e+02 1.059701565573909043e+00
-2.401539399328729871e+02 1.157635177103942675e-01
-2.422150838834716353e+02 -3.635669286648366416e-01
-2.442762278340702835e+02 -5.098392638333455462e-01
-2.463373717846689033e+02 4.594348168808153055e-02
-2.483985157352675515e+02 8.852349695267250906e-01
-2.504596596858661712e+02 5.998979975814600074e-01
-2.525208036364648478e+02 6.840037795576966451e-01
-2.545819475870634960e+02 1.774229967346163228e+00
-2.566430915376621442e+02 1.523606970578299968e+00
-2.587042354882607356e+02 1.759100761118489897e+00
-2.607653794388593838e+02 2.048155445814577647e+00
