2.719562260176697350e+02 1.657063353090798996e+00
2.698950820670710300e+02 4.819183730607266014e+00
2.678339381164724387e+02 5.215041800483910528e+00
2.657727941658737905e+02 5.843152460620066435e+00
2.637116502152751991e+02 7.803186177179040506e+00
2.616505062646764941e+02 7.949313084393654805e+00
2.595893623140779027e+02 7.211190583194589721e+00
2.575282183634792545e+02 5.773536148166964033e+00
2.554670744128805779e+02 5.804402112032437167e+00
2.534059304622819582e+02 7.559315687663051619e+00
2.513447865116833100e+02 2.486603083375894752e+00
2.492836425610846902e+02 4.528995128752885790e+00
2.472224986104860420e+02 8.657445241155235394e+00
2.451613546598873938e+02 7.262662954636246226e+00
2.431002107092887456e+02 1.057856041092754040e+01
2.410390667586901259e+02 8.729830168691254499e+00
2.389779228080914777e+02 7.373584423625865192e+00
2.369167788574928579e+02 8.215792739257606669e+00
2.348556349068941813e+02 1.020777992008035717e+01
2.327944909562955615e+02 1.180010617903139014e+01
2.307333470056969134e+02 7.310551125258668570e+00
2.286722030550982652e+02 6.559742697471077300e+00
2.266110591044996170e+02 5.581717662284900072e+00
2.245499151539009688e+02 5.937686409736555149e+00
2.224887712033023490e+02 1.088584737968799132e+01
2.204276272527037008e+02 1.002351453783862745e+01
2.183664833021050811e+02 8.083333869994127951e+00
2.163053393515064045e+02 9.346187678938203902e+00
2.142441954009077847e+02 9.784461763614748619e+00
2.121830514503091365e+02 9.447967034594315194e+00
2.101219074997105167e+02 7.387002122574587659e+00
2.080607635491118685e+02 7.889659861281467457e+00
2.059996195985132204e+02 8.630891740526234202e+00
2.039384756479145722e+02 8.091285654429952956e+00
2.018773316973159524e+02 8.512309376131065974e+00
1.998161877467173042e+02 7.920911231450377343e+00
1.977550437961186560e+02 6.617965506542288878e+00
1.956938998455200078e+02 7.082088906495099145e+00
1.936327558949213881e+02 8.398412720635006323e+00
1.915716119443227399e+02 8.828798336460165430e+00
1.895104679937240917e+02 9.559492503334240610e+00
1.874493240431254435e+02 9.154821410579124574e+00
1.853881800925267953e+02 9.361818942468998372e+00
1.833270361419281755e+02 7.746239456542096669e+00
1.812658921913295273e+02 5.423948961693854542e+00
1.792047482407309076e+02 7.668744731586026653e+00
1.771436042901322310e+02 9.838346874518546059e+00
1.750824603395336112e+02 1.049975285750267062e+01
1.730213163889349630e+02 1.036601873471264668e+01
1.709601724383363432e+02 7.597995745441575188e+00
1.688990284877376951e+02 5.641969256833543334e+00
1.668378845371390469e+02 9.814809954787486745e+00
1.647767405865403987e+02 8.005291924872016907e+00
1.627155966359417789e+02 1.178124115281285356e+01
1.606544526853431307e+02 1.002157248873676920e+01
1.585933087347444825e+02 7.161626324220661921e+00
1.565321647841458343e+02 1.023188874704097628e+01
1.544710208335472146e+02 8.760012829252719513e+00
1.524098768829485664e+02 7.401447645999629898e+00
1.503487329323499182e+02 6.998350576007724477e+00
1.482875889817512700e+02 1.023108256848848008e+01
1.462264450311526218e+02 7.706166209478865881e+00
1.441653010805540021e+02 9.035172895578858387e+00
1.421041571299553539e+02 7.815011617652061204e+00
1.400430131793567341e+02 6.495730511112375538e+00
1.379818692287580575e+02 7.316718390449084453e+00
1.359207252781594377e+02 6.433428728299326771e+00
1.338595813275607895e+02 7.932141123543769545e+00
1.317984373769621698e+02 8.831925396416258067e+00
1.297372934263635216e+02 1.053200877593527629e+01
1.276761494757648734e+02 8.318944682402120705e+00
1.256150055251662252e+02 8.457699161906058194e+00
1.235538615745675912e+02 1.019769340954973558e+01
1.214927176239689430e+02 6.162840946786987573e+00
1.194315736733703091e+02 7.417422351484053600e+00
1.173704297227716609e+02 8.011545284728235572e+00
1.153092857721730269e+02 5.702399303043926615e+00
1.132481418215743929e+02 7.052919083323810234e+00
1.111869978709757447e+02 1.018851145843085071e+01
1.091258539203771107e+02 1.056559571018949129e+01
1.070647099697784626e+02 8.223801265833238006e+00
1.050035660191798286e+02 9.182262479783169340e+00
1.029424220685811804e+02 7.190847617471012754e+00
1.008812781179825464e+02 6.266569123402274677e+00
9.882013416738391243e+01 7.508140273321446401e+00
9.675899021678526424e+01 7.756402144149180167e+00
9.469784626618663026e+01 7.125273797699869682e+00
9.263670231558796786e+01 9.452476592902492314e+00
9.057555836498933388e+01 7.419774119536109325e+00
8.851441441439068569e+01 5.426777099417118500e+00
8.645327046379205171e+01 7.935821096596674451e+00
8.439212651319341774e+01 6.381978724504059564e+00
8.233098256259476955e+01 9.876320920743646425e+00
8.026983861199613557e+01 8.255148027573939729e+00
7.820869466139748738e+01 1.020490927491599464e+01
7.614755071079885340e+01 8.694187199451537396e+00
7.408640676020020521e+01 8.039634204698767661e+00
7.202526280960157123e+01 6.742989493681813329e+00
6.996411885900293726e+01 7.407728479737799354e+00
6.790297490840428907e+01 5.834407744422954956e+00
6.584183095780565509e+01 7.554637226538010175e+00
6.378068700720700690e+01 7.768958343520937504e+00
6.171954305660836582e+01 6.482366915202838697e+00
5.965839910600972473e+01 7.132972978417143395e+00
5.759725515541108365e+01 6.931488164023882348e+00
5.553611120481244257e+01 7.332657285869873753e+00
5.347496725421380148e+01 7.511437836189709394e+00
5.141382330361516750e+01 5.013329744821283462e+00
4.935267935301651931e+01 6.483668803525299396e+00
4.729153540241787823e+01 7.130188922095276993e+00
4.523039145181923004e+01 8.744066606335413994e+00
4.316924750122058896e+01 7.158589991580154965e+00
4.110810355062195498e+01 5.901499500008164922e+00
3.904695960002331390e+01 6.594966508207358302e+00
3.698581564942467281e+01 8.447640379657309850e+00
3.492467169882603173e+01 8.849035381826483970e+00
3.286352774822739065e+01 8.373317161778638607e+00
3.080238379762874956e+01 7.899082617336953049e+00
2.874123984703010848e+01 8.276157733251300996e+00
2.668009589643146739e+01 9.268641394922143562e+00
2.461895194583282631e+01 1.346456904639531515e+01
2.255780799523418878e+01 1.125754806482440173e+01
2.049666404463554414e+01 1.186714766531866516e+01
1.843552009403690306e+01 1.838391704086066980e+01
1.637437614343826198e+01 1.973793065027357585e+01
1.431323219283962267e+01 2.273499621614478272e+01
1.225208824224098336e+01 2.471954703654544971e+01
1.019094429164234406e+01 3.234413377048866778e+01
8.129800341043702971e+00 3.646551166538771582e+01
6.068656390445060111e+00 4.125237638481150526e+01
4.007512439846419916e+00 4.514915840913111822e+01
1.946368489247779276e+00 4.441298288610496314e+01
-1.147754613508614741e-01 3.846481588178112077e+01
-2.175919411949502447e+00 3.376024559387771262e+01
-4.237063362548143530e+00 3.536548891253889337e+01
-6.298207313146783726e+00 3.251686541277789644e+01
-8.359351263745423921e+00 2.940075894928791911e+01
-1.042049521434406500e+01 2.414948158420054369e+01
-1.248163916494270609e+01 2.173255961778482259e+01
-1.454278311554134895e+01 2.216992825245515419e+01
-1.660392706613998826e+01 1.755678675158039681e+01
-1.866507101673862934e+01 1.857451260010898508e+01
-2.072621496733727042e+01 1.517543494261344073e+01
-2.278735891793591151e+01 1.397617264721378127e+01
-2.484850286853454904e+01 1.247114738916526377e+01
-2.690964681913319367e+01 1.060322690571791604e+01
-2.897079076973183476e+01 1.201064390940244309e+01
-3.103193472033047584e+01 1.163986178476528188e+01
-3.309307867092911692e+01 1.287914723562645491e+01
-3.515422262152775801e+01 1.116622798678443651e+01
-3.721536657212639909e+01 1.161239552965073152e+01
-3.927651052272504018e+01 1.025424471298208040e+01
-4.133765447332368126e+01 1.148777282815972889e+01
-4.339879842392231524e+01 7.263240910833726360e+00
-4.545994237452095632e+01 9.465942730068617195e+00
-4.752108632511959740e+01 8.505580065941868995e+00
-4.958223027571823138e+01 6.237046671123698260e+00
-5.164337422631687957e+01 9.327956082072720534e+00
-5.370451817691552066e+01 8.973458921492408535e+00
-5.576566212751416174e+01 8.840742147923684513e+00
-5.782680607811280282e+01 9.745297829470363382e+00
-5.988795002871143680e+01 8.865202710573448996e+00
-6.194909397931007788e+01 7.756822731197054566e+00
-6.401023792990872607e+01 9.015081279081815779e+00
-6.607138188050736005e+01 8.191546258112445855e+00
-6.813252583110600824e+01 7.860544816958101144e+00
-7.019366978170464222e+01 5.403501816286726545e+00
-7.225481373230329041e+01 9.495114726811321404e+00
-7.431595768290192439e+01 7.820994687153038250e+00
-7.637710163350057258e+01 9.456122927218190810e+00
-7.843824558409920655e+01 1.109822385719922444e+01
-8.049938953469784053e+01 8.219120847813236708e+00
-8.256053348529648872e+01 7.042061973874830016e+00
-8.462167743589512270e+01 8.559428684384030817e+00
-8.668282138649377089e+01 8.293967371339858730e+00
-8.874396533709240487e+01 4.714108359435894791e+00
-9.080510928769105305e+01 7.468181492472059979e+00
-9.286625323828968703e+01 7.939485100819307917e+00
-9.492739718888832101e+01 5.637943359348133399e+00
-9.698854113948696920e+01 7.287021892495243236e+00
-9.904968509008560318e+01 9.114814118297882573e+00
-1.011108290406842656e+02 6.899434373810422017e+00
-1.031719729912828996e+02 5.872206392618939397e+00
-1.052331169418815477e+02 6.347402981601621086e+00
-1.072942608924801817e+02 7.686096874775428134e+00
-1.093554048430788157e+02 6.051532240289605014e+00
-1.114165487936774639e+02 8.868333464758276108e+00
-1.134776927442760979e+02 7.667814652355909644e+00
-1.155388366948747461e+02 6.603966971271093556e+00
-1.175999806454733800e+02 5.339310079552777033e+00
-1.196611245960720282e+02 7.331896515265967196e+00
-1.217222685466706622e+02 3.635299676381655409e+00
-1.237834124972692962e+02 3.454130488423657219e+00
-1.258445564478679444e+02 5.706719892158098162e+00
-1.279057003984665783e+02 5.674612593246275871e+00
-1.299668443490652407e+02 5.760426280696719914e+00
-1.320279882996638889e+02 6.986960718345894605e+00
-1.340891322502625087e+02 8.022282621969790029e+00
-1.361502762008611569e+02 6.732140079672046085e+00
-1.382114201514597767e+02 5.079635142610949394e+00
-1.402725641020584249e+02 6.507892943181512457e+00
-1.423337080526570730e+02 4.311663045988986198e+00
-1.443948520032557212e+02 3.682536921844465017e+00
-1.464559959538543410e+02 5.443160030105921088e+00
-1.485171399044529892e+02 5.770938296402513323e+00
-1.505782838550516090e+02 3.421148184753458832e+00
-1.526394278056502856e+02 4.385637367395632147e+00
-1.547005717562489053e+02 3.381134503225086352e+00
-1.567617157068475535e+02 2.372531569749067426e+00
-1.588228596574462017e+02 5.006770930367322237e+00
-1.608840036080448499e+02 3.564454704887619840e+00
-1.629451475586434981e+02 4.244483816749261784e+00
-1.650062915092421179e+02 5.173241101695945865e+00
-1.670674354598407660e+02 5.376199048591872476e+00
-1.691285794104393858e+02 3.332300528498151060e+00
-1.711897233610380624e+02 4.938693236842633283e+00
-1.732508673116366822e+02 4.932250961759227614e+00
-1.753120112622353304e+02 2.371278801865666530e+00
-1.773731552128339501e+02 4.697718728595563498e+00
-1.794342991634325983e+02 5.068236506336512903e+00
-1.814954431140312465e+02 3.911678264754178791e+00
-1.835565870646298947e+02 4.073977129931765084e+00
-1.856177310152285145e+02 3.244791506323127184e+00
-1.876788749658271627e+02 3.652223979344728200e+00
-1.897400189164258109e+02 6.098526506712491191e+00
-1.918011628670244590e+02 2.653653812271550727e+00
-1.938623068176230788e+02 2.026395591042857713e+00
-1.959234507682217270e+02 3.372095570559066946e+00
-1.979845947188203752e+02 1.786804336767632062e+00
-2.000457386694190234e+02 5.346972629083275308e+00
-2.021068826200176716e+02 4.227630677636955880e+00
-2.041680265706162913e+02 3.031903555952064622e+00
-2.062291705212149395e+02 5.126963872369422859e+00
-2.082903144718135593e+02 4.156163526016220189e+00
-2.103514584224122359e+02 5.480722800788321969e+00
-2.124126023730108557e+02 5.111981666725412765e+00
-2.144737463236095039e+02 4.536755337699297286e+00
-2.165348902742081236e+02 6.322852951530295584e+00
-2.185960342248067718e+02 3.390892463241979460e+00
-2.206571781754054200e+02 2.063373522341397148e+00
-2.227183221260040682e+02 3.228458403574504310e+00
-2.247794660766026880e+02 5.271132912587331631e+00
-2.268406100272013362e+02 4.098449302836571384e+00
-2.289017539777999843e+02 3.400994426789349934e+00
-2.309628979283986325e+02 4.171526954433094403e+00
-2.330240418789972523e+02 5.110454497002639762e+00
-2.350851858295959005e+02 4.510369710922073061e+00
-2.371463297801945487e+02 2.652148467990532055e+00
-2.392074737307931969e+02 4.478885781220552254e+00
-2.412686176813918451e+02 6.106218352640753189e+00
-2.433297616319904648e+02 5.102850642631635125e+00
-2.453909055825891130e+02 5.561293157072991988e+00
-2.474520495331877328e+02 4.990843180473372165e+00
-2.495131934837864094e+02 8.220632413594071153e+00
-2.515743374343850292e+02 2.662084099808099236e+00
-2.536354813849836773e+02 2.852096112796216332e+00
