2.685145160009552114e+02 -5.582743628454714724e+00
2.664533720503565064e+02 -1.173818423272174627e+01
2.643922280997579151e+02 -9.819055843238974290e+00
2.623310841491592669e+02 -1.141512583702401962e+01
2.602699401985606187e+02 -1.050428571214501261e+01
2.582087962479619705e+02 -1.181484559780334997e+01
2.561476522973633223e+02 -1.373938430225394214e+01
2.540865083467647025e+02 -1.362218279682007172e+01
2.520253643961660543e+02 -1.193537658484996911e+01
2.499642204455674346e+02 -1.434366769812488585e+01
2.479030764949687864e+02 -1.223874982486451479e+01
2.458419325443701382e+02 -1.208178735635057777e+01
2.437807885937714900e+02 -1.142159758112203072e+01
2.417196446431728702e+02 -1.361227613407822012e+01
2.396585006925742221e+02 -1.035382888777218291e+01
2.375973567419756023e+02 -1.232968491897995378e+01
2.355362127913769257e+02 -1.302983034449680311e+01
2.334750688407783059e+02 -1.159074969508118613e+01
2.314139248901796577e+02 -1.200489512218018895e+01
2.293527809395810095e+02 -1.146653523425807997e+01
2.272916369889823898e+02 -1.163467532084386846e+01
2.252304930383837132e+02 -1.235565061566703093e+01
2.231693490877850934e+02 -1.468894248648193646e+01
2.211082051371864452e+02 -1.350243630871836764e+01
2.190470611865878254e+02 -1.235860463396120856e+01
2.169859172359891488e+02 -1.317953257832625091e+01
2.149247732853905291e+02 -1.362805263397145161e+01
2.128636293347918809e+02 -1.425358252945921045e+01
2.108024853841932611e+02 -1.285759451052890512e+01
2.087413414335946129e+02 -1.250395513577092821e+01
2.066801974829959647e+02 -1.273725888643492432e+01
2.046190535323973165e+02 -1.404826415320168920e+01
2.025579095817986968e+02 -1.354705997010583474e+01
2.004967656312000486e+02 -1.347446885526292704e+01
1.984356216806014288e+02 -1.145943224385476178e+01
1.963744777300027522e+02 -1.227039003911463233e+01
1.943133337794041324e+02 -1.188043317265594112e+01
1.922521898288054842e+02 -9.783267972058196094e+00
1.901910458782068361e+02 -1.162007606307069629e+01
1.881299019276081879e+02 -1.227621759954754133e+01
1.860687579770095397e+02 -9.989695830551115208e+00
1.840076140264109199e+02 -1.129530130928550768e+01
1.819464700758122717e+02 -1.236545376685388753e+01
1.798853261252136519e+02 -1.203484803254670155e+01
1.778241821746149753e+02 -1.357588806962394301e+01
1.757630382240163556e+02 -1.019499396103242184e+01
1.737018942734177074e+02 -1.332582192098445617e+01
1.716407503228190876e+02 -9.180507474227718845e+00
1.695796063722204394e+02 -1.028683592599848495e+01
1.675184624216217912e+02 -1.123206087810649301e+01
1.654573184710231430e+02 -1.176091234364246141e+01
1.633961745204245233e+02 -1.103892129257535260e+01
1.613350305698258751e+02 -1.014485919044039264e+01
1.592738866192272269e+02 -1.263674585829714836e+01
1.572127426686285787e+02 -1.244178210845923083e+01
1.551515987180299589e+02 -1.031325519237716826e+01
1.530904547674313108e+02 -1.049827439586277755e+01
1.510293108168326626e+02 -8.634527685682483522e+00
1.489681668662340144e+02 -1.028583014097123538e+01
1.469070229156353662e+02 -1.195573390961351201e+01
1.448458789650367464e+02 -1.007941099941866270e+01
1.427847350144380982e+02 -1.095717433563963361e+01
1.407235910638394785e+02 -1.104557121570839051e+01
1.386624471132408019e+02 -1.246238486276734747e+01
1.366013031626421821e+02 -1.288087248130997686e+01
1.345401592120435339e+02 -1.235610597705161773e+01
1.324790152614449141e+02 -1.089221133058846291e+01
1.304178713108462659e+02 -1.273683278431027155e+01
1.283567273602476178e+02 -9.815251947073532435e+00
1.262955834096489696e+02 -1.314561093001156600e+01
1.242344394590503356e+02 -1.320176281101072036e+01
1.221732955084516874e+02 -1.002464567865433764e+01
1.201121515578530534e+02 -1.201700097430876291e+01
1.180510076072544052e+02 -1.172189977239304781e+01
1.159898636566557713e+02 -1.026568767612204169e+01
1.139287197060571373e+02 -9.212858903982514391e+00
1.118675757554584891e+02 -9.944811649765668449e+00
1.098064318048598551e+02 -9.550992617958955933e+00
1.077452878542612069e+02 -1.041373736518964677e+01
1.056841439036625729e+02 -1.130341249335421772e+01
1.036229999530639390e+02 -1.002419368745481165e+01
1.015618560024652908e+02 -1.029711243075714044e+01
9.950071205186665679e+01 -9.494949860948837639e+00
9.743956810126798018e+01 -1.007849709072481836e+01
9.537842415066934620e+01 -1.122424433374966490e+01
9.331728020007071223e+01 -1.050947650349518980e+01
9.125613624947206404e+01 -1.055847283251551083e+01
8.919499229887343006e+01 -9.543157891854800567e+00
8.713384834827478187e+01 -9.775080117559177495e+00
8.507270439767614789e+01 -9.521057075663101443e+00
8.301156044707749970e+01 -7.667300253499682583e+00
8.095041649647886572e+01 -1.079811802831467560e+01
7.888927254588023175e+01 -1.144594411241437548e+01
7.682812859528158356e+01 -1.080236762346883239e+01
7.476698464468294958e+01 -1.140347980707420206e+01
7.270584069408430139e+01 -1.197878661828975311e+01
7.064469674348566741e+01 -1.094080609553145145e+01
6.858355279288703343e+01 -1.008882839239844209e+01
6.652240884228838524e+01 -1.149526186158435870e+01
6.446126489168973706e+01 -9.859073693659746951e+00
6.240012094109109597e+01 -8.606681275046501156e+00
6.033897699049246199e+01 -1.016662057713582534e+01
5.827783303989382091e+01 -9.478969313737243496e+00
5.621668908929517983e+01 -1.111702046393841670e+01
5.415554513869653874e+01 -9.371644828451318077e+00
5.209440118809789766e+01 -1.165058151388291563e+01
5.003325723749925658e+01 -9.197330924932641594e+00
4.797211328690061549e+01 -1.141351567686390034e+01
4.591096933630197441e+01 -1.236891726326786234e+01
4.384982538570333332e+01 -1.194285972230112414e+01
4.178868143510469224e+01 -1.203477552567793651e+01
3.972753748450605116e+01 -9.011991068597440702e+00
3.766639353390741007e+01 -1.110796983956450035e+01
3.560524958330876899e+01 -1.052465557345927749e+01
3.354410563271013501e+01 -6.421576688293485269e+00
3.148296168211148682e+01 -8.337651706460130541e+00
2.942181773151284929e+01 -7.441965490835224628e+00
2.736067378091420821e+01 -4.544973762627243730e+00
2.529952983031556712e+01 -2.908623997710784170e+00
2.323838587971692604e+01 1.222736866138233403e+00
2.117724192911828496e+01 7.069090004535941496e+00
1.911609797851964387e+01 1.466697706148950253e+01
1.705495402792100634e+01 2.418922984191238257e+01
1.499381007732236348e+01 3.565250720714406896e+01
1.293266612672372240e+01 4.534566311162473795e+01
1.087152217612508132e+01 5.454303744387048170e+01
8.810378225526440232e+00 6.675558015925966515e+01
6.749234274927800037e+00 6.890618845656985059e+01
4.688090324329158953e+00 7.148357657988144354e+01
2.626946373730518314e+00 7.449652940409664836e+01
5.658024231318774522e-01 7.272059368872307061e+01
-1.495341527466763187e+00 7.144891619628421608e+01
-3.556485478065404049e+00 6.502715469309075047e+01
-5.617629428664044688e+00 5.981628275723831223e+01
-7.678773379262685772e+00 5.488774827272978030e+01
-9.739917329861325967e+00 4.614382053950161833e+01
-1.180106128045996883e+01 3.499547535157137190e+01
-1.386220523105860813e+01 3.070288681561985911e+01
-1.592334918165724744e+01 2.517645937580132909e+01
-1.798449313225588853e+01 1.961583828241758098e+01
-2.004563708285452961e+01 1.463053166020919171e+01
-2.210678103345317069e+01 8.900891106865913116e+00
-2.416792498405181533e+01 8.434351912227061376e+00
-2.622906893465045286e+01 7.073460936070527616e+00
-2.829021288524909394e+01 4.056426534229315983e+00
-3.035135683584773503e+01 3.531914267143666297e+00
-3.241250078644637256e+01 5.116886723884944033e+00
-3.447364473704502075e+01 5.249573093129161094e+00
-3.653478868764365473e+01 6.407288807786065021e+00
-3.859593263824229581e+01 4.203238556572647333e+00
-4.065707658884093689e+01 3.792975010922417844e+00
-4.271822053943957798e+01 5.525786947172787400e+00
-4.477936449003821906e+01 2.509331347365582943e+00
-4.684050844063686014e+01 3.929058380629844471e+00
-4.890165239123550123e+01 3.787439572148143530e+00
-5.096279634183414231e+01 2.124068111890543342e+00
-5.302394029243278339e+01 1.106386139594087048e+00
-5.508508424303142448e+01 2.452618880851293426e+00
-5.714622819363006556e+01 3.154855559275085319e+00
-5.920737214422870665e+01 2.885486579976860977e+00
-6.126851609482734773e+01 3.778214550453224074e+00
-6.332966004542598171e+01 6.670991237795497852e+00
-6.539080399602462990e+01 4.418132190223039046e+00
-6.745194794662327809e+01 6.127993788853713930e+00
-6.951309189722191206e+01 7.648178422092082762e+00
-7.157423584782054604e+01 1.022705565138989492e+01
-7.363537979841919423e+01 6.934374498288767619e+00
-7.569652374901782821e+01 8.364092843264204546e+00
-7.775766769961647640e+01 7.372407440915603516e+00
-7.981881165021511038e+01 5.652723512986823629e+00
-8.187995560081375856e+01 7.199238958565552515e+00
-8.394109955141239254e+01 1.012655191548492262e+01
-8.600224350201102652e+01 8.419362990999161411e+00
-8.806338745260967471e+01 3.822826562866262101e+00
-9.012453140320830869e+01 4.307427970679129636e+00
-9.218567535380695688e+01 1.410950919292973671e+00
-9.424681930440559086e+01 3.495390055518161621e-01
-9.630796325500425326e+01 -5.177622284352818571e-01
-9.836910720560288723e+01 -2.686338929075564153e+00
-1.004302511562015212e+02 -8.959382120448265985e-01
-1.024913951068001552e+02 -3.335242027553118938e+00
-1.045525390573987892e+02 -4.777240256615415959e+00
-1.066136830079974374e+02 -4.519292834078632914e+00
-1.086748269585960713e+02 -4.383809168646870091e+00
-1.107359709091947195e+02 -4.271926844035800919e+00
-1.127971148597933535e+02 -4.356346671766472056e+00
-1.148582588103920017e+02 -6.379761216291932158e+00
-1.169194027609906357e+02 -4.873725405287919088e+00
-1.189805467115892696e+02 -6.544906090154214873e+00
-1.210416906621879178e+02 -7.770388303891246018e+00
-1.231028346127865518e+02 -5.056736532421293617e+00
-1.251639785633852000e+02 -9.790806889855170780e+00
-1.272251225139838340e+02 -8.521086925996664618e+00
-1.292862664645824964e+02 -8.742766649767549580e+00
-1.313474104151811446e+02 -9.722649760731275848e+00
-1.334085543657797643e+02 -8.979450443748273614e+00
-1.354696983163784125e+02 -7.654867444214090710e+00
-1.375308422669770323e+02 -7.923908779584391660e+00
-1.395919862175756805e+02 -9.625248014787151973e+00
-1.416531301681743287e+02 -1.103473100723914158e+01
-1.437142741187729769e+02 -9.201184414084911722e+00
-1.457754180693715966e+02 -8.026196796118512111e+00
-1.478365620199702448e+02 -8.023151892940660446e+00
-1.498977059705688646e+02 -1.027665039635691890e+01
-1.519588499211675412e+02 -9.245983944311815250e+00
-1.540199938717661610e+02 -6.951615172466825143e+00
-1.560811378223648092e+02 -8.856605311616204901e+00
-1.581422817729634573e+02 -8.811037834573108185e+00
-1.602034257235620771e+02 -8.480838226515157174e+00
-1.622645696741607537e+02 -5.929183861215843621e+00
-1.643257136247593735e+02 -8.971709287672343436e+00
-1.663868575753580217e+02 -8.404741156994147033e+00
-1.684480015259566414e+02 -8.816156741708077504e+00
-1.705091454765553181e+02 -8.787851299368519165e+00
-1.725702894271539378e+02 -9.146183599012964294e+00
-1.746314333777525860e+02 -8.268502098467473971e+00
-1.766925773283512058e+02 -9.419055783961059802e+00
-1.787537212789498540e+02 -9.653436470010186454e+00
-1.808148652295485022e+02 -8.168171661774152881e+00
-1.828760091801471503e+02 -7.894711589960031972e+00
-1.849371531307457701e+02 -6.954789568230991925e+00
-1.869982970813444183e+02 -9.033632877069631917e+00
-1.890594410319430381e+02 -8.427383904613021670e+00
-1.911205849825417147e+02 -9.484831128564779945e+00
-1.931817289331403344e+02 -1.067486357949890419e+01
-1.952428728837389826e+02 -9.039855133865122738e+00
-1.973040168343376308e+02 -9.233782834227596936e+00
-1.993651607849362790e+02 -1.061265565063481553e+01
-2.014263047355349272e+02 -1.044496931030620601e+01
-2.034874486861335470e+02 -9.458542231705832748e+00
-2.055485926367321952e+02 -9.454415580745550329e+00
-2.076097365873308149e+02 -1.042261635684524457e+01
-2.096708805379294915e+02 -6.984904968395345470e+00
-2.117320244885281113e+02 -7.660896659420874499e+00
-2.137931684391267595e+02 -8.983290109412502389e+00
-2.158543123897253793e+02 -6.756686071508415381e+00
-2.179154563403240275e+02 -8.350243701909661809e+00
-2.199766002909226756e+02 -6.724811903678030944e+00
-2.220377442415213238e+02 -8.353995807123421713e+00
-2.240988881921199436e+02 -8.217538179653033126e+00
-2.261600321427185918e+02 -1.074161114609470147e+01
-2.282211760933172116e+02 -8.522574528333729305e+00
-2.302823200439158882e+02 -9.252729688194495594e+00
-2.323434639945145079e+02 -8.161684400989720700e+00
-2.344046079451131561e+02 -8.229207176839217652e+00
-2.364657518957118043e+02 -8.192646942752491057e+00
-2.385268958463104525e+02 -7.813290360774482579e+00
-2.405880397969091007e+02 -9.402320084112428589e+00
-2.426491837475077205e+02 -8.392345228262112045e+00
-2.447103276981063686e+02 -9.245033267438982350e+00
-2.467714716487049884e+02 -9.714530170615569560e+00
-2.488326155993036650e+02 -8.973833778894437785e+00
-2.508937595499022848e+02 -9.950422367244618371e+00
-2.529549035005009330e+02 -1.155945262909473037e+01
-2.550160474510995527e+02 -1.081658827866928263e+01
-2.570771914016982009e+02 -1.099218291724530339e+01
