2.648352764330873583e+02 2.062212034828600604e+00
2.627741324824887670e+02 6.066015634051280969e+00
2.607129885318901188e+02 4.051392716877233902e+00
2.586518445812914706e+02 3.242660840204105277e+00
2.565907006306928224e+02 3.456954639128652751e+00
2.545295566800942026e+02 4.741917878506197503e+00
2.524684127294955545e+02 3.548446816797732328e+00
2.504072687788969063e+02 5.197777626728284694e+00
2.483461248282982581e+02 4.416767144333735295e+00
2.462849808776996383e+02 4.319557478527410233e+00
2.442238369271009901e+02 4.758468234825668830e+00
2.421626929765023704e+02 5.264613028933660566e+00
2.401015490259036937e+02 7.494544752100918750e+00
2.380404050753050456e+02 8.756163487105196097e+00
2.359792611247064258e+02 6.053704086206137980e+00
2.339181171741077776e+02 5.389709500205380976e+00
2.318569732235091294e+02 8.588729528285371728e+00
2.297958292729104812e+02 4.904225721417801331e+00
2.277346853223118615e+02 6.814679359130508374e+00
2.256735413717132133e+02 5.165164341517073154e+00
2.236123974211145935e+02 7.059727754385217047e+00
2.215512534705159169e+02 6.702483851368916667e+00
2.194901095199172971e+02 1.693581111924168603e+00
2.174289655693186489e+02 6.581485467480472806e+00
2.153678216187200292e+02 6.739789146859479274e+00
2.133066776681213810e+02 5.346907821916765613e+00
2.112455337175227328e+02 5.644746154472742639e+00
2.091843897669240846e+02 5.512140272521021345e+00
2.071232458163254648e+02 8.404935326469361812e+00
2.050621018657268166e+02 7.111388455176336443e+00
2.030009579151281969e+02 6.774235003182072390e+00
2.009398139645295203e+02 6.081225177787085379e+00
1.988786700139308721e+02 3.962790595654078096e+00
1.968175260633322239e+02 5.676802582398014607e+00
1.947563821127335757e+02 5.704281026010834310e+00
1.926952381621349559e+02 6.802974246556248161e+00
1.906340942115362793e+02 7.544109441261384497e+00
1.885729502609376596e+02 6.970429982913446842e+00
1.865118063103390114e+02 5.638179769599678259e+00
1.844506623597403916e+02 7.287966892633666482e+00
1.823895184091417434e+02 7.046164251751052987e+00
1.803283744585430952e+02 7.668659436276507257e+00
1.782672305079444470e+02 6.176574007769471741e+00
1.762060865573458273e+02 4.834146244389059710e+00
1.741449426067471791e+02 8.567513689109631514e+00
1.720837986561485593e+02 7.757099511698450023e+00
1.700226547055498827e+02 9.304911688689484706e+00
1.679615107549512629e+02 6.577995680286219837e+00
1.659003668043526147e+02 6.116096751113119012e+00
1.638392228537539950e+02 6.912259843494419798e+00
1.617780789031553468e+02 6.593343294813701405e+00
1.597169349525566702e+02 7.848495623699936807e+00
1.576557910019580504e+02 9.820470780993630910e+00
1.555946470513594022e+02 7.173240255143038979e+00
1.535335031007607824e+02 7.770179231330864411e+00
1.514723591501621058e+02 6.586081442477477843e+00
1.494112151995634861e+02 5.198616414688359555e+00
1.473500712489648379e+02 8.827966621374006451e+00
1.452889272983662181e+02 6.409188186508547602e+00
1.432277833477675699e+02 7.380829184626430006e+00
1.411666393971689217e+02 9.766945455173114965e+00
1.391054954465702735e+02 1.016852503669447216e+01
1.370443514959716538e+02 8.712197390671107655e+00
1.349832075453730056e+02 9.122662482894096314e+00
1.329220635947743858e+02 8.177287779192601747e+00
1.308609196441757376e+02 6.878998188711749506e+00
1.287997756935770894e+02 5.315568306405710430e+00
1.267386317429784413e+02 7.309036937309798532e+00
1.246774877923797931e+02 7.686179904994394185e+00
1.226163438417811591e+02 6.357867026811629074e+00
1.205551998911825251e+02 6.168947341342478907e+00
1.184940559405838769e+02 6.525042754015845325e+00
1.164329119899852429e+02 5.993570386753821921e+00
1.143717680393865948e+02 4.457885586856578541e+00
1.123106240887879608e+02 7.484508138300246749e+00
1.102494801381893126e+02 7.501663349715212092e+00
1.081883361875906786e+02 6.062791026482412526e+00
1.061271922369920446e+02 7.727503695301784603e+00
1.040660482863933822e+02 4.937895601989670702e+00
1.020049043357947482e+02 3.908194652284547654e+00
9.994376038519610006e+01 8.464678102849129360e+00
9.788261643459746608e+01 5.311280422670357382e+00
9.582147248399881789e+01 5.657448334954456648e+00
9.376032853340018391e+01 4.636725791722665413e+00
9.169918458280154994e+01 4.695662406826951241e+00
8.963804063220290175e+01 8.771636731957690003e+00
8.757689668160426777e+01 8.631851667583632093e+00
8.551575273100561958e+01 8.291743363458468963e+00
8.345460878040698560e+01 5.519576216201014240e+00
8.139346482980833741e+01 5.752195787219149814e+00
7.933232087920970343e+01 8.428811096197851072e+00
7.727117692861106946e+01 8.387791567748681842e+00
7.521003297801242127e+01 7.977855404108448845e+00
7.314888902741378729e+01 9.235804408747977590e+00
7.108774507681513910e+01 7.657984810673280407e+00
6.902660112621650512e+01 4.795173513925999664e+00
6.696545717561784272e+01 7.205678711063439934e+00
6.490431322501920874e+01 7.016513694019261393e+00
6.284316927442057477e+01 6.875508860201927419e+00
6.078202532382193368e+01 7.459645384167927773e+00
5.872088137322329260e+01 5.135468192594172976e+00
5.665973742262465151e+01 7.203566242849195334e+00
5.459859347202601043e+01 7.350068004913755892e+00
5.253744952142736935e+01 9.087559076150228066e+00
5.047630557082872826e+01 5.770707801625558631e+00
4.841516162023008718e+01 7.093157143568347145e+00
4.635401766963144610e+01 7.709716363856926158e+00
4.429287371903281212e+01 6.144591123109093722e+00
4.223172976843417104e+01 6.675282352007688047e+00
4.017058581783552995e+01 6.980306907184196774e+00
3.810944186723688887e+01 1.016343026902315749e+01
3.604829791663824068e+01 8.660324069592027385e+00
3.398715396603959960e+01 7.641056532935997403e+00
3.192601001544096206e+01 7.562409395961915415e+00
2.986486606484232098e+01 1.061399617098162906e+01
2.780372211424367990e+01 1.071524543816614994e+01
2.574257816364504237e+01 1.243657303791921187e+01
2.368143421304640128e+01 1.515004660213058330e+01
2.162029026244775665e+01 1.834954791037678845e+01
1.955914631184911912e+01 2.509231916159298592e+01
1.749800236125047803e+01 3.145182289528728248e+01
1.543685841065183517e+01 4.385068572360105321e+01
1.337571446005319586e+01 5.357595628663076326e+01
1.131457050945455656e+01 7.409700779741309873e+01
9.253426558855915474e+00 9.063411063270172008e+01
7.192282608257274390e+00 9.979572984138413005e+01
5.131138657658634195e+00 1.021857251010754339e+02
3.069994707059993111e+00 9.942111175691238145e+01
1.008850756461352027e+00 9.079106998592587274e+01
-1.052293194137288834e+00 9.124406953667043751e+01
-3.113437144735929696e+00 8.872067629556833879e+01
-5.174581095334570335e+00 8.435491174414320881e+01
-7.235725045933209643e+00 8.662293036492155807e+01
-9.296868996531852503e+00 8.113148864214782918e+01
-1.135801294713049181e+01 7.755841921618622337e+01
-1.341915689772913467e+01 7.231243031536251920e+01
-1.548030084832777575e+01 6.615154030467370205e+01
-1.754144479892641684e+01 5.959137055906798253e+01
-1.960258874952505792e+01 4.981030345859568342e+01
-2.166373270012369545e+01 4.200079392311339888e+01
-2.372487665072233654e+01 3.641377113434383972e+01
-2.578602060132098117e+01 3.323447012671411471e+01
-2.784716455191962226e+01 3.387731939684073268e+01
-2.990830850251825979e+01 3.295215090095192778e+01
-3.196945245311690087e+01 3.287688677057976605e+01
-3.403059640371554195e+01 3.644500439688511051e+01
-3.609174035431418304e+01 4.000311427727757518e+01
-3.815288430491282412e+01 4.629599431831790923e+01
-4.021402825551146520e+01 4.882140824916778854e+01
-4.227517220611010629e+01 5.251066873446458771e+01
-4.433631615670874737e+01 4.848846873813820224e+01
-4.639746010730738845e+01 4.732975463743786548e+01
-4.845860405790602954e+01 4.403746005864488211e+01
-5.051974800850467062e+01 3.896228627541265865e+01
-5.258089195910330460e+01 3.777498198916666894e+01
-5.464203590970194568e+01 3.180578897720091547e+01
-5.670317986030058677e+01 2.626669468984849232e+01
-5.876432381089922785e+01 2.735070170340363660e+01
-6.082546776149787604e+01 2.612108046420257779e+01
-6.288661171209651712e+01 2.539071901662235220e+01
-6.494775566269515821e+01 2.805851668994959169e+01
-6.700889961329379219e+01 3.286324985010232780e+01
-6.907004356389244037e+01 3.851179969338959808e+01
-7.113118751449107435e+01 4.024815226029254234e+01
-7.319233146508970833e+01 4.186894876368759810e+01
-7.525347541568835652e+01 4.347653088039695035e+01
-7.731461936628699050e+01 4.029808151755863577e+01
-7.937576331688563869e+01 4.036402468423045065e+01
-8.143690726748427267e+01 3.648180115711885918e+01
-8.349805121808292085e+01 3.154159697824848152e+01
-8.555919516868155483e+01 3.020437097958528483e+01
-8.762033911928018881e+01 2.828324164744002900e+01
-8.968148306987885121e+01 2.448124123576430478e+01
-9.174262702047748519e+01 2.230272140142403359e+01
-9.380377097107613338e+01 2.253777106383326867e+01
-9.586491492167476736e+01 1.675207587874730919e+01
-9.792605887227341555e+01 1.330940026876280058e+01
-9.998720282287204952e+01 1.133324278430909438e+01
-1.020483467734706835e+02 1.141614677868827243e+01
-1.041094907240693317e+02 1.186764191834734561e+01
-1.061706346746679657e+02 1.041837958518615537e+01
-1.082317786252666139e+02 7.284405081313827246e+00
-1.102929225758652478e+02 7.644379215065735700e+00
-1.123540665264638960e+02 7.167974372330417232e+00
-1.144152104770625300e+02 8.145460922292517836e+00
-1.164763544276611640e+02 6.080654506570382090e+00
-1.185374983782598122e+02 4.178151357165889479e+00
-1.205986423288584461e+02 7.281893915462497091e+00
-1.226597862794570943e+02 4.886604752604656987e+00
-1.247209302300557283e+02 3.140786775458893842e+00
-1.267820741806543907e+02 1.148975558581881939e+00
-1.288432181312530247e+02 3.903015480817821015e+00
-1.309043620818516445e+02 3.671837036223398520e+00
-1.329655060324502927e+02 1.284119957426140823e+00
-1.350266499830489408e+02 2.281332366724231786e+00
-1.370877939336475606e+02 1.958581484235209169e+00
-1.391489378842462372e+02 5.429104195558643875e-01
-1.412100818348448570e+02 5.317522298467492803e+00
-1.432712257854435052e+02 -9.637328013490905135e-03
-1.453323697360421249e+02 2.339182639067265868e+00
-1.473935136866407731e+02 5.312419801135071395e+00
-1.494546576372394497e+02 1.204811475794108633e+00
-1.515158015878380695e+02 -4.843880174018527773e-01
-1.535769455384367177e+02 5.598219920849105691e-01
-1.556380894890353375e+02 3.214457988799630961e+00
-1.576992334396339857e+02 7.558377078515705616e-01
-1.597603773902326338e+02 2.346641409153952029e+00
-1.618215213408312820e+02 1.190934650791419358e+00
-1.638826652914299018e+02 -4.408508888428263051e-01
-1.659438092420285500e+02 2.584622786658759441e+00
-1.680049531926271982e+02 1.096316287050663529e+00
-1.700660971432258464e+02 1.131211547708621312e+00
-1.721272410938244661e+02 7.038035103567098494e-01
-1.741883850444231143e+02 1.532789926149184190e+00
-1.762495289950217341e+02 2.762245984780317132e-01
-1.783106729456204107e+02 1.123578786443479194e+00
-1.803718168962190305e+02 2.555061154177547422e+00
-1.824329608468176787e+02 5.788955318336546085e-01
-1.844941047974162984e+02 2.765463437817501813e+00
-1.865552487480149466e+02 2.415060992943895535e+00
-1.886163926986136232e+02 2.725695979284513681e-01
-1.906775366492122430e+02 -1.932340335174815571e-01
-1.927386805998108912e+02 2.386436506608293318e+00
-1.947998245504095109e+02 -2.077212024853501982e-01
-1.968609685010081876e+02 1.200408298133924134e+00
-1.989221124516067789e+02 2.074188689353559489e+00
-2.009832564022054271e+02 6.400459427397483525e-01
-2.030444003528040469e+02 3.606931617818007751e-01
-2.051055443034027235e+02 8.841814992499889003e-01
-2.071666882540013432e+02 -4.576757459037995579e-01
-2.092278322045999914e+02 3.281918537024440585e+00
-2.112889761551986112e+02 4.171990075228625416e-01
-2.133501201057972594e+02 -4.947581165032224337e-01
-2.154112640563959076e+02 6.815887109424014767e-01
-2.174724080069945558e+02 8.033597459635410942e-01
-2.195335519575931755e+02 1.574877784822199533e+00
-2.215946959081918237e+02 3.962033642278419698e-01
-2.236558398587904719e+02 1.139943867242139808e+00
-2.257169838093891201e+02 -1.852626543283437677e-01
-2.277781277599877683e+02 3.318947668109815563e+00
-2.298392717105863881e+02 2.295939749129152219e-01
-2.319004156611850362e+02 -3.007640278565051339e-01
-2.339615596117836844e+02 -2.595719433253945496e+00
-2.360227035623823326e+02 1.173840544566852717e+00
-2.380838475129809524e+02 2.053778277245015715e+00
-2.401449914635796006e+02 -1.709497790155500851e-02
-2.422061354141782203e+02 8.245749654661730377e-01
-2.442672793647768970e+02 -1.545347808090682673e-01
-2.463284233153755167e+02 1.012600399668761142e+00
-2.483895672659741649e+02 8.820359508855118991e-01
-2.504507112165727847e+02 -8.496303297551507372e-01
-2.525118551671714329e+02 2.925039389549019653e+00
-2.545729991177700811e+02 7.557851629523035797e-01
-2.566341430683687008e+02 -6.477714234576377288e-03
-2.586952870189673490e+02 1.640953919400107930e+00
-2.607564309695659972e+02 1.060303059174213747e+00
