2.686319372758044892e+02 2.252752926239521170e+00
2.665707933252057842e+02 3.333048003974330875e+00
2.645096493746071928e+02 4.563768544237807312e+00
2.624485054240085447e+02 5.198892108305527060e+00
2.603873614734098965e+02 8.228788853930339542e+00
2.583262175228112483e+02 5.975244008833702658e+00
2.562650735722126001e+02 6.473785495325059536e+00
2.542039296216139803e+02 7.458005372519123988e+00
2.521427856710153321e+02 5.851393533404989356e+00
2.500816417204167124e+02 7.038696590235419492e+00
2.480204977698180357e+02 5.802355433602309098e+00
2.459593538192193876e+02 7.165758785363409267e+00
2.438982098686207678e+02 7.871948839875803294e+00
2.418370659180221196e+02 8.269458483045442065e+00
2.397759219674234998e+02 7.600425169100342160e+00
2.377147780168248232e+02 7.243076931126489093e+00
2.356536340662262035e+02 9.184906815721499029e+00
2.335924901156275553e+02 7.466184038648052024e+00
2.315313461650289355e+02 7.906540493365095124e+00
2.294702022144302873e+02 8.514933433443873767e+00
2.274090582638316391e+02 9.121297452245153536e+00
2.253479143132329909e+02 4.871959328633995057e+00
2.232867703626343712e+02 4.862025631259522918e+00
2.212256264120357230e+02 8.468063666316101745e+00
2.191644824614370748e+02 7.950303620316758746e+00
2.171033385108384266e+02 7.420080230168064617e+00
2.150421945602398068e+02 9.886360412319591617e+00
2.129810506096411586e+02 6.524637713873997491e+00
2.109199066590425389e+02 8.679393999595587772e+00
2.088587627084438623e+02 6.897924037085571669e+00
2.067976187578452141e+02 1.001234210385251977e+01
2.047364748072465943e+02 9.486738871176587651e+00
2.026753308566479461e+02 4.932364032252536390e+00
2.006141869060493264e+02 6.640225901485306892e+00
1.985530429554506497e+02 8.139114655294971357e+00
1.964918990048520300e+02 8.620980356376572118e+00
1.944307550542533818e+02 9.294151022773784021e+00
1.923696111036547620e+02 8.141595076267803321e+00
1.903084671530560854e+02 9.484954495850828948e+00
1.882473232024574656e+02 8.671917286476173103e+00
1.861861792518588175e+02 9.407415665958696493e+00
1.841250353012601977e+02 7.544269695423796662e+00
1.820638913506615495e+02 8.192111877226043504e+00
1.800027474000629013e+02 8.417345011535026345e+00
1.779416034494642531e+02 9.780499073170050295e+00
1.758804594988656333e+02 8.606369489912689019e+00
1.738193155482669852e+02 8.690625040463650919e+00
1.717581715976683654e+02 9.899530275721879491e+00
1.696970276470696888e+02 9.890459601546599089e+00
1.676358836964710406e+02 6.381292064524560104e+00
1.655747397458724208e+02 9.247328285194907238e+00
1.635135957952737726e+02 1.143733281263719448e+01
1.614524518446751244e+02 7.670639435999610178e+00
1.593913078940764763e+02 1.015388812036296429e+01
1.573301639434778565e+02 8.789507601041540497e+00
1.552690199928792083e+02 5.434548880843133922e+00
1.532078760422805885e+02 1.023958862704991368e+01
1.511467320916819119e+02 1.183698692775394790e+01
1.490855881410832922e+02 9.612901569706179927e+00
1.470244441904846440e+02 8.319435137995306206e+00
1.449633002398860242e+02 1.004216919790053097e+01
1.429021562892873760e+02 1.030632294108339408e+01
1.408410123386887278e+02 8.672181196719757068e+00
1.387798683880900796e+02 7.885279331141267889e+00
1.367187244374914599e+02 8.727058275416219146e+00
1.346575804868928117e+02 9.567457108862475579e+00
1.325964365362941919e+02 8.772563974185652924e+00
1.305352925856955153e+02 8.700909797938102486e+00
1.284741486350968671e+02 6.161356944244554157e+00
1.264130046844982473e+02 6.860192377668672847e+00
1.243518607338995992e+02 8.419728246763281021e+00
1.222907167833009652e+02 1.234444304566709505e+01
1.202295728327023170e+02 8.158974595724787449e+00
1.181684288821036830e+02 8.732414157665987275e+00
1.161072849315050490e+02 8.357887010988978460e+00
1.140461409809064008e+02 9.233791546185734944e+00
1.119849970303077527e+02 8.610894006230589426e+00
1.099238530797091045e+02 8.274442854872935627e+00
1.078627091291104705e+02 7.894059639584918742e+00
1.058015651785118223e+02 8.821931940563326080e+00
1.037404212279131883e+02 9.326439784158930379e+00
1.016792772773145543e+02 8.799900230780281163e+00
9.961813332671590615e+01 9.179221651068901977e+00
9.755698937611727217e+01 7.583555985458646731e+00
9.549584542551862398e+01 7.256232435163808780e+00
9.343470147491999001e+01 8.468514668385486388e+00
9.137355752432135603e+01 1.042432861234566843e+01
8.931241357372270784e+01 8.261087107739941260e+00
8.725126962312407386e+01 8.491885815390421755e+00
8.519012567252542567e+01 8.042951520886674643e+00
8.312898172192679169e+01 7.689719820467257883e+00
8.106783777132814350e+01 7.682878592105940818e+00
7.900669382072950953e+01 9.986363958500644955e+00
7.694554987013087555e+01 9.599153722636552644e+00
7.488440591953222736e+01 8.986766205440360977e+00
7.282326196893357917e+01 8.604393688493853887e+00
7.076211801833493098e+01 9.430359025212837309e+00
6.870097406773629700e+01 8.302150203297578912e+00
6.663983011713764881e+01 7.893128846350485617e+00
6.457868616653901483e+01 9.697765709242204935e+00
6.251754221594037375e+01 8.209838851888095590e+00
6.045639826534173267e+01 5.885066225737757506e+00
5.839525431474309158e+01 8.673753184703624441e+00
5.633411036414445761e+01 7.641706244995440045e+00
5.427296641354581652e+01 7.899030310367798791e+00
5.221182246294717544e+01 7.023160739176963041e+00
5.015067851234853435e+01 6.328478098077391145e+00
4.808953456174988617e+01 6.508363112699366404e+00
4.602839061115125219e+01 1.104096636824742994e+01
4.396724666055260400e+01 8.201734130530342171e+00
4.190610270995396291e+01 8.112441849972400476e+00
3.984495875935532183e+01 6.435879164033313060e+00
3.778381480875668075e+01 9.755945234911882480e+00
3.572267085815803966e+01 1.096473139367291161e+01
3.366152690755939858e+01 8.124817679738450593e+00
3.160038295696076105e+01 1.210228611111743291e+01
2.953923900636211641e+01 1.148973188186612582e+01
2.747809505576347888e+01 1.255224272000249108e+01
2.541695110516483780e+01 1.367139105901440388e+01
2.335580715456620027e+01 1.382922582233102560e+01
2.129466320396755563e+01 1.911891039445340823e+01
1.923351925336891810e+01 2.510066500940292755e+01
1.717237530277027702e+01 3.027464166008422808e+01
1.511123135217163771e+01 4.027961953378714810e+01
1.305008740157299485e+01 5.002122940576393262e+01
1.098894345097435377e+01 6.456985738784172213e+01
8.927799500375712682e+00 7.717606540720449004e+01
6.866655549777071599e+00 8.644931613558586037e+01
4.805511599178431403e+00 9.319648119380254059e+01
2.744367648579790764e+00 1.007960503530807728e+02
6.832236979811495692e-01 1.038135266225914393e+02
-1.377920252617491181e+00 1.058194503509659654e+02
-3.439064203216132043e+00 1.066378469287167405e+02
-5.500208153814772238e+00 9.992154381013209274e+01
-7.561352104413413322e+00 9.286879912183572117e+01
-9.622496055012053517e+00 8.532772207176567747e+01
-1.168364000561069460e+01 7.164560805856524439e+01
-1.374478395620933391e+01 6.731609090579750898e+01
-1.580592790680797677e+01 5.560588717827203453e+01
-1.786707185740661785e+01 4.762816116162945690e+01
-1.992821580800525894e+01 4.161488354261850731e+01
-2.198935975860389647e+01 3.545966459603466348e+01
-2.405050370920253755e+01 3.158980164535019242e+01
-2.611164765980118219e+01 2.924291272360901317e+01
-2.817279161039982327e+01 2.683737952244350566e+01
-3.023393556099846435e+01 2.509649266172074888e+01
-3.229507951159710899e+01 2.509149462161342115e+01
-3.435622346219575007e+01 2.410788727424221278e+01
-3.641736741279439116e+01 2.361804822918579561e+01
-3.847851136339302514e+01 2.344678549596283190e+01
-4.053965531399166622e+01 2.407605102153606325e+01
-4.260079926459030730e+01 2.436339601734302462e+01
-4.466194321518894839e+01 2.445108160532626229e+01
-4.672308716578758947e+01 2.265408480296962423e+01
-4.878423111638623055e+01 2.162076902507012122e+01
-5.084537506698486453e+01 2.349668432631925086e+01
-5.290651901758351272e+01 2.080978051329562817e+01
-5.496766296818214670e+01 2.059833439340037842e+01
-5.702880691878078778e+01 2.288022687182745685e+01
-5.908995086937942887e+01 2.308058075758512118e+01
-6.115109481997806995e+01 2.018658642212557908e+01
-6.321223877057671103e+01 2.103650547214438404e+01
-6.527338272117535212e+01 2.086491964581738046e+01
-6.733452667177398610e+01 2.230757774493024215e+01
-6.939567062237263428e+01 2.567021368900845246e+01
-7.145681457297126826e+01 2.735838275215599324e+01
-7.351795852356991645e+01 3.025836220137941979e+01
-7.557910247416855043e+01 3.193844687089397993e+01
-7.764024642476718441e+01 2.724186444514666405e+01
-7.970139037536583260e+01 2.762691918482919107e+01
-8.176253432596448079e+01 2.920334513886933436e+01
-8.382367827656312897e+01 2.848462757378861454e+01
-8.588482222716176295e+01 2.788700775489816053e+01
-8.794596617776041114e+01 2.791448506846548483e+01
-9.000711012835904512e+01 2.378565000342142710e+01
-9.206825407895767910e+01 2.252504642757511277e+01
-9.412939802955632729e+01 1.934042703151645881e+01
-9.619054198015496127e+01 1.645602927788670655e+01
-9.825168593075360945e+01 1.310987538705836641e+01
-1.003128298813522434e+02 1.263155462783201877e+01
-1.023739738319508774e+02 1.461035667638099333e+01
-1.044351177825495256e+02 1.249368901380207753e+01
-1.064962617331481596e+02 9.070758644466621945e+00
-1.085574056837468078e+02 1.153881606086266665e+01
-1.106185496343454417e+02 1.120312113358365735e+01
-1.126796935849440899e+02 1.103076528286478464e+01
-1.147408375355427239e+02 9.790930577080114716e+00
-1.168019814861413579e+02 1.158281765934298413e+01
-1.188631254367400061e+02 7.590164557857693062e+00
-1.209242693873386543e+02 7.998856302761171655e+00
-1.229854133379373025e+02 6.858390293754557554e+00
-1.250465572885359364e+02 7.120595406771908387e+00
-1.271077012391345846e+02 4.113247660337744804e+00
-1.291688451897332186e+02 4.776935546835478164e+00
-1.312299891403318668e+02 3.488852691655654592e+00
-1.332911330909304866e+02 4.242462005064690622e+00
-1.353522770415291347e+02 4.737831426324862427e+00
-1.374134209921277545e+02 3.007826291790668183e+00
-1.394745649427264311e+02 5.857317789986672629e+00
-1.415357088933250793e+02 2.320146384849934851e+00
-1.435968528439236991e+02 1.700100091551544290e+00
-1.456579967945223473e+02 5.558135860651552740e+00
-1.477191407451209670e+02 4.348572954035155647e+00
-1.497802846957196437e+02 3.715284569095546274e+00
-1.518414286463182634e+02 2.836984882846226963e+00
-1.539025725969169116e+02 2.961735910535601701e-01
-1.559637165475155314e+02 1.105080791198609136e+00
-1.580248604981141796e+02 3.651797701096854531e+00
-1.600860044487128278e+02 2.363270164107916127e+00
-1.621471483993114759e+02 4.021832926379651063e+00
-1.642082923499100957e+02 3.374587358894465261e+00
-1.662694363005087439e+02 -1.063968981838360417e+00
-1.683305802511073921e+02 3.944287244347288279e+00
-1.703917242017060403e+02 2.262903247057589162e+00
-1.724528681523046600e+02 3.089714153803786889e+00
-1.745140121029033082e+02 4.559056158609829268e+00
-1.765751560535019280e+02 3.282797270521135236e+00
-1.786363000041006046e+02 2.638735785643598231e+00
-1.806974439546992528e+02 2.396658617266006264e+00
-1.827585879052978726e+02 1.135242352359165041e+00
-1.848197318558965208e+02 -6.262774532505585023e-01
-1.868808758064951405e+02 3.538643027023266718e+00
-1.889420197570938171e+02 2.339688975665456638e+00
-1.910031637076924369e+02 2.966392754896657102e+00
-1.930643076582910851e+02 1.487719767751818578e+00
-1.951254516088897049e+02 1.447595688306563488e+00
-1.971865955594883815e+02 3.355615108876892183e+00
-1.992477395100870012e+02 3.414087658933332659e+00
-2.013088834606856494e+02 3.385051811046122960e+00
-2.033700274112842692e+02 2.392809300092195723e-01
-2.054311713618829174e+02 2.280263629817895321e+00
-2.074923153124815656e+02 2.625625967102720004e+00
-2.095534592630802138e+02 1.392016724067966393e+00
-2.116146032136788335e+02 1.564163801647414864e+00
-2.136757471642774817e+02 2.347663897516337472e-01
-2.157368911148761015e+02 1.414712254607624731e+00
-2.177980350654747781e+02 1.219863763154866110e+00
-2.198591790160734263e+02 5.134840322500454413e+00
-2.219203229666720461e+02 3.213105065453787823e+00
-2.239814669172706942e+02 2.903132765370359358e+00
-2.260426108678693424e+02 2.484605036583236171e+00
-2.281037548184679906e+02 2.193847962731396262e+00
-2.301648987690666104e+02 2.629521905780375146e+00
-2.322260427196652586e+02 2.276519918800092857e+00
-2.342871866702638783e+02 1.484587602592664979e+00
-2.363483306208625550e+02 1.963318516057642737e+00
-2.384094745714611747e+02 1.393435169822710318e+00
-2.404706185220598229e+02 2.393250455916647867e-01
-2.425317624726584427e+02 3.069257634369890742e+00
-2.445929064232570909e+02 2.426188607588970925e+00
-2.466540503738557391e+02 2.000320368533192728e+00
-2.487151943244543872e+02 1.911678530622267891e+00
-2.507763382750530070e+02 1.304425412514187199e+00
-2.528374822256516552e+02 2.312715373289354392e+00
-2.548986261762502750e+02 3.259325236767659284e+00
-2.569597701268489800e+02 6.062874538997927942e+00
