2.687279886482165239e+02 -5.178539152944734880e+00
2.666668446976178757e+02 -1.154239721469610203e+01
2.646057007470192843e+02 -9.427775493551118657e+00
2.625445567964205793e+02 -1.018046619121555096e+01
2.604834128458219880e+02 -1.279416746063913912e+01
2.584222688952232829e+02 -1.074108149960068914e+01
2.563611249446246916e+02 -1.202657008254255189e+01
2.542999809940260434e+02 -1.315713890634920702e+01
2.522388370434273952e+02 -1.077704670646508056e+01
2.501776930928287754e+02 -1.034831061569618882e+01
2.481165491422300988e+02 -1.463590462782562085e+01
2.460554051916314791e+02 -1.378027171875593382e+01
2.439942612410328309e+02 -1.425220951231646538e+01
2.419331172904342111e+02 -1.308249192820497342e+01
2.398719733398355345e+02 -1.193108547124086272e+01
2.378108293892369147e+02 -1.378874360348689265e+01
2.357496854386382665e+02 -1.364847308461290609e+01
2.336885414880396183e+02 -1.038842789748336948e+01
2.316273975374409986e+02 -1.257288098257245323e+01
2.295662535868423220e+02 -1.210717293089864732e+01
2.275051096362437022e+02 -1.197626697567419107e+01
2.254439656856450540e+02 -1.360411123509723197e+01
2.233828217350464342e+02 -1.294199490575011779e+01
2.213216777844477861e+02 -9.545976998713442185e+00
2.192605338338491379e+02 -1.059707687191780323e+01
2.171993898832504897e+02 -1.196535061431416480e+01
2.151382459326518699e+02 -1.238336311777829302e+01
2.130771019820532217e+02 -1.123136022578052007e+01
2.110159580314545735e+02 -1.204623924777751576e+01
2.089548140808559253e+02 -1.083779957294631657e+01
2.068936701302573056e+02 -1.199689919700766616e+01
2.048325261796586574e+02 -1.332146665438475353e+01
2.027713822290600376e+02 -9.473838721923433681e+00
2.007102382784613610e+02 -1.120024965162363451e+01
1.986490943278627412e+02 -1.240259162348302446e+01
1.965879503772640930e+02 -1.266039043630948058e+01
1.945268064266654449e+02 -1.301597450979319071e+01
1.924656624760668251e+02 -1.258090116192783370e+01
1.904045185254681485e+02 -1.179251359004027577e+01
1.883433745748695287e+02 -1.143259972669531876e+01
1.862822306242708805e+02 -1.177579987911676085e+01
1.842210866736722608e+02 -1.174847923454459320e+01
1.821599427230736126e+02 -1.147680207347563908e+01
1.800987987724749644e+02 -1.250679289231121238e+01
1.780376548218763162e+02 -1.125631938512352725e+01
1.759765108712776964e+02 -1.199515407442136450e+01
1.739153669206790482e+02 -1.012381495177814017e+01
1.718542229700804000e+02 -1.267363779922044564e+01
1.697930790194817519e+02 -1.127598446156047451e+01
1.677319350688831321e+02 -1.175898551580825213e+01
1.656707911182844839e+02 -1.123360658813496471e+01
1.636096471676858641e+02 -1.051915695157440034e+01
1.615485032170871875e+02 -9.841349824376949940e+00
1.594873592664885678e+02 -1.185197387153234949e+01
1.574262153158899196e+02 -1.076341115364408196e+01
1.553650713652912714e+02 -1.042501103564062959e+01
1.533039274146926516e+02 -9.741616864915865648e+00
1.512427834640939750e+02 -9.119456264290796810e+00
1.491816395134953552e+02 -1.246347817193048257e+01
1.471204955628967070e+02 -1.256373051451240208e+01
1.450593516122980873e+02 -1.327853021604415673e+01
1.429982076616994107e+02 -1.320093683749545832e+01
1.409370637111007909e+02 -1.172305345631387397e+01
1.388759197605021427e+02 -1.132888093585308376e+01
1.368147758099035229e+02 -1.023053133469125875e+01
1.347536318593048748e+02 -9.496673002619425930e+00
1.326924879087062266e+02 -1.234518140030001554e+01
1.306313439581075784e+02 -1.005041282555688298e+01
1.285702000075089586e+02 -8.862494213102586116e+00
1.265090560569103104e+02 -1.114257475906410377e+01
1.244479121063116622e+02 -1.063492200771912799e+01
1.223867681557130282e+02 -1.016468509492853656e+01
1.203256242051143801e+02 -9.494084766289095256e+00
1.182644802545157461e+02 -1.099877381612319382e+01
1.162033363039170979e+02 -9.198642278150762408e+00
1.141421923533184639e+02 -1.240585754856739165e+01
1.120810484027198299e+02 -9.281543582355130440e+00
1.100199044521211817e+02 -1.169547308725871027e+01
1.079587605015225478e+02 -1.157501993029110565e+01
1.058976165509238996e+02 -1.199131213035329324e+01
1.038364726003252656e+02 -9.418153465348272135e+00
1.017753286497266174e+02 -1.082436197350409834e+01
9.971418469912798344e+01 -1.118541056182941773e+01
9.765304074852932104e+01 -1.017310426931252998e+01
9.559189679793067285e+01 -1.239536385408019648e+01
9.353075284733203887e+01 -1.028090377002087941e+01
9.146960889673340489e+01 -8.955929440318431745e+00
8.940846494613475670e+01 -1.026781908656648312e+01
8.734732099553612272e+01 -1.125685861592050330e+01
8.528617704493747453e+01 -1.108793839317362995e+01
8.322503309433884056e+01 -9.173920997022866786e+00
8.116388914374019237e+01 -1.118881139379547918e+01
7.910274519314155839e+01 -7.707188261492608383e+00
7.704160124254292441e+01 -1.099257428206402665e+01
7.498045729194427622e+01 -9.517574964339862831e+00
7.291931334134564224e+01 -9.786285192136796596e+00
7.085816939074699405e+01 -1.151914718460981391e+01
6.879702544014836008e+01 -8.030114513389710496e+00
6.673588148954971189e+01 -1.008848213591760867e+01
6.467473753895107791e+01 -8.715512212202174425e+00
6.261359358835242972e+01 -1.052700212979490857e+01
6.055244963775378864e+01 -1.060101203170600748e+01
5.849130568715514755e+01 -8.844024241377509199e+00
5.643016173655651357e+01 -8.969768251236054368e+00
5.436901778595787249e+01 -1.155912435699779728e+01
5.230787383535923141e+01 -1.185659818677955180e+01
5.024672988476058322e+01 -9.596157652886910583e+00
4.818558593416194924e+01 -8.814978642247837115e+00
4.612444198356330816e+01 -9.078506985073703461e+00
4.406329803296466707e+01 -8.537978368343871693e+00
4.200215408236602599e+01 -9.371119618817232322e+00
3.994101013176739201e+01 -6.977579084560161959e+00
3.787986618116875093e+01 -9.705496358588314720e+00
3.581872223057010984e+01 -7.480075354091858308e+00
3.375757827997146876e+01 -6.851024111237988379e+00
3.169643432937282412e+01 -8.088013265931566664e+00
2.963529037877418659e+01 -6.003797524023556598e+00
2.757414642817554551e+01 -9.041209097158647623e+00
2.551300247757690087e+01 -7.987634412043085774e+00
2.345185852697826334e+01 -4.676998066029020684e+00
2.139071457637962226e+01 -1.927993002686031743e-01
1.932957062578098117e+01 3.679417290882943892e+00
1.726842667518233654e+01 6.778475066594920939e+00
1.520728272458369901e+01 1.053799789202252413e+01
1.314613877398505792e+01 1.754435037893748728e+01
1.108499482338641862e+01 3.043294723030894389e+01
9.023850872787775756e+00 4.134851638610145841e+01
6.962706922189136449e+00 4.880742286174660904e+01
4.901562971590495366e+00 5.651112987692823708e+01
2.840419020991854282e+00 6.235113533379987416e+01
7.792750703932134204e-01 6.657704770177440423e+01
-1.281868880205427441e+00 6.917580490453752873e+01
-3.343012830804068081e+00 6.774114766751087302e+01
-5.404156781402708276e+00 6.484997938516029592e+01
-7.465300732001349360e+00 6.208102182635867194e+01
-9.526444682599990443e+00 5.462469090636218283e+01
-1.158758863319863153e+01 4.750820078101287436e+01
-1.364873258379727083e+01 4.072908244881662654e+01
-1.570987653439591369e+01 3.233831558332190781e+01
-1.777102048499455478e+01 2.606951716998173652e+01
-1.983216443559319231e+01 2.016522722294406833e+01
-2.189330838619183695e+01 1.552415292695160787e+01
-2.395445233679047803e+01 1.279790298146420469e+01
-2.601559628738911556e+01 9.712329626208903832e+00
-2.807674023798775664e+01 7.367038803623868759e+00
-3.013788418858639773e+01 9.374721961910994494e+00
-3.219902813918503881e+01 1.020563936378877301e+01
-3.426017208978367989e+01 9.018989340760031226e+00
-3.632131604038232098e+01 6.131176012494973016e+00
-3.838245999098096206e+01 8.063704936079956198e+00
-4.044360394157960314e+01 7.256583663156918718e+00
-4.250474789217823712e+01 1.095412334065196625e+01
-4.456589184277687821e+01 7.356652443444410494e+00
-4.662703579337552640e+01 7.281936867751818809e+00
-4.868817974397416748e+01 8.056615624935702158e+00
-5.074932369457281567e+01 5.087596837478577605e+00
-5.281046764517144965e+01 8.238693635009889604e+00
-5.487161159577009073e+01 7.005751846033365204e+00
-5.693275554636873181e+01 6.590515668623917023e+00
-5.899389949696737290e+01 6.855675645668479312e+00
-6.105504344756601398e+01 5.394313335259933062e+00
-6.311618739816465506e+01 6.225642699365409705e+00
-6.517733134876330325e+01 8.981534305522805184e+00
-6.723847529936193723e+01 1.103397601724806520e+01
-6.929961924996058542e+01 9.955488530226672239e+00
-7.136076320055921940e+01 1.044616928411034706e+01
-7.342190715115785338e+01 1.393112966030538225e+01
-7.548305110175650157e+01 1.545405130529197812e+01
-7.754419505235513554e+01 1.450392857498572319e+01
-7.960533900295378373e+01 1.721080346194532140e+01
-8.166648295355241771e+01 1.200371384448935608e+01
-8.372762690415106590e+01 1.085629024835008138e+01
-8.578877085474969988e+01 7.049256292076011121e+00
-8.784991480534833386e+01 9.167607156984340477e+00
-8.991105875594698205e+01 9.865314262307268933e+00
-9.197220270654561602e+01 7.905789433091701568e+00
-9.403334665714427842e+01 4.847492385183200803e+00
-9.609449060774291240e+01 4.864224445277048225e+00
-9.815563455834156059e+01 2.030970054946880765e+00
-1.002167785089401804e+02 -1.271244603809053686e+00
-1.022779224595388285e+02 5.189389730107025756e-01
-1.043390664101374625e+02 -9.647887546757858424e-01
-1.064002103607361107e+02 -1.041422532930862843e+00
-1.084613543113347447e+02 -1.568782279222048937e+00
-1.105224982619333787e+02 -1.335792533518217473e+00
-1.125836422125320269e+02 -2.833572284580507805e+00
-1.146447861631306608e+02 -5.287562988893365734e+00
-1.167059301137293090e+02 -3.608030566250306936e+00
-1.187670740643279430e+02 -5.851274628569503200e+00
-1.208282180149265912e+02 -2.703626857289219920e+00
-1.228893619655252252e+02 -4.795887894813990471e+00
-1.249505059161238592e+02 -7.106299488125523034e+00
-1.270116498667225073e+02 -7.457781327897636814e+00
-1.290727938173211555e+02 -8.705015337029694322e+00
-1.311339377679198037e+02 -5.661563909025818297e+00
-1.331950817185184235e+02 -7.398880981296280801e+00
-1.352562256691170717e+02 -1.021391848859462748e+01
-1.373173696197156914e+02 -7.944724819065855037e+00
-1.393785135703143681e+02 -4.153989515895813334e+00
-1.414396575209129878e+02 -8.717319152858136633e+00
-1.435008014715116360e+02 -8.943746070575638640e+00
-1.455619454221102558e+02 -8.030801827955219352e+00
-1.476230893727089324e+02 -7.872290551995650532e+00
-1.496842333233075522e+02 -9.315349642924660500e+00
-1.517453772739062003e+02 -7.317974588603719077e+00
-1.538065212245048485e+02 -7.403394793539279206e+00
-1.558676651751034683e+02 -6.948449512364121006e+00
-1.579288091257021449e+02 -8.473943923435859560e+00
-1.599899530763007647e+02 -9.072461905675766047e+00
-1.620510970268994129e+02 -7.481354535781494342e+00
-1.641122409774980326e+02 -9.988940090303833230e+00
-1.661733849280966808e+02 -6.718329813388344895e+00
-1.682345288786953290e+02 -6.767708462207959741e+00
-1.702956728292939772e+02 -7.625219214977115634e+00
-1.723568167798925970e+02 -8.156026215168926896e+00
-1.744179607304912452e+02 -8.708531810954850627e+00
-1.764791046810898933e+02 -7.577306561205551461e+00
-1.785402486316885415e+02 -7.048337793884991598e+00
-1.806013925822871613e+02 -9.064222530965425406e+00
-1.826625365328858095e+02 -9.792128720244681617e+00
-1.847236804834844293e+02 -7.768017593618306904e+00
-1.867848244340831059e+02 -8.430216322057182410e+00
-1.888459683846817256e+02 -9.115087530535449289e+00
-1.909071123352803738e+02 -9.381577462579071991e+00
-1.929682562858790220e+02 -8.051880977229352254e+00
-1.950294002364776418e+02 -8.000084116833352965e+00
-1.970905441870763184e+02 -7.245776399282329194e+00
-1.991516881376749382e+02 -6.456814089742845653e+00
-2.012128320882735864e+02 -7.728132434161731901e+00
-2.032739760388722061e+02 -7.554158208849948153e+00
-2.053351199894708543e+02 -8.501709394798202979e+00
-2.073962639400695025e+02 -8.363018148630724014e+00
-2.094574078906681507e+02 -8.650707781090833492e+00
-2.115185518412667705e+02 -8.344645313873556347e+00
-2.135796957918654186e+02 -5.435549557350035421e+00
-2.156408397424640668e+02 -7.402910159336724583e+00
-2.177019836930627150e+02 -7.451800949441357069e+00
-2.197631276436613348e+02 -7.034809145043591450e+00
-2.218242715942599830e+02 -7.937950216428273364e+00
-2.238854155448586027e+02 -8.935304722404071143e+00
-2.259465594954572794e+02 -7.656598270509832105e+00
-2.280077034460558991e+02 -7.893816775470321012e+00
-2.300688473966545473e+02 -9.534486861598228558e+00
-2.321299913472531955e+02 -8.388055076383979625e+00
-2.341911352978518153e+02 -7.630881309311857486e+00
-2.362522792484504919e+02 -1.024966521196232705e+01
-2.383134231990491116e+02 -8.502503961715994762e+00
-2.403745671496477598e+02 -8.482709670792797141e+00
-2.424357111002463796e+02 -9.274254307159113253e+00
-2.444968550508450562e+02 -7.363061691135150078e+00
-2.465579990014436760e+02 -7.738745496038053062e+00
-2.486191429520423242e+02 -8.531782188420814705e+00
-2.506802869026409439e+02 -7.339223884312149337e+00
-2.527414308532395921e+02 -1.254051073758354562e+01
-2.548025748038382403e+02 -1.058824143283189478e+01
-2.568637187544368885e+02 -1.301215046259291874e+01
