2.656146134376860459e+02 4.084713486632813861e+00
2.635534694870874546e+02 1.021196331062738416e+01
2.614923255364888064e+02 6.793664150919527245e+00
2.594311815858901582e+02 1.206178407807257891e+01
2.573700376352915100e+02 1.083006346193644376e+01
2.553088936846928902e+02 1.297089810690688161e+01
2.532477497340942421e+02 1.034411337264140229e+01
2.511866057834955939e+02 1.124393074389240965e+01
2.491254618328969457e+02 8.687541077385514399e+00
2.470643178822983259e+02 1.311743434056146285e+01
2.450031739316996777e+02 7.340007639767017977e+00
2.429420299811010295e+02 1.016802244792772925e+01
2.408808860305023813e+02 1.111776280396213323e+01
2.388197420799037616e+02 1.062691161144293517e+01
2.367585981293051134e+02 1.212458506770724043e+01
2.346974541787064936e+02 1.018952430728088032e+01
2.326363102281078170e+02 1.020349858796594411e+01
2.305751662775091972e+02 1.144940560485294334e+01
2.285140223269105491e+02 1.386878845792267256e+01
2.264528783763119293e+02 1.094499384565974687e+01
2.243917344257132811e+02 1.138798504350506846e+01
2.223305904751146329e+02 1.077811638714854503e+01
2.202694465245159847e+02 1.448199404163856130e+01
2.182083025739173650e+02 1.179550167302198105e+01
2.161471586233187168e+02 1.300189008461170737e+01
2.140860146727200686e+02 1.158523084612626519e+01
2.120248707221214204e+02 1.240609292423728505e+01
2.099637267715227722e+02 1.202417562677270624e+01
2.079025828209241524e+02 1.266254657800224770e+01
2.058414388703255042e+02 1.497414830306100697e+01
2.037802949197268561e+02 1.251976621534620193e+01
2.017191509691282079e+02 1.522796664540901013e+01
1.996580070185295881e+02 1.056311682684858333e+01
1.975968630679309399e+02 1.027259474935332584e+01
1.955357191173323201e+02 1.455257955027159689e+01
1.934745751667336435e+02 1.470726783209819466e+01
1.914134312161350238e+02 1.275782923551381209e+01
1.893522872655363756e+02 1.389563338057791597e+01
1.872911433149377558e+02 1.117418484977053872e+01
1.852299993643391076e+02 1.245521475804673273e+01
1.831688554137404594e+02 1.197808688310830405e+01
1.811077114631418112e+02 1.097292811578515170e+01
1.790465675125431630e+02 1.243979230244233491e+01
1.769854235619445433e+02 1.241258585883061194e+01
1.749242796113458667e+02 9.454867411455442294e+00
1.728631356607472469e+02 1.469259332706679899e+01
1.708019917101485987e+02 1.568333868826692523e+01
1.687408477595499789e+02 1.475151211755021841e+01
1.666797038089513308e+02 1.362258403860023748e+01
1.646185598583526826e+02 1.212103479559494268e+01
1.625574159077540344e+02 1.481011580818539386e+01
1.604962719571554146e+02 1.442881432689994803e+01
1.584351280065567664e+02 1.508957369973432350e+01
1.563739840559581467e+02 1.127535612675393217e+01
1.543128401053594700e+02 1.191981917628702092e+01
1.522516961547608503e+02 1.287472412416724588e+01
1.501905522041622021e+02 1.260607252921900567e+01
1.481294082535635823e+02 1.497019035160217371e+01
1.460682643029649057e+02 1.534023069812472784e+01
1.440071203523662859e+02 1.518377060440049497e+01
1.419459764017676378e+02 1.206000392880423888e+01
1.398848324511689896e+02 1.563734741153814234e+01
1.378236885005703698e+02 1.079906529869744247e+01
1.357625445499716932e+02 1.312682190495915968e+01
1.337014005993730734e+02 1.436590427774827816e+01
1.316402566487744252e+02 1.426328585492491818e+01
1.295791126981758055e+02 1.474945098810804645e+01
1.275179687475771573e+02 1.260500017940665174e+01
1.254568247969785233e+02 1.250677278382936386e+01
1.233956808463798751e+02 1.572375756975893246e+01
1.213345368957812411e+02 1.506951991739552987e+01
1.192733929451825787e+02 1.356004720793435325e+01
1.172122489945839448e+02 1.481687055454968416e+01
1.151511050439853108e+02 1.611923845400974997e+01
1.130899610933866626e+02 1.317458788112900336e+01
1.110288171427880286e+02 1.362162689480034672e+01
1.089676731921893804e+02 1.078219848033893236e+01
1.069065292415907464e+02 1.410820524886501914e+01
1.048453852909920982e+02 1.200726691477464669e+01
1.027842413403934643e+02 1.641092726878442321e+01
1.007230973897948303e+02 1.093814541696270837e+01
9.866195343919618210e+01 1.091785652961275410e+01
9.660080948859754812e+01 1.423582882352033963e+01
9.453966553799889994e+01 1.216181994278551315e+01
9.247852158740026596e+01 1.351297635751426185e+01
9.041737763680161777e+01 1.149355904962798469e+01
8.835623368620298379e+01 1.160843293619195826e+01
8.629508973560434981e+01 1.328407627576279637e+01
8.423394578500570162e+01 1.154419165059513830e+01
8.217280183440705343e+01 1.502934925819814360e+01
8.011165788380840524e+01 1.174935470446289365e+01
7.805051393320977127e+01 1.546499220176328571e+01
7.598936998261113729e+01 1.095064082725465404e+01
7.392822603201248910e+01 1.066107170634876056e+01
7.186708208141385512e+01 1.134675434527415838e+01
6.980593813081520693e+01 1.443262915149299630e+01
6.774479418021657295e+01 1.351170046476059028e+01
6.568365022961792477e+01 1.139081760241545993e+01
6.362250627901929079e+01 1.160499054712201428e+01
6.156136232842064970e+01 1.227398864118433330e+01
5.950021837782200862e+01 1.450629422411715375e+01
5.743907442722336754e+01 1.312537347931038845e+01
5.537793047662473356e+01 1.229818035449233982e+01
5.331678652602609247e+01 1.419554001829092016e+01
5.125564257542744429e+01 1.360473147464342780e+01
4.919449862482880320e+01 1.488628096512414523e+01
4.713335467423016212e+01 1.426900249528696918e+01
4.507221072363152103e+01 1.144220543189709538e+01
4.301106677303287995e+01 1.409676132974012575e+01
4.094992282243424597e+01 1.474446871766604872e+01
3.888877887183560489e+01 1.128572886548202447e+01
3.682763492123696381e+01 1.365563983736955045e+01
3.476649097063832272e+01 1.317852319921277982e+01
3.270534702003967453e+01 1.646766324874145582e+01
3.064420306944104055e+01 1.104631266552197211e+01
2.858305911884239592e+01 1.415425979677243795e+01
2.652191516824375483e+01 1.419590944158867885e+01
2.446077121764511375e+01 1.558229527709615425e+01
2.239962726704647267e+01 1.878612473944717465e+01
2.033848331644783158e+01 2.028099197685139288e+01
1.827733936584919050e+01 2.431696355129344767e+01
1.621619541525054942e+01 2.747717226158990300e+01
1.415505146465190833e+01 3.524529990652769840e+01
1.209390751405326725e+01 4.976469898585801843e+01
1.003276356345462794e+01 6.770766476956376323e+01
7.971619612855986858e+00 8.088592350641415862e+01
5.910475662257345775e+00 9.829436515253377138e+01
3.849331711658705135e+00 1.026657716965660541e+02
1.788187761060064496e+00 9.603965525345847709e+01
-2.729561895385763104e-01 1.005952364195466373e+02
-2.334100140137216783e+00 9.462460774001299058e+01
-4.395244090735857867e+00 9.051109982098465423e+01
-6.456388041334498951e+00 8.102118691558163732e+01
-8.517531991933140034e+00 7.955169778359454824e+01
-1.057867594253177934e+01 7.694973690046508352e+01
-1.263981989313042220e+01 7.955266786594363282e+01
-1.470096384372906151e+01 8.386914858488083269e+01
-1.676210779432770082e+01 7.505515108993645867e+01
-1.882325174492634190e+01 7.112775617571162456e+01
-2.088439569552498654e+01 6.213415593244641855e+01
-2.294553964612362407e+01 5.957437658716455786e+01
-2.500668359672226160e+01 5.339649158005575913e+01
-2.706782754732090268e+01 5.222828970568215112e+01
-2.912897149791954732e+01 5.101838414271997380e+01
-3.119011544851818485e+01 4.665159986120061575e+01
-3.325125939911682593e+01 4.896153970870106065e+01
-3.531240334971546702e+01 4.817010259859713273e+01
-3.737354730031410810e+01 5.296598633627981911e+01
-3.943469125091274918e+01 5.321082293614612269e+01
-4.149583520151138316e+01 5.846241919018000033e+01
-4.355697915211003135e+01 5.544553389952274358e+01
-4.561812310270867243e+01 5.874551306844760745e+01
-4.767926705330731352e+01 5.539129926194069498e+01
-4.974041100390595460e+01 5.045156948963334997e+01
-5.180155495450459568e+01 5.323080468547311028e+01
-5.386269890510323677e+01 5.192726130145525332e+01
-5.592384285570187075e+01 4.801686112079540436e+01
-5.798498680630051183e+01 4.596942407287227184e+01
-6.004613075689915291e+01 4.386559656203731095e+01
-6.210727470749779400e+01 4.533945044518520717e+01
-6.416841865809644219e+01 4.592342717499501248e+01
-6.622956260869507616e+01 4.359998214068216527e+01
-6.829070655929371014e+01 4.666511854895809819e+01
-7.035185050989235833e+01 5.067723402971797242e+01
-7.241299446049099231e+01 5.048137641560182232e+01
-7.447413841108965471e+01 5.049575182488035807e+01
-7.653528236168828869e+01 5.106216115335880090e+01
-7.859642631228692267e+01 4.817636840550864008e+01
-8.065757026288557086e+01 5.137158284238984862e+01
-8.271871421348420483e+01 4.754749173460499634e+01
-8.477985816408285302e+01 4.064131865922339415e+01
-8.684100211468148700e+01 3.766117101028207514e+01
-8.890214606528013519e+01 3.729751554092371180e+01
-9.096329001587876917e+01 3.305777706029964946e+01
-9.302443396647740315e+01 3.492188261209155797e+01
-9.508557791707605134e+01 3.159290707444977642e+01
-9.714672186767468531e+01 3.007952705808812510e+01
-9.920786581827333350e+01 2.650101357668863855e+01
-1.012690097688719675e+02 2.633846556535595695e+01
-1.033301537194706157e+02 2.541571069164540475e+01
-1.053912976700692496e+02 2.267201329961011780e+01
-1.074524416206678836e+02 2.057306517986481254e+01
-1.095135855712665318e+02 1.932125964630203896e+01
-1.115747295218651800e+02 1.353959109798976534e+01
-1.136358734724638282e+02 1.586901275106692388e+01
-1.156970174230624622e+02 1.658935671216483243e+01
-1.177581613736610961e+02 1.532530881317465088e+01
-1.198193053242597443e+02 1.276289355295483574e+01
-1.218804492748583783e+02 1.220819125490633006e+01
-1.239415932254570265e+02 1.366903610098248478e+01
-1.260027371760556605e+02 1.471242577432962229e+01
-1.280638811266543087e+02 1.035732647454296718e+01
-1.301250250772529284e+02 1.175286501050273102e+01
-1.321861690278515766e+02 1.001357609437322083e+01
-1.342473129784502248e+02 1.142167498212089960e+01
-1.363084569290488730e+02 1.477384760069676517e+01
-1.383696008796475212e+02 1.252459091488149845e+01
-1.404307448302461410e+02 8.789841923770348231e+00
-1.424918887808447892e+02 8.776461299269540106e+00
-1.445530327314434373e+02 1.134384457087257125e+01
-1.466141766820420855e+02 1.181031933444924498e+01
-1.486753206326407053e+02 7.486855683554659358e+00
-1.507364645832393535e+02 8.406392996989085376e+00
-1.527976085338379733e+02 8.197587038780680402e+00
-1.548587524844366499e+02 7.454355135043331693e+00
-1.569198964350352696e+02 8.763339885103524907e+00
-1.589810403856339178e+02 8.308200528510562677e+00
-1.610421843362325376e+02 6.010520455647472282e+00
-1.631033282868311858e+02 7.237567510323613007e+00
-1.651644722374298340e+02 9.398541602969940456e+00
-1.672256161880284822e+02 7.081677355634776738e+00
-1.692867601386271019e+02 6.176278613354055480e+00
-1.713479040892257501e+02 5.550096882735208403e+00
-1.734090480398243983e+02 5.788448625451927398e+00
-1.754701919904230465e+02 8.057208231939824827e+00
-1.775313359410216947e+02 6.714925449326739404e+00
-1.795924798916203144e+02 8.792576255436864940e+00
-1.816536238422189626e+02 7.314817102091362599e+00
-1.837147677928176108e+02 5.545481191005562138e+00
-1.857759117434162590e+02 8.341221573746841145e+00
-1.878370556940148788e+02 7.570497943464794766e+00
-1.898981996446135270e+02 1.254614885992474882e+01
-1.919593435952121467e+02 9.523069536937578405e+00
-1.940204875458108233e+02 8.780365767585612602e+00
-1.960816314964094431e+02 5.336315177072204818e+00
-1.981427754470080913e+02 5.325662261923910457e+00
-2.002039193976067111e+02 6.864185113497237367e+00
-2.022650633482053593e+02 5.186265671503304198e+00
-2.043262072988040075e+02 7.173260995181424349e+00
-2.063873512494026556e+02 4.407557223906882982e+00
-2.084484952000013038e+02 3.870089994475151229e+00
-2.105096391505999236e+02 7.670747835424140959e+00
-2.125707831011986002e+02 7.034795526520700726e+00
-2.146319270517972200e+02 5.988495431730931351e+00
-2.166930710023958682e+02 6.647201490098943566e+00
-2.187542149529944879e+02 6.478909172669662375e+00
-2.208153589035931361e+02 1.001147909247426959e+01
-2.228765028541917843e+02 8.320343174495043570e+00
-2.249376468047904325e+02 8.176706344432835394e+00
-2.269987907553890523e+02 6.839531637607324299e+00
-2.290599347059877005e+02 8.658497785691988469e+00
-2.311210786565863202e+02 6.017517439155284364e+00
-2.331822226071849968e+02 5.956770014704519056e+00
-2.352433665577836166e+02 5.190341252939827399e+00
-2.373045105083822648e+02 8.103808287716780967e+00
-2.393656544589808846e+02 8.255800886404308869e+00
-2.414267984095795612e+02 7.218717918497659980e+00
-2.434879423601781809e+02 9.615930086897110485e+00
-2.455490863107768291e+02 7.737055817054826257e+00
-2.476102302613754773e+02 9.883599846124329957e+00
-2.496713742119740971e+02 5.510806298689947091e+00
-2.517325181625727737e+02 7.164083839323971858e+00
-2.537936621131713935e+02 6.326802895279505456e+00
-2.558548060637700416e+02 5.333836104003111700e+00
-2.579159500143686614e+02 5.811701887758453644e+00
-2.599770939649673096e+02 7.280861389941982509e+00
