2.632477956169340700e+02 3.305449472317314452e+00
2.611866516663354219e+02 9.607723262824066524e+00
2.591255077157368305e+02 1.016066671451653924e+01
2.570643637651381823e+02 1.189845053903733962e+01
2.550032198145395057e+02 9.116347596062283287e+00
2.529420758639408859e+02 1.106554668121910545e+01
2.508809319133422377e+02 1.172913570855283005e+01
2.488197879627436180e+02 1.181100336204491619e+01
2.467586440121449698e+02 1.059252242101389108e+01
2.446975000615463216e+02 1.023816500143522035e+01
2.426363561109476734e+02 1.138565767760614555e+01
2.405752121603490536e+02 1.236194242489443518e+01
2.385140682097504055e+02 1.204548571529316980e+01
2.364529242591517573e+02 1.112518749672230634e+01
2.343917803085531091e+02 1.061966729861899061e+01
2.323306363579544893e+02 1.338382910018099814e+01
2.302694924073558411e+02 1.125162103962853166e+01
2.282083484567571929e+02 1.337212684366734550e+01
2.261472045061585447e+02 1.332957892419466539e+01
2.240860605555598966e+02 1.163227954446388068e+01
2.220249166049612768e+02 1.558853943187297197e+01
2.199637726543626286e+02 1.204854432956990529e+01
2.179026287037640088e+02 1.116848357527566726e+01
2.158414847531653322e+02 1.154874932601851256e+01
2.137803408025667125e+02 1.119881364763815412e+01
2.117191968519680643e+02 1.041584913396290801e+01
2.096580529013694445e+02 1.142058898139670120e+01
2.075969089507707963e+02 1.303691838049378759e+01
2.055357650001721481e+02 1.237734409559681481e+01
2.034746210495734999e+02 1.264132170807238786e+01
2.014134770989748802e+02 1.323035758544169660e+01
1.993523331483762320e+02 1.331108100692503449e+01
1.972911891977775838e+02 1.225776903647780713e+01
1.952300452471789356e+02 1.190114609866340345e+01
1.931689012965803158e+02 1.447571101218949430e+01
1.911077573459816676e+02 1.193328559412369749e+01
1.890466133953830195e+02 1.261062333633225663e+01
1.869854694447843713e+02 1.295825540516029406e+01
1.849243254941857231e+02 1.428484409007113065e+01
1.828631815435871033e+02 1.396051714070121541e+01
1.808020375929884551e+02 1.166508342355063199e+01
1.787408936423898353e+02 1.264454695131046336e+01
1.766797496917911587e+02 1.320194220870546431e+01
1.746186057411925390e+02 1.247135820962986585e+01
1.725574617905938908e+02 1.307724464740485359e+01
1.704963178399952710e+02 1.198946381594560684e+01
1.684351738893965944e+02 1.334106745248729808e+01
1.663740299387979746e+02 1.283616586518879821e+01
1.643128859881993264e+02 1.392038388995264953e+01
1.622517420376007067e+02 1.186676223763443616e+01
1.601905980870020585e+02 1.244066330041880875e+01
1.581294541364034103e+02 1.426126843557830348e+01
1.560683101858047621e+02 1.254094224629707455e+01
1.540071662352061139e+02 1.110965844032246075e+01
1.519460222846074942e+02 1.417549101322275362e+01
1.498848783340088460e+02 1.112527215221993870e+01
1.478237343834101978e+02 1.290892251186040163e+01
1.457625904328115496e+02 1.306498683267618866e+01
1.437014464822129298e+02 1.183785308724301011e+01
1.416403025316142816e+02 1.363079888607638956e+01
1.395791585810156334e+02 1.326149250255958734e+01
1.375180146304169853e+02 1.108069165544626422e+01
1.354568706798183655e+02 1.294512177198929948e+01
1.333957267292197173e+02 1.222991171833449542e+01
1.313345827786210975e+02 1.067039768109496123e+01
1.292734388280224493e+02 1.234212325150640588e+01
1.272122948774237869e+02 1.460771870039902609e+01
1.251511509268251530e+02 1.225158856817935593e+01
1.230900069762265190e+02 1.156372631646618210e+01
1.210288630256278708e+02 1.229910504477768995e+01
1.189677190750292368e+02 1.240755981570334221e+01
1.169065751244305886e+02 1.327293355602361125e+01
1.148454311738319547e+02 1.196138045632351954e+01
1.127842872232333065e+02 1.352827041869509550e+01
1.107231432726346725e+02 1.200546273009332765e+01
1.086619993220360385e+02 1.129758756893525806e+01
1.066008553714373903e+02 1.101501952967658937e+01
1.045397114208387563e+02 1.256835367334477560e+01
1.024785674702401082e+02 1.236184924761388793e+01
1.004174235196414742e+02 1.201726914876655883e+01
9.835627956904282598e+01 1.349410588160345625e+01
9.629513561844416358e+01 1.158190389427464595e+01
9.423399166784552961e+01 1.382353931417502402e+01
9.217284771724688142e+01 1.237807921587179116e+01
9.011170376664824744e+01 1.052380032412637334e+01
8.805055981604961346e+01 1.050996774978842474e+01
8.598941586545096527e+01 1.144348977818615332e+01
8.392827191485233129e+01 1.238173982719301947e+01
8.186712796425368310e+01 1.273831320291197677e+01
7.980598401365504913e+01 1.167458425847225989e+01
7.774484006305640094e+01 1.130084512157043797e+01
7.568369611245776696e+01 1.302600488768207221e+01
7.362255216185913298e+01 1.355992087288281134e+01
7.156140821126048479e+01 1.049169723324132697e+01
6.950026426066185081e+01 9.331002133914333641e+00
6.743912031006320262e+01 1.198949322752950408e+01
6.537797635946456865e+01 1.298448498160697540e+01
6.331683240886592046e+01 1.328485290743408065e+01
6.125568845826727937e+01 1.280455552662668062e+01
5.919454450766863829e+01 1.180544068860301898e+01
5.713340055706999721e+01 1.155229992970453345e+01
5.507225660647136323e+01 1.141467615994427121e+01
5.301111265587272214e+01 1.099217848486344273e+01
5.094996870527408106e+01 1.177717381893356752e+01
4.888882475467544708e+01 1.075661522624450583e+01
4.682768080407679889e+01 1.171878809644650765e+01
4.476653685347815781e+01 1.179656625801090719e+01
4.270539290287951673e+01 1.263417300911968688e+01
4.064424895228087564e+01 1.088205557817865099e+01
3.858310500168223456e+01 1.290649566746097854e+01
3.652196105108360058e+01 1.143136560384378875e+01
3.446081710048495950e+01 1.155534550492212453e+01
3.239967314988631841e+01 1.232817961552632369e+01
3.033852919928767378e+01 1.062848922995564038e+01
2.827738524868903269e+01 1.198190717921056248e+01
2.621624129809039516e+01 1.254274600259085481e+01
2.415509734749174697e+01 1.418273595075598870e+01
2.209395339689310944e+01 1.375906616211131350e+01
2.003280944629446836e+01 1.570605918687840230e+01
1.797166549569582727e+01 1.939725565204524571e+01
1.591052154509718619e+01 2.098943815131881863e+01
1.384937759449854688e+01 2.906785369774805261e+01
1.178823364389990402e+01 3.612293761066957387e+01
9.727089693301264717e+00 4.966944581140111126e+01
7.665945742702623633e+00 7.010998083010221649e+01
5.604801792103982550e+00 8.788476190837121749e+01
3.543657841505341910e+00 9.524773424069704220e+01
1.482513890906701493e+00 9.780727636670100367e+01
-5.786300596919392580e-01 9.409982218598146630e+01
-2.639774010290580009e+00 1.020990830161793212e+02
-4.700917960889221092e+00 1.003819835719088189e+02
-6.762061911487862176e+00 9.545304106325927762e+01
-8.823205862086503259e+00 8.944202014656836752e+01
-1.088434981268514257e+01 8.322251741662979896e+01
-1.294549376328378543e+01 7.063827336693834980e+01
-1.500663771388242473e+01 6.621840805490197113e+01
-1.706778166448106759e+01 6.334697577174181760e+01
-1.912892561507970512e+01 5.783789344664749166e+01
-2.119006956567834621e+01 5.337210284855824227e+01
-2.325121351627698729e+01 5.046919598569923693e+01
-2.531235746687562838e+01 4.530418506938116252e+01
-2.737350141747426591e+01 4.140010025203516619e+01
-2.943464536807290699e+01 3.534863474545277739e+01
-3.149578931867154807e+01 3.202113632120783393e+01
-3.355693326927018916e+01 2.832231241709345682e+01
-3.561807721986883024e+01 2.493548306703005224e+01
-3.767922117046747132e+01 2.200213305425149457e+01
-3.974036512106611241e+01 2.044291893204771426e+01
-4.180150907166475349e+01 1.902721164521634023e+01
-4.386265302226339458e+01 1.602435474295133844e+01
-4.592379697286202855e+01 1.617859193501758241e+01
-4.798494092346066964e+01 1.346386097225306777e+01
-5.004608487405932493e+01 1.334958111414566062e+01
-5.210722882465796602e+01 1.439307316272307880e+01
-5.416837277525660710e+01 1.086226191437688549e+01
-5.622951672585524108e+01 1.067352891332459386e+01
-5.829066067645388216e+01 9.856207009788580109e+00
-6.035180462705252324e+01 9.737456865601551215e+00
-6.241294857765116433e+01 1.081923804875327377e+01
-6.447409252824981252e+01 8.999318908496514169e+00
-6.653523647884844650e+01 1.117850142448120287e+01
-6.859638042944709468e+01 9.706365157655001852e+00
-7.065752438004572866e+01 9.283389464715549266e+00
-7.271866833064437685e+01 8.861643545549373613e+00
-7.477981228124301083e+01 8.915926351371949110e+00
-7.684095623184164481e+01 9.008883875457787127e+00
-7.890210018244029300e+01 9.182035221114935197e+00
-8.096324413303892698e+01 8.721310609613384557e+00
-8.302438808363757516e+01 7.121293636506085711e+00
-8.508553203423620914e+01 8.432081900073058023e+00
-8.714667598483485733e+01 8.655876796571671861e+00
-8.920781993543349131e+01 8.081469470814647948e+00
-9.126896388603212529e+01 1.015736106002321470e+01
-9.333010783663077348e+01 9.919918199367979028e+00
-9.539125178722940746e+01 7.898194404638010369e+00
-9.745239573782806985e+01 8.744774070317186343e+00
-9.951353968842668962e+01 7.699863812925960005e+00
-1.015746836390253378e+02 8.418264655836891208e+00
-1.036358275896239718e+02 7.252779579442243829e+00
-1.056969715402226200e+02 8.132481246766859684e+00
-1.077581154908212540e+02 8.370806504996735953e+00
-1.098192594414199021e+02 8.405018130755637529e+00
-1.118804033920185361e+02 7.208102273055774667e+00
-1.139415473426171701e+02 8.174091872695415262e+00
-1.160026912932158183e+02 7.359850073147702787e+00
-1.180638352438144523e+02 8.798270540864949751e+00
-1.201249791944131005e+02 7.341272254484446869e+00
-1.221861231450117344e+02 7.593650049112542710e+00
-1.242472670956103684e+02 7.494895921083320367e+00
-1.263084110462090166e+02 6.390394406491796353e+00
-1.283695549968076648e+02 7.153767312626852615e+00
-1.304306989474063130e+02 7.933800800467365910e+00
-1.324918428980049612e+02 6.616268448617185882e+00
-1.345529868486035809e+02 7.604842265734573559e+00
-1.366141307992022291e+02 7.116499728728597596e+00
-1.386752747498008489e+02 6.136296048492731359e+00
-1.407364187003994971e+02 7.159822368918683289e+00
-1.427975626509981453e+02 6.504458528495263181e+00
-1.448587066015967935e+02 5.695653755730547552e+00
-1.469198505521954132e+02 8.373628266197362890e+00
-1.489809945027940614e+02 7.419124095940234476e+00
-1.510421384533927096e+02 6.666539911304484534e+00
-1.531032824039913578e+02 6.376924601087691435e+00
-1.551644263545899776e+02 5.711614721275603657e+00
-1.572255703051886258e+02 7.725951302354121530e+00
-1.592867142557872739e+02 4.532379962102573323e+00
-1.613478582063859221e+02 5.338785604751892677e+00
-1.634090021569845703e+02 6.760034964394470158e+00
-1.654701461075831901e+02 5.951478388784477325e+00
-1.675312900581818383e+02 7.769535798970193419e+00
-1.695924340087804580e+02 6.708311477204903284e+00
-1.716535779593791347e+02 6.427957427432011706e+00
-1.737147219099777544e+02 5.477349021747694557e+00
-1.757758658605764026e+02 7.622031535235686661e+00
-1.778370098111750224e+02 6.618699273842319819e+00
-1.798981537617736706e+02 7.199880541456268546e+00
-1.819592977123723188e+02 5.697327876514029832e+00
-1.840204416629709669e+02 5.330002692937485520e+00
-1.860815856135695867e+02 7.150309256798603741e+00
-1.881427295641682349e+02 5.579833030045197262e+00
-1.902038735147668831e+02 5.508705875164758403e+00
-1.922650174653655313e+02 5.998269131584906155e+00
-1.943261614159641795e+02 6.662014288683807628e+00
-1.963873053665627992e+02 5.338396500512772036e+00
-1.984484493171614474e+02 6.540048338312710818e+00
-2.005095932677600956e+02 6.789080359020020161e+00
-2.025707372183587438e+02 5.725418411319593837e+00
-2.046318811689573636e+02 7.805357760824739977e+00
-2.066930251195560118e+02 3.810302964942774651e+00
-2.087541690701546315e+02 5.872492310741632693e+00
-2.108153130207533081e+02 4.862412989433303245e+00
-2.128764569713519279e+02 5.653072927370009992e+00
-2.149376009219505761e+02 5.496392807598893704e+00
-2.169987448725491959e+02 5.254650416627432818e+00
-2.190598888231478725e+02 5.779149400686626414e+00
-2.211210327737464922e+02 6.219198460416759389e+00
-2.231821767243451404e+02 6.043472437840479827e+00
-2.252433206749437602e+02 4.285363145416831721e+00
-2.273044646255424084e+02 5.548119906619404240e+00
-2.293656085761410566e+02 7.496952681348528102e+00
-2.314267525267397048e+02 5.886637256711411581e+00
-2.334878964773383530e+02 6.236846700054422321e+00
-2.355490404279369727e+02 5.514635880660872402e+00
-2.376101843785356209e+02 4.843717948941042017e+00
-2.396713283291342691e+02 5.958847382459243391e+00
-2.417324722797329173e+02 5.017387181620838632e+00
-2.437936162303315371e+02 5.159290360572126311e+00
-2.458547601809301852e+02 5.104735863828347320e+00
-2.479159041315288334e+02 6.344331949887283884e+00
-2.499770480821274816e+02 4.797662889787782881e+00
-2.520381920327261014e+02 7.621589746310250213e+00
-2.540993359833247496e+02 7.137181029506996843e+00
-2.561604799339233978e+02 6.711138502584999443e+00
-2.582216238845220460e+02 7.147072869698752662e+00
-2.602827678351206941e+02 7.849542087831822279e+00
-2.623439117857192855e+02 9.228837755716169156e+00
