2.669228416842262277e+02 6.906180063093914967e+00
2.648616977336275795e+02 1.505811142532352065e+01
2.628005537830289882e+02 1.218998067471045132e+01
2.607394098324302831e+02 1.103358868097185663e+01
2.586782658818316918e+02 1.425123894480700315e+01
2.566171219312330436e+02 1.344074628836169971e+01
2.545559779806343954e+02 1.368423856217152768e+01
2.524948340300357756e+02 1.609068878779680389e+01
2.504336900794370990e+02 1.547074620115831500e+01
2.483725461288384793e+02 1.461749124361955232e+01
2.463114021782398311e+02 1.355725090693497492e+01
2.442502582276412113e+02 1.516843020351476845e+01
2.421891142770425631e+02 1.689457680035007314e+01
2.401279703264439149e+02 1.484127720924223226e+01
2.380668263758452667e+02 1.506409766672640949e+01
2.360056824252466470e+02 1.587631096075956982e+01
2.339445384746479988e+02 1.792858771644550941e+01
2.318833945240493790e+02 1.441371605978935655e+01
2.298222505734507024e+02 1.491735073966611402e+01
2.277611066228520826e+02 1.721978542524975708e+01
2.256999626722534344e+02 1.454635513317185769e+01
2.236388187216547863e+02 1.554028557643917630e+01
2.215776747710561381e+02 1.537791803607895247e+01
2.195165308204574899e+02 1.427888554814553146e+01
2.174553868698588701e+02 1.664604046016186345e+01
2.153942429192602219e+02 1.712433124412677543e+01
2.133330989686616022e+02 1.544490392442193283e+01
2.112719550180629255e+02 1.611307685550905333e+01
2.092108110674643058e+02 1.790380679732049529e+01
2.071496671168656576e+02 1.753231557503417193e+01
2.050885231662670378e+02 1.902736488501800594e+01
2.030273792156683896e+02 1.761768172598502602e+01
2.009662352650697414e+02 1.562316927274954281e+01
1.989050913144710933e+02 1.505403749523456547e+01
1.968439473638724451e+02 1.662074205873700450e+01
1.947828034132737969e+02 1.636719578135786080e+01
1.927216594626751771e+02 1.823406192437020223e+01
1.906605155120765289e+02 1.595943194943834342e+01
1.885993715614778807e+02 1.603105468975962822e+01
1.865382276108792325e+02 1.657237943633512245e+01
1.844770836602805844e+02 2.074866820364583475e+01
1.824159397096819646e+02 1.980593567999608240e+01
1.803547957590832880e+02 1.832556319491733987e+01
1.782936518084846682e+02 1.728376515826427706e+01
1.762325078578860200e+02 1.784597733360443073e+01
1.741713639072874003e+02 1.644367634915723642e+01
1.721102199566887521e+02 1.936956442214442831e+01
1.700490760060901039e+02 1.513336177252777581e+01
1.679879320554914557e+02 1.523626167295550360e+01
1.659267881048928359e+02 1.671687955375382728e+01
1.638656441542941877e+02 1.690766226959723895e+01
1.618045002036955680e+02 1.779243136519290047e+01
1.597433562530968914e+02 1.592332213306655575e+01
1.576822123024982716e+02 1.875481259738679185e+01
1.556210683518996234e+02 1.712912839272700438e+01
1.535599244013010036e+02 1.880700986920131967e+01
1.514987804507023270e+02 1.900369200281622284e+01
1.494376365001037072e+02 1.634118940098026584e+01
1.473764925495050591e+02 1.800749802761262686e+01
1.453153485989064109e+02 1.988083841362387716e+01
1.432542046483077911e+02 1.669545935910983303e+01
1.411930606977091145e+02 1.617882262220512501e+01
1.391319167471104947e+02 1.682377049337908659e+01
1.370707727965118465e+02 1.729943332193815309e+01
1.350096288459132268e+02 1.655535345262493152e+01
1.329484848953145786e+02 1.589973136933955900e+01
1.308873409447159304e+02 1.657294055056110338e+01
1.288261969941172822e+02 1.448972947067456296e+01
1.267650530435186482e+02 1.632296894254303865e+01
1.247039090929200000e+02 1.687239679065156395e+01
1.226427651423213661e+02 1.756919753630787540e+01
1.205816211917227321e+02 1.375153969222360573e+01
1.185204772411240839e+02 1.808679658475127638e+01
1.164593332905254499e+02 1.640041308836394052e+01
1.143981893399268017e+02 1.666345138413474913e+01
1.123370453893281677e+02 2.031726345661040511e+01
1.102759014387295196e+02 1.922652756936882668e+01
1.082147574881308856e+02 1.828153981107282178e+01
1.061536135375322516e+02 1.717017399786533360e+01
1.040924695869336034e+02 1.754572153860182837e+01
1.020313256363349694e+02 1.703696448272910402e+01
9.997018168573632124e+01 1.653475635886444550e+01
9.790903773513770147e+01 1.728686345722419304e+01
9.584789378453905329e+01 1.998192165616282878e+01
9.378674983394041931e+01 1.733708000272983440e+01
9.172560588334177112e+01 1.580412480780442941e+01
8.966446193274313714e+01 1.957398837633975575e+01
8.760331798214447474e+01 1.748884430826392133e+01
8.554217403154584076e+01 1.757652068595444561e+01
8.348103008094720678e+01 1.682182294779088139e+01
8.141988613034855859e+01 1.618200894734096096e+01
7.935874217974992462e+01 1.755159152957139668e+01
7.729759822915127643e+01 1.816820461037342582e+01
7.523645427855264245e+01 1.723323176905758203e+01
7.317531032795400847e+01 1.827261360406126656e+01
7.111416637735536028e+01 1.721187244848785625e+01
6.905302242675672630e+01 1.592636948809324693e+01
6.699187847615807812e+01 1.548468723804657010e+01
6.493073452555944414e+01 1.935183283788540720e+01
6.286959057496080305e+01 1.441550559611846793e+01
6.080844662436216197e+01 1.535455345388294113e+01
5.874730267376351378e+01 1.860732303467219495e+01
5.668615872316487270e+01 1.730613341310232656e+01
5.462501477256623161e+01 1.450825077821891185e+01
5.256387082196759764e+01 1.721014333801579355e+01
5.050272687136895655e+01 1.706635230364548761e+01
4.844158292077031547e+01 1.714252680982958665e+01
4.638043897017167438e+01 1.594944365642916217e+01
4.431929501957303330e+01 1.879643242013810678e+01
4.225815106897439222e+01 1.756681456553310028e+01
4.019700711837574403e+01 1.736292856991222067e+01
3.813586316777711005e+01 1.762127546264035516e+01
3.607471921717846897e+01 1.760138547580365653e+01
3.401357526657982788e+01 1.788726912716191464e+01
3.195243131598118680e+01 1.775553676409455761e+01
2.989128736538254572e+01 1.965429598081676232e+01
2.783014341478390818e+01 1.677514143097821275e+01
2.576899946418526355e+01 1.887086031615610437e+01
2.370785551358661891e+01 2.011752350279205359e+01
2.164671156298798138e+01 1.830962451505245880e+01
1.958556761238934030e+01 1.790805309781335453e+01
1.752442366179069921e+01 2.137910008210737445e+01
1.546327971119205813e+01 2.152766874192888125e+01
1.340213576059341705e+01 2.192330963606198679e+01
1.134099180999477774e+01 2.357465103491398750e+01
9.279847859396136656e+00 2.715057823131184733e+01
7.218703908797496460e+00 3.500667016786972141e+01
5.157559958198855377e+00 4.875242659435875936e+01
3.096416007600214737e+00 6.554283020953074868e+01
1.035272057001573875e+00 8.661620348000602121e+01
-1.025871893597066986e+00 9.045199759931306005e+01
-3.087015844195707626e+00 9.611065764422465918e+01
-5.148159794794348265e+00 9.648440575645425099e+01
-7.209303745392989349e+00 9.310867254417780714e+01
-9.270447695991629544e+00 8.907234216578433461e+01
-1.133159164659027063e+01 8.537225938093253319e+01
-1.339273559718891171e+01 8.299364833366196592e+01
-1.545387954778755457e+01 7.531991899304878757e+01
-1.751502349838619566e+01 6.899957818688537259e+01
-1.957616744898483319e+01 6.451168479601381023e+01
-2.163731139958347427e+01 5.624388456364237499e+01
-2.369845535018211891e+01 5.876738586641246087e+01
-2.575959930078075644e+01 5.468397499579012333e+01
-2.782074325137939397e+01 5.539812176124598153e+01
-2.988188720197803505e+01 5.966711535450583881e+01
-3.194303115257667969e+01 6.570233804326679206e+01
-3.400417510317531367e+01 7.296168895655888775e+01
-3.606531905377395475e+01 7.921912707645240914e+01
-3.812646300437260294e+01 8.728459217466496511e+01
-4.018760695497124402e+01 8.816880424838436170e+01
-4.224875090556988511e+01 9.199510198047421738e+01
-4.430989485616851908e+01 9.746459565772127576e+01
-4.637103880676716017e+01 9.332950636981721004e+01
-4.843218275736580125e+01 9.096808662914189370e+01
-5.049332670796444233e+01 9.311772816777771311e+01
-5.255447065856308342e+01 8.983587285560149382e+01
-5.461561460916172450e+01 8.347239800819265554e+01
-5.667675855976037269e+01 8.381665238802459328e+01
-5.873790251035900667e+01 7.431541016569374847e+01
-6.079904646095764775e+01 6.561480318778053800e+01
-6.286019041155628884e+01 5.938282607477178487e+01
-6.492133436215492281e+01 5.081998900337789138e+01
-6.698247831275357100e+01 4.442331905143355186e+01
-6.904362226335221919e+01 4.088975309227463129e+01
-7.110476621395085317e+01 3.803077182295386649e+01
-7.316591016454950136e+01 3.904791539696459068e+01
-7.522705411514813534e+01 4.025759228746608898e+01
-7.728819806574678353e+01 4.261478271337942658e+01
-7.934934201634541751e+01 3.757090633274831504e+01
-8.141048596694405148e+01 3.525946341711020438e+01
-8.347162991754269967e+01 3.451251179933022684e+01
-8.553277386814133365e+01 3.143838353096025173e+01
-8.759391781873998184e+01 2.786833114921468280e+01
-8.965506176933861582e+01 2.872654922139960831e+01
-9.171620571993726401e+01 3.124441339277985819e+01
-9.377734967053589799e+01 2.770160311944536247e+01
-9.583849362113453196e+01 2.936021645959690574e+01
-9.789963757173318015e+01 2.973780950350010244e+01
-9.996078152233182834e+01 2.683557156790124054e+01
-1.020219254729304623e+02 2.565073246491510872e+01
-1.040830694235291247e+02 2.070497740501558681e+01
-1.061442133741277587e+02 1.857955119715941805e+01
-1.082053573247264069e+02 1.522170033633280539e+01
-1.102665012753250409e+02 1.617635586796792069e+01
-1.123276452259236891e+02 1.638170285823851202e+01
-1.143887891765223230e+02 1.494351307832597087e+01
-1.164499331271209570e+02 1.457934645284865915e+01
-1.185110770777196052e+02 1.165031698286658823e+01
-1.205722210283182392e+02 1.271587004596743498e+01
-1.226333649789168874e+02 1.144293282267940448e+01
-1.246945089295155213e+02 1.397007079434745158e+01
-1.267556528801141695e+02 1.565123805779825972e+01
-1.288167968307128035e+02 1.355679488548739009e+01
-1.308779407813114517e+02 1.348107131629585176e+01
-1.329390847319100999e+02 1.249937335599567589e+01
-1.350002286825087197e+02 1.272384545983211268e+01
-1.370613726331073678e+02 1.382456876517654187e+01
-1.391225165837060160e+02 1.533023583592654404e+01
-1.411836605343046642e+02 1.371947192583169617e+01
-1.432448044849032840e+02 1.502032723301311101e+01
-1.453059484355019322e+02 1.378894465775889167e+01
-1.473670923861005519e+02 1.384856186577937187e+01
-1.494282363366992286e+02 1.411930096553221503e+01
-1.514893802872978483e+02 1.388890794086211855e+01
-1.535505242378964965e+02 1.213657045443897076e+01
-1.556116681884951163e+02 1.242263438935557929e+01
-1.576728121390937645e+02 1.458792103068252466e+01
-1.597339560896924127e+02 1.241194187598867238e+01
-1.617951000402910608e+02 1.401982666767106167e+01
-1.638562439908897090e+02 1.079198406241284580e+01
-1.659173879414883288e+02 1.305784208314588923e+01
-1.679785318920870054e+02 1.375344897285549806e+01
-1.700396758426856252e+02 1.234400473216477501e+01
-1.721008197932842734e+02 1.201876074356544066e+01
-1.741619637438828931e+02 1.281806047370680623e+01
-1.762231076944815413e+02 1.382642554672770885e+01
-1.782842516450801895e+02 1.315611362416719388e+01
-1.803453955956788377e+02 1.198952392158391334e+01
-1.824065395462774575e+02 1.163370513057609479e+01
-1.844676834968761057e+02 1.182014315681021799e+01
-1.865288274474747254e+02 1.213244140937714555e+01
-1.885899713980734020e+02 1.246017702834877738e+01
-1.906511153486720218e+02 1.127984005361701314e+01
-1.927122592992706700e+02 1.155756500976502466e+01
-1.947734032498692898e+02 1.127936340490808576e+01
-1.968345472004679380e+02 1.359849532488848745e+01
-1.988956911510665577e+02 1.024838365357105552e+01
-2.009568351016652059e+02 1.277667897696568744e+01
-2.030179790522638541e+02 1.150467456142975387e+01
-2.050791230028625023e+02 1.195584154581853475e+01
-2.071402669534611505e+02 1.152235446057508383e+01
-2.092014109040597702e+02 1.152418199555607181e+01
-2.112625548546584184e+02 1.133133222410366692e+01
-2.133236988052570382e+02 1.171933056542412288e+01
-2.153848427558557148e+02 1.330473286798737220e+01
-2.174459867064543346e+02 1.091453886795513917e+01
-2.195071306570529828e+02 1.251523291115337777e+01
-2.215682746076516025e+02 1.157524577798653809e+01
-2.236294185582502791e+02 1.390965488515597670e+01
-2.256905625088488989e+02 1.097162478281837927e+01
-2.277517064594475471e+02 1.068969455878262487e+01
-2.298128504100461669e+02 9.371750804876018748e+00
-2.318739943606448151e+02 1.332260252478888773e+01
-2.339351383112434632e+02 1.205112559485026225e+01
-2.359962822618421114e+02 1.216596951991285458e+01
-2.380574262124407312e+02 1.045393683836247867e+01
-2.401185701630393794e+02 9.241204405222632090e+00
-2.421797141136380276e+02 1.267735495143619673e+01
-2.442408580642366758e+02 1.025000311615734105e+01
-2.463020020148353240e+02 1.216414946068769787e+01
-2.483631459654339437e+02 1.066742457645526798e+01
-2.504242899160325919e+02 1.097845040692018515e+01
-2.524854338666312117e+02 1.208331229195838752e+01
-2.545465778172298883e+02 1.323776931801582535e+01
-2.566077217678285365e+02 1.248744430367024449e+01
-2.586688657184271278e+02 1.465362528451565360e+01
