2.693088943578172803e+02 -5.038505454155066232e+00
2.672477504072186321e+02 -1.230808181862880524e+01
2.651866064566199839e+02 -9.173694910695205706e+00
2.631254625060213357e+02 -9.663370503952142698e+00
2.610643185554226875e+02 -1.295844166724826074e+01
2.590031746048240961e+02 -1.485562245522670821e+01
2.569420306542253911e+02 -1.400752616781482374e+01
2.548808867036267714e+02 -1.433436896453437193e+01
2.528197427530281516e+02 -1.076891829544767809e+01
2.507585988024295034e+02 -1.476984274959814591e+01
2.486974548518308552e+02 -1.486179085560846325e+01
2.466363109012322070e+02 -1.200687282534891942e+01
2.445751669506335872e+02 -1.303568722806242519e+01
2.425140230000349391e+02 -1.235097257425129591e+01
2.404528790494363193e+02 -1.376895328790383211e+01
2.383917350988376427e+02 -1.422310606211744144e+01
2.363305911482390229e+02 -1.218248913553816060e+01
2.342694471976403747e+02 -1.278324084570041208e+01
2.322083032470417550e+02 -1.120390232409597253e+01
2.301471592964431068e+02 -1.390296028351687063e+01
2.280860153458444586e+02 -1.455042463102754624e+01
2.260248713952458104e+02 -1.205919288884683205e+01
2.239637274446471622e+02 -1.091714163001103977e+01
2.219025834940485424e+02 -1.277651074850352586e+01
2.198414395434498658e+02 -1.215649188524557367e+01
2.177802955928512461e+02 -1.166038105204735231e+01
2.157191516422525979e+02 -1.217801980614332535e+01
2.136580076916539781e+02 -1.133131632419952339e+01
2.115968637410553299e+02 -1.194062527617528247e+01
2.095357197904566817e+02 -1.040553880501756190e+01
2.074745758398580335e+02 -1.157268474424714633e+01
2.054134318892594138e+02 -1.062222842973895354e+01
2.033522879386607656e+02 -1.115894534571009977e+01
2.012911439880621458e+02 -1.271772300640057729e+01
1.992300000374634692e+02 -1.371689618240532305e+01
1.971688560868648210e+02 -1.027666140790243610e+01
1.951077121362661728e+02 -1.073833633397365439e+01
1.930465681856675531e+02 -1.338576615090293487e+01
1.909854242350689049e+02 -9.769557979438680206e+00
1.889242802844702851e+02 -1.140109669240868406e+01
1.868631363338716085e+02 -1.100679913933676168e+01
1.848019923832729603e+02 -1.192992760513684658e+01
1.827408484326743405e+02 -1.029733433911136409e+01
1.806797044820756923e+02 -1.158259446142023563e+01
1.786185605314770442e+02 -1.254818069902803224e+01
1.765574165808783960e+02 -9.107899595321526931e+00
1.744962726302797762e+02 -1.065524188110537551e+01
1.724351286796811280e+02 -1.042862592893243878e+01
1.703739847290825082e+02 -1.119224291570602503e+01
1.683128407784838316e+02 -1.394541948924544172e+01
1.662516968278852119e+02 -9.138281575547072322e+00
1.641905528772865637e+02 -9.699316305528409288e+00
1.621294089266879439e+02 -1.246645799915117259e+01
1.600682649760892957e+02 -9.461217275514664848e+00
1.580071210254906475e+02 -1.118524472361816358e+01
1.559459770748919993e+02 -1.173323771763707946e+01
1.538848331242933796e+02 -1.061997822933902569e+01
1.518236891736947314e+02 -1.000855112476781983e+01
1.497625452230960548e+02 -1.085530807524563279e+01
1.477014012724974350e+02 -1.086530299042721914e+01
1.456402573218987868e+02 -9.826738805740955485e+00
1.435791133713001670e+02 -8.512130411809089026e+00
1.415179694207015189e+02 -1.158199490550970268e+01
1.394568254701028707e+02 -9.039405523421637056e+00
1.373956815195042225e+02 -8.174924394405751471e+00
1.353345375689056027e+02 -1.032183755569055528e+01
1.332733936183069545e+02 -1.113794705666512286e+01
1.312122496677083348e+02 -9.653294734525001530e+00
1.291511057171096866e+02 -1.014094243938730244e+01
1.270899617665110242e+02 -9.712352623987312583e+00
1.250288178159123902e+02 -9.685982897928148816e+00
1.229676738653137420e+02 -9.259783712140402301e+00
1.209065299147151080e+02 -8.781763211454805429e+00
1.188453859641164740e+02 -8.909527474952563253e+00
1.167842420135178259e+02 -7.951822311028602819e+00
1.147230980629191919e+02 -8.876097141607226959e+00
1.126619541123205437e+02 -9.910764459816979510e+00
1.106008101617219097e+02 -9.864740726522278180e+00
1.085396662111232615e+02 -8.780174867573041553e+00
1.064785222605246275e+02 -8.521645394048537270e+00
1.044173783099259936e+02 -8.748158248706740636e+00
1.023562343593273454e+02 -1.112925441921333558e+01
1.002950904087287114e+02 -8.482151342281811779e+00
9.823394645813007742e+01 -1.126260717144945467e+01
9.617280250753144344e+01 -1.090402257966263200e+01
9.411165855693279525e+01 -8.789665978931539669e+00
9.205051460633416127e+01 -6.267279721589775754e+00
8.998937065573549887e+01 -8.126178416336474086e+00
8.792822670513686489e+01 -7.552319321085359860e+00
8.586708275453823092e+01 -8.018717067373259511e+00
8.380593880393958273e+01 -8.066770024488027602e+00
8.174479485334094875e+01 -1.041545873008399248e+01
7.968365090274230056e+01 -1.028198710567724206e+01
7.762250695214366658e+01 -1.127126803562495105e+01
7.556136300154501839e+01 -1.183705052054868467e+01
7.350021905094638441e+01 -9.734135337341074390e+00
7.143907510034775044e+01 -8.501466905392437212e+00
6.937793114974910225e+01 -9.523840225810912941e+00
6.731678719915046827e+01 -1.124459168772057538e+01
6.525564324855182008e+01 -7.519844475080578405e+00
6.319449929795318610e+01 -8.407828253884392922e+00
6.113335534735453791e+01 -9.464827901872238769e+00
5.907221139675589683e+01 -1.020611902446751351e+01
5.701106744615725574e+01 -1.152760314962153032e+01
5.494992349555861466e+01 -7.360685880361173439e+00
5.288877954495997358e+01 -1.005095781369339392e+01
5.082763559436133960e+01 -1.142590303985081590e+01
4.876649164376269141e+01 -1.000251635606010936e+01
4.670534769316405033e+01 -1.033489452957823751e+01
4.464420374256540924e+01 -9.688005491824663196e+00
4.258305979196676105e+01 -9.944755185556635624e+00
4.052191584136812708e+01 -7.738587628894925352e+00
3.846077189076948599e+01 -7.906746565876089150e+00
3.639962794017084491e+01 -6.347152048598937668e+00
3.433848398957220382e+01 -4.680207232206010204e+00
3.227734003897356274e+01 -6.738175717975951606e+00
3.021619608837492521e+01 -7.979286251839002198e+00
2.815505213777628057e+01 -7.640341514406412848e+00
2.609390818717763949e+01 -8.388496652862494685e+00
2.403276423657900196e+01 -8.156442623126183733e+00
2.197162028598036443e+01 -5.809320127199757877e+00
1.991047633538172335e+01 -7.003579155213495611e+00
1.784933238478307871e+01 -6.668016936866821176e+00
1.578818843418443940e+01 -3.887755295085625562e+00
1.372704448358580009e+01 -2.473841622361606873e+00
1.166590053298715901e+01 2.349696491038625101e+00
9.604756582388517927e+00 7.440393772100347469e+00
7.543612631789876843e+00 1.491662714301871162e+01
5.482468681191236648e+00 2.878932365850565134e+01
3.421324730592595120e+00 4.129656744903267906e+01
1.360180779993954259e+00 4.896115044654870729e+01
-7.009631706046863808e-01 5.524280382523985367e+01
-2.762107121203327242e+00 5.455964379095959060e+01
-4.823251071801967882e+00 5.443759906832456608e+01
-6.884395022400608966e+00 5.644691494934949816e+01
-8.945538972999250049e+00 4.888876455656457409e+01
-1.100668292359788936e+01 4.200253569963962974e+01
-1.306782687419653222e+01 3.262031145026053025e+01
-1.512897082479517152e+01 2.755040832000725004e+01
-1.719011477539381261e+01 2.297247465509694209e+01
-1.925125872599245014e+01 1.588980987487652285e+01
-2.131240267659109477e+01 1.584466440158071343e+01
-2.337354662718973586e+01 1.285612863727684108e+01
-2.543469057778837694e+01 1.087034973587640430e+01
-2.749583452838701803e+01 8.604785364937713510e+00
-2.955697847898566266e+01 9.771200916840726336e+00
-3.161812242958430019e+01 1.089758801873897909e+01
-3.367926638018293772e+01 1.199797386656451437e+01
-3.574041033078158591e+01 1.087250630185799238e+01
-3.780155428138022700e+01 1.185896323107178496e+01
-3.986269823197886808e+01 1.284459026741780541e+01
-4.192384218257750206e+01 1.684527446591606292e+01
-4.398498613317614314e+01 1.715391297442121399e+01
-4.604613008377478423e+01 1.763313470021074991e+01
-4.810727403437342531e+01 1.728701985782205242e+01
-5.016841798497205929e+01 1.846938994474154327e+01
-5.222956193557070037e+01 1.971424947061629851e+01
-5.429070588616934856e+01 2.186115177935006670e+01
-5.635184983676798964e+01 2.148363171286749917e+01
-5.841299378736663073e+01 2.103802743715322165e+01
-6.047413773796526471e+01 2.618497178517987578e+01
-6.253528168856390579e+01 2.771404789051132056e+01
-6.459642563916254687e+01 2.548432260111978920e+01
-6.665756958976119506e+01 2.289798090886774418e+01
-6.871871354035982904e+01 1.925822110747764881e+01
-7.077985749095847723e+01 1.527278182097649761e+01
-7.284100144155711121e+01 1.240930774966949102e+01
-7.490214539215575940e+01 9.266542722279350386e+00
-7.696328934275439337e+01 8.200353756381650427e+00
-7.902443329335304156e+01 5.304023494896878077e+00
-8.108557724395167554e+01 4.225081806238194737e+00
-8.314672119455030952e+01 5.988688482278248237e+00
-8.520786514514895771e+01 2.795463532286332597e+00
-8.726900909574759169e+01 2.894900904980779011e+00
-8.933015304634623988e+01 4.964882564297592893e+00
-9.139129699694487385e+01 3.936775892912284025e+00
-9.345244094754350783e+01 7.365295868441856797e+00
-9.551358489814215602e+01 7.115423745977524028e+00
-9.757472884874079000e+01 6.140357763289984838e+00
-9.963587279933945240e+01 5.807729095222052607e+00
-1.016970167499381006e+02 3.356250191821370965e+00
-1.037581607005367346e+02 3.883465890080738614e+00
-1.058193046511353828e+02 4.010369802167193853e+00
-1.078804486017340167e+02 1.243303601314938334e+00
-1.099415925523326649e+02 -1.128299084301619626e+00
-1.120027365029312989e+02 -1.122736802642281262e+00
-1.140638804535299329e+02 -1.392189700816065079e+00
-1.161250244041285811e+02 -2.442270177728934843e+00
-1.181861683547272150e+02 -4.506288138984428926e+00
-1.202473123053258632e+02 -4.854408713727332625e+00
-1.223084562559244972e+02 -4.825667260215767307e+00
-1.243696002065231454e+02 -5.568121820608848083e+00
-1.264307441571217794e+02 -7.172911410856242398e+00
-1.284918881077204276e+02 -6.162570721928846140e+00
-1.305530320583190758e+02 -5.979132997859545995e+00
-1.326141760089177239e+02 -9.202159092826335041e+00
-1.346753199595163437e+02 -7.723769027689364464e+00
-1.367364639101149919e+02 -7.824556218655870587e+00
-1.387976078607136117e+02 -5.460340394850076606e+00
-1.408587518113122883e+02 -8.467621345486897155e+00
-1.429198957619109080e+02 -1.010432266853340444e+01
-1.449810397125095562e+02 -8.273857255629652130e+00
-1.470421836631081760e+02 -8.228007859497781240e+00
-1.491033276137068242e+02 -1.089134852871960035e+01
-1.511644715643054724e+02 -1.043791976406235023e+01
-1.532256155149041206e+02 -9.309459925441981198e+00
-1.552867594655027403e+02 -1.129585128168725738e+01
-1.573479034161013885e+02 -9.101137012241759194e+00
-1.594090473667000083e+02 -9.027970466995618892e+00
-1.614701913172986849e+02 -9.904828657837237316e+00
-1.635313352678973331e+02 -8.837087936806463873e+00
-1.655924792184959529e+02 -8.338608933257459555e+00
-1.676536231690946011e+02 -8.554725670438212859e+00
-1.697147671196932208e+02 -9.202625599612014540e+00
-1.717759110702918974e+02 -9.555519456794907995e+00
-1.738370550208905172e+02 -9.402074084594671532e+00
-1.758981989714891654e+02 -7.456568766303876217e+00
-1.779593429220877852e+02 -1.004172831952710077e+01
-1.800204868726864618e+02 -7.228988315296154710e+00
-1.820816308232850815e+02 -1.012261261278866620e+01
-1.841427747738837297e+02 -6.843028055983473301e+00
-1.862039187244823495e+02 -6.998130943993197128e+00
-1.882650626750809977e+02 -1.237412706638491677e+01
-1.903262066256796459e+02 -9.581283187441227867e+00
-1.923873505762782941e+02 -9.144126066643734063e+00
-1.944484945268769138e+02 -6.932774939760665056e+00
-1.965096384774755620e+02 -1.095578735460776798e+01
-1.985707824280741818e+02 -7.002284220551118210e+00
-2.006319263786728300e+02 -8.688099151885925409e+00
-2.026930703292714782e+02 -1.113166005038404549e+01
-2.047542142798700979e+02 -8.501500407457005082e+00
-2.068153582304687745e+02 -8.746915755835873441e+00
-2.088765021810673943e+02 -9.517169853427709825e+00
-2.109376461316660425e+02 -9.943137285989532614e+00
-2.129987900822646623e+02 -6.860522099325731205e+00
-2.150599340328633104e+02 -9.008087675656554438e+00
-2.171210779834619586e+02 -9.857068405426034019e+00
-2.191822219340606068e+02 -1.121591006056475592e+01
-2.212433658846592266e+02 -8.980772981356421880e+00
-2.233045098352578748e+02 -7.715578201704208716e+00
-2.253656537858564946e+02 -8.444660694292187131e+00
-2.274267977364551712e+02 -8.070265716356392005e+00
-2.294879416870537909e+02 -8.237177874693827562e+00
-2.315490856376524391e+02 -8.498904297456586932e+00
-2.336102295882510589e+02 -9.470817950942993946e+00
-2.356713735388497355e+02 -9.518595806210326415e+00
-2.377325174894483553e+02 -1.163256367685569259e+01
-2.397936614400470035e+02 -1.033345583756350017e+01
-2.418548053906456516e+02 -1.007380717722656094e+01
-2.439159493412442714e+02 -8.982419254024677002e+00
-2.459770932918429480e+02 -7.762068666473457057e+00
-2.480382372424415678e+02 -7.132698729965052387e+00
-2.500993811930402160e+02 -1.111859907791789581e+01
-2.521605251436388357e+02 -1.004025011215290597e+01
-2.542216690942374839e+02 -9.131060163791063999e+00
-2.562828130448361321e+02 -1.269838765216661969e+01
