2.665268923023743923e+02 -2.995752292153515128e+00
2.644657483517757441e+02 -4.438413812439368833e+00
2.624046044011771528e+02 -6.310972413256072500e+00
2.603434604505785046e+02 -3.327832661067635645e+00
2.582823164999798564e+02 -7.032062560380245575e-01
2.562211725493812082e+02 -1.937177259255908002e+00
2.541600285987825600e+02 2.727540079341334578e-01
2.520988846481839118e+02 -2.260655278385161449e+00
2.500377406975852921e+02 -1.358635429807176775e+00
2.479765967469866439e+02 -2.967647038500593304e+00
2.459154527963880241e+02 -6.652288523401609588e+00
2.438543088457893475e+02 -2.197642589961041892e+00
2.417931648951907277e+02 -1.368937594603162333e+00
2.397320209445920796e+02 4.046971463764379995e-01
2.376708769939934598e+02 -2.568147917108027478e+00
2.356097330433948116e+02 -1.971452592589299391e+00
2.335485890927961634e+02 -1.759719404518596875e+00
2.314874451421975152e+02 -6.389121548830285491e+00
2.294263011915988670e+02 -1.048470648014507844e+00
2.273651572410002473e+02 1.048438981935804426e+00
2.253040132904015707e+02 -2.707110627803751779e+00
2.232428693398029509e+02 -4.218772000010260204e-01
2.211817253892043027e+02 -2.560455224298614052e+00
2.191205814386056829e+02 -4.268050683026493708e+00
2.170594374880070347e+02 -1.215912363122612527e+00
2.149982935374083866e+02 -1.079373607584303452e+00
2.129371495868097384e+02 6.598888059808942497e-02
2.108760056362111186e+02 -4.358184732219244850e+00
2.088148616856124704e+02 -1.291927811349359523e+00
2.067537177350138506e+02 -7.507612367539767684e-01
2.046925737844151740e+02 -2.477356882035929075e+00
2.026314298338165543e+02 1.250628937915953864e+00
2.005702858832179061e+02 -2.106332764827960613e+00
1.985091419326192863e+02 -3.877833109153785429e+00
1.964479979820206097e+02 -1.794626766389952000e+00
1.943868540314219899e+02 -1.359604862433265504e+00
1.923257100808233417e+02 -1.073534845670427229e+00
1.902645661302246936e+02 4.336660005451981603e-01
1.882034221796260738e+02 1.343858313576879127e+00
1.861422782290273972e+02 8.462805883663310214e-01
1.840811342784287774e+02 -1.887815474458502951e+00
1.820199903278301292e+02 2.119848050716158117e+00
1.799588463772315095e+02 1.487715827380957201e+00
1.778977024266328613e+02 3.023504372985046817e+00
1.758365584760342131e+02 1.666165148156475873e+00
1.737754145254355649e+02 -1.161475420001187447e-01
1.717142705748369451e+02 2.481467499534819598e+00
1.696531266242382969e+02 1.604849623332869957e+00
1.675919826736396487e+02 5.129336122444272394e-01
1.655308387230410005e+02 -3.860752752640622898e+00
1.634696947724423808e+02 1.207546016660738797e+00
1.614085508218437326e+02 6.241106818333252981e-01
1.593474068712451128e+02 2.817091936282562492e-01
1.572862629206464362e+02 1.387581372332888696e+00
1.552251189700477880e+02 1.173702720899465035e+00
1.531639750194491683e+02 -7.242349952197044693e-01
1.511028310688505201e+02 -1.472601131809611941e+00
1.490416871182519003e+02 1.702909190361897362e+00
1.469805431676532237e+02 2.814131856954863675e+00
1.449193992170546039e+02 -1.245346206848388934e-03
1.428582552664559557e+02 -1.351586599286243029e+00
1.407971113158573360e+02 1.798331246153173524e+00
1.387359673652586878e+02 7.244138124175094617e-01
1.366748234146600396e+02 2.025572516013296465e-01
1.346136794640613914e+02 3.466553679125948251e-01
1.325525355134627716e+02 -4.554463299749517691e-01
1.304913915628641234e+02 2.082614878978105821e+00
1.284302476122654753e+02 -9.235903393131272843e-01
1.263691036616668271e+02 1.587132870159016829e+00
1.243079597110681931e+02 3.490370177177628541e-01
1.222468157604695591e+02 4.212461103049160993e-01
1.201856718098709109e+02 -1.527872590011677689e-01
1.181245278592722769e+02 2.152523874085232158e+00
1.160633839086736288e+02 6.120822339951058622e-01
1.140022399580749948e+02 9.337536701464471678e-01
1.119410960074763466e+02 1.668236731550667873e+00
1.098799520568777126e+02 1.489143879753316524e+00
1.078188081062790786e+02 1.325323152176683283e+00
1.057576641556804304e+02 -2.261791727711867317e+00
1.036965202050817965e+02 -1.095892070183391187e+00
1.016353762544831483e+02 1.986424490987127589e-01
9.957423230388451429e+01 -1.377591137855221914e+00
9.751308835328586611e+01 7.401023716406507358e-01
9.545194440268721792e+01 2.057446342621465529e+00
9.339080045208858394e+01 -4.393943589675572525e+00
9.132965650148993575e+01 5.954098347165666105e-01
8.926851255089130177e+01 2.558981763877340665e+00
8.720736860029265358e+01 1.046021396488867827e+00
8.514622464969401960e+01 -5.623649294250416819e-01
8.308508069909538563e+01 6.881374585368268404e-01
8.102393674849673744e+01 -8.893635781721633826e-01
7.896279279789810346e+01 2.651966651130298391e+00
7.690164884729945527e+01 1.095122141158246132e+00
7.484050489670082129e+01 -2.691575206929749164e+00
7.277936094610217310e+01 -8.167431047229617436e-01
7.071821699550353912e+01 -6.730503316996064855e-01
6.865707304490490515e+01 1.714984814645760247e+00
6.659592909430625696e+01 -9.040396125381858772e-01
6.453478514370760877e+01 -6.209392354090323418e-02
6.247364119310897479e+01 -1.100973808077734484e+00
6.041249724251033371e+01 -3.082216971917598691e+00
5.835135329191169262e+01 2.621661537538498177e+00
5.629020934131305154e+01 2.142500492185046124e+00
5.422906539071441046e+01 -1.696185861817634644e+00
5.216792144011576937e+01 -3.653630068505913098e+00
5.010677748951712829e+01 1.861684515611962354e+00
4.804563353891848720e+01 -4.826197528115467317e-01
4.598448958831984612e+01 -2.686410257600811424e-01
4.392334563772120504e+01 -2.425112422503923337e+00
4.186220168712256395e+01 -6.043667317477789958e-01
3.980105773652392287e+01 1.059056715692687556e+00
3.773991378592528179e+01 1.725181926317570058e+00
3.567876983532664070e+01 1.372792040571860106e+00
3.361762588472800672e+01 -3.113897703828804597e-01
3.155648193412936209e+01 3.765000309693016800e-01
2.949533798353072100e+01 -3.057329288374260212e+00
2.743419403293207992e+01 -1.356750758138557389e+00
2.537305008233343884e+01 -6.309642616022419492e-01
2.331190613173479775e+01 3.376586083035928887e+00
2.125076218113615667e+01 2.165802003377498952e+00
1.918961823053751559e+01 2.334022529079923469e+00
1.712847427993887806e+01 4.477979345461267968e+00
1.506733032934023520e+01 6.007643460752016829e+00
1.300618637874159411e+01 9.680774818148561778e+00
1.094504242814295303e+01 1.361000429550426460e+01
8.883898477544313721e+00 1.912052774599062488e+01
6.822754526945671749e+00 2.555001336974687476e+01
4.761610576347031554e+00 3.599496161125816229e+01
2.700466625748390914e+00 5.215754578553963938e+01
6.393226751497501636e-01 6.650713350666816837e+01
-1.421821275448890587e+00 7.259107715769265212e+01
-3.482965226047531448e+00 7.376015080354019915e+01
-5.544109176646172088e+00 7.155490374576453405e+01
-7.605253127244813172e+00 7.228082575011835331e+01
-9.666397077843454255e+00 6.966898414296287001e+01
-1.172754102844209356e+01 7.562708104499797912e+01
-1.378868497904073642e+01 6.303826900016330370e+01
-1.584982892963937573e+01 5.497285146615398332e+01
-1.791097288023801681e+01 4.941629724260850764e+01
-1.997211683083665790e+01 3.242744568528060967e+01
-2.203326078143529898e+01 2.428365142841039415e+01
-2.409440473203393651e+01 2.382065574727905144e+01
-2.615554868263258115e+01 1.873178226308115768e+01
-2.821669263323122223e+01 2.096412751305108912e+01
-3.027783658382986332e+01 2.681309363375558874e+01
-3.233898053442850085e+01 3.178863260651825939e+01
-3.440012448502714193e+01 3.660459214500691871e+01
-3.646126843562578301e+01 4.339397124244725745e+01
-3.852241238622442410e+01 4.650808857033831600e+01
-4.058355633682306518e+01 5.265549034710507215e+01
-4.264470028742170626e+01 5.598107552938898124e+01
-4.470584423802034735e+01 5.443044746851385440e+01
-4.676698818861898843e+01 6.762908919927096463e+01
-4.882813213921762951e+01 6.813245011150426933e+01
-5.088927608981627060e+01 6.337081800307506541e+01
-5.295042004041491168e+01 6.037666602366278568e+01
-5.501156399101355277e+01 5.395582105770800752e+01
-5.707270794161219385e+01 4.910621672256516490e+01
-5.913385189221083493e+01 4.823157505152504854e+01
-6.119499584280947602e+01 4.687091987897386502e+01
-6.325613979340810999e+01 4.584302751398561071e+01
-6.531728374400675818e+01 3.653683288328857515e+01
-6.737842769460540637e+01 3.032924589072214872e+01
-6.943957164520404035e+01 3.204054240404393283e+01
-7.150071559580267433e+01 2.380587461519552051e+01
-7.356185954640132252e+01 1.859263526075354278e+01
-7.562300349699995650e+01 1.719536418935971511e+01
-7.768414744759860469e+01 1.376764069832004722e+01
-7.974529139819723866e+01 1.298585760082996288e+01
-8.180643534879588685e+01 1.058261497325922740e+01
-8.386757929939452083e+01 7.340476847684569428e+00
-8.592872324999315481e+01 1.096461290066646654e+01
-8.798986720059180300e+01 9.364063506457920738e+00
-9.005101115119043698e+01 1.047766992084762983e+01
-9.211215510178908517e+01 1.257588582760516971e+01
-9.417329905238771914e+01 1.850894578390215983e+01
-9.623444300298635312e+01 1.729450838683730041e+01
-9.829558695358501552e+01 1.803371557619712462e+01
-1.003567309041836495e+02 1.532953597359786535e+01
-1.024178748547822977e+02 1.190699846373872539e+01
-1.044790188053809317e+02 1.434404616593493031e+01
-1.065401627559795799e+02 1.118544824027924811e+01
-1.086013067065782138e+02 5.597865344209822958e+00
-1.106624506571768478e+02 5.933095596865281429e+00
-1.127235946077754960e+02 2.526238411743547019e+00
-1.147847385583741300e+02 2.521067434348903902e+00
-1.168458825089727782e+02 5.473135157444965593e+00
-1.189070264595714121e+02 5.633048640025432041e-01
-1.209681704101700603e+02 -4.549531897899894983e-01
-1.230293143607686943e+02 1.906509935473444939e+00
-1.250904583113673283e+02 -3.483946048553408392e+00
-1.271516022619659765e+02 -2.357408591520794960e+00
-1.292127462125646105e+02 1.583156279894900820e+00
-1.312738901631632586e+02 -3.285163083957101993e+00
-1.333350341137619068e+02 -4.143718588453113583e+00
-1.353961780643605550e+02 -1.880114733912538139e+00
-1.374573220149591748e+02 -2.860357313803511214e+00
-1.395184659655578230e+02 -3.664089877682748408e+00
-1.415796099161564428e+02 -2.310636200730548317e+00
-1.436407538667551194e+02 -1.235746452450743105e+00
-1.457018978173537391e+02 -1.578141115016463925e+00
-1.477630417679523873e+02 -4.606111332230224953e+00
-1.498241857185510071e+02 -7.373056741731699226e+00
-1.518853296691496553e+02 -4.230133069145614932e+00
-1.539464736197483035e+02 -2.914129112419985734e+00
-1.560076175703469517e+02 -3.846797738129938082e+00
-1.580687615209455998e+02 -7.290028670171158076e+00
-1.601299054715442196e+02 -5.587027992963863099e+00
-1.621910494221428962e+02 -4.945486423442386759e+00
-1.642521933727415160e+02 -4.323350752199318414e+00
-1.663133373233401642e+02 -5.140142436791646396e+00
-1.683744812739387839e+02 -1.856147961829399229e+00
-1.704356252245374321e+02 -5.783581936305959292e-01
-1.724967691751360803e+02 -4.463038919108114122e+00
-1.745579131257347285e+02 -3.428113469758072185e+00
-1.766190570763333483e+02 -3.665121792106300624e+00
-1.786802010269319965e+02 -4.991553091197271641e+00
-1.807413449775306162e+02 -4.077350913357630446e+00
-1.828024889281292928e+02 -4.869985742668903939e+00
-1.848636328787279126e+02 -3.860082953768300129e+00
-1.869247768293265608e+02 -7.394823816801249450e+00
-1.889859207799251806e+02 -6.950519861267987487e+00
-1.910470647305238572e+02 -4.377193207768604211e+00
-1.931082086811225054e+02 -5.483836890639175010e+00
-1.951693526317211251e+02 -3.986797817915877395e+00
-1.972304965823197733e+02 -4.185813056624155593e+00
-1.992916405329183931e+02 -5.301632713722391976e+00
-2.013527844835170697e+02 -7.631393487733431513e+00
-2.034139284341156895e+02 -3.305547047514257653e+00
-2.054750723847143377e+02 -5.154379539493714191e+00
-2.075362163353129574e+02 -6.048895337045153475e+00
-2.095973602859116056e+02 -6.012482437260390000e+00
-2.116585042365102538e+02 -6.144566271057568585e+00
-2.137196481871089020e+02 -4.538681642846191799e+00
-2.157807921377075218e+02 -8.827953381588375947e+00
-2.178419360883061699e+02 -5.314903039403964691e+00
-2.199030800389048181e+02 -4.553538594420014185e+00
-2.219642239895034663e+02 -3.942342121255048681e+00
-2.240253679401020861e+02 -6.179613615239685664e+00
-2.260865118907007343e+02 -1.823238903259507770e+00
-2.281476558412993541e+02 -6.455198221276442716e+00
-2.302087997918980307e+02 -5.027691737085618229e+00
-2.322699437424966789e+02 -3.815020516504304293e+00
-2.343310876930952986e+02 -4.865466066718899363e+00
-2.363922316436939468e+02 -3.945663638865636091e+00
-2.384533755942925666e+02 -6.776646053365991129e+00
-2.405145195448912432e+02 -4.171269795081496312e+00
-2.425756634954898630e+02 -3.648451390893508783e+00
-2.446368074460885111e+02 -4.773236820883960618e+00
-2.466979513966871309e+02 -5.165258988447945399e+00
-2.487590953472857791e+02 -5.864845596923180970e+00
-2.508202392978844273e+02 -6.524471775268260387e+00
-2.528813832484830755e+02 -7.624416569193864568e+00
-2.549425271990816952e+02 -2.818930215660305549e+00
-2.570036711496803150e+02 -5.370270634911809005e+00
-2.590648151002790200e+02 -3.302146562784203265e+00
