2.499294691827638530e+02 2.600825977162204428e+00
2.478683252321652333e+02 5.769277234281378952e+00
2.458071812815665851e+02 4.650087326763149953e+00
2.437460373309679653e+02 6.231151355062230834e+00
2.416848933803692887e+02 5.466831508412712815e+00
2.396237494297706689e+02 6.796645049382985526e+00
2.375626054791720208e+02 5.729106902599286677e+00
2.355014615285734010e+02 6.312432709391422314e+00
2.334403175779747244e+02 7.689710242437024057e+00
2.313791736273761046e+02 6.372097249777953998e+00
2.293180296767774564e+02 7.634712566157619840e+00
2.272568857261788366e+02 7.286154765577989245e+00
2.251957417755801885e+02 8.307191111275193052e+00
2.231345978249815403e+02 9.097296075529602177e+00
2.210734538743828921e+02 9.733408887915416585e+00
2.190123099237842723e+02 7.358784571004957087e+00
2.169511659731856241e+02 7.508451670248180498e+00
2.148900220225869759e+02 1.044537942625821714e+01
2.128288780719883277e+02 8.776455388038414185e+00
2.107677341213896796e+02 8.662722468218307270e+00
2.087065901707910598e+02 8.669626747075435347e+00
2.066454462201924116e+02 8.752189903594731035e+00
2.045843022695937634e+02 7.517575711618198930e+00
2.025231583189951152e+02 9.237161761933419868e+00
2.004620143683964955e+02 8.450623254071032875e+00
1.984008704177978473e+02 9.464126429108780769e+00
1.963397264671991991e+02 9.543879076043975118e+00
1.942785825166005509e+02 8.561956368905187631e+00
1.922174385660019027e+02 9.691678111940975171e+00
1.901562946154032545e+02 8.562416643264249672e+00
1.880951506648046347e+02 7.494011408361560989e+00
1.860340067142059866e+02 8.786138648328307710e+00
1.839728627636073668e+02 8.577340668608714580e+00
1.819117188130086902e+02 7.865162221267034681e+00
1.798505748624100420e+02 7.725059540133812241e+00
1.777894309118114222e+02 8.628720877496697028e+00
1.757282869612127740e+02 9.397186716078772761e+00
1.736671430106141543e+02 7.801496552508523585e+00
1.716059990600154777e+02 9.725980540227485704e+00
1.695448551094168579e+02 8.604900332512924521e+00
1.674837111588182097e+02 9.313037219549329393e+00
1.654225672082195899e+02 8.428366581322821460e+00
1.633614232576209133e+02 7.966757298848897939e+00
1.613002793070222936e+02 8.049493858502584587e+00
1.592391353564236454e+02 8.397349364027014929e+00
1.571779914058250256e+02 9.050361661337092301e+00
1.551168474552263774e+02 7.463276761318089036e+00
1.530557035046277292e+02 9.433819662704244990e+00
1.509945595540290810e+02 9.124614562070371804e+00
1.489334156034304613e+02 8.436376004210599078e+00
1.468722716528318131e+02 8.543151622037346016e+00
1.448111277022331933e+02 7.915103655362014656e+00
1.427499837516345167e+02 7.760788401068049680e+00
1.406888398010358685e+02 9.871783004118386273e+00
1.386276958504372487e+02 9.597145854149223609e+00
1.365665518998386005e+02 8.077085635917143236e+00
1.345054079492399524e+02 9.304147677125246929e+00
1.324442639986413042e+02 9.865855005201719763e+00
1.303831200480426844e+02 8.644511816397782766e+00
1.283219760974440362e+02 8.657030223173212136e+00
1.262608321468454022e+02 8.071713408696837178e+00
1.241996881962467683e+02 8.436001989535940382e+00
1.221385442456481201e+02 8.117005360821847759e+00
1.200774002950494719e+02 9.125449716280636281e+00
1.180162563444508379e+02 8.776854747650084221e+00
1.159551123938521897e+02 8.173708035063336652e+00
1.138939684432535557e+02 7.470435496351102600e+00
1.118328244926549075e+02 8.131753774421454750e+00
1.097716805420562736e+02 8.453466719433659904e+00
1.077105365914576254e+02 8.211113741357880969e+00
1.056493926408589914e+02 8.850108523828453144e+00
1.035882486902603574e+02 8.980719079240540026e+00
1.015271047396617092e+02 9.224693554289205011e+00
9.946596078906307525e+01 8.598480555547476811e+00
9.740481683846444128e+01 9.150623864586906464e+00
9.534367288786580730e+01 8.055080910257938598e+00
9.328252893726715911e+01 8.889948427905247641e+00
9.122138498666852513e+01 9.312226016389963945e+00
8.916024103606987694e+01 7.516516041451080987e+00
8.709909708547124296e+01 1.000711786373010703e+01
8.503795313487260898e+01 9.758842642757374009e+00
8.297680918427396080e+01 9.001608791875382209e+00
8.091566523367531261e+01 9.100818864452445922e+00
7.885452128307666442e+01 9.436843103274801692e+00
7.679337733247803044e+01 8.833824106210991900e+00
7.473223338187938225e+01 8.275307883734937420e+00
7.267108943128074827e+01 8.957440306766354610e+00
7.060994548068211429e+01 8.173670354783357794e+00
6.854880153008346610e+01 8.095271709122053849e+00
6.648765757948483213e+01 7.676301890633400404e+00
6.442651362888619815e+01 7.496436371224456607e+00
6.236536967828754996e+01 7.967221567534025439e+00
6.030422572768890888e+01 8.052684538160155725e+00
5.824308177709026779e+01 8.307756245329859013e+00
5.618193782649162671e+01 8.762952089558352142e+00
5.412079387589298562e+01 8.275231170137699266e+00
5.205964992529433744e+01 7.937005908176693936e+00
4.999850597469570346e+01 7.712055829823544428e+00
4.793736202409706237e+01 8.064675117656536329e+00
4.587621807349842129e+01 7.754099708349985853e+00
4.381507412289978021e+01 7.756252292471148557e+00
4.175393017230113912e+01 8.837935524052264569e+00
3.969278622170249804e+01 9.055659330980670774e+00
3.763164227110386406e+01 7.647901828313940165e+00
3.557049832050522298e+01 7.062335301751872407e+00
3.350935436990657479e+01 7.612524101747898619e+00
3.144821041930793726e+01 9.156378574330714670e+00
2.938706646870929617e+01 8.258309388247708327e+00
2.732592251811065154e+01 7.774873509573540176e+00
2.526477856751201401e+01 7.659844627783964022e+00
2.320363461691337292e+01 8.136880245667505562e+00
2.114249066631473184e+01 9.320223136715053869e+00
1.908134671571609431e+01 7.085719095295751835e+00
1.702020276511744967e+01 9.600010263921275211e+00
1.495905881451881037e+01 9.966149117465283425e+00
1.289791486392016928e+01 9.312484969150185421e+00
1.083677091332152820e+01 1.049031442674933423e+01
8.775626962722887114e+00 1.149203241760621097e+01
6.714483012124246919e+00 1.409538899372533294e+01
4.653339061525604947e+00 1.775756300059520498e+01
2.592195110926964308e+00 2.483274101104860065e+01
5.310511603283237791e-01 3.049076294180941460e+01
-1.530092790270316971e+00 3.452270731787982783e+01
-3.591236740868958055e+00 3.700324148717646011e+01
-5.652380691467598695e+00 3.246528341712453170e+01
-7.713524642066238890e+00 2.468207006319982355e+01
-9.774668592664879085e+00 1.925276110540809427e+01
-1.183581254326352017e+01 1.741456575523200101e+01
-1.389695649386216125e+01 1.522976969450851392e+01
-1.595810044446080056e+01 1.533107701316539995e+01
-1.801924439505944164e+01 1.360346737570972842e+01
-2.008038834565808628e+01 1.269338060282406033e+01
-2.214153229625672381e+01 1.141781828054082659e+01
-2.420267624685536489e+01 1.040666563345226336e+01
-2.626382019745400598e+01 1.115337979239930277e+01
-2.832496414805264351e+01 9.239721954665977677e+00
-3.038610809865128815e+01 9.519836938629962830e+00
-3.244725204924992568e+01 1.005673906045058352e+01
-3.450839599984856676e+01 9.276660575738185699e+00
-3.656953995044720784e+01 9.539544359603947754e+00
-3.863068390104584893e+01 8.648357788114985567e+00
-4.069182785164449001e+01 7.891190684099108843e+00
-4.275297180224313109e+01 8.361864877286054210e+00
-4.481411575284177928e+01 7.626050178273374058e+00
-4.687525970344041326e+01 7.357238263338333084e+00
-4.893640365403905435e+01 7.976653236092931643e+00
-5.099754760463769543e+01 6.594623143453911318e+00
-5.305869155523633651e+01 6.620217715469974173e+00
-5.511983550583497760e+01 5.834777281077964339e+00
-5.718097945643361868e+01 7.171977547360476990e+00
-5.924212340703225266e+01 7.181179859079812822e+00
-6.130326735763089374e+01 6.418449926373989811e+00
-6.336441130822954193e+01 7.750040205588329734e+00
-6.542555525882818301e+01 7.570667373816416301e+00
-6.748669920942681699e+01 7.241379664413564399e+00
-6.954784316002545097e+01 6.766232756516710189e+00
-7.160898711062409916e+01 4.868647758953253302e+00
-7.367013106122274735e+01 4.876069759205833520e+00
-7.573127501182139554e+01 6.023405291860448152e+00
-7.779241896242002952e+01 5.881927864382915594e+00
-7.985356291301867770e+01 4.921202865082867639e+00
-8.191470686361731168e+01 5.292620156168196921e+00
-8.397585081421594566e+01 5.763536414906480054e+00
-8.603699476481459385e+01 5.891911577156450086e+00
-8.809813871541322783e+01 5.198789239545994256e+00
-9.015928266601187602e+01 5.138169244149647596e+00
-9.222042661661051000e+01 5.379682228565395796e+00
-9.428157056720914397e+01 5.870272195106220003e+00
-9.634271451780779216e+01 4.738791535621285078e+00
-9.840385846840642614e+01 5.559601042535218696e+00
-1.004650024190050885e+02 4.638159450951452101e+00
-1.025261463696037225e+02 5.600726004285764503e+00
-1.045872903202023565e+02 5.203367848289884634e+00
-1.066484342708010047e+02 4.913152996524693172e+00
-1.087095782213996387e+02 5.538187161972987660e+00
-1.107707221719983011e+02 4.055501411370115328e+00
-1.128318661225969350e+02 4.379102964954819655e+00
-1.148930100731955690e+02 4.712492395096314901e+00
-1.169541540237942172e+02 5.030206370171353747e+00
-1.190152979743928512e+02 5.279446839230773847e+00
-1.210764419249914994e+02 4.587052750093937981e+00
-1.231375858755901334e+02 5.095927362667260319e+00
-1.251987298261887815e+02 4.974216466246804913e+00
-1.272598737767874155e+02 4.750357553150475809e+00
-1.293210177273860495e+02 5.237001380980593979e+00
-1.313821616779846977e+02 2.757967209299995837e+00
-1.334433056285833459e+02 4.581798102140114182e+00
-1.355044495791819656e+02 4.449754752622739673e+00
-1.375655935297806423e+02 4.657456491042974989e+00
-1.396267374803792620e+02 4.347942485233785348e+00
-1.416878814309779102e+02 3.778098685127754486e+00
-1.437490253815765300e+02 3.985084530722766694e+00
-1.458101693321751782e+02 1.929823605869818826e+00
-1.478713132827738264e+02 2.522120236977127838e+00
-1.499324572333724745e+02 4.123867028209028618e+00
-1.519936011839710943e+02 2.412095034259992499e+00
-1.540547451345697425e+02 3.072128222449118429e+00
-1.561158890851683623e+02 3.847735004494638122e+00
-1.581770330357670389e+02 4.203994161191822343e+00
-1.602381769863656586e+02 2.882007994157357089e+00
-1.622993209369643068e+02 3.578547969445809329e+00
-1.643604648875629266e+02 2.935582484006827197e+00
-1.664216088381616032e+02 2.273080032040795118e+00
-1.684827527887602230e+02 2.768585291451416630e+00
-1.705438967393588712e+02 3.750454306034784580e+00
-1.726050406899575194e+02 3.215321778466885494e+00
-1.746661846405561391e+02 3.809043023486036184e+00
-1.767273285911548157e+02 2.011350841882226348e+00
-1.787884725417534355e+02 2.418383082220561864e+00
-1.808496164923520837e+02 3.086032540445624139e+00
-1.829107604429507035e+02 2.846171132310770346e+00
-1.849719043935493517e+02 3.624619250229522027e+00
-1.870330483441479998e+02 2.548065968703244977e+00
-1.890941922947466480e+02 2.287094539645713187e+00
-1.911553362453452678e+02 1.551161681988778795e+00
-1.932164801959439160e+02 2.801935200200590170e+00
-1.952776241465425642e+02 3.181641248447514503e+00
-1.973387680971412124e+02 2.092615552243052957e+00
-1.993999120477398037e+02 3.597545380637165557e+00
-2.014610559983384519e+02 2.878857714342971441e+00
-2.035221999489371001e+02 3.907103365223325131e+00
-2.055833438995357483e+02 7.104195871295277964e-01
-2.076444878501343680e+02 1.974550379527599153e+00
-2.097056318007330162e+02 2.673602335539716268e+00
-2.117667757513316644e+02 2.887247803154355807e+00
-2.138279197019303126e+02 2.630086102934262371e+00
-2.158890636525289608e+02 2.691387341387106336e+00
-2.179502076031275806e+02 2.049246416715685637e+00
-2.200113515537262288e+02 2.519216339967913498e+00
-2.220724955043248769e+02 2.270959985789259061e+00
-2.241336394549235251e+02 2.692319644231140785e+00
-2.261947834055221449e+02 2.237128769682649398e+00
-2.282559273561207931e+02 1.658314098616350707e+00
-2.303170713067194129e+02 2.383116628563342054e+00
-2.323782152573180895e+02 3.208125889224755056e+00
-2.344393592079167092e+02 2.726107587386690678e+00
-2.365005031585153574e+02 2.956018307901169262e+00
-2.385616471091139772e+02 2.450333534782431766e+00
-2.406227910597126254e+02 2.574612186397581048e+00
-2.426839350103112736e+02 2.384619789111112720e+00
-2.447450789609099218e+02 1.877856139672071878e+00
-2.468062229115085415e+02 3.201516099436431784e+00
-2.488673668621071897e+02 2.885849555935083188e+00
-2.509285108127058663e+02 1.888912132500407237e+00
-2.529896547633044861e+02 2.734204629922556862e+00
-2.550507987139031343e+02 3.271619747631025810e+00
-2.571119426645017825e+02 2.446878544738378292e+00
-2.591730866151003738e+02 2.375091849489166407e+00
-2.612342305656990789e+02 3.642656313908795518e+00
-2.632953745162976702e+02 3.420495113670438236e+00
-2.653565184668963184e+02 2.363331884840930819e+00
-2.674176624174949666e+02 3.045523792780143069e+00
-2.694788063680936148e+02 2.563001830171819151e+00
-2.715399503186922630e+02 3.093714794281211766e+00
-2.736010942692908543e+02 3.100212279744714916e+00
-2.756622382198895025e+02 3.969594454141193829e+00
