2.702086548625578075e+02 -2.886668790768134527e-02
2.681475109119591593e+02 -5.251214355657520372e+00
2.660863669613605111e+02 -3.354251087349776839e+00
2.640252230107619198e+02 -4.409322075299815680e+00
2.619640790601632148e+02 -3.858219340049772850e+00
2.599029351095646234e+02 -3.557619473300140278e+00
2.578417911589659752e+02 -5.011424170696655800e+00
2.557806472083673270e+02 -4.198054386469666888e+00
2.537195032577686788e+02 -4.146366493172351397e+00
2.516583593071700307e+02 -4.973924830022004251e+00
2.495972153565714109e+02 -5.803060273629378152e+00
2.475360714059727627e+02 -5.745053930066061021e+00
2.454749274553741429e+02 -6.313544110292054867e+00
2.434137835047754663e+02 -5.080762189147499441e+00
2.413526395541768466e+02 -4.866764079014084921e+00
2.392914956035781984e+02 -4.277255499442567555e+00
2.372303516529795786e+02 -4.450622873613801822e+00
2.351692077023809020e+02 -3.507317905450417772e+00
2.331080637517822538e+02 -5.986575271526302977e+00
2.310469198011836340e+02 -6.041725113409817105e+00
2.289857758505849858e+02 -4.822709900112373660e+00
2.269246318999863661e+02 -6.189137129296549134e+00
2.248634879493876895e+02 -6.359522423407586444e+00
2.228023439987890697e+02 -6.111697089429021013e+00
2.207412000481904215e+02 -4.309220273617537345e+00
2.186800560975918017e+02 -5.218608131593160060e+00
2.166189121469931536e+02 -5.112632963253593843e+00
2.145577681963945054e+02 -5.929602598192507124e+00
2.124966242457958572e+02 -2.641217745909737236e+00
2.104354802951972374e+02 -6.313143424623842925e+00
2.083743363445985892e+02 -5.399205488845948864e+00
2.063131923939999410e+02 -6.839620650514724787e+00
2.042520484434012928e+02 -5.938485403261296369e+00
2.021909044928026731e+02 -4.088258857544087910e+00
2.001297605422040249e+02 -5.761831728993857205e+00
1.980686165916054051e+02 -7.776264818062735173e+00
1.960074726410067569e+02 -3.573788290675931734e+00
1.939463286904081087e+02 -4.665081285490824570e+00
1.918851847398094890e+02 -4.007703739404663956e+00
1.898240407892108408e+02 -6.265143086996077137e+00
1.877628968386121926e+02 -5.652056914787837449e+00
1.857017528880135444e+02 -5.069519030290205563e+00
1.836406089374149246e+02 -5.814325613308515273e+00
1.815794649868162765e+02 -6.330242199385804902e+00
1.795183210362176283e+02 -5.018001020750821439e+00
1.774571770856189801e+02 -4.251564527586501718e+00
1.753960331350203603e+02 -4.442255911284460623e+00
1.733348891844217121e+02 -3.937399659341704883e+00
1.712737452338230923e+02 -6.022506988618389734e+00
1.692126012832244157e+02 -5.515274313051371280e+00
1.671514573326257960e+02 -6.743083611593657878e+00
1.650903133820271478e+02 -4.085658923317309288e+00
1.630291694314285280e+02 -6.516057275020163075e+00
1.609680254808298798e+02 -5.920094270742984222e+00
1.589068815302312316e+02 -5.559920997357454375e+00
1.568457375796325834e+02 -5.764714119106174373e+00
1.547845936290339353e+02 -4.130286511481940259e+00
1.527234496784353155e+02 -3.468638001169036311e+00
1.506623057278366389e+02 -4.820479269712204307e+00
1.486011617772380191e+02 -5.613437217857012662e+00
1.465400178266393709e+02 -3.660501266023352240e+00
1.444788738760407512e+02 -4.570008545900801522e+00
1.424177299254421030e+02 -5.178947843974741616e+00
1.403565859748434548e+02 -4.392874702251406305e+00
1.382954420242448066e+02 -8.083555854342730385e+00
1.362342980736461868e+02 -5.727949297468711620e+00
1.341731541230475386e+02 -5.931014334586894421e+00
1.321120101724489189e+02 -5.816642402813303470e+00
1.300508662218502707e+02 -5.362149141577251754e+00
1.279897222712516083e+02 -3.581851891287623157e+00
1.259285783206529743e+02 -5.145731363081537779e+00
1.238674343700543261e+02 -6.748080393181112413e+00
1.218062904194556921e+02 -3.938465778850712251e+00
1.197451464688570582e+02 -4.933949613774436749e+00
1.176840025182584100e+02 -4.254724178218922681e+00
1.156228585676597760e+02 -3.635531684587772094e+00
1.135617146170611278e+02 -5.414281862039976190e+00
1.115005706664624938e+02 -6.193538733599927681e+00
1.094394267158638456e+02 -4.317045956686309971e+00
1.073782827652652117e+02 -4.201292299948881315e+00
1.053171388146665777e+02 -2.458060608626548849e+00
1.032559948640679295e+02 -4.557991205418843172e+00
1.011948509134692955e+02 -4.610569640699336169e+00
9.913370696287063311e+01 -7.134254796589810432e+00
9.707256301227198492e+01 -4.261724789391212020e+00
9.501141906167335094e+01 -5.925555425081911132e+00
9.295027511107470275e+01 -5.283249366267703806e+00
9.088913116047606877e+01 -3.512832681166770055e+00
8.882798720987742058e+01 -5.544162499050779402e+00
8.676684325927878660e+01 -5.750690289304845493e+00
8.470569930868015263e+01 -5.500269526980953394e+00
8.264455535808150444e+01 -4.928146748648685183e+00
8.058341140748287046e+01 -4.586054632073934378e+00
7.852226745688422227e+01 -4.726761208917059420e+00
7.646112350628558829e+01 -5.751341569761132533e+00
7.439997955568694010e+01 -5.836120468047771404e+00
7.233883560508830612e+01 -7.092270458756671836e+00
7.027769165448967215e+01 -3.597447088242333724e+00
6.821654770389102396e+01 -4.254982527303616813e+00
6.615540375329238998e+01 -5.295019119029747756e+00
6.409425980269374179e+01 -4.368136633833296756e+00
6.203311585209510071e+01 -6.185682467729440859e+00
5.997197190149645962e+01 -4.579852830756417248e+00
5.791082795089781854e+01 -6.856949278692326288e+00
5.584968400029917746e+01 -6.270198710017703903e+00
5.378854004970053637e+01 -8.866251953869046520e-01
5.172739609910189529e+01 -4.783500686865183482e+00
4.966625214850325420e+01 -5.718624313689252503e+00
4.760510819790462023e+01 -5.341083735893757733e+00
4.554396424730597914e+01 -8.197877895084424438e+00
4.348282029670733806e+01 -5.021396829235825976e+00
4.142167634610869698e+01 -5.195781436165241907e+00
3.936053239551005589e+01 -5.238451866086756503e+00
3.729938844491141481e+01 -4.503027001084702441e+00
3.523824449431278083e+01 -5.088565759813093337e+00
3.317710054371413975e+01 -3.681714476014083193e+00
3.111595659311549511e+01 -4.180603243226598487e+00
2.905481264251685403e+01 -2.928185653288485124e+00
2.699366869191820939e+01 -4.027305902780192071e+00
2.493252474131956831e+01 -3.347913625109060654e+00
2.287138079072093078e+01 -4.983616281784534863e+00
2.081023684012228969e+01 -4.241174009522921118e+00
1.874909288952364861e+01 -3.859996804157731276e+00
1.668794893892500752e+01 -3.312601499187187493e+00
1.462680498832636644e+01 1.828054716506143929e-01
1.256566103772772713e+01 2.872977765102622816e-01
1.050451708712908427e+01 4.799358704025801892e+00
8.443373136530444967e+00 1.129393935620016620e+01
6.382229185931803883e+00 2.219976576486979880e+01
4.321085235333161911e+00 3.186652681047435465e+01
2.259941284734521716e+00 3.506399726327830280e+01
1.987973341358807156e-01 3.817705198173094772e+01
-1.862346616462760007e+00 3.909154200666016976e+01
-3.923490567061400647e+00 3.813720082285195900e+01
-5.984634517660041730e+00 4.474241163956911294e+01
-8.045778468258681926e+00 5.173003508785189553e+01
-1.010692241885732301e+01 5.565023632491030980e+01
-1.216806636945596232e+01 4.688727198937009888e+01
-1.422921032005460518e+01 3.677281041701052544e+01
-1.629035427065324626e+01 2.588936730162965105e+01
-1.835149822125188379e+01 1.817457629447293144e+01
-2.041264217185052487e+01 1.910199680157035473e+01
-2.247378612244916951e+01 1.837257856636088249e+01
-2.453493007304780704e+01 1.784486047584491786e+01
-2.659607402364644813e+01 1.899178838156161575e+01
-2.865721797424508921e+01 2.491213652362415232e+01
-3.071836192484373029e+01 2.821731024074803074e+01
-3.277950587544237493e+01 3.325778593535761019e+01
-3.484064982604100891e+01 3.962141729874807794e+01
-3.690179377663964999e+01 3.868838953800634073e+01
-3.896293772723829107e+01 4.057519767279534761e+01
-4.102408167783693216e+01 3.854953935265747589e+01
-4.308522562843557324e+01 3.791206527892041578e+01
-4.514636957903422143e+01 2.942252981214053165e+01
-4.720751352963286251e+01 2.977084317388268531e+01
-4.926865748023149649e+01 2.558091475508247470e+01
-5.132980143083014468e+01 2.247614091978040207e+01
-5.339094538142878577e+01 2.300697876370511352e+01
-5.545208933202742685e+01 2.003071114963072930e+01
-5.751323328262606793e+01 1.481390103520961432e+01
-5.957437723322470191e+01 1.371118218464922478e+01
-6.163552118382334299e+01 1.119480602681303871e+01
-6.369666513442198408e+01 6.138790318993465611e+00
-6.575780908502062516e+01 5.047226583242691689e+00
-6.781895303561927335e+01 4.268318275968726816e+00
-6.988009698621790733e+01 5.186037570305408018e+00
-7.194124093681655552e+01 3.634180368632557556e+00
-7.400238488741518950e+01 2.219493105405752065e+00
-7.606352883801383769e+01 1.487069351142787710e+00
-7.812467278861247166e+01 1.594911612324497296e+00
-8.018581673921110564e+01 -1.123552063687905250e-01
-8.224696068980975383e+01 -1.980845322533717257e+00
-8.430810464040838781e+01 4.486487914841348901e-01
-8.636924859100703600e+01 -2.180004470114636828e+00
-8.843039254160566998e+01 -1.208836987378932415e+00
-9.049153649220431817e+01 -6.716384378212283957e-02
-9.255268044280295214e+01 1.076387347894773638e+00
-9.461382439340160033e+01 -1.339577841117495227e+00
-9.667496834400024852e+01 -1.775236553471877921e+00
-9.873611229459888250e+01 -1.929525339167383446e+00
-1.007972562451975165e+02 -3.856369782621336562e+00
-1.028584001957961505e+02 -1.144518767424033356e+00
-1.049195441463947986e+02 1.033013380529903547e-01
-1.069806880969934326e+02 -2.317377765517662613e+00
-1.090418320475920808e+02 -2.614962041629279810e+00
-1.111029759981907148e+02 -2.431904275972057050e+00
-1.131641199487893630e+02 -1.125673562806205563e+00
-1.152252638993879970e+02 -6.952914090118661461e-02
-1.172864078499866309e+02 -1.458578399896668376e+00
-1.193475518005852791e+02 -3.708734717871889353e-01
-1.214086957511839131e+02 -1.190710797749751970e+00
-1.234698397017825613e+02 -3.139782713770007838e+00
-1.255309836523811953e+02 -2.561257649663994940e+00
-1.275921276029798292e+02 -1.982999689327402892e+00
-1.296532715535784916e+02 -2.596357918967967748e+00
-1.317144155041771398e+02 -2.398329669944467835e+00
-1.337755594547757596e+02 -3.887403318671219576e+00
-1.358367034053744078e+02 -2.125429576283242916e+00
-1.378978473559730276e+02 -2.213256398395436531e+00
-1.399589913065717042e+02 -1.148154669916918946e+00
-1.420201352571703239e+02 -5.942617025334790970e-01
-1.440812792077689721e+02 8.496163102532919842e-01
-1.461424231583675919e+02 -1.200847051202355242e+00
-1.482035671089662401e+02 -8.104339602757780758e-01
-1.502647110595648883e+02 -8.072112980878713984e-01
-1.523258550101635365e+02 -1.911063713234282035e+00
-1.543869989607621847e+02 -1.523289205371416877e+00
-1.564481429113608044e+02 1.421684365292678054e+00
-1.585092868619594526e+02 -1.631346102040873269e+00
-1.605704308125581008e+02 -2.113734959226004406e+00
-1.626315747631567490e+02 -1.406821922999628605e+00
-1.646927187137553688e+02 -3.221070116595079913e+00
-1.667538626643540169e+02 -1.694323805606239741e+00
-1.688150066149526367e+02 5.037063322795618525e-01
-1.708761505655513133e+02 -1.858249476287042068e+00
-1.729372945161499331e+02 -2.050638319065473336e+00
-1.749984384667485813e+02 -4.297775446272765087e+00
-1.770595824173472010e+02 -1.701874512368158898e+00
-1.791207263679458777e+02 5.747489366789232390e-01
-1.811818703185444974e+02 -9.438904429634004112e-01
-1.832430142691431456e+02 -2.035339777518922144e+00
-1.853041582197417654e+02 2.164276394600699760e+00
-1.873653021703404136e+02 1.419674971006900321e+00
-1.894264461209390618e+02 2.125404396938374019e-01
-1.914875900715377099e+02 5.642265912971561326e-01
-1.935487340221363581e+02 1.430062679689124705e+00
-1.956098779727349779e+02 -2.589888132441900304e+00
-1.976710219233336261e+02 -5.568801019992238865e-01
-1.997321658739322743e+02 -1.907399373557862932e+00
-2.017933098245309509e+02 -9.457971476372788455e-01
-2.038544537751295707e+02 3.060528397188939098e-01
-2.059155977257282188e+02 -2.255407526913231209e+00
-2.079767416763268386e+02 -1.867805915505048597e-01
-2.100378856269255152e+02 1.404744586963840636e+00
-2.120990295775241350e+02 -2.374940127078269403e-01
-2.141601735281227832e+02 -1.184225876354571660e+00
-2.162213174787214029e+02 1.881341885100132616e-01
-2.182824614293200511e+02 -6.807335920118342543e-01
-2.203436053799186993e+02 -1.461125927858461404e+00
-2.224047493305173475e+02 2.995035083265961684e-01
-2.244658932811159673e+02 4.043579021144037555e-01
-2.265270372317146155e+02 -1.451008178846153074e+00
-2.285881811823132637e+02 -1.238193252271267308e+00
-2.306493251329119119e+02 1.646149788429060346e+00
-2.327104690835105600e+02 6.297872637888107805e-01
-2.347716130341091798e+02 -2.871833508525593714e+00
-2.368327569847078280e+02 -2.002661906382015577e-01
-2.388939009353064478e+02 -1.678228486298753319e+00
-2.409550448859051244e+02 -8.263661436459438514e-01
-2.430161888365037441e+02 -8.405170010229489064e-01
-2.450773327871023923e+02 -1.423088047061405348e+00
-2.471384767377010121e+02 -2.577829404959340209e+00
-2.491996206882996887e+02 -1.470346171711718997e+00
-2.512607646388983085e+02 3.555761205718458995e-01
-2.533219085894969567e+02 -2.081999372371360568e+00
-2.553830525400955764e+02 -3.098222255040194550e+00
