2.632601508977232356e+02 -1.495538449378688572e-01
2.611990069471245874e+02 1.060628279318265310e+00
2.591378629965259393e+02 1.674235741294152202e+00
2.570767190459272911e+02 3.477293143514023299e+00
2.550155750953286429e+02 3.509038337959030418e+00
2.529544311447300231e+02 4.515339026462394045e+00
2.508932871941313749e+02 3.093561228000389018e+00
2.488321432435327552e+02 3.552401526977666979e+00
2.467709992929341070e+02 4.822283912134230022e+00
2.447098553423354588e+02 4.197448476156513841e+00
2.426487113917368106e+02 4.682082282092295600e+00
2.405875674411381908e+02 4.639232439467640745e+00
2.385264234905395426e+02 4.744568605836450459e+00
2.364652795399408944e+02 5.603122016365766456e+00
2.344041355893422462e+02 5.040024717998257131e+00
2.323429916387436265e+02 4.511939888221899508e+00
2.302818476881449783e+02 4.597833514278589107e+00
2.282207037375463585e+02 3.515030464418993361e+00
2.261595597869476819e+02 6.203681191152471186e+00
2.240984158363490337e+02 6.081171328057002334e+00
2.220372718857504140e+02 6.501625743419486625e+00
2.199761279351517658e+02 5.493951458435586410e+00
2.179149839845531460e+02 4.826223957061880121e+00
2.158538400339544694e+02 8.064376263974729397e+00
2.137926960833558496e+02 4.562028099583569585e+00
2.117315521327572014e+02 7.043751092249735279e+00
2.096704081821585817e+02 5.698787936685660860e+00
2.076092642315599051e+02 6.517824587789397661e+00
2.055481202809612853e+02 5.980300231483925977e+00
2.034869763303626371e+02 4.908628185001650657e+00
2.014258323797640173e+02 5.885254247454120957e+00
1.993646884291653691e+02 5.453007798619644575e+00
1.973035444785667210e+02 4.741345232279455146e+00
1.952424005279680728e+02 5.454978440627620273e+00
1.931812565773694530e+02 6.556528047073381771e+00
1.911201126267708048e+02 4.489063693002410815e+00
1.890589686761721850e+02 5.883590098071167951e+00
1.869978247255735084e+02 5.680477632019302447e+00
1.849366807749748602e+02 5.754801816568851258e+00
1.828755368243762405e+02 4.577381245708852298e+00
1.808143928737775923e+02 5.116056521325553774e+00
1.787532489231789441e+02 6.168522073651322657e+00
1.766921049725802959e+02 5.559884098081826487e+00
1.746309610219816761e+02 4.708978076267645640e+00
1.725698170713830280e+02 7.345902174577383370e+00
1.705086731207844082e+02 7.578327722671616584e+00
1.684475291701857316e+02 6.878180023760434025e+00
1.663863852195871118e+02 5.973322279483729957e+00
1.643252412689884636e+02 4.737890903795042519e+00
1.622640973183898438e+02 6.701274188864331016e+00
1.602029533677911957e+02 6.401922925393060737e+00
1.581418094171925475e+02 6.055192513937175391e+00
1.560806654665938993e+02 6.686257343814119736e+00
1.540195215159952795e+02 6.660907541841935675e+00
1.519583775653966313e+02 6.949919954341074124e+00
1.498972336147980116e+02 6.019704723257178536e+00
1.478360896641993349e+02 5.544149143576166061e+00
1.457749457136006868e+02 6.726978211665952223e+00
1.437138017630020670e+02 7.139391556846162779e+00
1.416526578124034188e+02 6.271812457406330310e+00
1.395915138618047706e+02 5.573013091472068581e+00
1.375303699112061224e+02 5.837366889032102435e+00
1.354692259606075027e+02 4.582173770268095581e+00
1.334080820100088545e+02 6.163362595376165487e+00
1.313469380594102347e+02 4.148270143185356140e+00
1.292857941088115865e+02 8.093375242205762987e+00
1.272246501582129241e+02 6.363920205558665444e+00
1.251635062076142901e+02 5.584592297597239963e+00
1.231023622570156419e+02 6.227884681776111542e+00
1.210412183064170080e+02 6.475726947695530811e+00
1.189800743558183740e+02 4.069461646286033130e+00
1.169189304052197258e+02 5.275363138938319096e+00
1.148577864546210918e+02 6.238985247259586586e+00
1.127966425040224436e+02 5.712116388019648383e+00
1.107354985534238097e+02 4.622350060956628148e+00
1.086743546028251757e+02 7.285570661241232315e+00
1.066132106522265275e+02 5.645860730748607281e+00
1.045520667016278935e+02 4.536921939469886311e+00
1.024909227510292453e+02 5.253267228122495247e+00
1.004297788004306113e+02 6.429612545069962160e+00
9.836863484983196315e+01 4.625798420986168225e+00
9.630749089923332917e+01 4.300326258315937622e+00
9.424634694863469520e+01 7.063471207426537113e+00
9.218520299803604701e+01 4.828188291735246551e+00
9.012405904743739882e+01 4.388487642448367865e+00
8.806291509683875063e+01 5.319749804086103318e+00
8.600177114624011665e+01 5.239979065739524877e+00
8.394062719564146846e+01 4.642604731563682030e+00
8.187948324504283448e+01 4.701964596730124235e+00
7.981833929444420050e+01 5.454675399383656753e+00
7.775719534384555232e+01 4.560900915224622487e+00
7.569605139324691834e+01 5.224963444536911084e+00
7.363490744264827015e+01 6.446279180655215768e+00
7.157376349204963617e+01 4.965203560368583346e+00
6.951261954145098798e+01 4.880873188525807649e+00
6.745147559085235400e+01 5.207409551624847310e+00
6.539033164025370581e+01 6.432364620055518678e+00
6.332918768965507184e+01 7.672749325965253497e+00
6.126804373905642365e+01 4.862776309052678769e+00
5.920689978845778967e+01 4.878502292274827568e+00
5.714575583785914858e+01 5.080909364473348511e+00
5.508461188726050750e+01 4.358163632116880848e+00
5.302346793666186642e+01 4.494263548692235766e+00
5.096232398606322533e+01 4.776933668072265604e+00
4.890118003546458425e+01 5.410997781499934156e+00
4.684003608486594317e+01 4.353035719703755468e+00
4.477889213426730919e+01 5.065065783771686370e+00
4.271774818366866810e+01 6.569745686116879924e+00
4.065660423307001992e+01 5.648012387111343457e+00
3.859546028247137883e+01 5.306954587952832370e+00
3.653431633187273775e+01 4.740032550810036049e+00
3.447317238127409667e+01 3.928367646954248560e+00
3.241202843067545558e+01 3.779248949846651495e+00
3.035088448007681805e+01 5.752775368996983829e+00
2.828974052947818052e+01 4.934532475123096340e+00
2.622859657887953588e+01 5.392892868114942395e+00
2.416745262828089480e+01 7.757239149599485906e+00
2.210630867768225727e+01 7.992426549279870507e+00
2.004516472708361619e+01 7.734827299076879825e+00
1.798402077648497155e+01 8.696487422346448781e+00
1.592287682588633402e+01 8.576505076680927431e+00
1.386173287528769116e+01 1.099398752651964450e+01
1.180058892468905185e+01 1.309252218994141082e+01
9.739444974090410767e+00 1.881874682795589848e+01
7.678301023491770572e+00 2.466001088908021188e+01
5.617157072893129488e+00 4.357718468758474728e+01
3.556013122294488404e+00 5.949259020303204437e+01
1.494869171695847765e+00 6.350885879037065962e+01
-5.662747789027929857e-01 6.551458707397036108e+01
-2.627418729501433514e+00 6.622239297610407505e+01
-4.688562680100074154e+00 6.940594913516638087e+01
-6.749706630698715237e+00 7.232269852457017123e+01
-8.810850581297357209e+00 7.851865534751973996e+01
-1.087199453189599652e+01 8.245656075344324165e+01
-1.293313848249463760e+01 8.425277653057788996e+01
-1.499428243309327868e+01 7.892642533730817433e+01
-1.705542638369191977e+01 7.416232397646817276e+01
-1.911657033429055730e+01 6.898760796409230522e+01
-2.117771428488920193e+01 6.384276998828687510e+01
-2.323885823548784302e+01 6.120746631087317979e+01
-2.530000218608648410e+01 5.749808883426992168e+01
-2.736114613668512163e+01 5.641228928588409985e+01
-2.942229008728376272e+01 5.200500983194131521e+01
-3.148343403788240735e+01 4.665460675742155416e+01
-3.354457798848104488e+01 4.367503552393070976e+01
-3.560572193907969307e+01 4.061785091789273849e+01
-3.766686588967832705e+01 3.714123661305566060e+01
-3.972800984027696813e+01 3.212154829864742567e+01
-4.178915379087560922e+01 2.912971885341540101e+01
-4.385029774147425030e+01 2.666575877571455422e+01
-4.591144169207289139e+01 2.022030941143052374e+01
-4.797258564267153247e+01 1.782056177402834507e+01
-5.003372959327017355e+01 1.802009595327885094e+01
-5.209487354386880753e+01 1.694737228425635323e+01
-5.415601749446744861e+01 1.768302769352811055e+01
-5.621716144506609680e+01 1.840054478547525818e+01
-5.827830539566473789e+01 1.725439117168329872e+01
-6.033944934626337897e+01 1.772207690458658647e+01
-6.240059329686202005e+01 1.985776388533574632e+01
-6.446173724746066114e+01 1.909215447702381496e+01
-6.652288119805930933e+01 1.486657945168825101e+01
-6.858402514865794330e+01 1.353172979594256553e+01
-7.064516909925659149e+01 1.152694053893831416e+01
-7.270631304985522547e+01 1.033358606172097716e+01
-7.476745700045385945e+01 8.185308432014487323e+00
-7.682860095105250764e+01 6.467456501810704417e+00
-7.888974490165114162e+01 5.303773266232837180e+00
-8.095088885224978981e+01 4.968597064626042226e+00
-8.301203280284842378e+01 4.350496851597231540e+00
-8.507317675344705776e+01 3.349989671155503945e+00
-8.713432070404570595e+01 3.386839811503141284e+00
-8.919546465464433993e+01 2.905092865578348338e+00
-9.125660860524298812e+01 2.410693642234492895e+00
-9.331775255584162210e+01 2.373844201666241993e+00
-9.537889650644027029e+01 2.406060456198244601e+00
-9.744004045703890426e+01 2.591183599552552508e+00
-9.950118440763753824e+01 1.161052483618370434e+00
-1.015623283582361864e+02 1.731225550631086074e+00
-1.036234723088348346e+02 2.763515179797052745e+00
-1.056846162594334828e+02 2.265813871036437721e+00
-1.077457602100321168e+02 1.310451748350881962e+00
-1.098069041606307650e+02 5.797315844361492498e-01
-1.118680481112293990e+02 2.678786240467888824e+00
-1.139291920618280329e+02 1.481633297423053941e+00
-1.159903360124266811e+02 1.479540987247087269e+00
-1.180514799630253151e+02 9.878541559009189621e-01
-1.201126239136239633e+02 1.142946654526746375e+00
-1.221737678642225973e+02 7.697541387507781385e-01
-1.242349118148212455e+02 2.345473378716772750e+00
-1.262960557654198794e+02 1.206499929037992525e+00
-1.283571997160185276e+02 2.279736865947269209e+00
-1.304183436666171758e+02 9.215862991367981261e-01
-1.324794876172158240e+02 7.018970872307012110e-01
-1.345406315678144438e+02 9.280654400015246885e-01
-1.366017755184130920e+02 -6.256065216603283741e-01
-1.386629194690117117e+02 -1.223231728490053793e+00
-1.407240634196103599e+02 -3.834910006751044986e-01
-1.427852073702090081e+02 3.994850418626390981e-02
-1.448463513208076563e+02 -6.868421410051831488e-01
-1.469074952714062761e+02 4.715011050327951869e-01
-1.489686392220049242e+02 1.092463368999681883e+00
-1.510297831726035724e+02 4.677233075988690980e-01
-1.530909271232022206e+02 9.674919215708701614e-01
-1.551520710738008404e+02 3.672977744484271501e-01
-1.572132150243994886e+02 -6.138882974575431417e-01
-1.592743589749981084e+02 5.588614589458481552e-01
-1.613355029255967850e+02 -8.061988735901636227e-01
-1.633966468761954332e+02 3.735027949949054071e-01
-1.654577908267940529e+02 -2.658455875096733534e-01
-1.675189347773927011e+02 -1.247505592134468211e+00
-1.695800787279913209e+02 -2.023985948652923028e+00
-1.716412226785899975e+02 5.123860545258976940e-01
-1.737023666291886173e+02 -5.471817654129155217e-01
-1.757635105797872654e+02 4.614291470012078789e-02
-1.778246545303858852e+02 -1.900131812651746632e-01
-1.798857984809845618e+02 -8.190761996912560017e-01
-1.819469424315831816e+02 1.274525104978709023e-01
-1.840080863821818298e+02 -6.601785595278315544e-01
-1.860692303327804495e+02 -2.126811457593895394e-01
-1.881303742833790977e+02 1.129662385584388751e-02
-1.901915182339777459e+02 -1.327535133817399515e+00
-1.922526621845763941e+02 1.729898617030335151e-01
-1.943138061351750139e+02 -2.206062825028582530e+00
-1.963749500857736621e+02 -2.188065577987803045e-01
-1.984360940363722818e+02 -8.019511189108051719e-01
-2.004972379869709584e+02 8.325598501929669659e-01
-2.025583819375696066e+02 6.507638830670921248e-02
-2.046195258881682264e+02 -7.041056082362968649e-01
-2.066806698387668746e+02 3.424332027840772952e-01
-2.087418137893655228e+02 -1.112047717131417812e+00
-2.108029577399641710e+02 -1.637827214687198385e+00
-2.128641016905627907e+02 -1.629230248885444599e-01
-2.149252456411614389e+02 -2.333603636532245673e+00
-2.169863895917600587e+02 -5.581366442167627895e-01
-2.190475335423587353e+02 -5.123106075689732863e-01
-2.211086774929573551e+02 -1.266023467962642757e+00
-2.231698214435560033e+02 2.979836339119558697e-01
-2.252309653941546230e+02 -2.809815048166206530e-01
-2.272921093447532712e+02 -4.354642533387422798e-01
-2.293532532953519194e+02 -5.600617948019819270e-01
-2.314143972459505676e+02 -5.934101861111843457e-01
-2.334755411965491874e+02 -2.217629722822800353e+00
-2.355366851471478356e+02 -1.346094593478327495e+00
-2.375978290977464553e+02 -3.777721922455544723e-01
-2.396589730483451319e+02 -1.284509660882105386e+00
-2.417201169989437801e+02 1.290670802808461470e+00
-2.437812609495423999e+02 1.357454050340300089e+00
-2.458424049001410481e+02 -8.284317730833693494e-01
-2.479035488507396963e+02 -2.454040861019609610e-01
-2.499646928013383445e+02 1.424255897405185718e-02
-2.520258367519369642e+02 -1.037835849274892253e+00
-2.540869807025356124e+02 -1.183952419753091734e+00
-2.561481246531342322e+02 1.030566087870391057e+00
-2.582092686037328804e+02 -2.393457565206469351e-02
-2.602704125543315286e+02 1.630856287966613971e+00
-2.623315565049301767e+02 1.765268164291485364e+00
