2.671082865458641891e+02 -1.065121194856968323e+00
2.650471425952655977e+02 -1.748639284717975473e+00
2.629859986446669495e+02 -3.324613831209420223e+00
2.609248546940683013e+02 -4.205909226622161157e+00
2.588637107434696532e+02 -5.766667989039816256e+00
2.568025667928710050e+02 -6.001499448194497432e+00
2.547414228422723568e+02 -3.411298609487887656e+00
2.526802788916737370e+02 -5.103250597933468136e+00
2.506191349410750888e+02 -3.710562230359288005e+00
2.485579909904764122e+02 -5.370208681459651245e+00
2.464968470398777924e+02 -5.393706624710135955e+00
2.444357030892791443e+02 -6.879244173874639934e+00
2.423745591386805245e+02 -5.408973851026338764e+00
2.403134151880818763e+02 -6.237439547035600107e+00
2.382522712374832281e+02 -7.456203502804592986e+00
2.361911272868845799e+02 -6.005340872744319825e+00
2.341299833362859601e+02 -6.021441793177597646e+00
2.320688393856873120e+02 -6.385906536129946964e+00
2.300076954350886922e+02 -6.172841353226450778e+00
2.279465514844900156e+02 -3.845717361445238680e+00
2.258854075338913958e+02 -5.380125596353873441e+00
2.238242635832927476e+02 -6.886103256763187019e+00
2.217631196326941279e+02 -5.603907317791340326e+00
2.197019756820954797e+02 -2.847956119309470235e+00
2.176408317314968315e+02 -5.129529934047964090e+00
2.155796877808981833e+02 -4.585598778916490481e+00
2.135185438302995635e+02 -5.167946773519636494e+00
2.114573998797009153e+02 -2.217739031379948766e+00
2.093962559291022387e+02 -4.481362428385774699e+00
2.073351119785036190e+02 -6.271794114575865997e+00
2.052739680279049708e+02 -5.517504825824979697e+00
2.032128240773063510e+02 -3.755340097617066331e+00
2.011516801267077028e+02 -5.092156519334289477e+00
1.990905361761090546e+02 -3.619528721211513922e+00
1.970293922255104064e+02 -6.007323026404709054e+00
1.949682482749117867e+02 -6.513688241399194112e+00
1.929071043243131385e+02 -2.926643540675628596e+00
1.908459603737145187e+02 -3.425799698871101917e+00
1.887848164231158421e+02 -3.133424537368111551e+00
1.867236724725172223e+02 -1.148989736006154061e+00
1.846625285219185741e+02 -6.379347992397914169e+00
1.826013845713199544e+02 -4.506155842976387937e+00
1.805402406207212778e+02 -4.751376826461025438e+00
1.784790966701226580e+02 -9.029678841720121696e+00
1.764179527195240098e+02 -2.911703036980809234e+00
1.743568087689253900e+02 -7.382455029803756119e+00
1.722956648183267419e+02 -5.881508954391488686e+00
1.702345208677280652e+02 -5.696580641817116764e+00
1.681733769171294455e+02 -4.198258550236070974e+00
1.661122329665307973e+02 -4.179372851225577890e+00
1.640510890159321775e+02 -4.472677064188852469e+00
1.619899450653335293e+02 -4.341482202861815409e+00
1.599288011147348811e+02 -3.199065811448011054e+00
1.578676571641362330e+02 -3.818018202614513967e+00
1.558065132135376132e+02 -4.999725776965119550e+00
1.537453692629389650e+02 -3.646279381124558849e+00
1.516842253123403168e+02 -2.949888418344580376e+00
1.496230813617416686e+02 -3.896693382123231242e+00
1.475619374111430488e+02 -3.586588205269179319e+00
1.455007934605444007e+02 -1.930729824115796411e+00
1.434396495099457809e+02 -5.173309203472562068e+00
1.413785055593471043e+02 -4.215072386373151403e+00
1.393173616087484845e+02 -9.821433340916081445e-01
1.372562176581498363e+02 -2.253280496860960991e+00
1.351950737075512166e+02 -3.715683058647823778e+00
1.331339297569525684e+02 -4.481922740270459116e+00
1.310727858063538918e+02 -2.506616075405644128e+00
1.290116418557552720e+02 -3.183081211035649005e+00
1.269504979051566380e+02 -3.294775406695810815e+00
1.248893539545579898e+02 -2.631870152121069673e+00
1.228282100039593558e+02 -4.623075392228523484e+00
1.207670660533607219e+02 -5.483385058030054715e+00
1.187059221027620737e+02 -4.299682138125799469e+00
1.166447781521634397e+02 -2.994908836335049340e+00
1.145836342015647915e+02 -4.055434317360848695e+00
1.125224902509661433e+02 -4.416854998836799773e+00
1.104613463003674951e+02 -4.419885662014634953e+00
1.084002023497688612e+02 -3.519536885047653829e+00
1.063390583991702272e+02 -4.488216836587633374e+00
1.042779144485715790e+02 -1.298610086607181247e+00
1.022167704979729450e+02 -3.200009446689369597e+00
1.001556265473742968e+02 -5.714049450725560142e+00
9.809448259677566284e+01 -2.117587408557454420e+00
9.603333864617701465e+01 -5.269093564568066768e+00
9.397219469557838067e+01 -2.055986552324292393e+00
9.191105074497974670e+01 -3.308124333867021871e+00
8.984990679438109851e+01 -2.783996678929415935e+00
8.778876284378246453e+01 -4.307728874959216192e+00
8.572761889318381634e+01 -2.329310828473841077e+00
8.366647494258518236e+01 -3.767645696372899700e+00
8.160533099198653417e+01 -1.727373388505329954e+00
7.954418704138790019e+01 -3.150779789604823300e+00
7.748304309078926622e+01 -4.035375287353271112e+00
7.542189914019061803e+01 -8.609712806857917622e-01
7.336075518959196984e+01 -4.271193629412252335e+00
7.129961123899332165e+01 -3.854689099667913954e+00
6.923846728839468767e+01 -3.115051712557295183e+00
6.717732333779605369e+01 -1.587239805232486090e+00
6.511617938719740550e+01 -3.642338976877870227e+00
6.305503543659876442e+01 -3.960978912974935540e+00
6.099389148600012334e+01 -4.101126412529294107e+00
5.893274753540148936e+01 -3.121138739252680150e+00
5.687160358480284827e+01 -3.162805039031671761e+00
5.481045963420420719e+01 -2.574645518026145385e+00
5.274931568360556611e+01 -1.653060145267161385e+00
5.068817173300692502e+01 -3.958702153299326287e+00
4.862702778240828394e+01 -4.458365991043101495e+00
4.656588383180964996e+01 -2.690816730114116151e+00
4.450473988121100177e+01 -1.759203181382058112e+00
4.244359593061236069e+01 -3.851737032276286499e+00
4.038245198001371961e+01 -1.975941729838027072e+00
3.832130802941507852e+01 -3.115954012340489410e+00
3.626016407881643744e+01 -1.166207651570696724e+00
3.419902012821779635e+01 -1.405118563977891366e+00
3.213787617761915527e+01 -8.835736826850638659e-01
3.007673222702051419e+01 -1.333389124017856808e+00
2.801558827642187666e+01 -4.066133831606164151e+00
2.595444432582323557e+01 -8.479688676582413098e-01
2.389330037522459449e+01 -1.110870540788611915e+00
2.183215642462595696e+01 3.601929109708040255e-01
1.977101247402731232e+01 -9.780779368833574239e-01
1.770986852342867124e+01 -7.011237064922392070e-01
1.564872457283003193e+01 2.100231381753027371e+00
1.358758062223139085e+01 4.160227906287425448e+00
1.152643667163274976e+01 6.527710631709834566e+00
9.465292721034110457e+00 1.489353134989867833e+01
7.404148770435468485e+00 2.774412972463670002e+01
5.343004819836826513e+00 3.907112532685966499e+01
3.281860869238186318e+00 3.739536613088099415e+01
1.220716918639545678e+00 4.127644163612404782e+01
-8.404270319590950722e-01 4.378484981285419764e+01
-2.901570982557736045e+00 4.627905497748137265e+01
-4.962714933156377128e+00 4.935029267056999203e+01
-7.023858883755017324e+00 4.997693363486981610e+01
-9.085002834353657519e+00 5.128127144200332310e+01
-1.114614678495229860e+01 4.829347383310979325e+01
-1.320729073555093969e+01 5.206138215408737580e+01
-1.526843468614958077e+01 5.614349568860135520e+01
-1.732957863674822008e+01 5.406419487033831928e+01
-1.939072258734686116e+01 4.994587013219215521e+01
-2.145186653794550224e+01 5.227845550528262208e+01
-2.351301048854414333e+01 4.717097788005942505e+01
-2.557415443914278441e+01 4.272250257574346932e+01
-2.763529838974142550e+01 4.226356182000150596e+01
-2.969644234034006658e+01 3.826483033617390817e+01
-3.175758629093870766e+01 3.491314516987422678e+01
-3.381873024153735230e+01 3.186863846132555977e+01
-3.587987419213599338e+01 2.728440740277182996e+01
-3.794101814273462736e+01 2.246662378118748293e+01
-4.000216209333326844e+01 2.237795464591486549e+01
-4.206330604393190953e+01 2.049627416487986409e+01
-4.412444999453055061e+01 1.337301872943067060e+01
-4.618559394512919170e+01 1.385636064265223943e+01
-4.824673789572783278e+01 1.182047904666280225e+01
-5.030788184632646676e+01 1.064599700829894147e+01
-5.236902579692511495e+01 1.128110329198493922e+01
-5.443016974752375603e+01 9.228556749603104237e+00
-5.649131369812239711e+01 6.450899736543211027e+00
-5.855245764872103820e+01 5.408793263312146493e+00
-6.061360159931967928e+01 5.438900767553517923e+00
-6.267474554991832036e+01 2.756178702262139346e+00
-6.473588950051696145e+01 5.503987140138146827e+00
-6.679703345111559543e+01 2.486692659988576803e+00
-6.885817740171424362e+01 -2.479576365603625432e-01
-7.091932135231287759e+01 6.380441392241121834e-01
-7.298046530291151157e+01 4.906330246653705651e-01
-7.504160925351015976e+01 -1.188802339709352340e+00
-7.710275320410879374e+01 -8.848710433493556238e-01
-7.916389715470744193e+01 -1.134509486780630683e+00
-8.122504110530609012e+01 -1.620107629518931835e+00
-8.328618505590473831e+01 -1.427688147378946226e+00
-8.534732900650337228e+01 -1.448692446416137702e+00
-8.740847295710200626e+01 -1.213569986116334931e+00
-8.946961690770065445e+01 -1.190066255423971819e+00
-9.153076085829928843e+01 -2.170713696869592813e+00
-9.359190480889793662e+01 8.327448431830090092e-01
-9.565304875949657060e+01 -7.286616906320910747e-01
-9.771419271009521879e+01 -1.567076853435737327e+00
-9.977533666069385276e+01 -1.757152434539448249e+00
-1.018364806112924867e+02 -2.899565950163476291e+00
-1.038976245618911349e+02 -2.447833828226875674e+00
-1.059587685124897689e+02 -7.319372047811054660e-01
-1.080199124630884171e+02 -9.742537811896504474e-01
-1.100810564136870511e+02 1.118546491004446697e+00
-1.121422003642856993e+02 -7.264556064918864520e-01
-1.142033443148843332e+02 -3.814166768591819690e+00
-1.162644882654829672e+02 -2.871192977112070999e+00
-1.183256322160816154e+02 -8.773520735191614114e-03
-1.203867761666802636e+02 -2.366332731413816948e+00
-1.224479201172789118e+02 -8.861791471010124210e-01
-1.245090640678775458e+02 -2.341652779422294939e-01
-1.265702080184761797e+02 -3.135389941655231660e-01
-1.286313519690748137e+02 -1.151623447118712340e+00
-1.306924959196734619e+02 -7.864586361975807183e-01
-1.327536398702721101e+02 1.775818267768729086e+00
-1.348147838208707299e+02 4.429389320152568588e-01
-1.368759277714693781e+02 -5.683709242381114191e-01
-1.389370717220680547e+02 8.026680209403719291e-01
-1.409982156726666744e+02 -9.031517915155975462e-01
-1.430593596232653226e+02 3.342531105186137830e-01
-1.451205035738639424e+02 -1.234391198188951266e+00
-1.471816475244625906e+02 -1.155045257892666211e+00
-1.492427914750612388e+02 -7.741497265243693082e-01
-1.513039354256598870e+02 1.298032266622924480e+00
-1.533650793762585067e+02 -2.837399473825194529e-01
-1.554262233268571549e+02 -5.742459549585793299e-01
-1.574873672774557747e+02 -9.140655335543130811e-01
-1.595485112280544513e+02 -7.665838745223979567e-01
-1.616096551786530711e+02 2.213542036893637377e+00
-1.636707991292517193e+02 2.323491527920837907e+00
-1.657319430798503390e+02 -1.461475635705731524e-01
-1.677930870304489872e+02 -1.880830323443331897e+00
-1.698542309810476354e+02 -9.015941917552222629e-01
-1.719153749316462836e+02 7.162408987858526199e-01
-1.739765188822449034e+02 -1.685142406239585000e+00
-1.760376628328435515e+02 1.488409643675200789e+00
-1.780988067834422282e+02 -9.817495606828404719e-01
-1.801599507340408479e+02 1.258965122146210147e+00
-1.822210946846394961e+02 -3.384675379863475997e-01
-1.842822386352381159e+02 -6.134981005677819788e-01
-1.863433825858367641e+02 -5.746452443857869019e-01
-1.884045265364354123e+02 1.164885002648489598e+00
-1.904656704870340604e+02 1.386457403149460976e+00
-1.925268144376326802e+02 -3.971329961896652438e-01
-1.945879583882313284e+02 6.969973729680575270e-01
-1.966491023388299482e+02 1.557663531565287585e+00
-1.987102462894286248e+02 -3.472453501090376204e-01
-2.007713902400272445e+02 1.086752567354776433e+00
-2.028325341906258927e+02 5.338756815166764147e-01
-2.048936781412245125e+02 1.231853884229755058e+00
-2.069548220918231891e+02 3.342839696667435856e+00
-2.090159660424218089e+02 -9.438494291561195793e-01
-2.110771099930204571e+02 7.092518971938274186e-01
-2.131382539436190768e+02 1.033421351342827643e+00
-2.151993978942177250e+02 3.911386329208090373e+00
-2.172605418448164016e+02 6.993641420257215024e-01
-2.193216857954150214e+02 1.524099328143984078e+00
-2.213828297460136696e+02 3.349010410560067097e-01
-2.234439736966122894e+02 9.821867623447366746e-01
-2.255051176472109375e+02 2.492877071073681672e-01
-2.275662615978095857e+02 -8.526485086917136025e-01
-2.296274055484082339e+02 -6.336449791951778154e-01
-2.316885494990068537e+02 -1.268159609768026552e+00
-2.337496934496055019e+02 8.931295723475254356e-01
-2.358108374002041501e+02 3.560244814764648158e+00
-2.378719813508027983e+02 5.311933079764563637e-01
-2.399331253014014180e+02 1.562911818781202777e+00
-2.419942692520000662e+02 3.640777556475816024e+00
-2.440554132025986860e+02 1.103811675327798447e+00
-2.461165571531973626e+02 -1.084615630380282747e+00
-2.481777011037959824e+02 2.372860651113268826e+00
-2.502388450543946306e+02 1.645434896417884651e+00
-2.522999890049932503e+02 1.339609933060605718e+00
-2.543611329555918985e+02 -2.100408744239430359e+00
-2.564222769061905751e+02 1.408652587204255353e-02
-2.584834208567892233e+02 -3.519502796270701950e+00
