2.688522110052846301e+02 3.242347592481177987e+00
2.667910670546860388e+02 4.723214862430521244e+00
2.647299231040873337e+02 2.826601945689166229e+00
2.626687791534887424e+02 5.820312135317538882e+00
2.606076352028900942e+02 6.449280290051000009e+00
2.585464912522914460e+02 7.468215971217995630e+00
2.564853473016927978e+02 5.783904953184773490e+00
2.544242033510941496e+02 7.607512249718146435e+00
2.523630594004955299e+02 6.970887059342914860e+00
2.503019154498968817e+02 6.068223223760940144e+00
2.482407714992982619e+02 5.083084952011159174e+00
2.461796275486995853e+02 5.481339030511731103e+00
2.441184835981009655e+02 7.032871348195562256e+00
2.420573396475023173e+02 5.735244726633784929e+00
2.399961956969036976e+02 7.435386177944921293e+00
2.379350517463050494e+02 7.610903180694339021e+00
2.358739077957064012e+02 6.813734806612399275e+00
2.338127638451077530e+02 6.213532962487696487e+00
2.317516198945091332e+02 7.845758792336487097e+00
2.296904759439104851e+02 9.715044119351116336e+00
2.276293319933118369e+02 7.408457357021164036e+00
2.255681880427131887e+02 7.170333068934515275e+00
2.235070440921145405e+02 7.720849657579539560e+00
2.214459001415159207e+02 8.845360282366577565e+00
2.193847561909172725e+02 8.144684297014144647e+00
2.173236122403186243e+02 7.749223142047005908e+00
2.152624682897199762e+02 7.378386527415908169e+00
2.132013243391213564e+02 8.208376227810475712e+00
2.111401803885227082e+02 6.501792344662312928e+00
2.090790364379240884e+02 8.256842826876546582e+00
2.070178924873254118e+02 7.461433385301364574e+00
2.049567485367267921e+02 8.188559691061758627e+00
2.028956045861281439e+02 7.903935255297311890e+00
2.008344606355295241e+02 7.468223273708841425e+00
1.987733166849308475e+02 9.675926903552397818e+00
1.967121727343322277e+02 7.012566399696262387e+00
1.946510287837335795e+02 6.001762381541911218e+00
1.925898848331349598e+02 6.891550638133391082e+00
1.905287408825363116e+02 7.481384412222029212e+00
1.884675969319376634e+02 7.360256324649602888e+00
1.864064529813390152e+02 6.884577783425648079e+00
1.843453090307403670e+02 7.154666233066425463e+00
1.822841650801417472e+02 9.122177062219051891e+00
1.802230211295430991e+02 8.836517145260019745e+00
1.781618771789444509e+02 7.404288907829316813e+00
1.761007332283458027e+02 7.552000770824280451e+00
1.740395892777471829e+02 8.433764506763939295e+00
1.719784453271485347e+02 8.627727367942982895e+00
1.699173013765498865e+02 8.009625731527940218e+00
1.678561574259512383e+02 7.919937503660551492e+00
1.657950134753526186e+02 9.449698785617609786e+00
1.637338695247539704e+02 8.016236093423115605e+00
1.616727255741553506e+02 8.735992409727321828e+00
1.596115816235566740e+02 9.677190958556176170e+00
1.575504376729580542e+02 8.381947366157842083e+00
1.554892937223594060e+02 8.328498350406084327e+00
1.534281497717607863e+02 9.249537557705778568e+00
1.513670058211621381e+02 8.308727360155945263e+00
1.493058618705634899e+02 8.576526620456634831e+00
1.472447179199648417e+02 8.105800497248228709e+00
1.451835739693661935e+02 7.283851553562713299e+00
1.431224300187675738e+02 9.647186170559836071e+00
1.410612860681689256e+02 6.997386506923927385e+00
1.390001421175702774e+02 8.272879623358971202e+00
1.369389981669716292e+02 8.030648336598922299e+00
1.348778542163730094e+02 7.181239948482789792e+00
1.328167102657743612e+02 7.689162643209552783e+00
1.307555663151757130e+02 9.132633338822207847e+00
1.286944223645770649e+02 7.680595306210222795e+00
1.266332784139784309e+02 6.781525872368271202e+00
1.245721344633797969e+02 7.188619756898829927e+00
1.225109905127811487e+02 9.250983426631709250e+00
1.204498465621825147e+02 8.631544598961212955e+00
1.183887026115838665e+02 6.758714815966372136e+00
1.163275586609852326e+02 7.990052817440905564e+00
1.142664147103865844e+02 7.253714113930570306e+00
1.122052707597879504e+02 6.494291028955682776e+00
1.101441268091893164e+02 7.752448261301926991e+00
1.080829828585906682e+02 6.445580221146384403e+00
1.060218389079920343e+02 8.235789716636972457e+00
1.039606949573933861e+02 8.282507009381168572e+00
1.018995510067947521e+02 8.125166722767621863e+00
9.983840705619611811e+01 9.290522828138568556e+00
9.777726310559746992e+01 7.748331940567247500e+00
9.571611915499883594e+01 8.246662505775995911e+00
9.365497520440018775e+01 9.193667506901128661e+00
9.159383125380155377e+01 8.264499903783892876e+00
8.953268730320289137e+01 7.369958899619142301e+00
8.747154335260425739e+01 6.803695745929685401e+00
8.541039940200562341e+01 5.966801443966635254e+00
8.334925545140697523e+01 7.482758154506051085e+00
8.128811150080834125e+01 8.539710056785045467e+00
7.922696755020969306e+01 7.731918756162788675e+00
7.716582359961105908e+01 7.704555982439039497e+00
7.510467964901241089e+01 6.718198368365395190e+00
7.304353569841377691e+01 8.145588130778161684e+00
7.098239174781514293e+01 8.256875698476404679e+00
6.892124779721649475e+01 5.690080761982500235e+00
6.686010384661786077e+01 5.372886538583165894e+00
6.479895989601921258e+01 5.709520540801056754e+00
6.273781594542057860e+01 5.009990276119714814e+00
6.067667199482193041e+01 8.349894092786685817e+00
5.861552804422328933e+01 7.943994951482348910e+00
5.655438409362464824e+01 6.923725214176079668e+00
5.449324014302600716e+01 7.676679046035014942e+00
5.243209619242736608e+01 6.796011843002233377e+00
5.037095224182873210e+01 5.813447132122827377e+00
4.830980829123009102e+01 8.166718752973933348e+00
4.624866434063144993e+01 7.383217628582340097e+00
4.418752039003280885e+01 7.270785252674343724e+00
4.212637643943416066e+01 6.713800807549552552e+00
4.006523248883551958e+01 6.111790729726619631e+00
3.800408853823688560e+01 5.312644658317847934e+00
3.594294458763824451e+01 6.441387693535447490e+00
3.388180063703960343e+01 7.172744130418815978e+00
3.182065668644096235e+01 5.831355834546076977e+00
2.975951273584232126e+01 7.138311527731070250e+00
2.769836878524368373e+01 6.069018980930665386e+00
2.563722483464503910e+01 8.385501778080865165e+00
2.357608088404639446e+01 7.493432475474157251e+00
2.151493693344775693e+01 7.961286293250746660e+00
1.945379298284911584e+01 8.718441205098955038e+00
1.739264903225047121e+01 8.463178140848670594e+00
1.533150508165183190e+01 1.100112578679153330e+01
1.327036113105319259e+01 1.204149053081309617e+01
1.120921718045455329e+01 1.502784115359196981e+01
9.148073229855912203e+00 2.078676830249502672e+01
7.086929279257271119e+00 3.064080347838942586e+01
5.025785328658630036e+00 4.401002381615651871e+01
2.964641378059988952e+00 5.555043086994403012e+01
9.034974274613480905e-01 7.110409693218282712e+01
-1.157646523137292771e+00 8.300132641455137161e+01
-3.218790473735933855e+00 8.884527110087245205e+01
-5.279934424334574494e+00 9.207268185677787642e+01
-7.341078374933213802e+00 9.579731070421981087e+01
-9.402222325531855773e+00 9.651846584929023720e+01
-1.146336627613049508e+01 9.183624552881805414e+01
-1.352451022672913972e+01 8.568735348292344156e+01
-1.558565417732777902e+01 7.338779872749616118e+01
-1.764679812792642011e+01 5.828920946069506925e+01
-1.970794207852505764e+01 4.832505778555034226e+01
-2.176908602912370228e+01 4.088680281380307946e+01
-2.383022997972234336e+01 3.735156519511262019e+01
-2.589137393032098089e+01 3.562662181800413208e+01
-2.795251788091961842e+01 3.317907655538881784e+01
-3.001366183151825950e+01 3.372505768943026538e+01
-3.207480578211690414e+01 3.651867046516993298e+01
-3.413594973271553812e+01 3.953258928692676477e+01
-3.619709368331418631e+01 4.098906008593633743e+01
-3.825823763391282739e+01 4.498393681419364043e+01
-4.031938158451146847e+01 4.630251063047596460e+01
-4.238052553511010956e+01 4.960785327242670917e+01
-4.444166948570875064e+01 5.333520426249501156e+01
-4.650281343630738462e+01 5.637781931351565845e+01
-4.856395738690602570e+01 5.521146115142745003e+01
-5.062510133750466679e+01 5.415537537526069656e+01
-5.268624528810330787e+01 5.297709827561121898e+01
-5.474738923870195606e+01 5.161407005517045832e+01
-5.680853318930059714e+01 5.219555721815445537e+01
-5.886967713989923112e+01 5.141448955991062064e+01
-6.093082109049787221e+01 5.332461756940266184e+01
-6.299196504109651329e+01 5.429181343155066486e+01
-6.505310899169515437e+01 5.599840621531977547e+01
-6.711425294229380256e+01 5.549612897892986041e+01
-6.917539689289243654e+01 5.203019943142865600e+01
-7.123654084349108473e+01 4.690216685262173257e+01
-7.329768479408971871e+01 3.811399732444578348e+01
-7.535882874468836690e+01 3.006787144048757199e+01
-7.741997269528700087e+01 2.563720754377691691e+01
-7.948111664588563485e+01 2.450105895937647205e+01
-8.154226059648428304e+01 2.320109555520130229e+01
-8.360340454708291702e+01 1.898951769642683018e+01
-8.566454849768156521e+01 1.767129948938596229e+01
-8.772569244828019919e+01 2.019981255020875821e+01
-8.978683639887884738e+01 2.015099096080097851e+01
-9.184798034947748135e+01 1.691940921784908269e+01
-9.390912430007611533e+01 1.454463350992064008e+01
-9.597026825067476352e+01 1.451767630446210156e+01
-9.803141220127339750e+01 1.854137232610465347e+01
-1.000925561518720457e+02 1.867991399686550835e+01
-1.021537001024706797e+02 1.992972576546657848e+01
-1.042148440530693421e+02 1.926630065795512081e+01
-1.062759880036679760e+02 1.827533426896110669e+01
-1.083371319542666100e+02 1.430752590261117696e+01
-1.103982759048652582e+02 1.160454980710041717e+01
-1.124594198554638922e+02 1.080120066069305018e+01
-1.145205638060625404e+02 9.549549437624381909e+00
-1.165817077566611744e+02 5.742287541551904795e+00
-1.186428517072598225e+02 6.696510611749364905e+00
-1.207039956578584565e+02 8.009816117472787766e+00
-1.227651396084570905e+02 3.753401370957206939e+00
-1.248262835590557387e+02 7.704484399429523123e+00
-1.268874275096543727e+02 6.177283670114698033e+00
-1.289485714602530209e+02 5.412558357815712817e+00
-1.310097154108516690e+02 6.142567767349886410e+00
-1.330708593614503172e+02 3.797183003734363016e+00
-1.351320033120489370e+02 4.173736971753386982e+00
-1.371931472626475852e+02 3.236137960712079931e+00
-1.392542912132462050e+02 3.711937402431966238e+00
-1.413154351638448816e+02 4.133967889119412042e+00
-1.433765791144435013e+02 3.898237395650712589e+00
-1.454377230650421495e+02 4.445438591240361781e+00
-1.474988670156407693e+02 5.135014075446225235e+00
-1.495600109662394175e+02 3.660259644173006421e+00
-1.516211549168380657e+02 3.830845762002451860e+00
-1.536822988674367139e+02 3.874685459962741607e+00
-1.557434428180353336e+02 1.912792707104532086e+00
-1.578045867686339818e+02 2.801264050949350271e-01
-1.598657307192326300e+02 1.279678905563314428e+00
-1.619268746698312782e+02 2.850468854460798784e+00
-1.639880186204299264e+02 1.309555420775505796e+00
-1.660491625710285462e+02 1.808617673283526406e+00
-1.681103065216271943e+02 3.207958164318719607e+00
-1.701714504722258425e+02 3.405691026125224230e+00
-1.722325944228244907e+02 2.164336871676997287e+00
-1.742937383734231105e+02 1.598366955417229507e+00
-1.763548823240217587e+02 2.450233218945845337e+00
-1.784160262746203784e+02 2.627231824884861400e+00
-1.804771702252190551e+02 3.238120947079869083e+00
-1.825383141758176748e+02 9.392318421799671357e-01
-1.845994581264163230e+02 3.380852579983169459e+00
-1.866606020770149428e+02 4.269706405846079633e+00
-1.887217460276136194e+02 1.207752858232097326e+00
-1.907828899782122392e+02 1.634071070449055751e+00
-1.928440339288108873e+02 2.671326680619515503e+00
-1.949051778794095071e+02 1.542412716508323678e+00
-1.969663218300081553e+02 2.135270660251743724e+00
-1.990274657806068035e+02 3.198979706720591398e+00
-2.010886097312054517e+02 2.932963334706934599e+00
-2.031497536818040999e+02 2.676359148040293512e+00
-2.052108976324027196e+02 2.049104702934234190e+00
-2.072720415830013678e+02 8.033934382445683253e-01
-2.093331855336000160e+02 1.305072093663339095e+00
-2.113943294841986642e+02 9.148388479192632872e-01
-2.134554734347972840e+02 2.034558459071602599e+00
-2.155166173853959322e+02 2.894421315844315501e+00
-2.175777613359945803e+02 6.018862696334064122e-01
-2.196389052865932285e+02 1.735988652913946328e+00
-2.217000492371918483e+02 1.010954014647415411e+00
-2.237611931877904965e+02 1.534460270255089576e+00
-2.258223371383891163e+02 3.193666600027596392e+00
-2.278834810889877929e+02 5.847578822021977096e-01
-2.299446250395864126e+02 1.015673911210215330e+00
-2.320057689901850608e+02 1.890263912182313044e+00
-2.340669129407836806e+02 3.433145676042168581e+00
-2.361280568913823288e+02 1.999848249433807679e+00
-2.381892008419810054e+02 -8.973015428725053533e-02
-2.402503447925796252e+02 2.399745083712136573e+00
-2.423114887431782734e+02 1.793703040866641230e+00
-2.443726326937768931e+02 2.968423317307129938e+00
-2.464337766443755413e+02 4.180897752810654566e+00
-2.484949205949741895e+02 3.733995096196958574e+00
-2.505560645455728377e+02 3.475667136028871784e+00
-2.526172084961714575e+02 1.818373999816479181e+00
-2.546783524467701056e+02 1.267741359907326615e+00
-2.567394963973687823e+02 1.233088403843326519e+00
