2.629504054128121879e+02 3.543577507597376997e+00
2.608892614622135397e+02 5.276171923959417143e+00
2.588281175116148916e+02 5.499378878236888646e+00
2.567669735610162434e+02 8.621063193863582441e+00
2.547058296104176236e+02 7.243864201779396161e+00
2.526446856598189754e+02 7.196192620459425093e+00
2.505835417092203272e+02 6.669731671308533727e+00
2.485223977586217075e+02 6.511034402010310806e+00
2.464612538080230593e+02 8.012061872026135845e+00
2.444001098574244111e+02 8.245336342592258561e+00
2.423389659068257629e+02 8.400091443245479184e+00
2.402778219562271431e+02 8.777962686605084386e+00
2.382166780056284949e+02 9.367633174467135504e+00
2.361555340550298752e+02 9.856301382374407893e+00
2.340943901044311986e+02 1.078700104176862418e+01
2.320332461538325504e+02 9.091659568295263227e+00
2.299721022032339306e+02 9.582162878423442720e+00
2.279109582526352824e+02 1.160985626927350545e+01
2.258498143020366626e+02 1.049223631540210633e+01
2.237886703514379860e+02 1.067236358834090026e+01
2.217275264008393663e+02 9.841718940223357137e+00
2.196663824502407181e+02 8.339985035061237895e+00
2.176052384996420983e+02 7.994003741642322858e+00
2.155440945490434217e+02 9.371790839577021970e+00
2.134829505984448019e+02 8.871155642650185413e+00
2.114218066478461537e+02 9.235332491634448360e+00
2.093606626972475340e+02 9.034946344311133970e+00
2.072995187466488858e+02 9.403633413811157027e+00
2.052383747960502376e+02 1.196585876256067849e+01
2.031772308454515894e+02 1.063894295387946443e+01
2.011160868948529696e+02 7.513896843186888219e+00
1.990549429442543214e+02 9.695401741993736167e+00
1.969937989936557017e+02 9.476942834252268355e+00
1.949326550430570251e+02 8.116224794462661762e+00
1.928715110924583769e+02 8.431603442365668499e+00
1.908103671418597571e+02 1.027724893810447426e+01
1.887492231912611089e+02 9.283438708542348650e+00
1.866880792406624892e+02 8.738253013946915004e+00
1.846269352900638125e+02 9.143030014544443418e+00
1.825657913394651928e+02 1.007401312138187599e+01
1.805046473888665446e+02 8.297690050820854424e+00
1.784435034382679248e+02 9.444435646600274126e+00
1.763823594876692482e+02 9.839851320750783614e+00
1.743212155370706284e+02 1.121600184398645084e+01
1.722600715864719803e+02 7.422436580067902412e+00
1.701989276358733605e+02 8.851547075253495933e+00
1.681377836852747123e+02 1.084252319134100517e+01
1.660766397346760641e+02 9.639547743326822626e+00
1.640154957840774159e+02 9.118821516965597951e+00
1.619543518334787962e+02 1.279539093758939927e+01
1.598932078828801480e+02 1.018453140896637343e+01
1.578320639322815282e+02 8.295773755768450997e+00
1.557709199816828516e+02 1.046255690945315209e+01
1.537097760310842034e+02 1.012702106911629585e+01
1.516486320804855836e+02 9.707707018968962487e+00
1.495874881298869354e+02 1.070797830528195149e+01
1.475263441792882873e+02 1.101297683267634220e+01
1.454652002286896391e+02 1.027067319338062745e+01
1.434040562780910193e+02 1.088717760311915939e+01
1.413429123274923711e+02 9.533495585384807569e+00
1.392817683768937513e+02 9.789462089386598009e+00
1.372206244262950747e+02 9.887154484192011594e+00
1.351594804756964550e+02 9.184678756157723001e+00
1.330983365250978068e+02 9.792899945450741939e+00
1.310371925744991870e+02 1.043831074748467103e+01
1.289760486239005388e+02 9.022150701408525819e+00
1.269149046733018906e+02 1.086443109945371255e+01
1.248537607227032424e+02 8.153620914497146543e+00
1.227926167721046085e+02 9.955576800689357242e+00
1.207314728215059603e+02 9.521568653147305383e+00
1.186703288709073263e+02 9.449263560901824732e+00
1.166091849203086923e+02 1.021781078292605471e+01
1.145480409697100441e+02 8.697606336592231813e+00
1.124868970191114101e+02 1.156528852435790888e+01
1.104257530685127620e+02 8.947412030058963239e+00
1.083646091179141280e+02 8.661254259563799351e+00
1.063034651673154798e+02 8.212747306089598354e+00
1.042423212167168458e+02 9.373890560893887169e+00
1.021811772661182118e+02 8.963077030999141215e+00
1.001200333155195636e+02 7.850605615455312325e+00
9.805888936492091545e+01 9.795947233854080949e+00
9.599774541432226727e+01 9.337231041240409368e+00
9.393660146372363329e+01 8.475085589444800505e+00
9.187545751312498510e+01 8.842932218326300386e+00
8.981431356252635112e+01 9.989990132815485424e+00
8.775316961192771714e+01 1.029008691093617500e+01
8.569202566132906895e+01 1.017376251231034701e+01
8.363088171073043497e+01 9.267222799073598694e+00
8.156973776013178679e+01 9.360039227752704249e+00
7.950859380953315281e+01 1.040350361463737805e+01
7.744744985893450462e+01 9.056428267635009632e+00
7.538630590833587064e+01 1.042816490017959374e+01
7.332516195773723666e+01 9.107948189323900934e+00
7.126401800713858847e+01 7.646990511247206079e+00
6.920287405653995449e+01 9.355643739756994037e+00
6.714173010594130631e+01 8.037387747322163989e+00
6.508058615534267233e+01 7.645453458388239198e+00
6.301944220474402414e+01 1.045287359967947616e+01
6.095829825414538305e+01 1.056898729560335326e+01
5.889715430354674197e+01 9.119679462027820094e+00
5.683601035294810089e+01 9.006980418240988939e+00
5.477486640234946691e+01 8.829541062228903670e+00
5.271372245175082583e+01 8.837074081442562346e+00
5.065257850115218474e+01 7.556217158133210710e+00
4.859143455055353655e+01 9.418945800707749783e+00
4.653029059995489547e+01 7.114970502489600612e+00
4.446914664935625439e+01 8.599573607513725904e+00
4.240800269875761330e+01 8.495526260100938032e+00
4.034685874815897932e+01 9.477372430353122823e+00
3.828571479756033824e+01 9.890807649482885822e+00
3.622457084696169716e+01 8.178767322178602583e+00
3.416342689636305607e+01 7.938585490592974914e+00
3.210228294576441499e+01 1.013677159129326988e+01
3.004113899516577391e+01 9.130229611825852132e+00
2.797999504456713282e+01 8.895408808003914203e+00
2.591885109396848819e+01 9.916340658445491840e+00
2.385770714336984710e+01 9.956258691294664231e+00
2.179656319277120602e+01 1.108995591256272384e+01
1.973541924217256494e+01 1.074278523582971090e+01
1.767427529157392740e+01 1.039707312693042418e+01
1.561313134097528454e+01 1.152784562191905593e+01
1.355198739037664346e+01 1.289553001966692314e+01
1.149084343977800415e+01 1.581529127373559973e+01
9.429699489179364846e+00 1.632334660601939191e+01
7.368555538580721986e+00 2.092306210491373974e+01
5.307411587982080903e+00 2.413211881668085113e+01
3.246267637383440263e+00 3.236746972878926698e+01
1.185123686784799624e+00 4.494722899883601031e+01
-8.760202638138411269e-01 5.726121727107795323e+01
-2.937164214412482099e+00 7.094893960426482238e+01
-4.998308165011122739e+00 7.464376288646084845e+01
-7.059452115609762934e+00 7.517203718490837616e+01
-9.120596066208403130e+00 6.964698859207562975e+01
-1.118174001680704421e+01 6.649986996623918856e+01
-1.324288396740568707e+01 6.137850527603881545e+01
-1.530402791800432816e+01 5.244160148177338243e+01
-1.736517186860296746e+01 4.889883283917355783e+01
-1.942631581920160855e+01 4.467033346473334632e+01
-2.148745976980024963e+01 3.958370776216374054e+01
-2.354860372039889072e+01 3.557884715998126524e+01
-2.560974767099752825e+01 3.358847491031657739e+01
-2.767089162159616933e+01 3.242975618021180395e+01
-2.973203557219481041e+01 3.324604958542436606e+01
-3.179317952279344794e+01 3.581187177850357273e+01
-3.385432347339209258e+01 3.639754427068823617e+01
-3.591546742399073366e+01 3.691321068787343762e+01
-3.797661137458937475e+01 3.999305009179315817e+01
-4.003775532518801583e+01 3.898579034997464277e+01
-4.209889927578664981e+01 4.045916924765997180e+01
-4.416004322638529089e+01 3.920052792715769385e+01
-4.622118717698393198e+01 3.819621392433599283e+01
-4.828233112758258017e+01 3.980143333177284859e+01
-5.034347507818122125e+01 3.902892239056627943e+01
-5.240461902877986233e+01 3.466806358739496829e+01
-5.446576297937850342e+01 3.005643632546398436e+01
-5.652690692997713739e+01 2.958902779094415436e+01
-5.858805088057577848e+01 2.930175854078442299e+01
-6.064919483117441956e+01 2.919732323825840581e+01
-6.271033878177306065e+01 2.502438720461517363e+01
-6.477148273237170883e+01 2.359972239041509567e+01
-6.683262668297034281e+01 2.217511211661404502e+01
-6.889377063356899100e+01 1.956828441113662009e+01
-7.095491458416762498e+01 1.696500411232124250e+01
-7.301605853476627317e+01 1.512397587138256050e+01
-7.507720248536490715e+01 1.551313991809805160e+01
-7.713834643596354113e+01 1.462563166482247823e+01
-7.919949038656218931e+01 1.345453669352414927e+01
-8.126063433716082329e+01 1.272969748698355552e+01
-8.332177828775947148e+01 1.034113640643605514e+01
-8.538292223835810546e+01 1.053652413236192409e+01
-8.744406618895675365e+01 1.039894146663515961e+01
-8.950521013955538763e+01 9.120070059548986308e+00
-9.156635409015402161e+01 8.954779386041996858e+00
-9.362749804075266979e+01 9.972453946688689896e+00
-9.568864199135131798e+01 1.085134909538515302e+01
-9.774978594194996617e+01 9.203265441873680786e+00
-9.981092989254860015e+01 9.479166321275195983e+00
-1.018720738431472483e+02 9.495230122524937144e+00
-1.039332177937458823e+02 8.970498084126784732e+00
-1.059943617443445163e+02 9.985260951139174779e+00
-1.080555056949431645e+02 8.353127245836377668e+00
-1.101166496455417985e+02 8.115555041061918828e+00
-1.121777935961404467e+02 7.517300542556399456e+00
-1.142389375467390806e+02 8.310445701963955045e+00
-1.163000814973377288e+02 5.434190103115151160e+00
-1.183612254479363628e+02 7.979897599187026458e+00
-1.204223693985349968e+02 6.250190397163519762e+00
-1.224835133491336450e+02 5.401406605276067197e+00
-1.245446572997322789e+02 5.887895035246426545e+00
-1.266058012503309271e+02 5.781854318671574511e+00
-1.286669452009295753e+02 5.648368004959026578e+00
-1.307280891515282235e+02 5.699753005703080966e+00
-1.327892331021268433e+02 4.882904667371792407e+00
-1.348503770527254915e+02 4.607290032561669690e+00
-1.369115210033241397e+02 6.221451765598901673e+00
-1.389726649539227594e+02 5.324553097910133204e+00
-1.410338089045214076e+02 4.080657264999511646e+00
-1.430949528551200558e+02 4.802386759710829622e+00
-1.451560968057187040e+02 3.570310800167418197e+00
-1.472172407563173238e+02 4.031443439155086850e+00
-1.492783847069159719e+02 4.722125349979349629e+00
-1.513395286575145917e+02 4.529489834006668048e+00
-1.534006726081132683e+02 5.657983521360490542e+00
-1.554618165587119165e+02 2.968412024094869484e+00
-1.575229605093105363e+02 4.499197012235642390e+00
-1.595841044599091845e+02 4.205777939839828505e+00
-1.616452484105078042e+02 4.075366604250033831e+00
-1.637063923611064808e+02 4.468166307427003048e+00
-1.657675363117051006e+02 3.475667127100761089e+00
-1.678286802623037488e+02 4.922330810868282391e+00
-1.698898242129023686e+02 3.457215337393745536e+00
-1.719509681635010452e+02 1.917695530419728511e+00
-1.740121121140996650e+02 3.619275773702168575e+00
-1.760732560646983131e+02 4.505850106065315330e+00
-1.781344000152969329e+02 4.022892933407298699e+00
-1.801955439658955811e+02 5.016936015990557607e+00
-1.822566879164942293e+02 2.565314624425954371e+00
-1.843178318670928775e+02 3.982415570223714507e+00
-1.863789758176914972e+02 3.968811969684780561e+00
-1.884401197682901454e+02 2.985101791758397738e+00
-1.905012637188887652e+02 3.348711530638840195e+00
-1.925624076694874418e+02 4.751060150494359924e+00
-1.946235516200860900e+02 4.991070512233852341e+00
-1.966846955706847098e+02 2.905032327583164431e+00
-1.987458395212833580e+02 3.840225061824712682e+00
-2.008069834718819777e+02 3.688711977019632826e+00
-2.028681274224806543e+02 3.308797381666476412e+00
-2.049292713730792741e+02 4.935335872160301562e+00
-2.069904153236779223e+02 2.623505763594565554e+00
-2.090515592742765421e+02 3.147402715488940128e+00
-2.111127032248752187e+02 1.249934748585102895e+00
-2.131738471754738384e+02 5.458890339390353397e+00
-2.152349911260724866e+02 4.247429194728329804e+00
-2.172961350766711064e+02 5.341493316258150159e+00
-2.193572790272697546e+02 3.580569247393974752e+00
-2.214184229778684028e+02 8.498548001436241339e-01
-2.234795669284670510e+02 1.921199604332607613e+00
-2.255407108790656707e+02 4.270756572802674178e+00
-2.276018548296643189e+02 4.303468056203757719e+00
-2.296629987802629387e+02 3.264416934679050364e+00
-2.317241427308616153e+02 2.620006851785111834e+00
-2.337852866814602635e+02 4.423419366921962137e+00
-2.358464306320588832e+02 3.166029241179004750e+00
-2.379075745826575314e+02 2.945331494277632078e+00
-2.399687185332561796e+02 2.441101640048289223e+00
-2.420298624838548278e+02 3.280605097526645419e+00
-2.440910064344534476e+02 3.057849515678502605e+00
-2.461521503850520958e+02 3.984829646900548639e+00
-2.482132943356507155e+02 4.418069982897049996e+00
-2.502744382862493921e+02 4.438024108702528281e+00
-2.523355822368480119e+02 4.329335912249073104e+00
-2.543967261874466601e+02 3.656130523433638757e+00
-2.564578701380452799e+02 4.286356130824719557e+00
-2.585190140886439281e+02 4.953596688039942464e+00
-2.605801580392425763e+02 4.685254365108017183e+00
-2.626413019898412244e+02 3.995406538161199173e+00
