2.661031094745062546e+02 3.602941153459060075e+00
2.640419655239075496e+02 4.562498507050353425e+00
2.619808215733089582e+02 2.904885397634236810e+00
2.599196776227103101e+02 6.974244006630313741e+00
2.578585336721116619e+02 5.581920445598636427e+00
2.557973897215130421e+02 4.452529611062131742e+00
2.537362457709143939e+02 4.398248273341192949e+00
2.516751018203157741e+02 7.887743401455296066e+00
2.496139578697170975e+02 5.540396388801265282e+00
2.475528139191184778e+02 6.915172696095767790e+00
2.454916699685198296e+02 5.259341076558106565e+00
2.434305260179212098e+02 2.400768292074693111e+00
2.413693820673225332e+02 4.775209936383952858e+00
2.393082381167238850e+02 5.549262254206632328e+00
2.372470941661252652e+02 5.214732462435937244e+00
2.351859502155266171e+02 3.087949867076618116e+00
2.331248062649279973e+02 8.341089625340545766e+00
2.310636623143293207e+02 8.828296760972341062e+00
2.290025183637307009e+02 7.003363241995596233e+00
2.269413744131320527e+02 4.868362339955276674e+00
2.248802304625334330e+02 5.088289072119307477e+00
2.228190865119347848e+02 6.586921058045724031e+00
2.207579425613361366e+02 5.725347141021700281e+00
2.186967986107374884e+02 7.239779877719874079e+00
2.166356546601388686e+02 5.820028670506880886e+00
2.145745107095402204e+02 8.432403026714775152e+00
2.125133667589415722e+02 7.868259541153237890e+00
2.104522228083429241e+02 8.140739414554873932e+00
2.083910788577443043e+02 1.100993155616859021e+01
2.063299349071456561e+02 1.087378627886768001e+01
2.042687909565470363e+02 3.507477822848056981e+00
2.022076470059483597e+02 7.214404358738791601e+00
2.001465030553497115e+02 8.606034209552298364e+00
1.980853591047511202e+02 9.837191818197901227e+00
1.960242151541524720e+02 8.416203209675353847e+00
1.939630712035538238e+02 8.577884795234785642e+00
1.919019272529551756e+02 9.692413576558355004e+00
1.898407833023565559e+02 7.677561531933339900e+00
1.877796393517579077e+02 6.954204308007910562e+00
1.857184954011592595e+02 7.638744555100432265e+00
1.836573514505606113e+02 1.030017150850481933e+01
1.815962074999619915e+02 8.109372381263213470e+00
1.795350635493633433e+02 6.082287576192014100e+00
1.774739195987647236e+02 7.786473085494272084e+00
1.754127756481660469e+02 8.900385678808328649e+00
1.733516316975674272e+02 6.542791518142136553e+00
1.712904877469687790e+02 7.036548202636113913e+00
1.692293437963701592e+02 7.901681566118487154e+00
1.671681998457715110e+02 8.423245687920807967e+00
1.651070558951728628e+02 5.991743099798197747e+00
1.630459119445742147e+02 5.683437516410518420e+00
1.609847679939755665e+02 5.723044521105329352e+00
1.589236240433769467e+02 7.529935541896349172e+00
1.568624800927782701e+02 1.265102027847903443e+01
1.548013361421796503e+02 6.744835228311042208e+00
1.527401921915810021e+02 5.272305898897048593e+00
1.506790482409823824e+02 8.497062031810978411e+00
1.486179042903837342e+02 9.426931353418201098e+00
1.465567603397850860e+02 4.937542350861488849e+00
1.444956163891864378e+02 7.450397136916047103e+00
1.424344724385878180e+02 5.854684756993194128e+00
1.403733284879891698e+02 7.819405339019020573e+00
1.383121845373905501e+02 8.147868406933669760e+00
1.362510405867918735e+02 7.407159808636941456e+00
1.341898966361932537e+02 5.623397324668681918e+00
1.321287526855946055e+02 7.746136764161611232e+00
1.300676087349959573e+02 9.837629443365761617e+00
1.280064647843973376e+02 6.941471248029579044e+00
1.259453208337986894e+02 5.575451442554293813e+00
1.238841768832000412e+02 8.784930165513724631e+00
1.218230329326014072e+02 9.549262340447270958e+00
1.197618889820027590e+02 6.318584546411315728e+00
1.177007450314041250e+02 6.269889012396954620e+00
1.156396010808054768e+02 7.910132916798167102e+00
1.135784571302068429e+02 8.197115969709392047e+00
1.115173131796082089e+02 9.869038193086463906e+00
1.094561692290095607e+02 4.947108517602574196e+00
1.073950252784109267e+02 6.243834096418191315e+00
1.053338813278122643e+02 5.836089506405225613e+00
1.032727373772136303e+02 7.613142217651913235e+00
1.012115934266149821e+02 8.475519297642756911e+00
9.915044947601634817e+01 7.349109477208427776e+00
9.708930552541771419e+01 6.171066623890188119e+00
9.502816157481906600e+01 1.206899074748188916e+01
9.296701762422043203e+01 1.159083625803802775e+01
9.090587367362178384e+01 1.034623659786950967e+01
8.884472972302314986e+01 6.461472396571122268e+00
8.678358577242450167e+01 5.284643383463733635e+00
8.472244182182586769e+01 6.486197224835078323e+00
8.266129787122723371e+01 7.016468763293063127e+00
8.060015392062858552e+01 9.593772809234588195e+00
7.853900997002995155e+01 3.808884646569090204e+00
7.647786601943130336e+01 8.318933417317563084e+00
7.441672206883266938e+01 5.359905865204686926e+00
7.235557811823403540e+01 8.977183768080623238e+00
7.029443416763538721e+01 9.967871208885698664e+00
6.823329021703675323e+01 7.804377069491066798e+00
6.617214626643809083e+01 8.759931463946678321e+00
6.411100231583945686e+01 6.987614601866909858e+00
6.204985836524082288e+01 8.194019121633836278e+00
5.998871441464218179e+01 7.290689607602736544e+00
5.792757046404354071e+01 7.068276466134272518e+00
5.586642651344489252e+01 6.413996334428038182e+00
5.380528256284625144e+01 5.972504218673590159e+00
5.174413861224761746e+01 6.845222452703842109e+00
4.968299466164897638e+01 6.883457843323507852e+00
4.762185071105033529e+01 6.209351916734226151e+00
4.556070676045169421e+01 8.283312509248606403e+00
4.349956280985305312e+01 1.010742153004405530e+01
4.143841885925441204e+01 8.602094100782844421e+00
3.937727490865577096e+01 7.962898849707371163e+00
3.731613095805712987e+01 8.958335762750859743e+00
3.525498700745848879e+01 8.567252979138258340e+00
3.319384305685984771e+01 1.084931157405806701e+01
3.113269910626120662e+01 8.882250070617505600e+00
2.907155515566256554e+01 6.171863186374554999e+00
2.701041120506392801e+01 8.463167308778176690e+00
2.494926725446528692e+01 4.381887899739004055e+00
2.288812330386664229e+01 1.051496684875107945e+01
2.082697935326800476e+01 9.853560131346100093e+00
1.876583540266936367e+01 1.449643936220289397e+01
1.670469145207072259e+01 1.451927921593602377e+01
1.464354750147208151e+01 1.417131231549013037e+01
1.258240355087344042e+01 1.788409578803331001e+01
1.052125960027479934e+01 2.331981500798262985e+01
8.460115649676160032e+00 3.235948136482505788e+01
6.398971699077518061e+00 4.811823133444578104e+01
4.337827748478876977e+00 6.071841743347724929e+01
2.276683797880236337e+00 6.577753544231239857e+01
2.155398472815954758e-01 8.191936645038890674e+01
-1.845604103317045164e+00 8.266811665835018630e+01
-3.906748053915686469e+00 7.629126838185382553e+01
-5.967892004514326665e+00 7.192480138411183077e+01
-8.029035955112966860e+00 6.916358980918438704e+01
-1.009017990571160794e+01 6.105508207741941362e+01
-1.215132385631024725e+01 5.114070558012711842e+01
-1.421246780690889011e+01 4.965406588867508475e+01
-1.627361175750753119e+01 4.833382376339714170e+01
-1.833475570810617228e+01 5.194712843959936066e+01
-2.039589965870481336e+01 5.164441935541254480e+01
-2.245704360930345089e+01 4.729602124803885488e+01
-2.451818755990209198e+01 4.772814826435966751e+01
-2.657933151050073661e+01 4.521972758687680738e+01
-2.864047546109937414e+01 4.000131990049297315e+01
-3.070161941169801523e+01 4.194490473834694200e+01
-3.276276336229665986e+01 4.253509880895379069e+01
-3.482390731289529384e+01 4.206007735627827060e+01
-3.688505126349393493e+01 4.476783356949709258e+01
-3.894619521409257601e+01 4.514949246359546464e+01
-4.100733916469122420e+01 4.397487355730154945e+01
-4.306848311528986528e+01 4.571922218340258581e+01
-4.512962706588849926e+01 4.677902722029887883e+01
-4.719077101648714034e+01 4.949271825952338588e+01
-4.925191496708578143e+01 5.737799435811819393e+01
-5.131305891768442251e+01 6.100212454087450453e+01
-5.337420286828306359e+01 5.772726397780971297e+01
-5.543534681888170468e+01 5.721329866712520840e+01
-5.749649076948034576e+01 5.533618456043184608e+01
-5.955763472007898685e+01 5.554358662936311219e+01
-6.161877867067762793e+01 5.217124461627071952e+01
-6.367992262127626901e+01 5.450570820188671206e+01
-6.574106657187491010e+01 4.946653271579894806e+01
-6.780221052247354407e+01 4.465049713755137617e+01
-6.986335447307219226e+01 4.059667067448800282e+01
-7.192449842367082624e+01 3.786896041723827011e+01
-7.398564237426947443e+01 3.364827328478718727e+01
-7.604678632486810841e+01 2.722446599685821766e+01
-7.810793027546675660e+01 2.264307999232030610e+01
-8.016907422606539058e+01 2.068577350587128905e+01
-8.223021817666402455e+01 1.893345861017508724e+01
-8.429136212726267274e+01 1.614756835839877525e+01
-8.635250607786130672e+01 1.612053848136731560e+01
-8.841365002845996912e+01 1.707928017906198193e+01
-9.047479397905860310e+01 2.127777416082283324e+01
-9.253593792965725129e+01 2.369841013665559259e+01
-9.459708188025588527e+01 2.126643904143118746e+01
-9.665822583085451924e+01 2.151013335633820134e+01
-9.871936978145316743e+01 2.216138359792959633e+01
-1.007805137320518014e+02 2.116174094837115405e+01
-1.028416576826504496e+02 2.154958175920994279e+01
-1.049028016332490836e+02 1.519589831811126679e+01
-1.069639455838477318e+02 1.513364230120146203e+01
-1.090250895344463657e+02 1.314785673122498544e+01
-1.110862334850449997e+02 1.231727234472695365e+01
-1.131473774356436479e+02 1.229252753870910375e+01
-1.152085213862422819e+02 1.058285421351622624e+01
-1.172696653368409301e+02 7.217183034562790311e+00
-1.193308092874395641e+02 8.134044790584205487e+00
-1.213919532380381980e+02 8.686386585477547939e+00
-1.234530971886368462e+02 8.563031992797188963e+00
-1.255142411392354802e+02 3.940980478388850461e+00
-1.275753850898341426e+02 7.356999885148731266e+00
-1.296365290404327766e+02 2.538199483545435342e+00
-1.316976729910313964e+02 5.642039339827896072e+00
-1.337588169416300730e+02 5.120036218134472072e+00
-1.358199608922286927e+02 5.062418585963208706e+00
-1.378811048428273409e+02 4.908714381925989301e+00
-1.399422487934259607e+02 4.687683856004197125e+00
-1.420033927440246089e+02 2.631572217046552975e+00
-1.440645366946232571e+02 8.629096174622307158e-01
-1.461256806452219053e+02 1.530573610201744872e+00
-1.481868245958205534e+02 1.735674677179974701e+00
-1.502479685464191732e+02 1.534993603824412522e+00
-1.523091124970178214e+02 4.543821924648568711e+00
-1.543702564476164696e+02 4.729279066985364821e+00
-1.564314003982151178e+02 6.063970655447192826e+00
-1.584925443488137375e+02 5.871889489202313683e+00
-1.605536882994123857e+02 5.337290827431449003e+00
-1.626148322500110055e+02 4.983642134850197358e+00
-1.646759762006096821e+02 5.434728943603015949e+00
-1.667371201512083019e+02 4.924158377478287996e+00
-1.687982641018069501e+02 -4.689478042611683883e-01
-1.708594080524055698e+02 3.113821845478991435e+00
-1.729205520030042464e+02 2.552523519386674877e+00
-1.749816959536028662e+02 8.301729127505724781e-01
-1.770428399042015144e+02 2.911671406685895747e+00
-1.791039838548001342e+02 -1.424132822915065377e+00
-1.811651278053987824e+02 1.250762471746383220e+00
-1.832262717559974305e+02 1.561004090513454567e+00
-1.852874157065960787e+02 3.261228119762761057e+00
-1.873485596571947269e+02 3.450563107309989608e+00
-1.894097036077933467e+02 2.219028881572504552e+00
-1.914708475583919949e+02 3.106250716709385351e+00
-1.935319915089906431e+02 6.078036814587816750e+00
-1.955931354595892913e+02 -1.462920345201885075e+00
-1.976542794101879110e+02 8.136763200009495822e-01
-1.997154233607865876e+02 1.947661553208821728e+00
-2.017765673113852074e+02 4.172283697813188752e+00
-2.038377112619838840e+02 5.255003721276314543e+00
-2.058988552125825038e+02 -1.052488362279973444e+00
-2.079599991631811520e+02 1.779966983718937357e+00
-2.100211431137797717e+02 9.614895781962633503e-01
-2.120822870643784199e+02 4.198951425122530168e+00
-2.141434310149770681e+02 5.144750950380363896e+00
-2.162045749655757163e+02 1.903600941597378249e+00
-2.182657189161743361e+02 1.342640029870914464e+00
-2.203268628667729843e+02 3.879829655090085261e+00
-2.223880068173716040e+02 2.067376230121334146e-01
-2.244491507679702806e+02 2.010828328624150618e+00
-2.265102947185689288e+02 3.455292975464987926e+00
-2.285714386691675486e+02 1.300351098403413307e-02
-2.306325826197661968e+02 -1.761752852430010119e+00
-2.326937265703648166e+02 2.007013101149982770e+00
-2.347548705209634932e+02 8.502969041593080313e-01
-2.368160144715621129e+02 1.312098685155080213e+00
-2.388771584221607611e+02 -2.614552111329280670e+00
-2.409383023727593809e+02 2.018724478979080139e+00
-2.429994463233580575e+02 3.697212175310759186e+00
-2.450605902739566773e+02 3.432148398832880254e+00
-2.471217342245553255e+02 2.913556485836659160e+00
-2.491828781751539452e+02 -1.475479246267999089e+00
-2.512440221257525934e+02 3.472182882752695487e+00
-2.533051660763512416e+02 1.214755662179175300e+00
-2.553663100269498898e+02 2.045280049711417636e+00
-2.574274539775485096e+02 3.227482374092009998e+00
-2.594885979281471577e+02 4.788425564944849278e+00
