2.546124925889685642e+02 1.705768315948732461e+00
2.525513486383699444e+02 3.947191518906402408e+00
2.504902046877712678e+02 4.107287825137308168e+00
2.484290607371726480e+02 3.995870418683473257e+00
2.463679167865739998e+02 6.297538391992628881e+00
2.443067728359753801e+02 4.774749641004196299e+00
2.422456288853767035e+02 5.520921752453358700e+00
2.401844849347780837e+02 6.441806389254598031e+00
2.381233409841794355e+02 5.761866996507337468e+00
2.360621970335808157e+02 6.862416859291568194e+00
2.340010530829821676e+02 5.496157148571883866e+00
2.319399091323835194e+02 6.766849358639912992e+00
2.298787651817848712e+02 5.415972855410384312e+00
2.278176212311862514e+02 5.415682557057767355e+00
2.257564772805876032e+02 6.471873248671811574e+00
2.236953333299889550e+02 6.616390450305917881e+00
2.216341893793903068e+02 6.533089540028784725e+00
2.195730454287916587e+02 6.364158446658246149e+00
2.175119014781930389e+02 7.983509879499926853e+00
2.154507575275943907e+02 7.201841756120864524e+00
2.133896135769957425e+02 5.525235351064749167e+00
2.113284696263970943e+02 6.562555455488100264e+00
2.092673256757984745e+02 6.274177970258179471e+00
2.072061817251998264e+02 7.413044061333223134e+00
2.051450377746012066e+02 7.201829059937238320e+00
2.030838938240025300e+02 8.154165855144361430e+00
2.010227498734039102e+02 7.454427533997471045e+00
1.989616059228052620e+02 6.821821400379374012e+00
1.969004619722066423e+02 7.770947271336066109e+00
1.948393180216079941e+02 7.071349989788589419e+00
1.927781740710093459e+02 7.380997510470693967e+00
1.907170301204106977e+02 7.438870480928580164e+00
1.886558861698120779e+02 7.214327623317007721e+00
1.865947422192134297e+02 6.072810545706888163e+00
1.845335982686147531e+02 6.532851889437879755e+00
1.824724543180161334e+02 7.257831214437022282e+00
1.804113103674174852e+02 7.206347871877421873e+00
1.783501664168188654e+02 6.922093879743298039e+00
1.762890224662202172e+02 7.108529518523771351e+00
1.742278785156215690e+02 6.923976583477794655e+00
1.721667345650229208e+02 7.398927213882569021e+00
1.701055906144243011e+02 7.619332131766872962e+00
1.680444466638256529e+02 6.160503573129452626e+00
1.659833027132270331e+02 7.575253422140207249e+00
1.639221587626283565e+02 7.593135642963065202e+00
1.618610148120297367e+02 6.586854433422392852e+00
1.597998708614310885e+02 6.922815481705221430e+00
1.577387269108324688e+02 7.670000794142000089e+00
1.556775829602338206e+02 6.698998793577493061e+00
1.536164390096351724e+02 7.018531114188963471e+00
1.515552950590365242e+02 6.578239356927290338e+00
1.494941511084379044e+02 6.973912296066755445e+00
1.474330071578392563e+02 8.025272483020154723e+00
1.453718632072405796e+02 6.791841503927695811e+00
1.433107192566419599e+02 7.495331117872217952e+00
1.412495753060433117e+02 6.940339887473847114e+00
1.391884313554446919e+02 6.469390668200412975e+00
1.371272874048460437e+02 6.718639467584305969e+00
1.350661434542473955e+02 6.553795519960591065e+00
1.330049995036487473e+02 7.083827486202334711e+00
1.309438555530501276e+02 6.280341756045961787e+00
1.288827116024514794e+02 8.123488577699033542e+00
1.268215676518528312e+02 7.792613394401394444e+00
1.247604237012541972e+02 6.993058912667625471e+00
1.226992797506555490e+02 6.979062627039904321e+00
1.206381358000569151e+02 7.277566262125181318e+00
1.185769918494582669e+02 7.083629428247835591e+00
1.165158478988596329e+02 7.864937426511235508e+00
1.144547039482609847e+02 6.982749973851465342e+00
1.123935599976623507e+02 7.714707986911863991e+00
1.103324160470637167e+02 7.780371841290421919e+00
1.082712720964650686e+02 6.820755829387575631e+00
1.062101281458664346e+02 7.248725498827157665e+00
1.041489841952677864e+02 7.117377714964303159e+00
1.020878402446691524e+02 6.653523182385868040e+00
1.000266962940705184e+02 5.024750605150553717e+00
9.796555234347185603e+01 6.514505221731910822e+00
9.590440839287322206e+01 7.862490628065035736e+00
9.384326444227457387e+01 7.657850082308102380e+00
9.178212049167592568e+01 5.986558460364029166e+00
8.972097654107729170e+01 6.720738677678484763e+00
8.765983259047864351e+01 6.943796341739837175e+00
8.559868863988000953e+01 6.706382301136134316e+00
8.353754468928136134e+01 6.739000948782455147e+00
8.147640073868272736e+01 6.396399602808563678e+00
7.941525678808409339e+01 6.529341179451052746e+00
7.735411283748544520e+01 6.108475862591854266e+00
7.529296888688681122e+01 6.480525761479970726e+00
7.323182493628816303e+01 6.178405828334563310e+00
7.117068098568952905e+01 6.834935260244440869e+00
6.910953703509088086e+01 7.270427248948688970e+00
6.704839308449224689e+01 5.890185988232779835e+00
6.498724913389359870e+01 6.758749895298277188e+00
6.292610518329495761e+01 6.548889802710902153e+00
6.086496123269631653e+01 6.951255001326108740e+00
5.880381728209768255e+01 6.699393446602991631e+00
5.674267333149904147e+01 6.157467350515137383e+00
5.468152938090040038e+01 6.597382104495582489e+00
5.262038543030175930e+01 6.659838092618433514e+00
5.055924147970311822e+01 6.910443707807848668e+00
4.849809752910448424e+01 7.058260863652422223e+00
4.643695357850584315e+01 6.975709311993909978e+00
4.437580962790720207e+01 6.882025131694236464e+00
4.231466567730855388e+01 5.713075601291722094e+00
4.025352172670991990e+01 6.241252880398145741e+00
3.819237777611127882e+01 6.615607475473182397e+00
3.613123382551263774e+01 6.873125702920439117e+00
3.407008987491399665e+01 7.044585083928440739e+00
3.200894592431535557e+01 5.811110720741017310e+00
2.994780197371671804e+01 5.378263685486825096e+00
2.788665802311807340e+01 6.087831181253911872e+00
2.582551407251943232e+01 5.826251523760978657e+00
2.376437012192079123e+01 6.256588612184512677e+00
2.170322617132215015e+01 6.519568080634228657e+00
1.964208222072350907e+01 7.171603230136856411e+00
1.758093827012486798e+01 7.499539827917470980e+00
1.551979431952622690e+01 8.341237389425925741e+00
1.345865036892758759e+01 9.848362867847535895e+00
1.139750641832894651e+01 1.186235171325121485e+01
9.336362467730307202e+00 1.392570081670593218e+01
7.275218517131665230e+00 1.547087023603590339e+01
5.214074566533025035e+00 1.979108711719521807e+01
3.152930615934384395e+00 2.578178565964877578e+01
1.091786665335742867e+00 3.462153551029295073e+01
-9.693572852628978831e-01 3.266665060130067388e+01
-3.030501235861538856e+00 2.796221538244348537e+01
-5.091645186460178607e+00 2.363292987124444622e+01
-7.152789137058819691e+00 1.928717961498979960e+01
-9.213933087657460774e+00 1.766464717667449946e+01
-1.127507703825610008e+01 1.569342472286429491e+01
-1.333622098885474472e+01 1.640908551485015110e+01
-1.539736493945338403e+01 1.566890559012559692e+01
-1.745850889005202333e+01 1.527629638774199172e+01
-1.951965284065066797e+01 1.419300263703868836e+01
-2.158079679124930905e+01 1.505840971676830087e+01
-2.364194074184794658e+01 1.413050849470714354e+01
-2.570308469244658411e+01 1.272820150016701746e+01
-2.776422864304522520e+01 1.233837720095063517e+01
-2.982537259364386983e+01 1.195130532906453702e+01
-3.188651654424250736e+01 1.211215533043640313e+01
-3.394766049484114490e+01 1.137463648188561471e+01
-3.600880444543979308e+01 9.844194938429136954e+00
-3.806994839603843417e+01 1.051614531898191984e+01
-4.013109234663707525e+01 1.014283690184007192e+01
-4.219223629723570923e+01 9.872903177028344857e+00
-4.425338024783435031e+01 8.973503113680354915e+00
-4.631452419843299140e+01 9.188051036165704843e+00
-4.837566814903163248e+01 9.440934036571052346e+00
-5.043681209963028067e+01 8.927913514241030413e+00
-5.249795605022891465e+01 8.466858921929331316e+00
-5.455910000082756284e+01 8.644658934019634700e+00
-5.662024395142620392e+01 7.418529714682605025e+00
-5.868138790202484500e+01 7.253648744677399840e+00
-6.074253185262348609e+01 7.018189759606217493e+00
-6.280367580322212717e+01 7.892434120481411242e+00
-6.486481975382076826e+01 5.876659698223578587e+00
-6.692596370441941644e+01 4.936013549852120263e+00
-6.898710765501805042e+01 5.171667816161505726e+00
-7.104825160561669861e+01 5.660344935019263168e+00
-7.310939555621533259e+01 5.900378194159110912e+00
-7.517053950681396657e+01 5.811023018214140912e+00
-7.723168345741261476e+01 5.603156495547361615e+00
-7.929282740801124874e+01 4.930706856248375125e+00
-8.135397135860989692e+01 4.193969146853667951e+00
-8.341511530920853090e+01 5.011776830987133557e+00
-8.547625925980717909e+01 4.147935507708560010e+00
-8.753740321040581307e+01 4.307241515724986591e+00
-8.959854716100444705e+01 4.400743440157219410e+00
-9.165969111160309524e+01 5.115302287543372017e+00
-9.372083506220172922e+01 4.803145229840292352e+00
-9.578197901280037740e+01 4.349821004093961108e+00
-9.784312296339901138e+01 4.006050653440455633e+00
-9.990426691399764536e+01 4.824721867365694195e+00
-1.019654108645962793e+02 3.571741523917348005e+00
-1.040265548151949417e+02 2.658484395230690467e+00
-1.060876987657935757e+02 3.930844267324354657e+00
-1.081488427163922097e+02 3.831847893031961938e+00
-1.102099866669908579e+02 3.496043152286425038e+00
-1.122711306175894919e+02 3.849026476373015093e+00
-1.143322745681881401e+02 4.030988104695454766e+00
-1.163934185187867740e+02 3.196072665591947359e+00
-1.184545624693854222e+02 3.294212348093400688e+00
-1.205157064199840562e+02 2.535969249649373314e+00
-1.225768503705826902e+02 2.306845466993629579e+00
-1.246379943211813384e+02 3.651237777763325809e+00
-1.266991382717799723e+02 3.296098798523726003e+00
-1.287602822223786347e+02 2.420561774598524618e+00
-1.308214261729772545e+02 2.812171964833245941e+00
-1.328825701235759027e+02 3.631473420125465701e+00
-1.349437140741745225e+02 2.531035491200093634e+00
-1.370048580247731991e+02 1.897028430866020132e+00
-1.390660019753718188e+02 3.191313057679664666e+00
-1.411271459259704670e+02 3.168004903340365441e+00
-1.431882898765690868e+02 3.594583318324586774e+00
-1.452494338271677634e+02 2.481400223281342132e+00
-1.473105777777663832e+02 3.435495648283573900e+00
-1.493717217283650314e+02 2.366449197388895698e+00
-1.514328656789636511e+02 2.306774896586699430e+00
-1.534940096295622993e+02 1.564924641035361441e+00
-1.555551535801609475e+02 1.997300664925457214e+00
-1.576162975307595957e+02 2.017683541322622620e+00
-1.596774414813582155e+02 2.551812697857154255e+00
-1.617385854319568637e+02 2.534188349734037615e+00
-1.637997293825555118e+02 2.052526559013875040e+00
-1.658608733331541600e+02 1.429308836050897424e+00
-1.679220172837528082e+02 2.233573653966557160e+00
-1.699831612343514280e+02 2.336553855439301053e+00
-1.720443051849500762e+02 7.239320378928556510e-01
-1.741054491355487244e+02 1.484094862719742780e+00
-1.761665930861473726e+02 1.530961922510170048e+00
-1.782277370367459923e+02 3.086558641377336709e+00
-1.802888809873446405e+02 2.828559139844658787e+00
-1.823500249379432603e+02 1.630670942575356719e+00
-1.844111688885419369e+02 6.917651634038073372e-01
-1.864723128391405567e+02 1.949514159439818872e+00
-1.885334567897392049e+02 1.445892145584587896e+00
-1.905946007403378246e+02 2.212999359640514196e+00
-1.926557446909364728e+02 2.546547967753591379e+00
-1.947168886415351210e+02 5.561618301016318933e-01
-1.967780325921337692e+02 2.487988446064074655e+00
-1.988391765427323890e+02 1.908469032083636829e+00
-2.009003204933310371e+02 4.958221736980982230e-01
-2.029614644439297138e+02 1.811473952350082017e+00
-2.050226083945283335e+02 2.066757389539294998e+00
-2.070837523451269817e+02 4.634370302165354838e-01
-2.091448962957256015e+02 1.968704995886327858e+00
-2.112060402463242497e+02 1.851257189864678798e+00
-2.132671841969228979e+02 9.648690660876442227e-01
-2.153283281475215460e+02 1.793554769435246499e+00
-2.173894720981201658e+02 8.967588632859299080e-01
-2.194506160487188140e+02 2.842966917562232521e+00
-2.215117599993174338e+02 1.062202676568182014e+00
-2.235729039499161104e+02 9.997547476880368489e-01
-2.256340479005147301e+02 1.971147165053014350e+00
-2.276951918511133783e+02 1.036683777981401322e+00
-2.297563358017119981e+02 1.580710764600457674e+00
-2.318174797523106463e+02 2.438221103341765783e+00
-2.338786237029092945e+02 1.864807192664435620e+00
-2.359397676535079427e+02 8.879171424872599472e-01
-2.380009116041065909e+02 6.755963233245312338e-01
-2.400620555547052106e+02 2.084103619849355216e+00
-2.421231995053038872e+02 5.632556487061586292e-01
-2.441843434559025070e+02 8.765304885340740038e-01
-2.462454874065011552e+02 7.811215145283516570e-01
-2.483066313570997750e+02 1.646029754895415698e+00
-2.503677753076984231e+02 2.076984951832646864e+00
-2.524289192582970713e+02 8.248368951014465322e-01
-2.544900632088957195e+02 1.394276243790282255e+00
-2.565512071594943677e+02 1.546081543907903200e+00
-2.586123511100929591e+02 1.647411392533259411e+00
-2.606734950606916073e+02 1.241280809853955835e+00
-2.627346390112902554e+02 1.848463941653567755e+00
-2.647957829618889036e+02 2.615782170491819159e+00
-2.668569269124875518e+02 3.274301649425207739e+00
-2.689180708630862000e+02 1.832818126515191937e+00
-2.709792148136847914e+02 3.820583319228192387e+00
