2.694840717691974987e+02 -7.267252672365511756e+00
2.674229278185987937e+02 -1.261384565135454494e+01
2.653617838680002023e+02 -1.159134775973770104e+01
2.633006399174015542e+02 -1.275136733254618626e+01
2.612394959668029060e+02 -1.252381921913875829e+01
2.591783520162042578e+02 -1.208599787404163628e+01
2.571172080656056664e+02 -1.241526754083342077e+01
2.550560641150069898e+02 -1.126999083567052828e+01
2.529949201644083416e+02 -1.282427513610055847e+01
2.509337762138096934e+02 -1.131543546438787473e+01
2.488726322632110737e+02 -1.429641889255074183e+01
2.468114883126124255e+02 -1.431086972270464841e+01
2.447503443620137773e+02 -1.390515425737799937e+01
2.426892004114151291e+02 -1.314198099060060443e+01
2.406280564608165093e+02 -1.163653179940507698e+01
2.385669125102178612e+02 -1.211801092172703420e+01
2.365057685596192414e+02 -1.338527438596502073e+01
2.344446246090205648e+02 -1.183477278719413306e+01
2.323834806584219450e+02 -1.177721022439070708e+01
2.303223367078232968e+02 -1.438032251468997025e+01
2.282611927572246771e+02 -1.189699614291511587e+01
2.262000488066260289e+02 -1.159735103356883990e+01
2.241389048560273807e+02 -1.424092768366061534e+01
2.220777609054287325e+02 -1.238150951452556825e+01
2.200166169548301127e+02 -1.277805271983124236e+01
2.179554730042314645e+02 -9.038078909597787813e+00
2.158943290536328163e+02 -9.170789007464517084e+00
2.138331851030341682e+02 -1.253581057786111508e+01
2.117720411524355200e+02 -9.598305613457842611e+00
2.097108972018369002e+02 -1.252502573099084593e+01
2.076497532512382520e+02 -1.249393340506004257e+01
2.055886093006396038e+02 -1.315565055767121372e+01
2.035274653500409556e+02 -1.394897308038573946e+01
2.014663213994423359e+02 -1.042050254872780712e+01
1.994051774488436877e+02 -1.308672353683878065e+01
1.973440334982450679e+02 -1.351550528141779495e+01
1.952828895476463913e+02 -1.063498693601416001e+01
1.932217455970477715e+02 -1.308327921322428722e+01
1.911606016464491233e+02 -1.202680902376955530e+01
1.890994576958505036e+02 -1.090638329086607428e+01
1.870383137452518270e+02 -1.112229605315454251e+01
1.849771697946532072e+02 -1.034993230710619905e+01
1.829160258440545590e+02 -1.078764985325012127e+01
1.808548818934559392e+02 -1.134035757904718444e+01
1.787937379428572910e+02 -1.207466534726437679e+01
1.767325939922586429e+02 -1.146236797897624982e+01
1.746714500416599947e+02 -1.072476220462667484e+01
1.726103060910613465e+02 -1.083171918377616372e+01
1.705491621404627267e+02 -1.303398001899010694e+01
1.684880181898640785e+02 -1.436120886140020581e+01
1.664268742392654303e+02 -1.177126176191017493e+01
1.643657302886667821e+02 -1.310763998667826158e+01
1.623045863380681624e+02 -1.169745685941551194e+01
1.602434423874695142e+02 -1.019382178166185504e+01
1.581822984368708660e+02 -1.219489577980593431e+01
1.561211544862722178e+02 -1.192943802679727838e+01
1.540600105356735980e+02 -1.113035695388200530e+01
1.519988665850749499e+02 -9.290338401976960370e+00
1.499377226344763301e+02 -1.139063791533985714e+01
1.478765786838776535e+02 -1.107406056305303643e+01
1.458154347332790337e+02 -1.293009375516218284e+01
1.437542907826803855e+02 -1.318782557603056560e+01
1.416931468320817658e+02 -1.292367439368466187e+01
1.396320028814831176e+02 -1.022688811419659949e+01
1.375708589308844694e+02 -9.821041645501514594e+00
1.355097149802858212e+02 -1.026170709716360108e+01
1.334485710296871730e+02 -1.122465596259010567e+01
1.313874270790885532e+02 -1.032132992113216474e+01
1.293262831284899050e+02 -1.247099553029412711e+01
1.272651391778912711e+02 -1.130088261945275185e+01
1.252039952272926229e+02 -1.013468753741798345e+01
1.231428512766939889e+02 -1.070524701148110225e+01
1.210817073260953407e+02 -8.748907640021437615e+00
1.190205633754967067e+02 -9.485990226186451935e+00
1.169594194248980585e+02 -1.187454698045741708e+01
1.148982754742994103e+02 -6.546852873718525423e+00
1.128371315237007764e+02 -9.722037710859243731e+00
1.107759875731021282e+02 -1.005906694663320344e+01
1.087148436225034942e+02 -1.007368374998890026e+01
1.066536996719048460e+02 -1.193526584395693035e+01
1.045925557213062120e+02 -1.210681126376406880e+01
1.025314117707075781e+02 -1.150896794043380389e+01
1.004702678201089299e+02 -1.050744630086490972e+01
9.840912386951028168e+01 -1.030529092876210306e+01
9.634797991891163349e+01 -1.137656117379636456e+01
9.428683596831299951e+01 -1.162561618773825245e+01
9.222569201771436553e+01 -9.633272754025892226e+00
9.016454806711571734e+01 -1.209546413091088546e+01
8.810340411651708337e+01 -1.115418201280972532e+01
8.604226016591843518e+01 -1.029722774501058424e+01
8.398111621531980120e+01 -1.087369067425237468e+01
8.191997226472115301e+01 -9.829626141603723610e+00
7.985882831412251903e+01 -8.633151103721488084e+00
7.779768436352388505e+01 -9.122752572360562695e+00
7.573654041292522265e+01 -9.996191409980964337e+00
7.367539646232658868e+01 -1.111199576435764591e+01
7.161425251172794049e+01 -9.798146020722811045e+00
6.955310856112930651e+01 -7.685944794242696609e+00
6.749196461053067253e+01 -1.085079024407171921e+01
6.543082065993202434e+01 -8.574600829427286186e+00
6.336967670933338326e+01 -1.064423078810073342e+01
6.130853275873474217e+01 -1.036760768359928520e+01
5.924738880813610820e+01 -1.089433351244379367e+01
5.718624485753746711e+01 -1.157598258517932166e+01
5.512510090693882603e+01 -7.413276729794396225e+00
5.306395695634018495e+01 -9.572454594781422799e+00
5.100281300574154386e+01 -9.745386800137293193e+00
4.894166905514290278e+01 -9.546481588053964629e+00
4.688052510454426169e+01 -9.290272088275104423e+00
4.481938115394562061e+01 -1.034810883735221054e+01
4.275823720334697953e+01 -1.062065797412018675e+01
4.069709325274833844e+01 -1.035942703970400203e+01
3.863594930214969736e+01 -1.068885203516441607e+01
3.657480535155105628e+01 -9.623011229901250019e+00
3.451366140095241519e+01 -9.589521490543100768e+00
3.245251745035377411e+01 -1.141932966638288249e+01
3.039137349975513303e+01 -8.465221089699346280e+00
2.833022954915649549e+01 -7.875387360616352694e+00
2.626908559855785441e+01 -9.462425480126970712e+00
2.420794164795921688e+01 -1.076558082648873338e+01
2.214679769736057224e+01 -6.360042521220054645e+00
2.008565374676193471e+01 -5.808781848335611286e+00
1.802450979616329363e+01 -4.407029830613067745e+00
1.596336584556465255e+01 -4.707597574387926365e+00
1.390222189496601146e+01 -3.025382196402583990e+00
1.184107794436736860e+01 3.851606896904546939e-01
9.779933993768729295e+00 6.305249746453659654e+00
7.718790043170087323e+00 1.675395748262862128e+01
5.657646092571446239e+00 2.979659001707093680e+01
3.596502141972806044e+00 4.104331313306599327e+01
1.535358191374165404e+00 4.605572790595325472e+01
-5.257857592244752354e-01 5.149780773623265873e+01
-2.586929709823115875e+00 5.613478745550853688e+01
-4.648073660421757403e+00 5.910702233239522485e+01
-6.709217611020397598e+00 6.503639510278743785e+01
-8.770361561619038682e+00 6.437479153388188990e+01
-1.083150551221767799e+01 5.418723450910950845e+01
-1.289264946281631907e+01 4.733601296341225151e+01
-1.495379341341496016e+01 3.488202104123459435e+01
-1.701493736401360124e+01 2.568635750192498790e+01
-1.907608131461224232e+01 2.046704087296409824e+01
-2.113722526521087985e+01 1.625225124548661526e+01
-2.319836921580952094e+01 1.048826576886010642e+01
-2.525951316640816913e+01 8.967336007815523757e+00
-2.732065711700680666e+01 7.718828793540676969e+00
-2.938180106760544774e+01 9.703699070252650216e+00
-3.144294501820408883e+01 1.216436949499921383e+01
-3.350408896880273346e+01 1.318278922206164872e+01
-3.556523291940137455e+01 1.305800942196185055e+01
-3.762637687000000852e+01 1.542849178105672436e+01
-3.968752082059864961e+01 1.953237191756328173e+01
-4.174866477119729069e+01 2.223521367434564766e+01
-4.380980872179593177e+01 2.905357024296890245e+01
-4.587095267239457286e+01 3.248859226786508003e+01
-4.793209662299321394e+01 3.023585316677921142e+01
-4.999324057359185502e+01 3.068989539977409109e+01
-5.205438452419049611e+01 2.663918832758136190e+01
-5.411552847478913719e+01 2.987034582881703315e+01
-5.617667242538777828e+01 2.399318421147488323e+01
-5.823781637598641936e+01 2.315520728739995704e+01
-6.029896032658506044e+01 2.401254358337133610e+01
-6.236010427718370153e+01 2.220473410045789464e+01
-6.442124822778234261e+01 2.183068759082232191e+01
-6.648239217838097659e+01 2.357962404849589433e+01
-6.854353612897962478e+01 2.042412376839189392e+01
-7.060468007957825876e+01 1.589906818656629106e+01
-7.266582403017689273e+01 1.486055934889518859e+01
-7.472696798077554092e+01 1.122194268414045659e+01
-7.678811193137417490e+01 1.346349985782175374e+01
-7.884925588197283730e+01 8.793447136671892039e+00
-8.091039983257147128e+01 5.732962504579257157e+00
-8.297154378317011947e+01 6.856877599592412942e+00
-8.503268773376875345e+01 3.833446992235176154e+00
-8.709383168436738742e+01 2.838555246641651042e+00
-8.915497563496603561e+01 6.769044194973108074e-03
-9.121611958556466959e+01 3.619609929444737251e+00
-9.327726353616331778e+01 3.632745753266209743e+00
-9.533840748676195176e+01 4.236736580022827603e+00
-9.739955143736059995e+01 4.410921118511332395e+00
-9.946069538795921972e+01 5.714771283817831282e+00
-1.015218393385578679e+02 5.861342833752657633e+00
-1.035829832891565019e+02 3.110794221421593786e+00
-1.056441272397551359e+02 2.807844691780859936e+00
-1.077052711903537840e+02 2.016687927752121023e+00
-1.097664151409524180e+02 -1.658401861599342331e+00
-1.118275590915510662e+02 -3.074168216252917585e+00
-1.138887030421497002e+02 -5.345370873360130837e+00
-1.159498469927483484e+02 -5.362433565244927536e+00
-1.180109909433469966e+02 -5.418197974922395410e+00
-1.200721348939456306e+02 -5.447338352412993245e+00
-1.221332788445442787e+02 -7.275269446849005561e+00
-1.241944227951429127e+02 -2.923078426500982818e+00
-1.262555667457415609e+02 -4.315112703808525296e+00
-1.283167106963401807e+02 -9.470448957651949939e+00
-1.303778546469388289e+02 -9.887077125700512781e+00
-1.324389985975374771e+02 -8.267351675231109809e+00
-1.345001425481361252e+02 -6.439279890949838325e+00
-1.365612864987347734e+02 -9.499603243946582509e+00
-1.386224304493333932e+02 -6.596020951388150699e+00
-1.406835743999320414e+02 -8.755555587608261803e+00
-1.427447183505306896e+02 -9.330120605376150067e+00
-1.448058623011293378e+02 -4.736970388778925845e+00
-1.468670062517279575e+02 -7.762841760917266853e+00
-1.489281502023266057e+02 -1.038795490660018039e+01
-1.509892941529252255e+02 -5.985142507722596150e+00
-1.530504381035239021e+02 -9.985731137832836168e+00
-1.551115820541225219e+02 -8.513347479227302728e+00
-1.571727260047211701e+02 -7.334744617108943210e+00
-1.592338699553197898e+02 -9.992898392756872639e+00
-1.612950139059184380e+02 -6.772939491429406544e+00
-1.633561578565170862e+02 -9.549368895753934439e+00
-1.654173018071157344e+02 -5.418651575549474408e+00
-1.674784457577143542e+02 -7.632494032980183363e+00
-1.695395897083130023e+02 -1.100501792536357826e+01
-1.716007336589116505e+02 -7.768305822644697933e+00
-1.736618776095102987e+02 -8.111569793345102752e+00
-1.757230215601089469e+02 -1.012597442616515231e+01
-1.777841655107075667e+02 -8.478618022963111400e+00
-1.798453094613062149e+02 -9.182361424100704994e+00
-1.819064534119048631e+02 -7.786778976077719960e+00
-1.839675973625035112e+02 -1.050403793075540371e+01
-1.860287413131021310e+02 -9.993554557359454193e+00
-1.880898852637007792e+02 -8.857363096941210046e+00
-1.901510292142993990e+02 -8.758655657478227496e+00
-1.922121731648980756e+02 -6.097262737131849519e+00
-1.942733171154966954e+02 -8.540468348871248949e+00
-1.963344610660953435e+02 -7.948137522887900097e+00
-1.983956050166939633e+02 -8.530831540097759458e+00
-2.004567489672926399e+02 -8.171736098282442740e+00
-2.025178929178912597e+02 -9.750980107408576458e+00
-2.045790368684899079e+02 -9.796448179367866160e+00
-2.066401808190885276e+02 -9.027335258959542585e+00
-2.087013247696871758e+02 -8.545246989670760129e+00
-2.107624687202858240e+02 -8.832563287039455702e+00
-2.128236126708844722e+02 -9.528096760781386010e+00
-2.148847566214831204e+02 -8.553617754503612503e+00
-2.169459005720817402e+02 -1.045085888226240023e+01
-2.190070445226803884e+02 -8.074024683779351008e+00
-2.210681884732790365e+02 -7.980974597420807726e+00
-2.231293324238776847e+02 -9.554752178871348534e+00
-2.251904763744763045e+02 -9.189842243593185245e+00
-2.272516203250749527e+02 -8.875775444289359939e+00
-2.293127642756736009e+02 -1.055421172278077790e+01
-2.313739082262722491e+02 -1.040203674458349958e+01
-2.334350521768708688e+02 -8.632961828956894124e+00
-2.354961961274695170e+02 -9.890519212926088599e+00
-2.375573400780681368e+02 -1.049098946083694983e+01
-2.396184840286668134e+02 -1.248593085998252761e+01
-2.416796279792654332e+02 -1.140576944804677062e+01
-2.437407719298640814e+02 -1.140092234949430505e+01
-2.458019158804627011e+02 -1.122847382468518518e+01
-2.478630598310613493e+02 -1.255158563061498356e+01
-2.499242037816599975e+02 -1.009007868939850283e+01
-2.519853477322586457e+02 -1.018057328543965134e+01
-2.540464916828572939e+02 -1.055813697129078932e+01
-2.561076356334559136e+02 -1.051251336047387674e+01
