2.552971544643820323e+02 1.736745599186450065e-02
2.532360105137834125e+02 -7.502331682490765985e-01
2.511748665631847643e+02 -1.180906448521530649e-01
2.491137226125861162e+02 -1.779620093521513846e+00
2.470525786619874680e+02 9.520311897074030805e-01
2.449914347113888482e+02 6.460915984158099867e-01
2.429302907607902000e+02 2.378020885392449491e-01
2.408691468101915518e+02 6.027267628524030085e-01
2.388080028595929036e+02 1.487649354247918332e+00
2.367468589089942839e+02 4.166477236632164072e+00
2.346857149583956357e+02 -9.699863060649212276e-02
2.326245710077970159e+02 1.219143598567518749e+00
2.305634270571983393e+02 1.678071116356004921e+00
2.285022831065997195e+02 3.775242905977360675e+00
2.264411391560010713e+02 2.812589020928934591e+00
2.243799952054024232e+02 3.412790022413740854e+00
2.223188512548038034e+02 2.410799618773027397e+00
2.202577073042051268e+02 1.567338611762434164e+00
2.181965633536065070e+02 1.500208064582110534e+00
2.161354194030078588e+02 6.607707863339158383e-01
2.140742754524092391e+02 2.571751332952610714e+00
2.120131315018105909e+02 1.041075463550297647e-01
2.099519875512119427e+02 3.674778208214579678e+00
2.078908436006132945e+02 2.432673266391272016e+00
2.058296996500146747e+02 4.583037110549688542e+00
2.037685556994160265e+02 3.694253188008815414e+00
2.017074117488173783e+02 3.109718556782283816e+00
1.996462677982187301e+02 1.895221324276438413e+00
1.975851238476201104e+02 3.590817811630616863e+00
1.955239798970214622e+02 3.882093017839786331e+00
1.934628359464228424e+02 2.691565971056262718e+00
1.914016919958241658e+02 3.814753238526188195e+00
1.893405480452255460e+02 2.624467315529984468e+00
1.872794040946268979e+02 3.385451428917292560e+00
1.852182601440282497e+02 3.502866499639001763e+00
1.831571161934296299e+02 4.906750826661736287e-02
1.810959722428309533e+02 6.932810458193545688e-01
1.790348282922323335e+02 4.736775572716901195e+00
1.769736843416336853e+02 6.644056659254194974e-01
1.749125403910350656e+02 3.661988786327469825e+00
1.728513964404363890e+02 1.535140646917854790e+00
1.707902524898377692e+02 3.181097638328519661e+00
1.687291085392391210e+02 5.164254804760097350e+00
1.666679645886405012e+02 1.332834059463485321e+00
1.646068206380418530e+02 2.075645952194846711e+00
1.625456766874432049e+02 2.002233146826974064e+00
1.604845327368445567e+02 2.366432471567090801e+00
1.584233887862459369e+02 3.568715493307036635e+00
1.563622448356472887e+02 4.000588620291566144e+00
1.543011008850486689e+02 1.952028586770950147e+00
1.522399569344499923e+02 5.881786360687783599e+00
1.501788129838513726e+02 1.430513046763437490e+00
1.481176690332527244e+02 4.973353709880848683e+00
1.460565250826540762e+02 4.997485222927880777e+00
1.439953811320554564e+02 5.437643667819108018e+00
1.419342371814567798e+02 4.639513990146097555e+00
1.398730932308581600e+02 3.364332577124769408e+00
1.378119492802595119e+02 3.244186776382375736e+00
1.357508053296608921e+02 2.960623194644880662e+00
1.336896613790622155e+02 2.520530256284686299e+00
1.316285174284635957e+02 3.575414548602084075e+00
1.295673734778649475e+02 2.303128846401854446e+00
1.275062295272663135e+02 3.920682841890218651e+00
1.254450855766676654e+02 2.346025682062782280e+00
1.233839416260690314e+02 2.475939767054270213e+00
1.213227976754703832e+02 5.001640482112881259e+00
1.192616537248717492e+02 3.000314032472481962e+00
1.172005097742731010e+02 5.084534511354500630e+00
1.151393658236744670e+02 6.098359876248701461e+00
1.130782218730758331e+02 3.862976003311910045e+00
1.110170779224771849e+02 3.244733614318940251e+00
1.089559339718785509e+02 4.111663937529304924e+00
1.068947900212799027e+02 3.946647155670553797e+00
1.048336460706812687e+02 3.188265560774242946e+00
1.027725021200826205e+02 6.175980334908136804e+00
1.007113581694839866e+02 1.110914801788226880e+00
9.865021421888535258e+01 2.542996403234958347e+00
9.658907026828671860e+01 5.441908955697777550e+00
9.452792631768808462e+01 2.126057417104074254e+00
9.246678236708943643e+01 3.839598361300028628e+00
9.040563841649080246e+01 4.932172880019276562e+00
8.834449446589214006e+01 4.723664830496676181e+00
8.628335051529350608e+01 4.724233997558844322e+00
8.422220656469485789e+01 3.552146551147375764e+00
8.216106261409622391e+01 3.780216939587401903e+00
8.009991866349758993e+01 4.973611990726820586e+00
7.803877471289894174e+01 1.664745774055067740e+00
7.597763076230030777e+01 2.590475946728290069e+00
7.391648681170165958e+01 3.153721310919823217e+00
7.185534286110302560e+01 1.647837584666288491e+00
6.979419891050437741e+01 4.579071612273415859e+00
6.773305495990574343e+01 4.094115367023882790e+00
6.567191100930710945e+01 3.544307198454617058e+00
6.361076705870846126e+01 2.807548138989611086e+00
6.154962310810982018e+01 4.243228346937897300e+00
5.948847915751117910e+01 3.068827375296640181e+00
5.742733520691253801e+01 2.826056063648492156e+00
5.536619125631389693e+01 1.602656759648953821e+00
5.330504730571525585e+01 4.386058358022049575e+00
5.124390335511661476e+01 2.770280557884853501e+00
4.918275940451797368e+01 2.981915589438760339e+00
4.712161545391933970e+01 4.383288376100471062e+00
4.506047150332069862e+01 3.625133792292897450e+00
4.299932755272205753e+01 3.298913755065661313e+00
4.093818360212341645e+01 5.380237997263942695e+00
3.887703965152476826e+01 3.851199395266775571e+00
3.681589570092612718e+01 3.973591302768942235e+00
3.475475175032748609e+01 2.926346919690636206e+00
3.269360779972885211e+01 4.794072652652766386e+00
3.063246384913020748e+01 4.907896484853219832e+00
2.857131989853156995e+01 2.502638001231688669e+00
2.651017594793292886e+01 4.334376043275908863e+00
2.444903199733428423e+01 2.373665322336541372e+00
2.238788804673564670e+01 5.234427326466445152e+00
2.032674409613700561e+01 3.687653135905311075e+00
1.826560014553836453e+01 4.166778838212212399e+00
1.620445619493972345e+01 5.349737082965531521e+00
1.414331224434108414e+01 4.926488370023641039e+00
1.208216829374243950e+01 5.041619707987292642e+00
1.002102434314380019e+01 7.762868051339142816e+00
7.959880392545158223e+00 1.211836307150739067e+01
5.898736441946518028e+00 1.028516997448840620e+01
3.837592491347876944e+00 1.994671537122835403e+01
1.776448540749236971e+00 2.425646469455465137e+01
-2.846954098494040575e-01 2.450157219091043359e+01
-2.345839360448044975e+00 2.074175242308075440e+01
-4.406983311046686502e+00 1.809225694499274084e+01
-6.468127261645326698e+00 1.374767527881729379e+01
-8.529271212243967781e+00 1.187616776915428929e+01
-1.059041516284260886e+01 1.187931970443624863e+01
-1.265155911344124817e+01 1.134283648850061255e+01
-1.471270306403988748e+01 9.737405412514664960e+00
-1.677384701463853034e+01 9.743094305959056456e+00
-1.883499096523716787e+01 1.036711720117089719e+01
-2.089613491583580895e+01 6.454136218578994999e+00
-2.295727886643445359e+01 8.011272582610944326e+00
-2.501842281703309467e+01 8.148155211463318892e+00
-2.707956676763173220e+01 8.902475148959332785e+00
-2.914071071823037329e+01 7.747809629938323006e+00
-3.120185466882901437e+01 5.699620870501534320e+00
-3.326299861942765546e+01 9.158751909171316541e+00
-3.532414257002629654e+01 7.530179901252590291e+00
-3.738528652062493762e+01 6.317724161000363381e+00
-3.944643047122357871e+01 5.836075690579225039e+00
-4.150757442182221979e+01 3.541772180334620490e+00
-4.356871837242086087e+01 6.791821234826391773e+00
-4.562986232301950196e+01 5.114558475354081146e+00
-4.769100627361814304e+01 3.860867967879679785e+00
-4.975215022421677702e+01 3.902564127711259712e+00
-5.181329417481541810e+01 4.819939420849423506e+00
-5.387443812541405919e+01 5.319284422227211984e+00
-5.593558207601270027e+01 5.619790263955833254e+00
-5.799672602661134846e+01 3.018525864689640237e+00
-6.005786997720998954e+01 4.255975345000507559e+00
-6.211901392780863063e+01 6.862820989168725738e+00
-6.418015787840725750e+01 3.302108662861933830e+00
-6.624130182900591990e+01 7.904403447682002426e-01
-6.830244577960455388e+01 2.970450167080120885e+00
-7.036358973020318786e+01 1.170053307507708196e+00
-7.242473368080183604e+01 1.149728503091653975e+00
-7.448587763140047002e+01 2.123799696365276990e+00
-7.654702158199911821e+01 1.622488434235592747e+00
-7.860816553259775219e+01 1.972963569640698578e-01
-8.066930948319640038e+01 1.929431078333751381e+00
-8.273045343379503436e+01 3.254181568285816617e+00
-8.479159738439366834e+01 1.100960405284186372e+00
-8.685274133499231652e+01 2.738872943210949540e+00
-8.891388528559095050e+01 3.703982258748497181e+00
-9.097502923618959869e+01 3.374692429221060497e+00
-9.303617318678823267e+01 -9.568727425302410161e-01
-9.509731713738688086e+01 1.119528627750261851e+00
-9.715846108798551484e+01 1.876970370112871933e+00
-9.921960503858416303e+01 1.634589940747551262e+00
-1.012807489891828112e+02 -1.526290753812703960e+00
-1.033418929397814452e+02 1.912597008648076136e+00
-1.054030368903800934e+02 -1.149650334665504703e+00
-1.074641808409787416e+02 7.854047803803225758e-01
-1.095253247915773755e+02 7.860041018071134422e-01
-1.115864687421760237e+02 2.879485812017406055e-01
-1.136476126927746577e+02 1.419915792745630068e+00
-1.157087566433733059e+02 1.109279762690829729e+00
-1.177699005939719399e+02 9.197334023786086776e-01
-1.198310445445705739e+02 1.168755497573164659e+00
-1.218921884951692221e+02 2.547495360395639175e+00
-1.239533324457678560e+02 -5.457068866766002779e-01
-1.260144763963665042e+02 -7.976094738558936470e-02
-1.280756203469651382e+02 -4.416559012070319090e-01
-1.301367642975637864e+02 -4.510849716198433446e-01
-1.321979082481624346e+02 8.609321636439616343e-01
-1.342590521987610543e+02 6.365270919423236806e-02
-1.363201961493597025e+02 8.194505876300170466e-02
-1.383813400999583507e+02 -9.587700163219021743e-01
-1.404424840505569989e+02 -1.583689428593352266e+00
-1.425036280011556187e+02 -9.414703220780038517e-01
-1.445647719517542669e+02 1.508313399772323038e+00
-1.466259159023528866e+02 -1.549322874855696197e+00
-1.486870598529515632e+02 -8.360741152436519386e-01
-1.507482038035501830e+02 5.524974780794749130e-01
-1.528093477541488312e+02 -7.749005143827804032e-01
-1.548704917047474510e+02 -3.314238795251541747e-01
-1.569316356553461276e+02 -1.679035674218146978e-01
-1.589927796059447473e+02 1.268757983776530818e+00
-1.610539235565433955e+02 3.290181447422917405e+00
-1.631150675071420437e+02 -1.479987478257053235e-01
-1.651762114577406635e+02 -3.067042269458777337e-01
-1.672373554083393401e+02 -3.044845334996493680e+00
-1.692984993589379599e+02 -5.513903194345902703e-01
-1.713596433095366081e+02 -3.410022072838370555e+00
-1.734207872601352278e+02 7.177343762507207847e-01
-1.754819312107338760e+02 7.276422357087282133e-01
-1.775430751613325242e+02 -3.581636157312421798e+00
-1.796042191119311724e+02 -2.254539704849076731e+00
-1.816653630625297922e+02 -5.118503336042599244e-02
-1.837265070131284403e+02 -1.213126674249165093e+00
-1.857876509637270885e+02 -1.291333059112142800e+00
-1.878487949143257367e+02 -5.925516797342136321e-01
-1.899099388649243565e+02 1.177802621414398843e-01
-1.919710828155230047e+02 -6.070385983139656716e-01
-1.940322267661216245e+02 -1.548799585119758904e+00
-1.960933707167203011e+02 -1.076402843277294963e+00
-1.981545146673189208e+02 5.777457860362539277e-01
-2.002156586179175690e+02 2.192982071099991714e-01
-2.022768025685162172e+02 -2.214870412589997173e+00
-2.043379465191148370e+02 -1.747703891780553409e+00
-2.063990904697135136e+02 -1.204394903668793537e+00
-2.084602344203121334e+02 -2.039914954860209129e+00
-2.105213783709107815e+02 -3.234759220532166246e+00
-2.125825223215094013e+02 -1.595522865319962680e+00
-2.146436662721080779e+02 -1.478262312993845473e+00
-2.167048102227066977e+02 -3.402058472314644533e+00
-2.187659541733053459e+02 -7.182861902439781066e-01
-2.208270981239039656e+02 4.181417676710995068e-01
-2.228882420745026138e+02 -2.098774766908685141e+00
-2.249493860251012620e+02 -2.688049965173989531e+00
-2.270105299756999102e+02 -2.995702901512872440e+00
-2.290716739262985300e+02 -1.326414105340073535e+00
-2.311328178768971782e+02 -9.511506546444985499e-01
-2.331939618274957979e+02 -5.798014651564602495e-01
-2.352551057780944745e+02 -9.747540515652640680e-01
-2.373162497286930943e+02 -2.125297464052431362e+00
-2.393773936792917425e+02 9.731204296463464853e-01
-2.414385376298903907e+02 1.758405339281639668e+00
-2.434996815804890105e+02 -1.243625092365956419e+00
-2.455608255310876871e+02 -1.872632010395874680e+00
-2.476219694816863068e+02 -1.915500492475755490e+00
-2.496831134322849550e+02 -1.487155294618351054e+00
-2.517442573828835748e+02 -1.669817240811091841e+00
-2.538054013334822514e+02 -1.428289709989052358e+00
-2.558665452840808712e+02 -1.511698231771481382e-01
-2.579276892346795194e+02 -1.949032899203788860e+00
-2.599888331852781675e+02 -2.634815760284973774e+00
-2.620499771358767589e+02 -2.202556441261578346e+00
-2.641111210864754639e+02 -9.720020781163324353e-02
-2.661722650370740553e+02 -1.925282004777335798e+00
-2.682334089876727035e+02 -1.848668247657040409e+00
-2.702945529382713516e+02 1.506897663635479168e-01
