2.734609438281049734e+02 9.162049092257488203e-01
2.713997998775063820e+02 3.020144505425974124e+00
2.693386559269077338e+02 4.305394472907778436e+00
2.672775119763091425e+02 4.319687568023149460e+00
2.652163680257104375e+02 4.176851975341534740e+00
2.631552240751117893e+02 6.364045526513006479e+00
2.610940801245131979e+02 5.517515472191440118e+00
2.590329361739145497e+02 5.710974789783263006e+00
2.569717922233159015e+02 6.385102943441136603e+00
2.549106482727172533e+02 5.584223485859105551e+00
2.528495043221186336e+02 4.369783462101446858e+00
2.507883603715199854e+02 5.164466238831158407e+00
2.487272164209213372e+02 6.082543220843563248e+00
2.466660724703226890e+02 5.881610950291152662e+00
2.446049285197240692e+02 7.353555924287942247e+00
2.425437845691254211e+02 7.410053016294904538e+00
2.404826406185268013e+02 5.704619087790507415e+00
2.384214966679281247e+02 6.822031431974738602e+00
2.363603527173295049e+02 7.474927650163245119e+00
2.342992087667308567e+02 7.019414638746940938e+00
2.322380648161322085e+02 6.085453115564815718e+00
2.301769208655335603e+02 5.676374315039905305e+00
2.281157769149349122e+02 6.473985299391625148e+00
2.260546329643362924e+02 5.636449138809213721e+00
2.239934890137376442e+02 6.272666661051248482e+00
2.219323450631390244e+02 7.643644088366876588e+00
2.198712011125403478e+02 7.373135502596290358e+00
2.178100571619417281e+02 7.374274596991718056e+00
2.157489132113430799e+02 6.278806090149857688e+00
2.136877692607444601e+02 6.298814997794221604e+00
2.116266253101458119e+02 5.894402967144493743e+00
2.095654813595471637e+02 6.729281825202456879e+00
2.075043374089485155e+02 6.619979209594182734e+00
2.054431934583498958e+02 6.197376474932988266e+00
2.033820495077512476e+02 7.190008176320112909e+00
2.013209055571525994e+02 7.000735086383562233e+00
1.992597616065539512e+02 6.959826199388260193e+00
1.971986176559553599e+02 7.053095683483866729e+00
1.951374737053567117e+02 6.894174425649803872e+00
1.930763297547580351e+02 6.821156069134419297e+00
1.910151858041594153e+02 5.983052963490044007e+00
1.889540418535607671e+02 6.136604157544728544e+00
1.868928979029621473e+02 8.124176901262748274e+00
1.848317539523634991e+02 6.148797890961865242e+00
1.827706100017648509e+02 6.250574429032989876e+00
1.807094660511662028e+02 7.310533646511819583e+00
1.786483221005675830e+02 6.132590987247280800e+00
1.765871781499689348e+02 7.799835839459968057e+00
1.745260341993702866e+02 6.682941931398144852e+00
1.724648902487716384e+02 6.894271853221729529e+00
1.704037462981730187e+02 6.258496584293026466e+00
1.683426023475743705e+02 7.925687012907540741e+00
1.662814583969757507e+02 7.829186536383200057e+00
1.642203144463770741e+02 7.546445994522994916e+00
1.621591704957784543e+02 6.779158093101408156e+00
1.600980265451798061e+02 6.593295253947899504e+00
1.580368825945811864e+02 7.942007460294036925e+00
1.559757386439825382e+02 7.832083263761993486e+00
1.539145946933838616e+02 7.271420406555562543e+00
1.518534507427852418e+02 6.759449438632748830e+00
1.497923067921865936e+02 6.205367294488885577e+00
1.477311628415879738e+02 8.861429917219533436e+00
1.456700188909892972e+02 6.993074261655350732e+00
1.436088749403906775e+02 6.834572858835112896e+00
1.415477309897920293e+02 7.653820004080793105e+00
1.394865870391934095e+02 6.539571069334718878e+00
1.374254430885947613e+02 6.362907255766560688e+00
1.353642991379961131e+02 5.776600194254535303e+00
1.333031551873974649e+02 6.307024748279529192e+00
1.312420112367988452e+02 6.207436007085910923e+00
1.291808672862001970e+02 6.915951848251373768e+00
1.271197233356015488e+02 6.500226600291976631e+00
1.250585793850029148e+02 7.872063554766421056e+00
1.229974354344042666e+02 6.983745330282399522e+00
1.209362914838056327e+02 6.848080210605716367e+00
1.188751475332069845e+02 7.235730948294310849e+00
1.168140035826083505e+02 5.940126353539169735e+00
1.147528596320097165e+02 6.729049998395526977e+00
1.126917156814110683e+02 7.397085919326499948e+00
1.106305717308124343e+02 6.943307889589826587e+00
1.085694277802137861e+02 5.541209716537134788e+00
1.065082838296151522e+02 6.323175708768111747e+00
1.044471398790165040e+02 6.496617381206252873e+00
1.023859959284178700e+02 5.910321042986487861e+00
1.003248519778192360e+02 7.523850236464125096e+00
9.826370802722055942e+01 8.028965969799358504e+00
9.620256407662192544e+01 6.607510287833397555e+00
9.414142012602329146e+01 6.997293026354903134e+00
9.208027617542464327e+01 5.699225753278759576e+00
9.001913222482600929e+01 6.571426617694879013e+00
8.795798827422736110e+01 6.043366437853618933e+00
8.589684432362872712e+01 4.652978004693101965e+00
8.383570037303007894e+01 6.034463846667943443e+00
8.177455642243144496e+01 6.043315568892243306e+00
7.971341247183281098e+01 6.128817295462872572e+00
7.765226852123416279e+01 5.978165887334121464e+00
7.559112457063552881e+01 7.127313898152406679e+00
7.352998062003688062e+01 6.919361837778876811e+00
7.146883666943824664e+01 5.903034954778204835e+00
6.940769271883959846e+01 5.267178335778379683e+00
6.734654876824096448e+01 4.896021244026241170e+00
6.528540481764231629e+01 7.434682301079549305e+00
6.322426086704367520e+01 5.350107510649039000e+00
6.116311691644504123e+01 5.713372970171069376e+00
5.910197296584640014e+01 6.289050237697233925e+00
5.704082901524775906e+01 5.681462699651826043e+00
5.497968506464911798e+01 5.167061719470727787e+00
5.291854111405047689e+01 5.651993679493604539e+00
5.085739716345182870e+01 6.503395298241396283e+00
4.879625321285318762e+01 5.717994845993474406e+00
4.673510926225455364e+01 5.462361332398391944e+00
4.467396531165591256e+01 5.820368957783284891e+00
4.261282136105727147e+01 6.480925775004894085e+00
4.055167741045863039e+01 6.777012234153215076e+00
3.849053345985998931e+01 6.465237571808610362e+00
3.642938950926134822e+01 6.961577017603755912e+00
3.436824555866270714e+01 6.793766128209665744e+00
3.230710160806406606e+01 6.233480173106117128e+00
3.024595765746542853e+01 6.869305793417339601e+00
2.818481370686678744e+01 7.378714357668686219e+00
2.612366975626814281e+01 6.427479144378443365e+00
2.406252580566950172e+01 7.357534385274878908e+00
2.200138185507086419e+01 6.733703903156649240e+00
1.994023790447222311e+01 8.462954774559996451e+00
1.787909395387358202e+01 8.875190001396857653e+00
1.581795000327494094e+01 8.396685567026295871e+00
1.375680605267629986e+01 1.083381969374431186e+01
1.169566210207765877e+01 1.229817437425604432e+01
9.634518151479017689e+00 1.510045031340379218e+01
7.573374200880377494e+00 2.137664695069825171e+01
5.512230250281737298e+00 3.097589127647637852e+01
3.451086299683097103e+00 3.975558277827828846e+01
1.389942349084455797e+00 5.109075323485788545e+01
-6.712016015141848424e-01 6.010072662096510498e+01
-2.732345552112825704e+00 7.192028194706297484e+01
-4.793489502711466343e+00 7.624881063480248145e+01
-6.854633453310107427e+00 7.958233868482717810e+01
-8.915777403908748511e+00 7.605615602902311423e+01
-1.097692135450738959e+01 6.716934798457167233e+01
-1.303806530510602890e+01 5.062474853855386669e+01
-1.509920925570467176e+01 3.710878259822508340e+01
-1.716035320630331285e+01 2.770851153122968569e+01
-1.922149715690195038e+01 2.271399680072335414e+01
-2.128264110750059146e+01 2.042650547101396441e+01
-2.334378505809923610e+01 1.803270283924147677e+01
-2.540492900869787363e+01 1.541679917884778206e+01
-2.746607295929651471e+01 1.522596414157695399e+01
-2.952721690989515579e+01 1.493527166967929887e+01
-3.158836086049380043e+01 1.428272108409659502e+01
-3.364950481109244151e+01 1.282294512148296128e+01
-3.571064876169107549e+01 1.419397118797243529e+01
-3.777179271228971658e+01 1.432480971485760612e+01
-3.983293666288835766e+01 1.469663361741876884e+01
-4.189408061348699874e+01 1.448503808440005436e+01
-4.395522456408563983e+01 1.470064987795717393e+01
-4.601636851468428802e+01 1.504770022971822918e+01
-4.807751246528292910e+01 1.396926572528559696e+01
-5.013865641588156308e+01 1.300979928179986977e+01
-5.219980036648020416e+01 1.257314193226968868e+01
-5.426094431707884524e+01 1.075109828821133462e+01
-5.632208826767748633e+01 1.117205391727238606e+01
-5.838323221827612741e+01 9.408994187376388041e+00
-6.044437616887476850e+01 9.514122255134452644e+00
-6.250552011947340958e+01 9.791500555211310797e+00
-6.456666407007205066e+01 9.289821814486225904e+00
-6.662780802067069885e+01 8.157028998396976149e+00
-6.868895197126933283e+01 7.379728202522811031e+00
-7.075009592186796681e+01 7.016902138733423833e+00
-7.281123987246661500e+01 7.417049675233302608e+00
-7.487238382306524898e+01 6.668868782168517306e+00
-7.693352777366389716e+01 5.960565515058736885e+00
-7.899467172426253114e+01 6.384853071365962585e+00
-8.105581567486117933e+01 5.833599367118861956e+00
-8.311695962545981331e+01 7.158605574132161919e+00
-8.517810357605844729e+01 5.895429632055197544e+00
-8.723924752665709548e+01 5.700118394505466313e+00
-8.930039147725572946e+01 5.678845872264074224e+00
-9.136153542785437764e+01 5.127157262220901401e+00
-9.342267937845301162e+01 5.615650924775689390e+00
-9.548382332905167402e+01 4.547248210226804588e+00
-9.754496727965030800e+01 5.395914272182065652e+00
-9.960611123024894198e+01 5.160007798935567713e+00
-1.016672551808475760e+02 4.385300560054507635e+00
-1.037283991314462241e+02 4.519192164051843541e+00
-1.057895430820448581e+02 4.096133185605587812e+00
-1.078506870326434921e+02 5.188162204861584748e+00
-1.099118309832421403e+02 5.144274694964307670e+00
-1.119729749338407743e+02 3.424947620822421435e+00
-1.140341188844394225e+02 4.491098192842833292e+00
-1.160952628350380564e+02 5.088307728768701743e+00
-1.181564067856366904e+02 5.399026492555966783e+00
-1.202175507362353386e+02 5.803031717800988254e+00
-1.222786946868339726e+02 4.614230832962087803e+00
-1.243398386374326208e+02 4.630816415220979643e+00
-1.264009825880312547e+02 3.290470946203700731e+00
-1.284621265386299171e+02 3.846853041300030362e+00
-1.305232704892285369e+02 4.043568611117700051e+00
-1.325844144398271851e+02 3.618222803027559387e+00
-1.346455583904258049e+02 3.341113808034184895e+00
-1.367067023410244815e+02 3.312399657374881290e+00
-1.387678462916231013e+02 3.520274668789850292e+00
-1.408289902422217494e+02 2.380869312142821936e+00
-1.428901341928203692e+02 2.625324863261540020e+00
-1.449512781434190458e+02 2.318627550993968445e+00
-1.470124220940176656e+02 1.929519036025614032e+00
-1.490735660446163138e+02 1.294858846630313476e+00
-1.511347099952149335e+02 1.718740684398824214e+00
-1.531958539458135817e+02 2.524530838490059992e+00
-1.552569978964122583e+02 2.150765347214935730e+00
-1.573181418470108781e+02 1.323133076878113545e+00
-1.593792857976095263e+02 2.210122353904999670e+00
-1.614404297482081461e+02 1.159106556230614871e+00
-1.635015736988067943e+02 1.045030029702788799e+00
-1.655627176494054424e+02 1.681050177948723023e+00
-1.676238616000040906e+02 1.663956158454703349e+00
-1.696850055506027104e+02 2.039683387144959337e+00
-1.717461495012013586e+02 -1.522959876720579586e-01
-1.738072934517999784e+02 1.199054997855323323e+00
-1.758684374023986550e+02 1.000622854701248343e+00
-1.779295813529972747e+02 1.656393885816841216e+00
-1.799907253035959229e+02 1.800106651424588700e+00
-1.820518692541945427e+02 9.538965711211618848e-01
-1.841130132047932193e+02 8.351427870110978979e-01
-1.861741571553918391e+02 4.249263322188351344e-01
-1.882353011059904873e+02 3.104426104330424985e-01
-1.902964450565891070e+02 6.535795223219883487e-01
-1.923575890071877552e+02 1.820607037331367639e-01
-1.944187329577864318e+02 1.527901232465908476e+00
-1.964798769083850516e+02 6.761068037178352697e-01
-1.985410208589837282e+02 8.906992457465978674e-01
-2.006021648095823480e+02 8.626029517530221513e-01
-2.026633087601809962e+02 3.611619957870087494e-01
-2.047244527107796159e+02 3.036638049495999359e-01
-2.067855966613782925e+02 7.683808462722520050e-01
-2.088467406119769123e+02 -4.889262333715812398e-02
-2.109078845625755605e+02 1.098359379405766667e+00
-2.129690285131741803e+02 2.102868974597394747e+00
-2.150301724637728569e+02 1.235250173753840386e+00
-2.170913164143714766e+02 8.462290810451388312e-01
-2.191524603649701248e+02 3.279175558735396567e-01
-2.212136043155687446e+02 1.183645118628170234e+00
-2.232747482661673928e+02 -5.302194414921956173e-02
-2.253358922167660410e+02 3.149134027370782771e-03
-2.273970361673646892e+02 1.733989882834661156e-01
-2.294581801179633374e+02 8.205064164961090034e-01
-2.315193240685619571e+02 1.828580194109987511e+00
-2.335804680191606053e+02 1.699972476494558682e-01
-2.356416119697592535e+02 1.397494190594036345e+00
-2.377027559203579017e+02 5.952951258966076020e-01
-2.397638998709565215e+02 -2.982689238759654304e-01
-2.418250438215551696e+02 2.538303622784115809e+00
-2.438861877721537894e+02 1.550727458956430604e+00
-2.459473317227524660e+02 1.457958775292195419e+00
-2.480084756733510858e+02 2.070627888414839468e+00
-2.500696196239497340e+02 2.245969311100634691e+00
-2.521307635745483537e+02 3.987359754042846482e+00
