2.539357669755348468e+02 1.683294021701537968e+00
2.518746230249362270e+02 3.706582235897890598e+00
2.498134790743375788e+02 3.371050814931245476e+00
2.477523351237389591e+02 4.020435221318633623e+00
2.456911911731403109e+02 5.116856705130604865e+00
2.436300472225416627e+02 4.756493774941827013e+00
2.415689032719430145e+02 5.065617017384218990e+00
2.395077593213443947e+02 5.167077901927295436e+00
2.374466153707457465e+02 5.712760188286221563e+00
2.353854714201470699e+02 5.739396347596969150e+00
2.333243274695484502e+02 4.307446229327938525e+00
2.312631835189498020e+02 4.965499448638520441e+00
2.292020395683511822e+02 6.554288686512124151e+00
2.271408956177525340e+02 6.321657575909314097e+00
2.250797516671538858e+02 6.724879141141381744e+00
2.230186077165552376e+02 6.811737656615214576e+00
2.209574637659566179e+02 6.469311592818270285e+00
2.188963198153579697e+02 7.292230533401180104e+00
2.168351758647593499e+02 6.407575083645591363e+00
2.147740319141606733e+02 6.465438749281075204e+00
2.127128879635620535e+02 6.295951412221450383e+00
2.106517440129634053e+02 6.674674948740970670e+00
2.085906000623647856e+02 6.625066836267257564e+00
2.065294561117661374e+02 6.476761574178415692e+00
2.044683121611674892e+02 6.690020417818701937e+00
2.024071682105688410e+02 6.665357199057264204e+00
2.003460242599702212e+02 8.084368224932759972e+00
1.982848803093715730e+02 6.463954753902816819e+00
1.962237363587729249e+02 7.310979375878887687e+00
1.941625924081743051e+02 7.802109451498406401e+00
1.921014484575756569e+02 7.128506883305693265e+00
1.900403045069770371e+02 6.902209141557645644e+00
1.879791605563783605e+02 7.117986436523241700e+00
1.859180166057797408e+02 6.588956904672309101e+00
1.838568726551810926e+02 6.709426135545154324e+00
1.817957287045824728e+02 7.334398699036124292e+00
1.797345847539837962e+02 6.987920315779621916e+00
1.776734408033851764e+02 7.598807506585866456e+00
1.756122968527865282e+02 7.397936109755740119e+00
1.735511529021879085e+02 8.176454840933292445e+00
1.714900089515892603e+02 6.462385007571134210e+00
1.694288650009906121e+02 6.248932769809033339e+00
1.673677210503919639e+02 6.861647199093391158e+00
1.653065770997933441e+02 6.723882656477235820e+00
1.632454331491946959e+02 6.891778916011301881e+00
1.611842891985960762e+02 7.574734468379868524e+00
1.591231452479973996e+02 8.545545422272919467e+00
1.570620012973987514e+02 9.201083878945913952e+00
1.550008573468001316e+02 7.055602722590514020e+00
1.529397133962014834e+02 6.915899286934385159e+00
1.508785694456028637e+02 6.678836725525551188e+00
1.488174254950041870e+02 6.667652896789023842e+00
1.467562815444055673e+02 7.144179165238847773e+00
1.446951375938069191e+02 7.444036914537580429e+00
1.426339936432082993e+02 8.250656206175760232e+00
1.405728496926096227e+02 6.590074055067018044e+00
1.385117057420110029e+02 8.064415347922963662e+00
1.364505617914123548e+02 7.302501240828690676e+00
1.343894178408137350e+02 7.532305442346987512e+00
1.323282738902150868e+02 8.199296020709724075e+00
1.302671299396164386e+02 6.959330652055396804e+00
1.282059859890177904e+02 7.911663700685722667e+00
1.261448420384191564e+02 6.977360251615822406e+00
1.240836980878205082e+02 6.451492032134558130e+00
1.220225541372218743e+02 7.721987069437808771e+00
1.199614101866232403e+02 7.516644452226604933e+00
1.179002662360245921e+02 7.223154954217894108e+00
1.158391222854259581e+02 7.040293463888876779e+00
1.137779783348273099e+02 8.002874719925863189e+00
1.117168343842286760e+02 5.572521749194908836e+00
1.096556904336300420e+02 7.023812208555935577e+00
1.075945464830313938e+02 7.141872603525039054e+00
1.055334025324327598e+02 5.683251830080551237e+00
1.034722585818341116e+02 7.966158781336786454e+00
1.014111146312354776e+02 7.558049791109402449e+00
9.934997068063681525e+01 6.476697281313925636e+00
9.728882673003818127e+01 8.178866701022878161e+00
9.522768277943954729e+01 7.597900511149759062e+00
9.316653882884089910e+01 6.860546710103478496e+00
9.110539487824226512e+01 7.212927901022844424e+00
8.904425092764361693e+01 8.342593114772078877e+00
8.698310697704498295e+01 7.037148955330014388e+00
8.492196302644633477e+01 7.227063347296889262e+00
8.286081907584770079e+01 6.750499551254403485e+00
8.079967512524906681e+01 6.328112970902835421e+00
7.873853117465041862e+01 7.041638868218552005e+00
7.667738722405178464e+01 8.461798573984070870e+00
7.461624327345313645e+01 6.848434224454896579e+00
7.255509932285450247e+01 7.305236193796442734e+00
7.049395537225585429e+01 7.218259354787844195e+00
6.843281142165722031e+01 7.093818944141894178e+00
6.637166747105858633e+01 7.312984746831987515e+00
6.431052352045993814e+01 7.449396493289925480e+00
6.224937956986128995e+01 7.741665943766203206e+00
6.018823561926265597e+01 6.706924729122120787e+00
5.812709166866401489e+01 5.971476488137300365e+00
5.606594771806537381e+01 7.139457286730221064e+00
5.400480376746673272e+01 6.463408239360438401e+00
5.194365981686808453e+01 6.116341868097776135e+00
4.988251586626944345e+01 6.131126974820509723e+00
4.782137191567080947e+01 6.576009218629590869e+00
4.576022796507216839e+01 6.873173896752343914e+00
4.369908401447352730e+01 6.600498090065606505e+00
4.163794006387488622e+01 7.433349872095166511e+00
3.957679611327624514e+01 6.834475875557781244e+00
3.751565216267760405e+01 6.602741188732055733e+00
3.545450821207896297e+01 4.870493655951338319e+00
3.339336426148032899e+01 5.611746539708478032e+00
3.133222031088168080e+01 5.890270369360974811e+00
2.927107636028304327e+01 7.134864374915773411e+00
2.720993240968439864e+01 7.552730924028352000e+00
2.514878845908575755e+01 7.035463402168175229e+00
2.308764450848711647e+01 6.823598286956871206e+00
2.102650055788847538e+01 7.874611464482641487e+00
1.896535660728983075e+01 9.644223997878926369e+00
1.690421265669119322e+01 1.028248116747038843e+01
1.484306870609255213e+01 1.293423295553094121e+01
1.278192475549391283e+01 1.700775535160333263e+01
1.072078080489527174e+01 2.573811114185555127e+01
8.659636854296632436e+00 3.577311538589999174e+01
6.598492903697990464e+00 4.589543854802274581e+01
4.537348953099350268e+00 4.888159058487978115e+01
2.476205002500708741e+00 4.930759438942600781e+01
4.150610519020681566e-01 5.147268596026045628e+01
-1.646082898696572538e+00 4.531004150608007564e+01
-3.707226849295213178e+00 3.833557858647973404e+01
-5.768370799893853373e+00 2.959889278547536051e+01
-7.829514750492494457e+00 2.204999682966766983e+01
-9.890658701091135541e+00 1.485968002126217336e+01
-1.195180265168977485e+01 1.304983471767611647e+01
-1.401294660228841948e+01 1.324035898275394629e+01
-1.607409055288706057e+01 1.168209977777784125e+01
-1.813523450348569810e+01 1.139009587747137964e+01
-2.019637845408434274e+01 1.116262273029490437e+01
-2.225752240468298382e+01 1.100205651322058742e+01
-2.431866635528162135e+01 9.792603140621523039e+00
-2.637981030588025888e+01 1.009008064334948607e+01
-2.844095425647889996e+01 1.056790937231532901e+01
-3.050209820707754460e+01 8.552211139969722709e+00
-3.256324215767617858e+01 9.196437803376948494e+00
-3.462438610827482677e+01 8.860224577927709788e+00
-3.668553005887346075e+01 8.088769877402697261e+00
-3.874667400947210183e+01 7.722647133844494860e+00
-4.080781796007074291e+01 7.627017499593572225e+00
-4.286896191066938400e+01 6.794677143740523562e+00
-4.493010586126803219e+01 6.810528164126554707e+00
-4.699124981186667327e+01 7.155636586844594582e+00
-4.905239376246530725e+01 6.246168162700867832e+00
-5.111353771306394833e+01 5.201044198607071678e+00
-5.317468166366258941e+01 6.835664671821013449e+00
-5.523582561426123050e+01 7.173036695724258394e+00
-5.729696956485987158e+01 5.992173762033706552e+00
-5.935811351545851267e+01 5.616127849043092368e+00
-6.141925746605715375e+01 5.645565381523462101e+00
-6.348040141665578773e+01 4.520007870592446686e+00
-6.554154536725444302e+01 4.111014695750300874e+00
-6.760268931785307700e+01 4.688659093057701455e+00
-6.966383326845172519e+01 4.656978815052368326e+00
-7.172497721905035917e+01 4.632244046435789464e+00
-7.378612116964899315e+01 4.905311069019427705e+00
-7.584726512024764133e+01 5.016980449401827968e+00
-7.790840907084627531e+01 4.950320181132672914e+00
-7.996955302144492350e+01 4.954519971272266510e+00
-8.203069697204355748e+01 4.057158295132465398e+00
-8.409184092264219146e+01 3.526155017577784268e+00
-8.615298487324083965e+01 4.384201662616888484e+00
-8.821412882383947363e+01 5.444477964426343242e+00
-9.027527277443812181e+01 4.396931252053748906e+00
-9.233641672503675579e+01 4.214439467034785558e+00
-9.439756067563541819e+01 4.074734721597630838e+00
-9.645870462623405217e+01 4.893793907986152547e+00
-9.851984857683268615e+01 3.859875354289731941e+00
-1.005809925274313343e+02 3.798846044068381556e+00
-1.026421364780299683e+02 3.694164301226368075e+00
-1.047032804286286165e+02 3.152108446513675499e+00
-1.067644243792272505e+02 3.073920581043842581e+00
-1.088255683298258987e+02 3.719416769387024591e+00
-1.108867122804245327e+02 3.865006200902240785e+00
-1.129478562310231666e+02 3.251327594670379462e+00
-1.150090001816218148e+02 3.142400170785722313e+00
-1.170701441322204488e+02 3.600861530538244537e+00
-1.191312880828190970e+02 3.570999362569958535e+00
-1.211924320334177310e+02 3.605754287375585232e+00
-1.232535759840163792e+02 3.233807900520393019e+00
-1.253147199346150131e+02 3.350606233677211332e+00
-1.273758638852136471e+02 2.870489615130831673e+00
-1.294370078358122953e+02 3.636896924856973357e+00
-1.314981517864109435e+02 2.177533622304349770e+00
-1.335592957370095917e+02 1.367722736568325104e+00
-1.356204396876082114e+02 3.335345309915278555e+00
-1.376815836382068596e+02 2.551724336825131001e+00
-1.397427275888054794e+02 2.119753036256325274e+00
-1.418038715394041560e+02 2.267858646853142979e+00
-1.438650154900027758e+02 1.798323012222815320e+00
-1.459261594406014240e+02 2.708122582755569496e+00
-1.479873033912000437e+02 2.665410553471858179e+00
-1.500484473417987203e+02 1.807410430017982295e+00
-1.521095912923973685e+02 1.202665026221689581e+00
-1.541707352429959883e+02 2.544282389754082274e+00
-1.562318791935946365e+02 2.778006497461028790e+00
-1.582930231441932563e+02 2.687614502702444952e+00
-1.603541670947919329e+02 2.382724962926266787e+00
-1.624153110453905526e+02 2.877080357195395344e+00
-1.644764549959892008e+02 2.130510509824348198e+00
-1.665375989465878206e+02 2.205973066362322044e+00
-1.685987428971864688e+02 2.695435730738284352e+00
-1.706598868477851170e+02 1.113200851377806888e+00
-1.727210307983837652e+02 1.156974818211276679e+00
-1.747821747489823849e+02 2.405751093965002418e+00
-1.768433186995810331e+02 1.916478793696240412e+00
-1.789044626501796813e+02 1.169493123605173768e+00
-1.809656066007783295e+02 5.622528469695727837e-01
-1.830267505513769493e+02 1.200740696649142736e+00
-1.850878945019755974e+02 1.432123484833224714e+00
-1.871490384525742172e+02 3.535555042825744981e-02
-1.892101824031728938e+02 1.020049950013979939e-01
-1.912713263537715420e+02 1.951264366785165461e+00
-1.933324703043701618e+02 1.408608408546162760e+00
-1.953936142549688100e+02 3.269566828127181690e-01
-1.974547582055674297e+02 1.501843388356990161e+00
-1.995159021561661064e+02 1.659158786578293299e+00
-2.015770461067647545e+02 3.001992595724571888e-01
-2.036381900573634027e+02 1.449342812580642903e+00
-2.056993340079620225e+02 1.709886192495718715e+00
-2.077604779585606707e+02 7.833453055138379639e-01
-2.098216219091592905e+02 1.610587628038326891e+00
-2.118827658597579671e+02 1.536572924118846384e+00
-2.139439098103565868e+02 9.804179613520432879e-01
-2.160050537609552350e+02 1.525990218552214950e+00
-2.180661977115538548e+02 7.629247806054035852e-01
-2.201273416621525314e+02 4.955543303843193415e-01
-2.221884856127511512e+02 9.925140880024835299e-01
-2.242496295633497994e+02 6.098267845231404305e-01
-2.263107735139484191e+02 -1.745381477441649565e-01
-2.283719174645470673e+02 4.570711894131063158e-01
-2.304330614151457439e+02 7.539167666736573681e-01
-2.324942053657443637e+02 1.085227333325717858e-01
-2.345553493163430119e+02 1.595149902172055434e+00
-2.366164932669416316e+02 1.081958033841183831e+00
-2.386776372175402798e+02 1.251939057815971257e+00
-2.407387811681389280e+02 1.549038278861381901e+00
-2.427999251187375762e+02 1.325561335235979410e+00
-2.448610690693361960e+02 7.348014186007916226e-01
-2.469222130199348442e+02 4.693323529997476262e-01
-2.489833569705334924e+02 1.046043970985817362e+00
-2.510445009211321405e+02 9.162970290287539843e-01
-2.531056448717307603e+02 4.680369036116519554e-01
-2.551667888223294085e+02 1.588781032670232962e+00
-2.572279327729280567e+02 1.423650526299325758e+00
-2.592890767235267049e+02 2.018460043628342859e+00
-2.613502206741253531e+02 1.014759708641564950e+00
-2.634113646247239444e+02 1.860859534238224366e+00
-2.654725085753226494e+02 2.439870592496081958e+00
-2.675336525259212408e+02 2.519610617273994713e+00
-2.695947964765198890e+02 2.222111374493711100e+00
-2.716559404271185372e+02 2.169016613703494745e+00
