2.671832380007877532e+02 3.402558450885169616e+00
2.651220940501891619e+02 1.033054759971224001e+01
2.630609500995904568e+02 7.058158573211577469e+00
2.609998061489918655e+02 9.245103042936491988e+00
2.589386621983932173e+02 1.149244793610671600e+01
2.568775182477945123e+02 9.771238513943725223e+00
2.548163742971958925e+02 7.593311280355178994e+00
2.527552303465972727e+02 9.167036574405605265e+00
2.506940863959986245e+02 1.295259926598126299e+01
2.486329424454000048e+02 9.516381086565196767e+00
2.465717984948013282e+02 3.883991326557310053e+00
2.445106545442027084e+02 6.319385099381276127e+00
2.424495105936040602e+02 9.822494437045873994e+00
2.403883666430054404e+02 1.088821010726909755e+01
2.383272226924067638e+02 1.141498060039850593e+01
2.362660787418081441e+02 9.900746359820805864e+00
2.342049347912094959e+02 1.236289051565659669e+01
2.321437908406108761e+02 9.689988468783097275e+00
2.300826468900122279e+02 7.942625320107675080e+00
2.280215029394135797e+02 1.154613270509314837e+01
2.259603589888149315e+02 9.626471413264592769e+00
2.238992150382163118e+02 7.393680277033763737e+00
2.218380710876176636e+02 7.432960579480973884e+00
2.197769271370190438e+02 1.201808774570754146e+01
2.177157831864203672e+02 1.284146751252025176e+01
2.156546392358217190e+02 8.347986919906285053e+00
2.135934952852230992e+02 1.162518470849943597e+01
2.115323513346244511e+02 1.179146476467663796e+01
2.094712073840258029e+02 1.255715432897108741e+01
2.074100634334271547e+02 1.275248408381316700e+01
2.053489194828285349e+02 1.406537206024398579e+01
2.032877755322298867e+02 1.531262316335014440e+01
2.012266315816312670e+02 6.181988326411525847e+00
1.991654876310325903e+02 8.933748324111411065e+00
1.971043436804339706e+02 1.034196938275719901e+01
1.950431997298353224e+02 1.400250714773123129e+01
1.929820557792367026e+02 9.888751234368829302e+00
1.909209118286380544e+02 1.623420763091978358e+01
1.888597678780394062e+02 1.208463291892344493e+01
1.867986239274407581e+02 9.693248244116206891e+00
1.847374799768421383e+02 1.350873020327875906e+01
1.826763360262434901e+02 1.453614478346082350e+01
1.806151920756448703e+02 1.485455523737325478e+01
1.785540481250461937e+02 9.122017607859165267e+00
1.764929041744475455e+02 8.550687424639015433e+00
1.744317602238489258e+02 1.151029056997494671e+01
1.723706162732502776e+02 8.789390584965351749e+00
1.703094723226516294e+02 9.715523869426615278e+00
1.682483283720529812e+02 1.159894868984856764e+01
1.661871844214543614e+02 9.261276127269491454e+00
1.641260404708557132e+02 1.139376345050996520e+01
1.620648965202570935e+02 1.058889312679530192e+01
1.600037525696584169e+02 1.148192356935311409e+01
1.579426086190597971e+02 1.235221083861720004e+01
1.558814646684611489e+02 1.332822666312420878e+01
1.538203207178625291e+02 1.054877082342216710e+01
1.517591767672638809e+02 1.229612514852634675e+01
1.496980328166652328e+02 1.540324384307569439e+01
1.476368888660665846e+02 1.373481288893189500e+01
1.455757449154679648e+02 1.242573569225312369e+01
1.435146009648693166e+02 1.371921296836013937e+01
1.414534570142706400e+02 9.470584233267386409e+00
1.393923130636720202e+02 8.836409176790057884e+00
1.373311691130733720e+02 1.081258667182874511e+01
1.352700251624747523e+02 1.236785871506994816e+01
1.332088812118761041e+02 1.345427625883898415e+01
1.311477372612774559e+02 9.780839973228859563e+00
1.290865933106788077e+02 1.427096651018326057e+01
1.270254493600801879e+02 9.002408200723751364e+00
1.249643054094815540e+02 1.147796422843087072e+01
1.229031614588829058e+02 1.446912512071361334e+01
1.208420175082842576e+02 1.411650966711119892e+01
1.187808735576856094e+02 1.271584538301467759e+01
1.167197296070869754e+02 8.491784840548312729e+00
1.146585856564883272e+02 1.045966523795062031e+01
1.125974417058896933e+02 1.116489707948075782e+01
1.105362977552910593e+02 1.354860787129736366e+01
1.084751538046924111e+02 1.381543382209024884e+01
1.064140098540937771e+02 1.114703132144392228e+01
1.043528659034951289e+02 1.196599289870713356e+01
1.022917219528964949e+02 1.104165451549267196e+01
1.002305780022978468e+02 9.547130263300642738e+00
9.816943405169919856e+01 1.308513592367123657e+01
9.610829010110056458e+01 1.054137629402813303e+01
9.404714615050191640e+01 1.259990523915397276e+01
9.198600219990328242e+01 1.219005772430291223e+01
8.992485824930464844e+01 1.314184677032686643e+01
8.786371429870600025e+01 1.208252628396103745e+01
8.580257034810736627e+01 1.041605053909280265e+01
8.374142639750870387e+01 1.281135798209375132e+01
8.168028244691006989e+01 1.338221690042343681e+01
7.961913849631142170e+01 1.254128912706358889e+01
7.755799454571278773e+01 1.174123075241687708e+01
7.549685059511415375e+01 1.190755086663637563e+01
7.343570664451550556e+01 1.048828256726884867e+01
7.137456269391687158e+01 1.474497521080719409e+01
6.931341874331822339e+01 1.117931712916089459e+01
6.725227479271958941e+01 1.213746323184749443e+01
6.519113084212094122e+01 1.338113451151554401e+01
6.312998689152230725e+01 7.638058936569707136e+00
6.106884294092366616e+01 1.050714904552539863e+01
5.900769899032502508e+01 1.096596607863332551e+01
5.694655503972638400e+01 1.143889376423338256e+01
5.488541108912774291e+01 1.562369321108875653e+01
5.282426713852910183e+01 1.354416261676521493e+01
5.076312318793046074e+01 1.091907841748706254e+01
4.870197923733181966e+01 1.068699110781466821e+01
4.664083528673317858e+01 1.327043390059772676e+01
4.457969133613453749e+01 1.257303176149410184e+01
4.251854738553590352e+01 1.358925006378762745e+01
4.045740343493726243e+01 1.371528821342490190e+01
3.839625948433862135e+01 1.520203096481790794e+01
3.633511553373997316e+01 1.291749748378497031e+01
3.427397158314133208e+01 1.230598813637326749e+01
3.221282763254269810e+01 1.399533888721232344e+01
3.015168368194405346e+01 1.387016257186420098e+01
2.809053973134541238e+01 1.530753880624125784e+01
2.602939578074677129e+01 1.599851706057622280e+01
2.396825183014813376e+01 1.237619819037973912e+01
2.190710787954949623e+01 1.260256636254283436e+01
1.984596392895085160e+01 1.652698568318534456e+01
1.778481997835221051e+01 1.156284292245168110e+01
1.572367602775357120e+01 1.094955062867008877e+01
1.366253207715493012e+01 1.713797558838962232e+01
1.160138812655629081e+01 1.614788805142329409e+01
9.540244175957647954e+00 1.698353185050217462e+01
7.479100225359008647e+00 2.782760055579902314e+01
5.417956274760366675e+00 4.597066471726159165e+01
3.356812324161726035e+00 5.858836101434405208e+01
1.295668373563085174e+00 7.820864194170901840e+01
-7.654755770355554656e-01 8.632820185061420659e+01
-2.826619527634196327e+00 8.831470505742966282e+01
-4.887763478232836967e+00 9.216085823758739082e+01
-6.948907428831477162e+00 8.532769138549096510e+01
-9.010051379430116469e+00 7.921304328884890822e+01
-1.107119533002875933e+01 7.336730627150943462e+01
-1.313233928062739864e+01 8.051972093279535159e+01
-1.519348323122604150e+01 7.548809616109001297e+01
-1.725462718182468436e+01 7.042704617583918036e+01
-1.931577113242332189e+01 6.196467967904168717e+01
-2.137691508302196297e+01 5.301989301126098297e+01
-2.343805903362060405e+01 5.102460505563929871e+01
-2.549920298421924514e+01 5.588356164518989999e+01
-2.756034693481788977e+01 5.559689277189244194e+01
-2.962149088541653086e+01 5.733765608292252836e+01
-3.168263483601516839e+01 6.376760477236088320e+01
-3.374377878661380947e+01 7.481916988179152384e+01
-3.580492273721245056e+01 7.913160362970710082e+01
-3.786606668781109164e+01 9.298669526210045433e+01
-3.992721063840973272e+01 9.672632335196837516e+01
-4.198835458900837381e+01 8.957005740143078754e+01
-4.404949853960701489e+01 8.929931153700799484e+01
-4.611064249020565597e+01 8.804162463644746595e+01
-4.817178644080429706e+01 8.906278883249335365e+01
-5.023293039140293814e+01 7.740268910844592654e+01
-5.229407434200157923e+01 6.771865722384059438e+01
-5.435521829260021320e+01 6.096753037227312433e+01
-5.641636224319885429e+01 5.265994407589059279e+01
-5.847750619379749537e+01 4.833683204407822842e+01
-6.053865014439614356e+01 4.478890828386761314e+01
-6.259979409499478464e+01 3.606387642003220151e+01
-6.466093804559342573e+01 2.959555859659553789e+01
-6.672208199619205971e+01 3.013530534216382151e+01
-6.878322594679069368e+01 2.484459877134281669e+01
-7.084436989738935608e+01 2.526576475975353375e+01
-7.290551384798799006e+01 2.966601853001032651e+01
-7.496665779858662404e+01 3.327430982329909170e+01
-7.702780174918527223e+01 3.258587091853026863e+01
-7.908894569978390621e+01 2.709683217270735511e+01
-8.115008965038255440e+01 2.541352898392219473e+01
-8.321123360098118837e+01 2.769634496929981182e+01
-8.527237755157983656e+01 2.669247003908829896e+01
-8.733352150217847054e+01 2.408106702181758152e+01
-8.939466545277710452e+01 2.482842676645686097e+01
-9.145580940337575271e+01 2.361108552936984495e+01
-9.351695335397438669e+01 1.985399871959520013e+01
-9.557809730457303488e+01 1.726810563782862573e+01
-9.763924125517166885e+01 1.810619106933203781e+01
-9.970038520577030283e+01 1.889512090271244915e+01
-1.017615291563689368e+02 1.407575794461093466e+01
-1.038226731069675850e+02 1.279279507817894945e+01
-1.058838170575662190e+02 1.515809527774788990e+01
-1.079449610081648672e+02 1.315517050112453212e+01
-1.100061049587635154e+02 1.388408338541728426e+01
-1.120672489093621493e+02 9.999951149158619046e+00
-1.141283928599607975e+02 1.177289731241789283e+01
-1.161895368105594315e+02 8.365963083541828382e+00
-1.182506807611580797e+02 8.658868735891569912e+00
-1.203118247117567137e+02 9.914582719798888277e+00
-1.223729686623553619e+02 7.887242754248490861e+00
-1.244341126129539958e+02 9.227345014163677916e+00
-1.264952565635526298e+02 1.112335517203396940e+01
-1.285564005141512780e+02 1.030204832923193869e+01
-1.306175444647499262e+02 7.310863298860083681e+00
-1.326786884153485744e+02 1.022171673052266705e+01
-1.347398323659471941e+02 9.926823240770701773e+00
-1.368009763165458423e+02 9.092999237534193924e+00
-1.388621202671444621e+02 8.624313024872252598e+00
-1.409232642177431387e+02 1.071872890726889516e+01
-1.429844081683417585e+02 9.490266565805471899e+00
-1.450455521189404067e+02 5.953685688200401671e+00
-1.471066960695390264e+02 9.251072474529840051e+00
-1.491678400201377030e+02 9.891674925429175147e+00
-1.512289839707363228e+02 5.995075348107238078e+00
-1.532901279213349710e+02 7.946768096155936156e+00
-1.553512718719335908e+02 6.326171464095080132e+00
-1.574124158225322390e+02 8.527900698660509704e+00
-1.594735597731308872e+02 9.904978216933361779e+00
-1.615347037237295353e+02 1.108279428662093480e+01
-1.635958476743281551e+02 6.595177253091392799e+00
-1.656569916249268033e+02 7.645011562291675666e+00
-1.677181355755254231e+02 9.806333980554409635e+00
-1.697792795261240997e+02 9.340364308465717968e+00
-1.718404234767227479e+02 6.282671956700382587e+00
-1.739015674273213676e+02 8.530408676018193859e+00
-1.759627113779200158e+02 9.254296220881414570e+00
-1.780238553285186640e+02 1.017288485441309653e+01
-1.800849992791173122e+02 9.653461799591804393e+00
-1.821461432297159320e+02 7.602337941136026345e+00
-1.842072871803145802e+02 6.729901857881838367e+00
-1.862684311309131999e+02 7.927002582805082298e+00
-1.883295750815118765e+02 1.002548310596667847e+01
-1.903907190321104963e+02 5.525062912478059474e+00
-1.924518629827091445e+02 5.843579925517907725e+00
-1.945130069333077643e+02 8.220426518711542840e+00
-1.965741508839064124e+02 6.894747104270696703e+00
-1.986352948345050606e+02 6.887852655079038655e+00
-2.006964387851037088e+02 1.050144632091562080e+01
-2.027575827357023286e+02 8.849569339248370525e+00
-2.048187266863009768e+02 6.624525279843856751e+00
-2.068798706368995965e+02 8.685259347249992601e+00
-2.089410145874982732e+02 1.014407691661293320e+01
-2.110021585380969213e+02 8.314006068517340253e+00
-2.130633024886955411e+02 8.383830792075924521e+00
-2.151244464392941893e+02 7.290711619675905197e+00
-2.171855903898928375e+02 5.287600598724482737e+00
-2.192467343404914857e+02 8.474825034068913965e+00
-2.213078782910901054e+02 7.961221830851577863e+00
-2.233690222416887536e+02 8.094637567604429762e+00
-2.254301661922873734e+02 9.120841443182182928e+00
-2.274913101428860500e+02 9.626520870779307515e+00
-2.295524540934846698e+02 1.266755242404817849e+01
-2.316135980440833180e+02 7.423414193986922704e+00
-2.336747419946819377e+02 6.023175632438373839e+00
-2.357358859452805859e+02 9.939008168439707802e+00
-2.377970298958792341e+02 6.059916672291252304e+00
-2.398581738464778823e+02 1.262481031209736138e+01
-2.419193177970765021e+02 5.525228227031631967e+00
-2.439804617476751503e+02 7.942869789714728235e+00
-2.460416056982738269e+02 5.067008542637485569e+00
-2.481027496488724466e+02 5.985005221572373024e+00
-2.501638935994710948e+02 7.092025403380130655e+00
-2.522250375500697146e+02 8.797553843107245086e+00
-2.542861815006683628e+02 7.969451448910238156e+00
-2.563473254512670110e+02 8.428514176412614134e+00
-2.584084694018656592e+02 7.795749319205877548e+00
