2.669929625392809385e+02 4.418483987695124071e+00
2.649318185886822903e+02 9.352217173171442965e+00
2.628706746380836421e+02 5.699495423918519599e+00
2.608095306874849939e+02 1.049829489835133600e+01
2.587483867368863457e+02 1.163109786978803406e+01
2.566872427862876975e+02 1.345979975682172025e+01
2.546260988356890778e+02 1.145525269449741934e+01
2.525649548850904580e+02 1.225410553495940214e+01
2.505038109344917814e+02 1.375297059482821105e+01
2.484426669838931332e+02 1.515211135086765282e+01
2.463815230332945134e+02 1.470759365877421310e+01
2.443203790826958652e+02 1.382211585984524049e+01
2.422592351320972455e+02 1.583642053650740245e+01
2.401980911814985689e+02 1.366803017408731868e+01
2.381369472308999491e+02 1.313365723953384112e+01
2.360758032803013009e+02 1.706842781892152416e+01
2.340146593297026811e+02 1.504144689884007846e+01
2.319535153791040329e+02 1.499709100243109994e+01
2.298923714285053848e+02 1.653738675093421051e+01
2.278312274779067366e+02 1.652453954041778772e+01
2.257700835273081168e+02 1.531139790415211444e+01
2.237089395767094686e+02 1.633472321771973412e+01
2.216477956261108204e+02 1.613387788960547908e+01
2.195866516755121722e+02 1.579627867906225269e+01
2.175255077249135525e+02 1.513697357212480021e+01
2.154643637743149043e+02 1.659820911293333268e+01
2.134032198237162845e+02 1.457676743029917077e+01
2.113420758731176079e+02 1.797120140408727451e+01
2.092809319225189597e+02 1.416999276693021415e+01
2.072197879719203399e+02 1.234048020904924137e+01
2.051586440213216918e+02 1.600177590206778433e+01
2.030975000707230720e+02 1.472960954755625451e+01
2.010363561201243954e+02 1.584803513325162427e+01
1.989752121695257756e+02 1.476814450327618999e+01
1.969140682189271274e+02 1.722293239250400276e+01
1.948529242683285077e+02 1.580271753677393676e+01
1.927917803177298310e+02 1.544313207754795414e+01
1.907306363671312113e+02 1.751795233590822676e+01
1.886694924165325631e+02 1.582226773647256302e+01
1.866083484659339433e+02 1.586457805013934852e+01
1.845472045153352951e+02 1.426950228471699944e+01
1.824860605647366469e+02 1.486616128687944816e+01
1.804249166141379987e+02 1.450195073781677735e+01
1.783637726635393790e+02 1.575750772295818081e+01
1.763026287129407308e+02 1.671515183960427109e+01
1.742414847623421110e+02 1.655734090431128891e+01
1.721803408117434344e+02 1.832153297365006850e+01
1.701191968611447862e+02 1.795010389259104144e+01
1.680580529105461665e+02 1.657832735863524221e+01
1.659969089599475183e+02 1.780522370833138268e+01
1.639357650093488701e+02 1.661696089265397447e+01
1.618746210587502219e+02 1.557695657841060388e+01
1.598134771081516021e+02 1.564626434442803316e+01
1.577523331575529539e+02 1.653059108026496205e+01
1.556911892069543342e+02 1.440937714521819935e+01
1.536300452563556576e+02 1.542728731798254493e+01
1.515689013057570378e+02 1.381664412980119749e+01
1.495077573551583896e+02 1.429934087564845768e+01
1.474466134045597698e+02 1.648620717109539058e+01
1.453854694539611216e+02 1.411658219220168675e+01
1.433243255033624735e+02 1.534557515163120378e+01
1.412631815527638253e+02 1.702218127283965288e+01
1.392020376021652055e+02 1.695455603022530155e+01
1.371408936515665573e+02 1.770131511303565830e+01
1.350797497009679375e+02 1.682307433601142321e+01
1.330186057503692609e+02 1.534809455185796701e+01
1.309574617997706127e+02 1.786281971164330074e+01
1.288963178491719930e+02 1.600203040511207675e+01
1.268351738985733448e+02 1.508424748547912841e+01
1.247740299479747108e+02 1.483127547216865594e+01
1.227128859973760626e+02 1.519234818422412481e+01
1.206517420467774286e+02 1.626416277638017860e+01
1.185905980961787947e+02 1.579862950356700679e+01
1.165294541455801465e+02 1.566815632470782305e+01
1.144683101949814983e+02 1.309544087127878775e+01
1.124071662443828501e+02 1.546501771929032998e+01
1.103460222937842161e+02 1.471425848541539949e+01
1.082848783431855821e+02 1.338703294274834654e+01
1.062237343925869340e+02 1.513287230728126609e+01
1.041625904419883000e+02 1.460735753566039463e+01
1.021014464913896518e+02 1.540700314817023830e+01
1.000403025407910178e+02 1.690928208197523830e+01
9.797915859019236962e+01 1.365084954861622535e+01
9.591801463959373564e+01 1.320451097465869772e+01
9.385687068899510166e+01 1.458733303290087768e+01
9.179572673839645347e+01 1.178597642372587551e+01
8.973458278779781949e+01 1.137438572883621291e+01
8.767343883719917130e+01 1.325385613410405838e+01
8.561229488660053732e+01 1.282724341762423848e+01
8.355115093600188914e+01 1.377336533867649671e+01
8.149000698540325516e+01 1.273610401649307100e+01
7.942886303480462118e+01 1.304204353743566891e+01
7.736771908420597299e+01 1.259256269192402300e+01
7.530657513360732480e+01 1.229877963535721541e+01
7.324543118300867661e+01 1.526748062300076825e+01
7.118428723241004263e+01 1.448374004373279966e+01
6.912314328181139444e+01 1.105918942698018448e+01
6.706199933121276047e+01 1.453459065982817222e+01
6.500085538061412649e+01 1.380417789537115425e+01
6.293971143001547830e+01 1.323562312091909199e+01
6.087856747941683722e+01 1.302518608647672238e+01
5.881742352881820324e+01 1.212109209713606361e+01
5.675627957821956215e+01 1.098173039560058051e+01
5.469513562762092107e+01 1.448115830465540732e+01
5.263399167702227999e+01 1.178507580991919568e+01
5.057284772642363890e+01 1.126113137022276867e+01
4.851170377582499782e+01 1.538406853328662116e+01
4.645055982522634963e+01 1.431605519710806362e+01
4.438941587462770855e+01 1.000973190393754386e+01
4.232827192402906746e+01 1.180591277096327474e+01
4.026712797343042638e+01 1.224948666151413512e+01
3.820598402283178530e+01 1.274101856389137488e+01
3.614484007223314421e+01 1.370383844237084325e+01
3.408369612163451023e+01 1.521517234335469126e+01
3.202255217103586915e+01 1.269645970303061944e+01
2.996140822043722451e+01 1.208003439613707286e+01
2.790026426983858343e+01 1.165598962526513027e+01
2.583912031923994235e+01 1.236299032111861784e+01
2.377797636864130126e+01 1.387631061659211262e+01
2.171683241804266373e+01 1.490961314541310934e+01
1.965568846744402265e+01 1.133706193527050665e+01
1.759454451684538157e+01 1.356435756246340318e+01
1.553340056624674048e+01 1.659517321459406602e+01
1.347225661564810117e+01 1.457316867663566384e+01
1.141111266504946009e+01 1.827053085307965574e+01
9.349968714450819007e+00 2.019026544785641164e+01
7.288824763852178812e+00 2.914971496175545340e+01
5.227680813253536840e+00 4.055477443923570036e+01
3.166536862654896201e+00 4.669838899784927833e+01
1.105392912056255783e+00 5.937445570357120772e+01
-9.557510385423850785e-01 5.665833013711277033e+01
-3.016894989141026162e+00 5.714989574371398362e+01
-5.078038939739666802e+00 6.326138657814843214e+01
-7.139182890338306997e+00 5.621694229988285230e+01
-9.200326840936947193e+00 5.456851129051216276e+01
-1.126147079153558828e+01 5.266094530382849825e+01
-1.332261474213422936e+01 5.296085260526227501e+01
-1.538375869273287044e+01 5.418076062798394332e+01
-1.744490264333151330e+01 5.370471367230403104e+01
-1.950604659393015083e+01 4.887099029859884780e+01
-2.156719054452879192e+01 5.053618094398726868e+01
-2.362833449512743300e+01 5.228788982366504712e+01
-2.568947844572607764e+01 5.550365171326863845e+01
-2.775062239632471872e+01 5.869869837436041138e+01
-2.981176634692335981e+01 6.308341338057131509e+01
-3.187291029752199734e+01 6.731544221799281047e+01
-3.393405424812063842e+01 6.026591714481627093e+01
-3.599519819871927950e+01 5.464083312655356650e+01
-3.805634214931792059e+01 5.240202042603693400e+01
-4.011748609991656167e+01 4.772451231150304807e+01
-4.217863005051520275e+01 4.118311962877620402e+01
-4.423977400111384384e+01 3.923734935110454813e+01
-4.630091795171248492e+01 3.556554878829776811e+01
-4.836206190231111890e+01 3.046185128713048940e+01
-5.042320585290976709e+01 3.059575536101578308e+01
-5.248434980350840107e+01 2.943271902534386086e+01
-5.454549375410704215e+01 3.019690396552033818e+01
-5.660663770470568323e+01 2.727346517990499208e+01
-5.866778165530432432e+01 2.713308543387651639e+01
-6.072892560590296540e+01 2.151223171072934548e+01
-6.279006955650160648e+01 1.912598643639415386e+01
-6.485121350710024046e+01 1.855881427330139388e+01
-6.691235745769888865e+01 1.589250452218432663e+01
-6.897350140829752263e+01 1.782259070145018143e+01
-7.103464535889617082e+01 1.749442810987479646e+01
-7.309578930949480480e+01 1.434608252077356028e+01
-7.515693326009343878e+01 1.731766093924219163e+01
-7.721807721069208696e+01 1.368029182899145724e+01
-7.927922116129073515e+01 1.340339537581159668e+01
-8.134036511188938334e+01 1.134040241887038114e+01
-8.340150906248801732e+01 6.761191465171284776e+00
-8.546265301308665130e+01 7.185808160260697797e+00
-8.752379696368529949e+01 6.947125259637007666e+00
-8.958494091428393347e+01 4.354413745252201373e+00
-9.164608486488258166e+01 5.234950188299331231e+00
-9.370722881548121563e+01 7.940027853153617698e+00
-9.576837276607986382e+01 4.193481409083614331e+00
-9.782951671667849780e+01 5.154697403555115187e+00
-9.989066066727713178e+01 5.400023160975945480e+00
-1.019518046178757800e+02 8.051007165488448081e+00
-1.040129485684744139e+02 5.667608963778533848e+00
-1.060740925190730621e+02 3.055102037810318638e+00
-1.081352364696716961e+02 3.541737018042092622e+00
-1.101963804202703443e+02 3.881883182311744118e+00
-1.122575243708689783e+02 6.238309633805783960e+00
-1.143186683214676123e+02 5.421466041927871515e+00
-1.163798122720662604e+02 6.477206849855842385e+00
-1.184409562226649086e+02 4.080258167373245648e+00
-1.205021001732635568e+02 3.786758633375030936e+00
-1.225632441238621908e+02 6.227791246815277404e+00
-1.246243880744608390e+02 6.533654439709124517e+00
-1.266855320250594730e+02 3.187864043849425233e+00
-1.287466759756580927e+02 6.065081544939478597e+00
-1.308078199262567409e+02 5.331655740121543197e+00
-1.328689638768553891e+02 2.250048462034623498e+00
-1.349301078274540089e+02 2.796604925699983202e+00
-1.369912517780526855e+02 4.071890546783538234e+00
-1.390523957286513337e+02 3.832941998146158102e+00
-1.411135396792499535e+02 3.781982686810220873e+00
-1.431746836298486016e+02 4.444026129978086992e+00
-1.452358275804472214e+02 5.582154764984262663e+00
-1.472969715310458980e+02 3.785456106062880188e+00
-1.493581154816445178e+02 3.584319910647477236e+00
-1.514192594322431660e+02 1.474082363232476434e+00
-1.534804033828417857e+02 3.603647038160237681e+00
-1.555415473334404339e+02 1.391223985435297905e+00
-1.576026912840390821e+02 1.318833156977811116e+00
-1.596638352346377303e+02 3.834838922686949925e+00
-1.617249791852363501e+02 3.149276796846937732e+00
-1.637861231358349983e+02 4.739316482679471143e+00
-1.658472670864336465e+02 2.064915530513192987e+00
-1.679084110370322946e+02 1.164357846731763457e+00
-1.699695549876309144e+02 2.000469978625114109e+00
-1.720306989382295626e+02 4.584836753196169234e-01
-1.740918428888281824e+02 3.486748476060123725e+00
-1.761529868394268590e+02 3.590063290836349452e+00
-1.782141307900255072e+02 2.516280251571259452e+00
-1.802752747406241269e+02 1.462614085811525744e+00
-1.823364186912227751e+02 1.391939070142386497e-03
-1.843975626418213949e+02 1.443506473360192999e+00
-1.864587065924200715e+02 2.837216000113982339e+00
-1.885198505430186913e+02 3.815584017741049383e-01
-1.905809944936173395e+02 1.945215113685012098e-01
-1.926421384442159592e+02 3.171501722287407787e+00
-1.947032823948146358e+02 2.078602136208063111e+00
-1.967644263454132556e+02 2.973601771702901964e+00
-1.988255702960119038e+02 3.077481570155419899e+00
-2.008867142466105236e+02 9.146808547347604623e-01
-2.029478581972091717e+02 1.560398028697079997e+00
-2.050090021478078199e+02 -1.572803982996494598e+00
-2.070701460984064681e+02 1.205658244320790384e+00
-2.091312900490050879e+02 -6.289017147487105941e-01
-2.111924339996037361e+02 -1.459368556246857900e-02
-2.132535779502023559e+02 -2.332410774075277082e+00
-2.153147219008010325e+02 5.856328429024502125e-01
-2.173758658513996807e+02 -3.268743345561339275e+00
-2.194370098019983004e+02 -1.225492005695062225e+00
-2.214981537525969486e+02 -7.522796431690922936e-02
-2.235592977031955684e+02 9.360370911415092365e-01
-2.256204416537942450e+02 1.917944177825772423e+00
-2.276815856043928648e+02 9.168403235814716057e-01
-2.297427295549915129e+02 -1.964541970685687523e-04
-2.318038735055901327e+02 6.403768356152731434e-01
-2.338650174561888093e+02 -1.730420010700283617e+00
-2.359261614067874291e+02 3.175192458638680937e-01
-2.379873053573860773e+02 1.206959751748904797e+00
-2.400484493079846970e+02 1.295299679708758367e+00
-2.421095932585833452e+02 2.813542245472155923e+00
-2.441707372091819934e+02 -1.635776580646626677e+00
-2.462318811597806416e+02 -3.822471663532461261e-01
-2.482930251103792614e+02 1.785117583751088199e+00
-2.503541690609779096e+02 2.905744587348846775e+00
-2.524153130115765293e+02 3.604693112297856938e+00
-2.544764569621752059e+02 2.616464192207431427e+00
-2.565376009127738257e+02 4.564296769861548420e+00
-2.585987448633724739e+02 8.013679439962166029e+00
