2.696592799820994628e+02 -4.807526767309718174e+00
2.675981360315008715e+02 -1.109969791488833302e+01
2.655369920809022233e+02 -1.084422221223000449e+01
2.634758481303035751e+02 -1.065157929154894134e+01
2.614147041797049269e+02 -1.172053233554918172e+01
2.593535602291062787e+02 -1.160128935954705476e+01
2.572924162785076305e+02 -9.230768379522155342e+00
2.552312723279090108e+02 -1.082299552400345100e+01
2.531701283773103910e+02 -1.289991498971694917e+01
2.511089844267117144e+02 -1.373686166004118725e+01
2.490478404761130946e+02 -1.129035177705680404e+01
2.469866965255144464e+02 -1.009557497874780729e+01
2.449255525749158267e+02 -1.145692021174826891e+01
2.428644086243171785e+02 -1.087944548365637232e+01
2.408032646737185303e+02 -1.039042688631244005e+01
2.387421207231198821e+02 -1.051641597794280969e+01
2.366809767725212623e+02 -1.201992271537654489e+01
2.346198328219226141e+02 -1.227540817486837810e+01
2.325586888713239375e+02 -1.188060332566553257e+01
2.304975449207253178e+02 -1.157568255071102925e+01
2.284364009701266696e+02 -1.223502708749583867e+01
2.263752570195280498e+02 -1.085220660199759735e+01
2.243141130689294016e+02 -1.159935530394434444e+01
2.222529691183307534e+02 -9.764756422350110654e+00
2.201918251677321052e+02 -8.442320454152032028e+00
2.181306812171334855e+02 -1.206758382008634456e+01
2.160695372665348373e+02 -9.621686748579087123e+00
2.140083933159362175e+02 -1.344653014323042939e+01
2.119472493653375409e+02 -9.439966963415663770e+00
2.098861054147389211e+02 -1.297076094070610885e+01
2.078249614641402729e+02 -9.487444196056694423e+00
2.057638175135416532e+02 -1.022004788381581974e+01
2.037026735629429766e+02 -1.286687694524878545e+01
2.016415296123443568e+02 -1.057208977623692014e+01
1.995803856617457086e+02 -9.045409123696062537e+00
1.975192417111471173e+02 -1.044733129431050855e+01
1.954580977605484406e+02 -1.126327972043749526e+01
1.933969538099497925e+02 -1.077844353217276030e+01
1.913358098593511727e+02 -1.080216247427332377e+01
1.892746659087525245e+02 -8.311776836717944761e+00
1.872135219581539047e+02 -1.063081486953673505e+01
1.851523780075552281e+02 -7.483863033396782605e+00
1.830912340569566084e+02 -7.714883520528367455e+00
1.810300901063579602e+02 -1.006318826650422515e+01
1.789689461557593404e+02 -1.078046959817412365e+01
1.769078022051606638e+02 -8.895252602282866405e+00
1.748466582545620440e+02 -8.792443560655248902e+00
1.727855143039633958e+02 -8.369663120979749849e+00
1.707243703533647761e+02 -8.365084176214383049e+00
1.686632264027661279e+02 -7.490392110549588978e+00
1.666020824521674797e+02 -7.764663246942142827e+00
1.645409385015688315e+02 -8.636886931578967364e+00
1.624797945509702117e+02 -1.069597050874028632e+01
1.604186506003715635e+02 -8.831599986142188996e+00
1.583575066497729438e+02 -9.650937885049215126e+00
1.562963626991742672e+02 -6.706381943030135240e+00
1.542352187485756190e+02 -9.166825027055661934e+00
1.521740747979769992e+02 -8.888194121532135838e+00
1.501129308473783510e+02 -9.764993720921824050e+00
1.480517868967797313e+02 -8.724258539121555245e+00
1.459906429461810546e+02 -1.011704451488520817e+01
1.439294989955824349e+02 -9.677585848788474721e+00
1.418683550449837867e+02 -7.778057879534565622e+00
1.398072110943851669e+02 -1.012443303667105532e+01
1.377460671437864903e+02 -9.737917381278498041e+00
1.356849231931878705e+02 -9.238515006492670878e+00
1.336237792425892223e+02 -1.141221263167508582e+01
1.315626352919906026e+02 -1.080543619472483030e+01
1.295014913413919544e+02 -8.057437423142550514e+00
1.274403473907933062e+02 -1.008558837380177486e+01
1.253792034401946580e+02 -8.563039198548564102e+00
1.233180594895960240e+02 -1.009331260231432381e+01
1.212569155389973758e+02 -9.640256507194251867e+00
1.191957715883987419e+02 -9.786215884918801677e+00
1.171346276378001079e+02 -9.230147128479543994e+00
1.150734836872014597e+02 -6.740704944279144684e+00
1.130123397366028257e+02 -1.012649056720213991e+01
1.109511957860041775e+02 -8.289714782284919536e+00
1.088900518354055436e+02 -9.098949535542768530e+00
1.068289078848069096e+02 -7.725612642065575741e+00
1.047677639342082614e+02 -9.611022721308268402e+00
1.027066199836096274e+02 -1.177706361612371389e+01
1.006454760330109792e+02 -9.827630073784357378e+00
9.858433208241234524e+01 -7.389061503485582882e+00
9.652318813181368284e+01 -8.494657309387754651e+00
9.446204418121504887e+01 -7.836071227277617623e+00
9.240090023061641489e+01 -8.171734833599684222e+00
9.033975628001776670e+01 -7.642944909266401687e+00
8.827861232941913272e+01 -8.585394450155185098e+00
8.621746837882048453e+01 -7.889738152770648938e+00
8.415632442822185055e+01 -9.154568045797669029e+00
8.209518047762320236e+01 -8.792117553021723708e+00
8.003403652702456839e+01 -7.016282919127328377e+00
7.797289257642593441e+01 -6.022487405677429351e+00
7.591174862582728622e+01 -1.044754858844416745e+01
7.385060467522865224e+01 -1.007571876431290292e+01
7.178946072463000405e+01 -1.101709376739391999e+01
6.972831677403137007e+01 -1.127907774142458663e+01
6.766717282343272188e+01 -1.021391793434822048e+01
6.560602887283408791e+01 -1.003353864343647928e+01
6.354488492223543972e+01 -8.834904388335388603e+00
6.148374097163679863e+01 -8.526550215047882020e+00
5.942259702103815755e+01 -9.942236888210361556e+00
5.736145307043952357e+01 -8.346555768067480230e+00
5.530030911984088249e+01 -8.970707416942790502e+00
5.323916516924224140e+01 -6.004025454430923503e+00
5.117802121864360032e+01 -7.920768678318487410e+00
4.911687726804494503e+01 -5.458625783196768388e+00
4.705573331744631105e+01 -8.505823115309931737e+00
4.499458936684766996e+01 -8.902530259394827894e+00
4.293344541624902888e+01 -6.210907303559776160e+00
4.087230146565038780e+01 -8.960901227913858236e+00
3.881115751505174671e+01 -9.257461085329996564e+00
3.675001356445310563e+01 -6.551047072497284240e+00
3.468886961385446455e+01 -6.338443468255789526e+00
3.262772566325582346e+01 -6.057050697164321207e+00
3.056658171265718593e+01 -6.429623593761837341e+00
2.850543776205854485e+01 -8.228605456902901238e+00
2.644429381145990376e+01 -8.401378091302287743e+00
2.438314986086125913e+01 -6.714958464576193720e+00
2.232200591026262160e+01 -5.370572227341998683e+00
2.026086195966398051e+01 -5.354098893539823933e+00
1.819971800906533943e+01 -6.128546990071465750e+00
1.613857405846669835e+01 -4.798523441032378045e+00
1.407743010786805904e+01 -6.442091540937690652e+00
1.201628615726941618e+01 -1.801234855430674520e+00
9.955142206670776872e+00 4.052163738634709134e+00
7.893998256072135788e+00 1.187212294887964781e+01
5.832854305473495593e+00 2.203423512896277359e+01
3.771710354874854065e+00 2.866149387740290067e+01
1.710566404276213870e+00 3.859009048952591314e+01
-3.505775463224268806e-01 4.514824376558980390e+01
-2.411721496921067853e+00 5.073488791400035325e+01
-4.472865447519708049e+00 5.918269875088718379e+01
-6.534009398118349132e+00 5.662308089959332591e+01
-8.595153348716991104e+00 5.796301644958577270e+01
-1.065629729931563041e+01 5.607519144587956106e+01
-1.271744124991427149e+01 5.112087192382374923e+01
-1.477858520051291258e+01 3.939240610281460420e+01
-1.683972915111155544e+01 2.992049866251167600e+01
-1.890087310171019297e+01 2.522368916036502995e+01
-2.096201705230883405e+01 1.672053883714999500e+01
-2.302316100290747514e+01 1.492134020496853886e+01
-2.508430495350611622e+01 1.212345550294893570e+01
-2.714544890410475730e+01 1.031799396552786341e+01
-2.920659285470339839e+01 9.818444360652152980e+00
-3.126773680530203592e+01 1.451679493513824859e+01
-3.332888075590068411e+01 1.659604393390947763e+01
-3.539002470649931809e+01 1.514178387346652066e+01
-3.745116865709795917e+01 1.910955041760181317e+01
-3.951231260769660025e+01 2.159001016536534578e+01
-4.157345655829524134e+01 2.025020991905876500e+01
-4.363460050889388242e+01 2.654943478645936139e+01
-4.569574445949252350e+01 2.586589672381969862e+01
-4.775688841009117169e+01 2.626428481182832897e+01
-4.981803236068980567e+01 2.931309284831722195e+01
-5.187917631128844675e+01 2.301522096470911549e+01
-5.394032026188708073e+01 2.430392742858609978e+01
-5.600146421248572182e+01 2.316965336873226988e+01
-5.806260816308436290e+01 2.444763028315992059e+01
-6.012375211368300398e+01 2.688191159049207357e+01
-6.218489606428164507e+01 2.667718401375465120e+01
-6.424604001488029326e+01 2.489278547903241900e+01
-6.630718396547892723e+01 2.507757504357079981e+01
-6.836832791607757542e+01 2.409411478093152681e+01
-7.042947186667620940e+01 1.904918378448707728e+01
-7.249061581727485759e+01 1.386862096582585480e+01
-7.455175976787349157e+01 8.441334690918644412e+00
-7.661290371847212555e+01 7.877441076746355186e+00
-7.867404766907077374e+01 5.913610235953122185e+00
-8.073519161966940771e+01 5.666819904557627297e+00
-8.279633557026805590e+01 3.295842609335521978e+00
-8.485747952086668988e+01 3.643816947907692061e+00
-8.691862347146532386e+01 2.719383125048482786e+00
-8.897976742206397205e+01 2.409135344128722878e+00
-9.104091137266260603e+01 3.683084838321006860e-01
-9.310205532326125422e+01 1.674678641583893790e-01
-9.516319927385988819e+01 -1.792488051164083274e+00
-9.722434322445855059e+01 4.296933765865409982e-01
-9.928548717505718457e+01 6.272058656013748568e+00
-1.013466311256558186e+02 2.535562866771210011e+00
-1.034077750762544667e+02 2.018264483775687790e+00
-1.054689190268531007e+02 9.464140093597678272e-01
-1.075300629774517489e+02 3.485273720776046330e-02
-1.095912069280503829e+02 -2.154601590665401467e+00
-1.116523508786490311e+02 -3.585668744900292637e+00
-1.137134948292476651e+02 -3.774610530141242037e+00
-1.157746387798462990e+02 -4.633313542251299211e+00
-1.178357827304449472e+02 -5.652204601633804337e+00
-1.198969266810435812e+02 -5.795886860821497066e+00
-1.219580706316422294e+02 -7.063115645551146571e+00
-1.240192145822408634e+02 -8.009474098556564670e+00
-1.260803585328395116e+02 -7.448503603535155726e+00
-1.281415024834381597e+02 -6.572635186388383843e+00
-1.302026464340367795e+02 -4.643519119933118056e+00
-1.322637903846354277e+02 -6.294015733643090194e+00
-1.343249343352340759e+02 -6.856976015561618176e+00
-1.363860782858327241e+02 -7.547079412868631820e+00
-1.384472222364313438e+02 -8.391190866138677151e+00
-1.405083661870299920e+02 -7.629860275159675354e+00
-1.425695101376286118e+02 -9.224283166623553853e+00
-1.446306540882272884e+02 -5.788648899689040839e+00
-1.466917980388259082e+02 -6.972155199859032315e+00
-1.487529419894245564e+02 -7.416931655048746741e+00
-1.508140859400231761e+02 -7.346828109999341549e+00
-1.528752298906218527e+02 -8.510547728550283964e+00
-1.549363738412205009e+02 -8.810803865000448098e+00
-1.569975177918191207e+02 -7.090542058210975718e+00
-1.590586617424177689e+02 -8.576243672869509282e+00
-1.611198056930163887e+02 -6.911602545296420708e+00
-1.631809496436150653e+02 -7.681131258604162682e+00
-1.652420935942136850e+02 -6.898431283167763439e+00
-1.673032375448123332e+02 -9.117978546013487673e+00
-1.693643814954109530e+02 -7.807258389633028983e+00
-1.714255254460096012e+02 -6.620476767550291797e+00
-1.734866693966082494e+02 -7.288877303413728193e+00
-1.755478133472068976e+02 -7.729996965417672783e+00
-1.776089572978055173e+02 -9.596262358508996115e+00
-1.796701012484041655e+02 -6.954925137926227130e+00
-1.817312451990028137e+02 -7.177226127744675388e+00
-1.837923891496014619e+02 -7.687924288853640320e+00
-1.858535331002000817e+02 -7.498432635078035702e+00
-1.879146770507987299e+02 -9.808635744705663129e+00
-1.899758210013973496e+02 -8.090690213261629182e+00
-1.920369649519960262e+02 -5.522591566834463173e+00
-1.940981089025946744e+02 -8.509378681379642373e+00
-1.961592528531932942e+02 -5.765137940191203292e+00
-1.982203968037919708e+02 -8.061417144043728555e+00
-2.002815407543905906e+02 -8.438354073445465175e+00
-2.023426847049892388e+02 -7.561132105389856584e+00
-2.044038286555878869e+02 -6.360688325008887922e+00
-2.064649726061865351e+02 -8.832029783029506476e+00
-2.085261165567851549e+02 -6.789836158203821803e+00
-2.105872605073838031e+02 -9.008951242472440057e+00
-2.126484044579824229e+02 -7.203594447787908805e+00
-2.147095484085810995e+02 -8.860978055562229727e+00
-2.167706923591797192e+02 -7.882058226790089606e+00
-2.188318363097783674e+02 -1.009296813642414037e+01
-2.208929802603769872e+02 -6.452987863116684153e+00
-2.229541242109756638e+02 -7.774385511243932179e+00
-2.250152681615742836e+02 -8.876498677289395900e+00
-2.270764121121729318e+02 -8.686738763373041294e+00
-2.291375560627715515e+02 -8.291775768557752002e+00
-2.311987000133701997e+02 -8.606989194453394276e+00
-2.332598439639688763e+02 -8.548832339079337928e+00
-2.353209879145674961e+02 -7.108564156547558355e+00
-2.373821318651661443e+02 -8.268769792945441566e+00
-2.394432758157647640e+02 -9.544903463750323169e+00
-2.415044197663634122e+02 -6.900037094792121906e+00
-2.435655637169620604e+02 -8.227735733895771730e+00
-2.456267076675607086e+02 -7.075215929284228267e+00
-2.476878516181593284e+02 -6.517631574142503048e+00
-2.497489955687579766e+02 -6.506607537918232431e+00
-2.518101395193566248e+02 -8.771228726686500110e+00
-2.538712834699552729e+02 -1.000777329945973726e+01
-2.559324274205538927e+02 -1.018369796397560556e+01
