2.670749335683501045e+02 -3.722830128798352067e+00
2.650137896177514563e+02 -7.535650225641755462e+00
2.629526456671528081e+02 -3.068756857190065190e+00
2.608915017165541599e+02 -2.339669259701334880e+00
2.588303577659555117e+02 -2.431794386419619869e+00
2.567692138153569203e+02 -1.853450950457552038e+00
2.547080698647582722e+02 -8.660768383484319655e-01
2.526469259141596240e+02 2.394312979839056776e+00
2.505857819635609758e+02 9.540160352102772245e-01
2.485246380129623276e+02 -7.934878755002959527e-02
2.464634940623637078e+02 6.867367565914077598e-01
2.444023501117650596e+02 1.327625952333585602e+00
2.423412061611664114e+02 2.680488446868964481e+00
2.402800622105677633e+02 4.881038817142981046e+00
2.382189182599691435e+02 3.404007251194452355e+00
2.361577743093704953e+02 5.182460190294404967e+00
2.340966303587718755e+02 3.396761976636265778e+00
2.320354864081731989e+02 1.738916362187356457e+00
2.299743424575745507e+02 3.028257486085747630e+00
2.279131985069759310e+02 1.271171723120507746e+00
2.258520545563772828e+02 3.207973437487924961e+00
2.237909106057786630e+02 3.607649464466946565e+00
2.217297666551799864e+02 2.551894161607240807e+00
2.196686227045813666e+02 5.497351664782202718e+00
2.176074787539827184e+02 5.262738353178997741e+00
2.155463348033840987e+02 5.063092985383589095e+00
2.134851908527854221e+02 5.642210686693139188e+00
2.114240469021868023e+02 2.770407059149959661e+00
2.093629029515881541e+02 3.587075422065334696e+00
2.073017590009895343e+02 3.458178097728425548e+00
2.052406150503908862e+02 2.962959236875915892e+00
2.031794710997922380e+02 3.302746515200986721e+00
2.011183271491935898e+02 1.639305438305739715e+00
1.990571831985949700e+02 2.381873772086703589e+00
1.969960392479963218e+02 4.309827569527993951e+00
1.949348952973977021e+02 4.822178473266313325e+00
1.928737513467990254e+02 5.482904384528878516e+00
1.908126073962003773e+02 5.277946790285481526e+00
1.887514634456017575e+02 4.691205396494332547e+00
1.866903194950031093e+02 1.313312165292763734e+00
1.846291755444044895e+02 3.956761165513591472e+00
1.825680315938058129e+02 2.757970043898953616e+00
1.805068876432071932e+02 2.471394451451211172e+00
1.784457436926085450e+02 4.906833465036955388e+00
1.763845997420099252e+02 5.332889366193268366e+00
1.743234557914112486e+02 3.373145094637020058e+00
1.722623118408126288e+02 4.114133432780622712e+00
1.702011678902139806e+02 5.583912500080081998e+00
1.681400239396153609e+02 3.119127247890885801e+00
1.660788799890167127e+02 7.120542484761432256e+00
1.640177360384180645e+02 3.689564089523922785e+00
1.619565920878194163e+02 3.701290087707084009e+00
1.598954481372207965e+02 2.909294700455783200e+00
1.578343041866221483e+02 4.885915130414926644e+00
1.557731602360235286e+02 5.078997669480115107e+00
1.537120162854248520e+02 3.579546466556402518e+00
1.516508723348262038e+02 4.485558927698151344e+00
1.495897283842275840e+02 4.561720992883373071e+00
1.475285844336289358e+02 3.102771015096479790e+00
1.454674404830302876e+02 2.831160544548781743e+00
1.434062965324316394e+02 2.862009165280043899e+00
1.413451525818330197e+02 1.917662536096343295e+00
1.392840086312343715e+02 5.159429063758315337e+00
1.372228646806357517e+02 4.330875881783931014e+00
1.351617207300370751e+02 3.570414887987967134e+00
1.331005767794384553e+02 2.784917989014744411e+00
1.310394328288398071e+02 4.545284807432702578e+00
1.289782888782411874e+02 5.054128510359968018e+00
1.269171449276425250e+02 4.991953808867344300e+00
1.248560009770438910e+02 4.289144173435698093e+00
1.227948570264452428e+02 4.753213312481605612e+00
1.207337130758466088e+02 2.339488971915804516e+00
1.186725691252479606e+02 4.046534996290765740e+00
1.166114251746493267e+02 1.843607533620072569e+00
1.145502812240506927e+02 1.808641457386502394e+00
1.124891372734520445e+02 2.210546103958434649e+00
1.104279933228534105e+02 3.208016031260855438e+00
1.083668493722547623e+02 3.973226245047766225e-01
1.063057054216561284e+02 4.719317866988540722e+00
1.042445614710574802e+02 3.879109334191045644e+00
1.021834175204588462e+02 2.681555618466023194e+00
1.001222735698602122e+02 -4.668662221274836877e-01
9.806112961926157823e+01 4.631461865627528596e+00
9.599998566866293004e+01 2.497337732598263305e+00
9.393884171806428185e+01 7.170753148753888917e-01
9.187769776746564787e+01 1.735779075439303210e+00
8.981655381686699968e+01 1.669253021338273690e+00
8.775540986626836570e+01 2.561191487888411888e+00
8.569426591566971751e+01 9.025529060030897943e-01
8.363312196507108354e+01 2.063222874703154464e+00
8.157197801447244956e+01 2.982980483370273328e-01
7.951083406387380137e+01 1.140621422226044235e+00
7.744969011327516739e+01 1.241560230699850997e+00
7.538854616267651920e+01 7.432568585852759036e-01
7.332740221207788522e+01 -2.910463687248071585e-01
7.126625826147923704e+01 1.496678292193513782e+00
6.920511431088060306e+01 6.326308087296278471e-01
6.714397036028196908e+01 1.340750537306338419e+00
6.508282640968332089e+01 1.558451104049502822e+00
6.302168245908467270e+01 2.369038571277604088e-01
6.096053850848603872e+01 2.954911336766896657e+00
5.889939455788739764e+01 2.891783731444331540e+00
5.683825060728875656e+01 1.741616651623657086e+00
5.477710665669011547e+01 1.088133154010081816e+00
5.271596270609147439e+01 -1.691356543002521917e+00
5.065481875549283330e+01 4.088655624025795410e-01
4.859367480489419222e+01 -5.389528640413194793e-01
4.653253085429555114e+01 -9.893011679043633988e-01
4.447138690369691005e+01 -1.878975286481813001e+00
4.241024295309826897e+01 -1.903458086551665707e+00
4.034909900249962789e+01 -9.664613533201767970e-01
3.828795505190098680e+01 -7.954347291999588343e-01
3.622681110130234572e+01 2.188944877785903298e-01
3.416566715070370464e+01 4.205351509075190841e-01
3.210452320010506355e+01 -5.726407185835773461e-01
3.004337924950642247e+01 -9.765815268336858201e-02
2.798223529890778494e+01 4.568699549470497390e-01
2.592109134830914385e+01 -1.485367481093753828e+00
2.385994739771050277e+01 -1.749261220914786419e+00
2.179880344711185813e+01 -1.828751254076219412e+00
1.973765949651321705e+01 3.270516929180012355e-01
1.767651554591457952e+01 3.644097746780644353e+00
1.561537159531593666e+01 4.373660242435859935e+00
1.355422764471729558e+01 4.397506800914948499e+00
1.149308369411865627e+01 8.177946857211749077e+00
9.431939743520013408e+00 1.179653036743881600e+01
7.370795792921374101e+00 2.433243372073298971e+01
5.309651842322733017e+00 3.132769829606846912e+01
3.248507891724092378e+00 3.083211538220499648e+01
1.187363941125451516e+00 4.100886409737393024e+01
-8.737800094731892342e-01 4.491921545330720988e+01
-2.934923960071830429e+00 5.066198474360894721e+01
-4.996067910670471512e+00 5.356880879543762575e+01
-7.057211861269111708e+00 5.395944475601515222e+01
-9.118355811867752791e+00 5.291341066996511699e+01
-1.117949976246639388e+01 4.779853055851907584e+01
-1.324064371306503496e+01 4.943148477508957228e+01
-1.530178766366367427e+01 5.122755137284662652e+01
-1.736293161426231535e+01 4.862774992707337418e+01
-1.942407556486095643e+01 5.025540070988859043e+01
-2.148521951545959752e+01 5.042952497892825647e+01
-2.354636346605823860e+01 5.020199847616755306e+01
-2.560750741665687613e+01 5.027291516922510795e+01
-2.766865136725551721e+01 5.248074424113279690e+01
-2.972979531785415830e+01 4.938160101060832119e+01
-3.179093926845279938e+01 4.754444666838779199e+01
-3.385208321905144402e+01 4.346202814024795913e+01
-3.591322716965007800e+01 3.837221642397713595e+01
-3.797437112024871908e+01 3.505114215149656332e+01
-4.003551507084736016e+01 2.865307908210355947e+01
-4.209665902144600125e+01 2.763456885652983885e+01
-4.415780297204464233e+01 2.175785671965110168e+01
-4.621894692264328341e+01 1.888714963360835597e+01
-4.828009087324192450e+01 1.825843444851314601e+01
-5.034123482384056558e+01 1.302037753091174643e+01
-5.240237877443920667e+01 1.127411523092400714e+01
-5.446352272503784775e+01 7.196977027882943467e+00
-5.652466667563648883e+01 5.239564363661453505e+00
-5.858581062623512992e+01 3.018379106774183196e+00
-6.064695457683377100e+01 3.596423571450384049e+00
-6.270809852743241208e+01 1.145590002487225423e+00
-6.476924247803104606e+01 1.595945776780415493e+00
-6.683038642862969425e+01 1.100124837086342344e+00
-6.889153037922834244e+01 1.040535011128611576e+00
-7.095267432982697642e+01 -2.097704021249815476e+00
-7.301381828042561040e+01 -3.875170588119452919e+00
-7.507496223102425859e+01 -3.134269900196574810e+00
-7.713610618162289256e+01 -3.180940258257506592e+00
-7.919725013222154075e+01 -5.310569216503084888e+00
-8.125839408282017473e+01 -6.607379980345369219e+00
-8.331953803341882292e+01 -6.531917579178558420e+00
-8.538068198401745690e+01 -6.068103902596768684e+00
-8.744182593461609088e+01 -8.859827674663730335e+00
-8.950296988521473907e+01 -7.178620936847896594e+00
-9.156411383581337304e+01 -6.278956786484235053e+00
-9.362525778641202123e+01 -8.760175130216909523e+00
-9.568640173701065521e+01 -7.577325898288027162e+00
-9.774754568760931761e+01 -5.412013005648952380e+00
-9.980868963820796580e+01 -8.594521594031109046e+00
-1.018698335888065998e+02 -8.558314925862777756e+00
-1.039309775394052480e+02 -9.179233616501418780e+00
-1.059921214900038819e+02 -8.131315927932865506e+00
-1.080532654406025159e+02 -6.771945932731366469e+00
-1.101144093912011641e+02 -1.225411195257045982e+01
-1.121755533417997981e+02 -9.658984259530255301e+00
-1.142366972923984463e+02 -7.853411520781380162e+00
-1.162978412429970803e+02 -8.774746622324574474e+00
-1.183589851935957284e+02 -1.113414832527089438e+01
-1.204201291441943624e+02 -1.042454408660736398e+01
-1.224812730947929964e+02 -8.322154594017414198e+00
-1.245424170453916446e+02 -1.087948729806023707e+01
-1.266035609959902786e+02 -1.029594783409521597e+01
-1.286647049465889268e+02 -7.972088204223585883e+00
-1.307258488971875749e+02 -1.097465088299993852e+01
-1.327869928477861947e+02 -1.203488039556907196e+01
-1.348481367983848429e+02 -1.110679679335215475e+01
-1.369092807489834911e+02 -1.144393686400886700e+01
-1.389704246995821393e+02 -1.045501690966360542e+01
-1.410315686501807591e+02 -1.190989373837620491e+01
-1.430927126007794072e+02 -1.191631936720525609e+01
-1.451538565513780554e+02 -1.126331269061297924e+01
-1.472150005019767036e+02 -1.235284518778668428e+01
-1.492761444525753234e+02 -1.045199555781770684e+01
-1.513372884031739716e+02 -1.065887493558941479e+01
-1.533984323537725913e+02 -1.147271664717223771e+01
-1.554595763043712680e+02 -1.144459524680566176e+01
-1.575207202549699161e+02 -1.404470841461492903e+01
-1.595818642055685359e+02 -1.316364855016614577e+01
-1.616430081561671841e+02 -1.215558520332007220e+01
-1.637041521067658039e+02 -1.228856441520620102e+01
-1.657652960573644805e+02 -1.162401153145266974e+01
-1.678264400079631002e+02 -1.281689899084518558e+01
-1.698875839585617484e+02 -1.518362586845677065e+01
-1.719487279091603682e+02 -1.311800593059592401e+01
-1.740098718597590448e+02 -1.304700045212113402e+01
-1.760710158103576646e+02 -1.281406691815085352e+01
-1.781321597609563128e+02 -1.344882261510243993e+01
-1.801933037115549325e+02 -1.435320074747650665e+01
-1.822544476621535807e+02 -1.157061514840030547e+01
-1.843155916127522289e+02 -1.348681940670241630e+01
-1.863767355633508771e+02 -1.381332884746954726e+01
-1.884378795139494969e+02 -1.306595293754501874e+01
-1.904990234645481451e+02 -1.290316359926312373e+01
-1.925601674151467648e+02 -1.289182280872734587e+01
-1.946213113657454414e+02 -1.520524062399198861e+01
-1.966824553163440896e+02 -1.528375298663639370e+01
-1.987435992669427094e+02 -1.593770480435135717e+01
-2.008047432175413576e+02 -1.334343045208788858e+01
-2.028658871681399773e+02 -1.208733623990569228e+01
-2.049270311187386540e+02 -1.522927576331682253e+01
-2.069881750693372737e+02 -1.550373511047008890e+01
-2.090493190199359219e+02 -1.474356706873296652e+01
-2.111104629705345417e+02 -1.427030557915932540e+01
-2.131716069211332183e+02 -1.541908248981513907e+01
-2.152327508717318381e+02 -1.636376957418114131e+01
-2.172938948223304862e+02 -1.617601707494102925e+01
-2.193550387729291060e+02 -1.636236200009036068e+01
-2.214161827235277542e+02 -1.609725271450570716e+01
-2.234773266741264024e+02 -1.659052309781384338e+01
-2.255384706247250506e+02 -1.320740177535029858e+01
-2.275996145753236704e+02 -1.185799330481972014e+01
-2.296607585259223185e+02 -1.254089362476584846e+01
-2.317219024765209383e+02 -1.404149955802191130e+01
-2.337830464271196149e+02 -1.592571722074143103e+01
-2.358441903777182631e+02 -1.297722771071955350e+01
-2.379053343283168829e+02 -1.320196848869578332e+01
-2.399664782789155311e+02 -1.398493164484051654e+01
-2.420276222295141793e+02 -1.239207424341369546e+01
-2.440887661801128274e+02 -1.435107331627451366e+01
-2.461499101307114472e+02 -1.099139378401504352e+01
-2.482110540813100954e+02 -1.174089136336015571e+01
-2.502721980319087152e+02 -1.418431775798705985e+01
-2.523333419825073918e+02 -1.084807831801579070e+01
-2.543944859331060115e+02 -9.220174322525817701e+00
-2.564556298837046597e+02 -8.128327287918411415e+00
-2.585167738343033079e+02 -8.052758850534505797e+00
