2.656502317004634506e+02 -5.453936013635383162e+00
2.635890877498648024e+02 -8.657573345770718021e+00
2.615279437992661542e+02 -8.528064909033432173e+00
2.594667998486675060e+02 -9.110484060843894838e+00
2.574056558980688578e+02 -7.216228718866915415e+00
2.553445119474702381e+02 -7.418197485167620009e+00
2.532833679968715899e+02 -7.451049062242006471e+00
2.512222240462729701e+02 -7.298576950985815159e+00
2.491610800956742935e+02 -6.355951366437755823e+00
2.470999361450756737e+02 -6.584649448100975633e+00
2.450387921944770255e+02 -7.419081067971688093e+00
2.429776482438783773e+02 -7.458512736034403012e+00
2.409165042932797576e+02 -6.269001870876652838e+00
2.388553603426810810e+02 -7.251238708347508499e+00
2.367942163920824612e+02 -5.321686686172701464e+00
2.347330724414838130e+02 -6.359281736272034635e+00
2.326719284908851932e+02 -6.141526579846417810e+00
2.306107845402865451e+02 -6.334085912900163429e+00
2.285496405896878969e+02 -5.434405743465341665e+00
2.264884966390892487e+02 -4.898256145582791099e+00
2.244273526884906289e+02 -6.154276971422690146e+00
2.223662087378919807e+02 -5.985736194435116175e+00
2.203050647872933325e+02 -6.976885803897342697e+00
2.182439208366946843e+02 -4.760726006186000170e+00
2.161827768860960646e+02 -5.068759740662777347e+00
2.141216329354974164e+02 -6.462043315556898371e+00
2.120604889848987966e+02 -4.991098008937595587e+00
2.099993450343001200e+02 -4.306917429733633895e+00
2.079382010837015002e+02 -5.822183070618978107e+00
2.058770571331028520e+02 -5.428378260198003069e+00
2.038159131825042039e+02 -3.832902692365383057e+00
2.017547692319055841e+02 -5.243420968283760253e+00
1.996936252813069075e+02 -5.651165672335111800e+00
1.976324813307083161e+02 -5.863234620022838683e+00
1.955713373801096679e+02 -4.925183932835443201e+00
1.935101934295110198e+02 -4.322178894763690771e+00
1.914490494789123716e+02 -6.072609572232176234e+00
1.893879055283137518e+02 -5.883536809279422464e+00
1.873267615777151036e+02 -4.674367834621041773e+00
1.852656176271164838e+02 -5.555567087973002138e+00
1.832044736765178072e+02 -5.073891093711527134e+00
1.811433297259191875e+02 -4.896393872930002722e+00
1.790821857753205393e+02 -3.697616867188422418e+00
1.770210418247219195e+02 -4.833027557245999972e+00
1.749598978741232713e+02 -5.017303694231595834e+00
1.728987539235246231e+02 -5.319060320915355966e+00
1.708376099729259749e+02 -5.136160713169465986e+00
1.687764660223273552e+02 -4.409852471609323032e+00
1.667153220717287070e+02 -5.683002753753682690e+00
1.646541781211300588e+02 -5.093922249593742180e+00
1.625930341705314106e+02 -4.855738153096553766e+00
1.605318902199327624e+02 -4.835774101054667540e+00
1.584707462693341427e+02 -3.890636782247692604e+00
1.564096023187354945e+02 -4.985749652034113133e+00
1.543484583681368463e+02 -5.548693549533052938e+00
1.522873144175381981e+02 -4.562873714766520372e+00
1.502261704669395783e+02 -5.856902437788314764e+00
1.481650265163409301e+02 -5.418217468458982999e+00
1.461038825657423104e+02 -4.448485040201062723e+00
1.440427386151436338e+02 -5.256106641245945177e+00
1.419815946645450140e+02 -6.044245628062546061e+00
1.399204507139463658e+02 -4.426417211135926344e+00
1.378593067633477460e+02 -3.199000771135670274e+00
1.357981628127490978e+02 -5.303106779283058181e+00
1.337370188621504496e+02 -4.166749909054352941e+00
1.316758749115518015e+02 -4.137393814049443286e+00
1.296147309609531817e+02 -4.015817189742650228e+00
1.275535870103545193e+02 -6.340934554474199736e+00
1.254924430597558853e+02 -3.890557896584625919e+00
1.234312991091572371e+02 -4.786705736217927054e+00
1.213701551585586031e+02 -4.708028479905570940e+00
1.193090112079599692e+02 -3.789480806970926707e+00
1.172478672573613210e+02 -4.425272772241299890e+00
1.151867233067626870e+02 -4.953680045640957985e+00
1.131255793561640388e+02 -4.455792623366668259e+00
1.110644354055654048e+02 -6.865185432088109607e+00
1.090032914549667709e+02 -3.958907111255259625e+00
1.069421475043681085e+02 -4.715818569590362053e+00
1.048810035537694745e+02 -4.942215799754596794e+00
1.028198596031708263e+02 -3.470752301119498728e+00
1.007587156525721923e+02 -4.248595097899441342e+00
9.869757170197354412e+01 -4.624024304317642553e+00
9.663642775137491014e+01 -5.185050212169722172e+00
9.457528380077627617e+01 -4.908138318542538236e+00
9.251413985017762798e+01 -4.597460245879399388e+00
9.045299589957899400e+01 -4.918016197911642351e+00
8.839185194898034581e+01 -4.592553548163659904e+00
8.633070799838171183e+01 -5.569498685163328133e+00
8.426956404778306364e+01 -6.101420903353786507e+00
8.220842009718442966e+01 -6.871554191357690300e+00
8.014727614658579569e+01 -6.126567941419071239e+00
7.808613219598714750e+01 -4.184125178380355692e+00
7.602498824538851352e+01 -4.181010673339037531e+00
7.396384429478986533e+01 -4.911218269204838727e+00
7.190270034419123135e+01 -4.799357476316607141e+00
6.984155639359258316e+01 -5.239366197164939010e+00
6.778041244299393497e+01 -5.931536222355232368e+00
6.571926849239530100e+01 -6.895530465592318414e+00
6.365812454179665991e+01 -5.532380410502269363e+00
6.159698059119801883e+01 -5.226167493096262717e+00
5.953583664059938485e+01 -6.310763123761006455e+00
5.747469269000073666e+01 -5.329686027614015664e+00
5.541354873940209558e+01 -5.574681536472435361e+00
5.335240478880345449e+01 -5.496180467770654055e+00
5.129126083820481341e+01 -4.932007251139674864e+00
4.923011688760617233e+01 -5.618414203751810554e+00
4.716897293700753835e+01 -6.614760254006005979e+00
4.510782898640889726e+01 -5.253383134188289283e+00
4.304668503581025618e+01 -4.428443127096346466e+00
4.098554108521161510e+01 -6.149893417877740021e+00
3.892439713461296691e+01 -6.148211575702969611e+00
3.686325318401432583e+01 -5.267429628145058551e+00
3.480210923341568474e+01 -5.497612396450098693e+00
3.274096528281705076e+01 -5.656922989904106913e+00
3.067982133221840613e+01 -4.109596245965219552e+00
2.861867738161976860e+01 -5.145807702893119284e+00
2.655753343102112751e+01 -5.576502045533858976e+00
2.449638948042248288e+01 -5.473997663557518045e+00
2.243524552982384535e+01 -5.256383610195645595e+00
2.037410157922520426e+01 -5.067945328393183679e+00
1.831295762862656318e+01 -1.707737806020538374e+00
1.625181367802792209e+01 -8.440728268802186740e-01
1.419066972742928279e+01 4.452402815080209741e+00
1.212952577683063993e+01 9.997196354183497391e+00
1.006838182623200062e+01 1.928189239607416638e+01
8.007237875633359536e+00 3.388502656335788288e+01
5.946093925034718453e+00 4.888736121359568898e+01
3.884949974436077369e+00 6.031270266066827190e+01
1.823806023837436729e+00 6.118406082476202101e+01
-2.373379267612041044e-01 6.899200897742080940e+01
-2.298481877359844994e+00 7.484258935658624523e+01
-4.359625827958485189e+00 7.995668369903349060e+01
-6.420769778557126273e+00 7.997229713351410396e+01
-8.481913729155767356e+00 7.495453540128177394e+01
-1.054305767975440666e+01 7.326827664815819219e+01
-1.260420163035304952e+01 6.995517571087690101e+01
-1.466534558095168883e+01 6.631559715634361396e+01
-1.672648953155033169e+01 6.204316327660825436e+01
-1.878763348214896922e+01 5.310381290145755884e+01
-2.084877743274761031e+01 4.753878310766484105e+01
-2.290992138334625494e+01 3.975100329031531032e+01
-2.497106533394489603e+01 3.154066911746003044e+01
-2.703220928454353356e+01 2.412897536969357404e+01
-2.909335323514217464e+01 1.714031806846075057e+01
-3.115449718574081572e+01 1.124318556128096525e+01
-3.321564113633945681e+01 5.799954724045648824e+00
-3.527678508693809789e+01 6.910030270307551348e+00
-3.733792903753673187e+01 2.972029426684153375e+00
-3.939907298813538006e+01 1.055699842966131952e+00
-4.146021693873402114e+01 -5.170997127754151101e-01
-4.352136088933266223e+01 -1.570211325472985253e+00
-4.558250483993130331e+01 -3.148855382164673422e+00
-4.764364879052994439e+01 -3.868333966235622423e+00
-4.970479274112857837e+01 -3.270497100995367834e+00
-5.176593669172721945e+01 -4.294667479398595056e+00
-5.382708064232586054e+01 -6.100882723492418336e+00
-5.588822459292450162e+01 -5.671746465152533112e+00
-5.794936854352314981e+01 -5.631709506403234755e+00
-6.001051249412179089e+01 -6.632410862004941343e+00
-6.207165644472043198e+01 -7.384053182743530286e+00
-6.413280039531906596e+01 -7.382792739929973536e+00
-6.619394434591771414e+01 -8.215631210688577823e+00
-6.825508829651634812e+01 -6.204146260063622798e+00
-7.031623224711499631e+01 -8.258313829775566717e+00
-7.237737619771363029e+01 -8.033561783743120799e+00
-7.443852014831226427e+01 -8.853568170876815913e+00
-7.649966409891091246e+01 -7.652751011468694742e+00
-7.856080804950954644e+01 -7.041181676084429242e+00
-8.062195200010819462e+01 -8.536585105903567339e+00
-8.268309595070682860e+01 -7.907983680852963104e+00
-8.474423990130546258e+01 -8.061605713838192244e+00
-8.680538385190412498e+01 -8.810285664373335379e+00
-8.886652780250275896e+01 -9.204459949943149866e+00
-9.092767175310140715e+01 -9.940969976343698278e+00
-9.298881570370004113e+01 -8.462612334992382301e+00
-9.504995965429868932e+01 -8.485110071369884821e+00
-9.711110360489732329e+01 -8.421998132410887905e+00
-9.917224755549595727e+01 -8.473412266353316014e+00
-1.012333915060946055e+02 -9.342109356992512659e+00
-1.032945354566932394e+02 -9.488419749473681719e+00
-1.053556794072918876e+02 -9.859142917690979502e+00
-1.074168233578905216e+02 -9.399436424095995335e+00
-1.094779673084891698e+02 -8.819400005647041851e+00
-1.115391112590878038e+02 -9.749189195588931156e+00
-1.136002552096864378e+02 -9.158088902676917442e+00
-1.156613991602850859e+02 -8.605301860709714035e+00
-1.177225431108837199e+02 -8.674741987515933062e+00
-1.197836870614823681e+02 -9.251584174524539961e+00
-1.218448310120810021e+02 -9.169476940160659950e+00
-1.239059749626796503e+02 -1.156203374439233755e+01
-1.259671189132782985e+02 -1.262860836609284121e+01
-1.280282628638769324e+02 -1.123011245390441104e+01
-1.300894068144755806e+02 -1.013042599341366845e+01
-1.321505507650742004e+02 -1.152812195863049460e+01
-1.342116947156728486e+02 -1.072391868899594769e+01
-1.362728386662714968e+02 -8.639860086526137906e+00
-1.383339826168701450e+02 -9.905576838234940951e+00
-1.403951265674687647e+02 -1.073664715951547244e+01
-1.424562705180674129e+02 -1.010648616666395405e+01
-1.445174144686660327e+02 -1.183165315037103227e+01
-1.465785584192647093e+02 -1.069008752676527152e+01
-1.486397023698633575e+02 -1.068441478613540596e+01
-1.507008463204619773e+02 -9.254372631996270471e+00
-1.527619902710606254e+02 -1.047599389129789849e+01
-1.548231342216592452e+02 -9.489331142874016578e+00
-1.568842781722579218e+02 -1.125370020329503973e+01
-1.589454221228565416e+02 -1.055986484259300617e+01
-1.610065660734551898e+02 -1.025600245921928000e+01
-1.630677100240538095e+02 -9.243034640774485666e+00
-1.651288539746524862e+02 -1.100334882883255005e+01
-1.671899979252511059e+02 -1.021692312092049271e+01
-1.692511418758497541e+02 -1.036727918334982412e+01
-1.713122858264483739e+02 -1.169485470620007561e+01
-1.733734297770470221e+02 -1.082019599308001645e+01
-1.754345737276456703e+02 -9.701914637074912307e+00
-1.774957176782443184e+02 -1.054507522954764909e+01
-1.795568616288429382e+02 -9.878578256573666394e+00
-1.816180055794415864e+02 -1.154538675157709804e+01
-1.836791495300402346e+02 -1.206484365344839915e+01
-1.857402934806388828e+02 -9.604356397202787221e+00
-1.878014374312375310e+02 -1.078192636035019980e+01
-1.898625813818361507e+02 -1.024366079649033168e+01
-1.919237253324347989e+02 -1.109420015022466188e+01
-1.939848692830334471e+02 -1.200552583628965131e+01
-1.960460132336320953e+02 -1.110422527796385239e+01
-1.981071571842307151e+02 -1.071387242886506819e+01
-2.001683011348293917e+02 -1.088471251076671109e+01
-2.022294450854280115e+02 -1.006029497967157660e+01
-2.042905890360266596e+02 -1.232661206352790728e+01
-2.063517329866253078e+02 -1.034383875254208007e+01
-2.084128769372239560e+02 -9.708911098508295368e+00
-2.104740208878225758e+02 -1.151442682936278139e+01
-2.125351648384212240e+02 -1.037955208398316742e+01
-2.145963087890198437e+02 -1.096161783735856865e+01
-2.166574527396185204e+02 -9.851609996280926040e+00
-2.187185966902171401e+02 -1.196356785928463040e+01
-2.207797406408157883e+02 -1.130885481274997773e+01
-2.228408845914144365e+02 -1.230904839982886401e+01
-2.249020285420130563e+02 -1.226576019611658275e+01
-2.269631724926117329e+02 -1.044896753761061703e+01
-2.290243164432103526e+02 -1.094418787500117674e+01
-2.310854603938090008e+02 -1.141810877260755497e+01
-2.331466043444076206e+02 -1.154174185625379856e+01
-2.352077482950062972e+02 -1.074525547050261132e+01
-2.372688922456049170e+02 -1.185129277209002296e+01
-2.393300361962035652e+02 -1.007233146634501431e+01
-2.413911801468021849e+02 -9.441451617666237084e+00
-2.434523240974008331e+02 -1.224570789594586095e+01
-2.455134680479994813e+02 -1.280091680421234202e+01
-2.475746119985981295e+02 -1.017296841471777569e+01
-2.496357559491967493e+02 -1.272959790334020624e+01
-2.516968998997953975e+02 -1.140793736477126785e+01
-2.537580438503940172e+02 -1.107000776777958428e+01
-2.558191878009926938e+02 -1.075006028591448448e+01
-2.578803317515913136e+02 -9.183938579382887823e+00
-2.599414757021899618e+02 -1.155424840942192866e+01
