2.666982950873971276e+02 -2.330630367485993393e+00
2.646371511367984226e+02 -1.386958544864711929e+00
2.625760071861998313e+02 -2.222315794941163603e+00
2.605148632356011831e+02 -4.362128003755451289e+00
2.584537192850025349e+02 -4.472642293576702066e+00
2.563925753344038867e+02 -6.000022466679146405e+00
2.543314313838052669e+02 -5.902519043396914356e+00
2.522702874332065903e+02 -2.453482567811361648e+00
2.502091434826079706e+02 -1.485650620976212588e+00
2.481479995320093224e+02 -4.396782565278330779e+00
2.460868555814107026e+02 -5.490592013557771267e+00
2.440257116308120544e+02 -3.604019963140365768e+00
2.419645676802134062e+02 -4.247368073105237229e+00
2.399034237296147580e+02 -5.553159947758117276e+00
2.378422797790161383e+02 -4.029599524415040435e+00
2.357811358284174901e+02 -6.547926462823454585e+00
2.337199918778188419e+02 -4.979610664638349782e+00
2.316588479272201937e+02 -4.106721198650934213e+00
2.295977039766215739e+02 -3.247523781055605241e+00
2.275365600260229257e+02 -3.116148358669146301e+00
2.254754160754243060e+02 -4.875463366567855950e+00
2.234142721248256294e+02 -2.994578768910254318e+00
2.213531281742270096e+02 -6.501333171539362965e+00
2.192919842236283614e+02 -5.524062463011057744e+00
2.172308402730297416e+02 -4.274129657808095395e+00
2.151696963224310934e+02 -4.376535221212416005e+00
2.131085523718324168e+02 -3.792428039720485256e+00
2.110474084212337971e+02 -4.181449222391475651e+00
2.089862644706351489e+02 -3.681263777555933814e+00
2.069251205200365291e+02 -4.413170916950741152e+00
2.048639765694378525e+02 -1.595624585517843474e+00
2.028028326188392327e+02 -4.594097307421155740e+00
2.007416886682405845e+02 -4.167502584683473899e+00
1.986805447176419648e+02 -5.989430239750565654e+00
1.966194007670433166e+02 -1.349846211313485478e+00
1.945582568164446684e+02 -5.732709327469645011e+00
1.924971128658460202e+02 -4.425875972554786486e+00
1.904359689152474004e+02 -2.761194921846480632e+00
1.883748249646487523e+02 -3.451539813416973690e+00
1.863136810140501325e+02 -2.524065090281399026e+00
1.842525370634514559e+02 -2.470943169289985697e+00
1.821913931128528361e+02 -1.751883895010808656e+00
1.801302491622541879e+02 -5.904356109818992060e+00
1.780691052116555682e+02 -2.119403197322767607e+00
1.760079612610568915e+02 -3.484737986808566390e+00
1.739468173104582434e+02 -4.396813351778555479e+00
1.718856733598596236e+02 -2.974410595389203049e+00
1.698245294092609754e+02 -4.912870954499954479e+00
1.677633854586623556e+02 -5.676694621964121446e+00
1.657022415080636790e+02 -2.773605768413355932e+00
1.636410975574650593e+02 -5.411015864695214006e+00
1.615799536068664111e+02 -2.298002989534019047e+00
1.595188096562677913e+02 -3.607143407354300724e+00
1.574576657056691431e+02 -2.833659501714429041e+00
1.553965217550704949e+02 -4.039183997585548802e+00
1.533353778044718467e+02 -3.517590188842681265e+00
1.512742338538732270e+02 -2.167641716885303271e+00
1.492130899032745788e+02 -1.747054771893595149e+00
1.471519459526759590e+02 -2.454821933106699383e+00
1.450908020020772824e+02 -1.812705888782002450e+00
1.430296580514786626e+02 -2.916101442448449266e+00
1.409685141008800144e+02 -3.266169274107288967e+00
1.389073701502813947e+02 -1.357398640065572870e+00
1.368462261996827181e+02 -2.807733770646906990e+00
1.347850822490840699e+02 -2.318432700986128303e+00
1.327239382984854501e+02 -2.883520633087061746e+00
1.306627943478868019e+02 -7.041302296651804626e-01
1.286016503972881537e+02 -3.313695793401425949e+00
1.265405064466895340e+02 -4.000901026494513069e+00
1.244793624960908858e+02 -2.372586788186894502e+00
1.224182185454922518e+02 -1.723234402947596333e+00
1.203570745948936036e+02 -5.500527773568998358e-01
1.182959306442949696e+02 -4.047465651223556726e+00
1.162347866936963214e+02 -1.774168658569112322e+00
1.141736427430976732e+02 -2.152241508250024804e+00
1.121124987924990393e+02 -3.653251198380588427e+00
1.100513548419003911e+02 -3.420559472942999779e+00
1.079902108913017571e+02 -3.451039767939080960e+00
1.059290669407031231e+02 -2.019201971669218221e+00
1.038679229901044749e+02 -2.913487483056958816e+00
1.018067790395058410e+02 -2.450608935012508205e+00
9.974563508890719277e+01 -5.025917967118315843e+00
9.768449113830855879e+01 -4.529186335399447039e+00
9.562334718770991060e+01 -3.118825257374969961e+00
9.356220323711127662e+01 -2.705602860951591193e+00
9.150105928651264264e+01 -3.159430400194618738e+00
8.943991533591399445e+01 -4.074114855144115310e+00
8.737877138531536048e+01 1.052869570996781412e-01
8.531762743471671229e+01 -1.043139977691259990e+00
8.325648348411807831e+01 -2.809345223271256575e+00
8.119533953351943012e+01 -1.121123909943035235e+00
7.913419558292078193e+01 -3.683350384045990911e+00
7.707305163232214795e+01 -1.971764762471173826e+00
7.501190768172349976e+01 -2.711121344113514020e+00
7.295076373112486579e+01 -5.050266397215851910e+00
7.088961978052621760e+01 -2.148403142789129472e+00
6.882847582992758362e+01 -2.242987337533624892e+00
6.676733187932893543e+01 -4.319494831210679564e-01
6.470618792873030145e+01 -2.873918326757318287e+00
6.264504397813166037e+01 -2.695175457598080637e+00
6.058390002753301928e+01 -1.966213498754567413e+00
5.852275607693437820e+01 -3.009967943399765478e+00
5.646161212633574422e+01 -3.183953240989601419e+00
5.440046817573710314e+01 -1.031283500332432546e+00
5.233932422513846205e+01 -4.896322932239490555e+00
5.027818027453981387e+01 -1.829522365875522860e+00
4.821703632394117278e+01 -1.579325274284849812e+00
4.615589237334253170e+01 -4.981448854831442397e+00
4.409474842274389772e+01 -6.771414903826949994e-01
4.203360447214525664e+01 -2.313654667917235397e+00
3.997246052154661555e+01 -1.278945103579236076e+00
3.791131657094797447e+01 -1.852785870854460337e-01
3.585017262034933339e+01 -1.847691009096070980e+00
3.378902866975069230e+01 -2.747183068909744730e+00
3.172788471915205122e+01 3.748220420919141094e-01
2.966674076855341013e+01 1.631509907083361355e-01
2.760559681795476905e+01 -5.290004699145021139e-01
2.554445286735612797e+01 1.950095782868104477e+00
2.348330891675748333e+01 9.218852764981265713e-01
2.142216496615884580e+01 -1.783611058548738304e-01
1.936102101556020472e+01 1.202414800406406803e+00
1.729987706496156363e+01 3.739427330689403250e-01
1.523873311436292255e+01 1.689710492775727158e+00
1.317758916376427969e+01 6.874401510238983271e-01
1.111644521316564216e+01 6.561035942072237503e+00
9.055301262566999299e+00 8.449629524405184000e+00
6.994157311968359991e+00 1.287537895305539593e+01
4.933013361369718019e+00 2.334786155737345581e+01
2.871869410771078268e+00 3.760395735197490552e+01
8.107254601724372955e-01 4.307000175800554587e+01
-1.250418490426203677e+00 4.706760961803492904e+01
-3.311562441024844095e+00 5.129463984370654117e+01
-5.372706391623485622e+00 5.173359447009778478e+01
-7.433850342222125818e+00 5.078158315800008182e+01
-9.494994292820765125e+00 4.937049822922327280e+01
-1.155613824341940798e+01 4.482630979174822983e+01
-1.361728219401804907e+01 3.895173603288552755e+01
-1.567842614461669015e+01 3.447974494229812592e+01
-1.773957009521533124e+01 3.184092166731903006e+01
-1.980071404581396877e+01 2.636834110545691701e+01
-2.186185799641260985e+01 2.137431988542206085e+01
-2.392300194701125449e+01 1.859965988735574882e+01
-2.598414589760989202e+01 1.742195154467619034e+01
-2.804528984820853310e+01 1.940045221478561643e+01
-3.010643379880717063e+01 2.104614698558055963e+01
-3.216757774940581527e+01 2.616135270219652043e+01
-3.422872170000445635e+01 3.077107289964657966e+01
-3.628986565060309744e+01 3.342545198766286774e+01
-3.835100960120173852e+01 3.488807807373646597e+01
-4.041215355180037250e+01 3.880360782348086701e+01
-4.247329750239901358e+01 4.243893374715081279e+01
-4.453444145299765466e+01 4.282893678290303541e+01
-4.659558540359630285e+01 4.328519862882163949e+01
-4.865672935419494394e+01 4.245648545718314182e+01
-5.071787330479358502e+01 4.620587979936879464e+01
-5.277901725539221900e+01 4.575944156752508718e+01
-5.484016120599086008e+01 4.315428211830545280e+01
-5.690130515658950117e+01 4.355719658698350827e+01
-5.896244910718814225e+01 3.932253734238778975e+01
-6.102359305778678333e+01 3.383195287443693644e+01
-6.308473700838542442e+01 2.716021218600745613e+01
-6.514588095898406550e+01 2.474909924841070463e+01
-6.720702490958269948e+01 2.060298489287858459e+01
-6.926816886018134767e+01 1.603195483863314763e+01
-7.132931281077998165e+01 1.425439388623751569e+01
-7.339045676137861562e+01 1.118264599044917240e+01
-7.545160071197727802e+01 1.089790081760318152e+01
-7.751274466257591200e+01 1.129683473100609525e+01
-7.957388861317456019e+01 1.183178273224503130e+01
-8.163503256377319417e+01 9.735859410193183905e+00
-8.369617651437184236e+01 1.099718019326972218e+01
-8.575732046497047634e+01 1.284811426416912106e+01
-8.781846441556911032e+01 1.188018789266564568e+01
-8.987960836616775850e+01 9.676232181554922818e+00
-9.194075231676639248e+01 8.549288170766208950e+00
-9.400189626736504067e+01 9.744546617154291823e+00
-9.606304021796367465e+01 1.110174861951464109e+01
-9.812418416856232284e+01 9.688475480265624995e+00
-1.001853281191609568e+02 8.022340191744978810e+00
-1.022464720697595908e+02 9.674767889363332429e+00
-1.043076160203582390e+02 7.655737879378219368e+00
-1.063687599709568730e+02 3.900936629240615350e+00
-1.084299039215555212e+02 3.751373409088910815e+00
-1.104910478721541551e+02 4.772710171182456662e+00
-1.125521918227528033e+02 4.523451213569649632e+00
-1.146133357733514515e+02 2.027668748915244290e+00
-1.166744797239500855e+02 1.909901776661620865e+00
-1.187356236745487337e+02 1.196656335611513855e+00
-1.207967676251473677e+02 -7.047440930801542880e-01
-1.228579115757460158e+02 -5.027943726558760096e-01
-1.249190555263446498e+02 2.821124609522930093e+00
-1.269801994769432980e+02 2.748517788453103350e+00
-1.290413434275419320e+02 3.380442082599798503e+00
-1.311024873781405518e+02 2.450210200155510609e+00
-1.331636313287391999e+02 -2.548259968800865027e-01
-1.352247752793378766e+02 9.225110416481219211e-01
-1.372859192299364963e+02 1.454199519510343874e+00
-1.393470631805351445e+02 4.584684094604262738e-01
-1.414082071311337643e+02 -1.476373648359480817e-01
-1.434693510817324125e+02 3.370621266802459548e+00
-1.455304950323310607e+02 1.558872931717341370e-01
-1.475916389829297088e+02 -1.239872772436897280e-01
-1.496527829335283286e+02 8.397067192149555437e-01
-1.517139268841269768e+02 7.994983197652720808e-01
-1.537750708347256250e+02 1.755925016893212787e+00
-1.558362147853242732e+02 3.983359465779257036e-01
-1.578973587359228929e+02 3.240380821000878875e+00
-1.599585026865215411e+02 9.718258465525955181e-01
-1.620196466371201609e+02 -1.043982425605330944e+00
-1.640807905877188375e+02 -4.258701942660239603e-01
-1.661419345383174573e+02 -1.177652607831998655e+00
-1.682030784889161055e+02 -1.323284480591711443e+00
-1.702642224395147252e+02 9.449668383622579215e-01
-1.723253663901133734e+02 1.778788909608614022e+00
-1.743865103407120500e+02 1.067806990582583548e+00
-1.764476542913106698e+02 2.846194863895480598e+00
-1.785087982419093180e+02 1.854684410064349587e+00
-1.805699421925079378e+02 1.472470850636206752e+00
-1.826310861431066144e+02 3.091987516788516022e+00
-1.846922300937052341e+02 1.189247356110215037e+00
-1.867533740443038823e+02 1.005081163721813109e+00
-1.888145179949025021e+02 2.311069633007836632e+00
-1.908756619455011503e+02 2.599141836052413002e+00
-1.929368058960997985e+02 1.237584215424499368e+00
-1.949979498466984467e+02 4.348155946876885558e+00
-1.970590937972970664e+02 1.874989112479969133e+00
-1.991202377478957146e+02 1.030241981628059689e+00
-2.011813816984943344e+02 7.710703070794935332e-01
-2.032425256490930110e+02 3.163584573665139121e+00
-2.053036695996916308e+02 2.667392412539699276e+00
-2.073648135502902790e+02 2.420540860886000623e+00
-2.094259575008888987e+02 4.038968884621212396e+00
-2.114871014514875753e+02 8.911807515949332625e-01
-2.135482454020862235e+02 1.601599922182113112e+00
-2.156093893526848433e+02 -3.019354508897089118e-01
-2.176705333032834915e+02 1.524548885963886047e+00
-2.197316772538821112e+02 3.262083119162243250e+00
-2.217928212044807879e+02 9.006874532343970285e-01
-2.238539651550794076e+02 1.588545296060129619e+00
-2.259151091056780558e+02 1.712378856540736516e+00
-2.279762530562766756e+02 3.176588388028008136e+00
-2.300373970068753238e+02 1.257487337443412345e+00
-2.320985409574739720e+02 -3.722910520690287939e-01
-2.341596849080726201e+02 1.885316013270430080e+00
-2.362208288586712399e+02 3.226438205280114602e+00
-2.382819728092698881e+02 4.467355092797996030e-01
-2.403431167598685079e+02 1.951781077781187257e+00
-2.424042607104671845e+02 1.943498868721976525e+00
-2.444654046610658042e+02 1.527551510277841418e+00
-2.465265486116644524e+02 1.439620018054870609e+00
-2.485876925622630722e+02 -1.104523703475955854e+00
-2.506488365128617488e+02 1.335446892848042744e+00
-2.527099804634603970e+02 2.999779481508882961e-01
-2.547711244140590168e+02 -2.908329463170264528e+00
-2.568322683646576365e+02 8.373958374390628734e-01
-2.588934123152562847e+02 -2.109155042421839432e-01
