2.632412325296127733e+02 2.800799256116581315e+00
2.611800885790141251e+02 5.147160527547938180e+00
2.591189446284154769e+02 5.828447634299085856e+00
2.570578006778168287e+02 6.797569508592968823e+00
2.549966567272182090e+02 5.926690268231087799e+00
2.529355127766195892e+02 7.600872632715968358e+00
2.508743688260209126e+02 6.060776618139702698e+00
2.488132248754222928e+02 5.423379965321167617e+00
2.467520809248236446e+02 7.719326162736042996e+00
2.446909369742250249e+02 7.378969990419006031e+00
2.426297930236263483e+02 6.492134043730608539e+00
2.405686490730277285e+02 7.978741464272490092e+00
2.385075051224290803e+02 6.565124776144083185e+00
2.364463611718304605e+02 8.736591937167595745e+00
2.343852172212318123e+02 8.864247186478047880e+00
2.323240732706331642e+02 8.360314228724996966e+00
2.302629293200345160e+02 7.120615519263280291e+00
2.282017853694358962e+02 8.992712110539367032e+00
2.261406414188372480e+02 8.953123095318957780e+00
2.240794974682385998e+02 8.508933514691479516e+00
2.220183535176399516e+02 7.509266615592181005e+00
2.199572095670413034e+02 8.775924462524434588e+00
2.178960656164426837e+02 8.477260309267654392e+00
2.158349216658440355e+02 9.127743288073071781e+00
2.137737777152453873e+02 8.950142058743825402e+00
2.117126337646467391e+02 7.532333896916061811e+00
2.096514898140481193e+02 6.800601502852121172e+00
2.075903458634494712e+02 8.713373970584598283e+00
2.055292019128508514e+02 9.362136982544253527e+00
2.034680579622521748e+02 9.724198323979940994e+00
2.014069140116535550e+02 9.571316140105691872e+00
1.993457700610549068e+02 9.443329004619599232e+00
1.972846261104563155e+02 7.699830061801732128e+00
1.952234821598576389e+02 7.704649471533724814e+00
1.931623382092590191e+02 9.571369441777589415e+00
1.911011942586603709e+02 8.978391983996782955e+00
1.890400503080617511e+02 7.913435403699397241e+00
1.869789063574630745e+02 7.767170907706415051e+00
1.849177624068644263e+02 8.000457211902167742e+00
1.828566184562658066e+02 8.446667736032370755e+00
1.807954745056671584e+02 9.938839558971549693e+00
1.787343305550685386e+02 9.143307719321398963e+00
1.766731866044698620e+02 7.980094810530646399e+00
1.746120426538712422e+02 1.016171639333356858e+01
1.725508987032725940e+02 7.766671461732129522e+00
1.704897547526739743e+02 1.035808437779096991e+01
1.684286108020753261e+02 8.643808209386230956e+00
1.663674668514766779e+02 8.538997072525779330e+00
1.643063229008780297e+02 1.025050286787805653e+01
1.622451789502794099e+02 9.246622287824978415e+00
1.601840349996807618e+02 1.154286191134856487e+01
1.581228910490821136e+02 9.604862347893529773e+00
1.560617470984834654e+02 1.014508892886605018e+01
1.540006031478848456e+02 1.071405671588913044e+01
1.519394591972861974e+02 1.021644546613890547e+01
1.498783152466875777e+02 8.252433127364556142e+00
1.478171712960889010e+02 9.411327861881854773e+00
1.457560273454902529e+02 9.400829116760483828e+00
1.436948833948916331e+02 9.722490875397932442e+00
1.416337394442929849e+02 9.476850991387880896e+00
1.395725954936943651e+02 9.591659915869341191e+00
1.375114515430956885e+02 8.798961531963238158e+00
1.354503075924970688e+02 1.002690548126799364e+01
1.333891636418984206e+02 9.357162901434714186e+00
1.313280196912998008e+02 8.058577713352688576e+00
1.292668757407011526e+02 8.540102119866221031e+00
1.272057317901025186e+02 9.263123267148252182e+00
1.251445878395038562e+02 7.879296795252495933e+00
1.230834438889052223e+02 9.338586574841066579e+00
1.210222999383065741e+02 9.784706548103596191e+00
1.189611559877079401e+02 1.029433682127853622e+01
1.169000120371092919e+02 1.014926505383616195e+01
1.148388680865106579e+02 9.425026583364539690e+00
1.127777241359120239e+02 9.052857332519087308e+00
1.107165801853133758e+02 7.112370747911484159e+00
1.086554362347147418e+02 1.007570613534411130e+01
1.065942922841160936e+02 9.988095641631980826e+00
1.045331483335174596e+02 5.833127266275647038e+00
1.024720043829188114e+02 8.809987937763978039e+00
1.004108604323201774e+02 8.856706627166929024e+00
9.834971648172154346e+01 9.078560750490243692e+00
9.628857253112289527e+01 8.223739148435869950e+00
9.422742858052426129e+01 9.367799546998076821e+00
9.216628462992561310e+01 1.036783921262731134e+01
9.010514067932697913e+01 8.414842200806479156e+00
8.804399672872833094e+01 9.682532074838265501e+00
8.598285277812968275e+01 8.445523085866030399e+00
8.392170882753104877e+01 7.878247229283110720e+00
8.186056487693240058e+01 7.870701116127037267e+00
7.979942092633376660e+01 1.016557481803700114e+01
7.773827697573511841e+01 1.018783765512233508e+01
7.567713302513648443e+01 7.296997538694820484e+00
7.361598907453785046e+01 8.431752218050068137e+00
7.155484512393920227e+01 7.810373151131220659e+00
6.949370117334056829e+01 9.582851603799129592e+00
6.743255722274192010e+01 8.757010878489294825e+00
6.537141327214328612e+01 8.671764447462733116e+00
6.331026932154464504e+01 8.298790165998919832e+00
6.124912537094600395e+01 6.843586891241033143e+00
5.918798142034735577e+01 8.727865409692318721e+00
5.712683746974871468e+01 8.045602715355352430e+00
5.506569351915007360e+01 7.031204104760129248e+00
5.300454956855143962e+01 7.972853941592283000e+00
5.094340561795279854e+01 8.888789455982911036e+00
4.888226166735415035e+01 8.771293311196163955e+00
4.682111771675550926e+01 7.389682779974275917e+00
4.475997376615686818e+01 8.094656499429158103e+00
4.269882981555823420e+01 8.379969017184608404e+00
4.063768586495959312e+01 8.059781294936930962e+00
3.857654191436094493e+01 7.613560795993485009e+00
3.651539796376230385e+01 6.542634291194916685e+00
3.445425401316366276e+01 6.204961976238536181e+00
3.239311006256502878e+01 8.548131129446389309e+00
3.033196611196638415e+01 1.066936851340764747e+01
2.827082216136774306e+01 8.441562318847351420e+00
2.620967821076910198e+01 7.974014461856567593e+00
2.414853426017046445e+01 9.941934203868342479e+00
2.208739030957182337e+01 9.848972289885466580e+00
2.002624635897318228e+01 1.060652285721814714e+01
1.796510240837454120e+01 9.504792837316555776e+00
1.590395845777590011e+01 1.260963519162331181e+01
1.384281450717726081e+01 1.308707946239866970e+01
1.178167055657861795e+01 1.368717982580504788e+01
9.720526605979976864e+00 1.804844231706803370e+01
7.659382655381335780e+00 2.586287139020872061e+01
5.598238704782696473e+00 4.159973038820539415e+01
3.537094754184054946e+00 5.942902660335774101e+01
1.475950803585414750e+00 6.556414140409683000e+01
-5.851931470132262225e-01 7.161849135456667170e+01
-2.646337097611866973e+00 7.593909188504112251e+01
-4.707481048210508057e+00 7.007406134798546304e+01
-6.768624998809150028e+00 7.738438165834394056e+01
-8.829768949407789336e+00 7.879054911002376116e+01
-1.089091290000643220e+01 7.748167333393897138e+01
-1.295205685060506973e+01 7.708414622300770702e+01
-1.501320080120371081e+01 7.865007768178726621e+01
-1.707434475180235367e+01 8.094249067742879333e+01
-1.913548870240099120e+01 8.325383164419628201e+01
-2.119663265299963228e+01 7.685474242032704240e+01
-2.325777660359827692e+01 7.010378417547887864e+01
-2.531892055419691800e+01 6.648873193369769297e+01
-2.738006450479555909e+01 6.190731816481731187e+01
-2.944120845539419662e+01 6.394551923113229464e+01
-3.150235240599283770e+01 6.309836299295314888e+01
-3.356349635659147879e+01 5.742758703047284996e+01
-3.562464030719011987e+01 5.540831613061192229e+01
-3.768578425778876806e+01 5.027796111062793472e+01
-3.974692820838740204e+01 4.502939800058812381e+01
-4.180807215898604312e+01 4.346233040039841455e+01
-4.386921610958468420e+01 3.702381879743485626e+01
-4.593036006018332529e+01 3.265435118835581818e+01
-4.799150401078196637e+01 2.763139636925736298e+01
-5.005264796138060035e+01 2.408779209013964362e+01
-5.211379191197924143e+01 2.295054599485055746e+01
-5.417493586257788252e+01 2.371248982783737347e+01
-5.623607981317652360e+01 2.267754728023992783e+01
-5.829722376377516468e+01 2.179825090111335228e+01
-6.035836771437380577e+01 1.962174377239941947e+01
-6.241951166497244685e+01 1.990894696742592629e+01
-6.448065561557108083e+01 2.056618998158242917e+01
-6.654179956616971481e+01 1.708565595490299316e+01
-6.860294351676837721e+01 1.779585399976672377e+01
-7.066408746736701119e+01 1.608154873101785398e+01
-7.272523141796565938e+01 1.600774209147876093e+01
-7.478637536856429335e+01 1.423953578130433861e+01
-7.684751931916294154e+01 1.460154618950251937e+01
-7.890866326976157552e+01 1.365400537237486134e+01
-8.096980722036020950e+01 1.233525765912415117e+01
-8.303095117095885769e+01 1.103658308010309774e+01
-8.509209512155749167e+01 8.521207762962161425e+00
-8.715323907215613985e+01 8.053172013401399099e+00
-8.921438302275477383e+01 8.220209617168931615e+00
-9.127552697335342202e+01 8.486205621390107368e+00
-9.333667092395205600e+01 6.029545301370304422e+00
-9.539781487455068998e+01 6.846791684977755033e+00
-9.745895882514933817e+01 5.435356116635094992e+00
-9.952010277574797215e+01 4.772642068373717628e+00
-1.015812467263466203e+02 6.051306389598615887e+00
-1.036423906769452543e+02 5.984072751415622449e+00
-1.057035346275439025e+02 5.997338168042555928e+00
-1.077646785781425507e+02 3.089494038481012783e+00
-1.098258225287411847e+02 4.382257696170469785e+00
-1.118869664793398329e+02 4.372655826206919727e+00
-1.139481104299384668e+02 4.632626048597959567e+00
-1.160092543805371150e+02 5.843688420803406558e+00
-1.180703983311357490e+02 3.382534570239794203e+00
-1.201315422817343830e+02 4.900297726228971307e+00
-1.221926862323330312e+02 5.315112084023856376e+00
-1.242538301829316651e+02 3.758491946903261383e+00
-1.263149741335303133e+02 3.460396423225072571e+00
-1.283761180841289615e+02 3.913428640011739734e+00
-1.304372620347276097e+02 4.556736705034503565e+00
-1.324984059853262579e+02 3.561810007218810803e+00
-1.345595499359248777e+02 3.455401629764042859e+00
-1.366206938865235259e+02 3.298619135302289340e+00
-1.386818378371221456e+02 2.087389755439433614e+00
-1.407429817877207938e+02 2.324099834956862676e+00
-1.428041257383194420e+02 4.775704647464502628e+00
-1.448652696889180902e+02 4.983399775175810120e+00
-1.469264136395167100e+02 2.832246349072359948e+00
-1.489875575901153582e+02 4.394546709324861133e+00
-1.510487015407139779e+02 3.384540068061903106e+00
-1.531098454913126545e+02 4.135772911784921568e+00
-1.551709894419112743e+02 4.122405250560237100e+00
-1.572321333925099225e+02 3.908063360966255839e+00
-1.592932773431085423e+02 3.755012439215637876e+00
-1.613544212937071904e+02 2.258741077854477641e+00
-1.634155652443058671e+02 5.260999363077935698e+00
-1.654767091949044868e+02 3.270288884164038290e+00
-1.675378531455031350e+02 1.755101673424890096e+00
-1.695989970961017548e+02 1.902256388294226941e+00
-1.716601410467004314e+02 4.088785027085737767e+00
-1.737212849972990512e+02 2.948335247024723049e+00
-1.757824289478976993e+02 2.999484790989845884e+00
-1.778435728984963191e+02 2.942004965635161007e+00
-1.799047168490949673e+02 3.576411289593489862e+00
-1.819658607996936155e+02 3.301012525126447272e+00
-1.840270047502922637e+02 3.298613357499137866e+00
-1.860881487008908834e+02 2.809734917457817005e+00
-1.881492926514895316e+02 3.198359333527411419e+00
-1.902104366020881514e+02 2.002344345408931581e+00
-1.922715805526868280e+02 1.169304489455550211e+00
-1.943327245032854478e+02 3.332052263695070682e+00
-1.963938684538840960e+02 2.226930433450364344e+00
-1.984550124044827442e+02 2.830380057533187443e+00
-2.005161563550813923e+02 4.358468256048142919e+00
-2.025773003056800405e+02 2.184376021140010504e+00
-2.046384442562786887e+02 1.918740097316037341e+00
-2.066995882068773369e+02 1.132534144112885333e+00
-2.087607321574759567e+02 6.296836947083959135e-01
-2.108218761080746049e+02 3.550900896747350100e+00
-2.128830200586732531e+02 3.201312673258184471e+00
-2.149441640092719013e+02 6.105970893545837885e-01
-2.170053079598705210e+02 5.510759298854857047e-01
-2.190664519104691692e+02 1.462491624518082345e+00
-2.211275958610677890e+02 1.157628487156652897e+00
-2.231887398116664656e+02 2.012703316248569685e+00
-2.252498837622650854e+02 3.609754929057356954e+00
-2.273110277128637335e+02 2.249331472642234875e+00
-2.293721716634623533e+02 1.807901393048425787e+00
-2.314333156140610015e+02 1.572163953532239145e+00
-2.334944595646596497e+02 1.707440439101286955e+00
-2.355556035152582979e+02 1.801887206952605291e+00
-2.376167474658569176e+02 2.020040043483006809e+00
-2.396778914164555658e+02 2.286132503843421482e+00
-2.417390353670542424e+02 2.471493429384008955e+00
-2.438001793176528622e+02 3.454791437544119326e+00
-2.458613232682515104e+02 2.648520946017583810e+00
-2.479224672188501302e+02 3.374668260795933517e+00
-2.499836111694487784e+02 2.703923637250238432e+00
-2.520447551200474265e+02 1.051217190507972576e+00
-2.541058990706460747e+02 2.875659522167913096e+00
-2.561670430212446945e+02 3.280215464027512517e+00
-2.582281869718433427e+02 4.475000363344769916e+00
-2.602893309224419909e+02 3.149104556698365087e+00
-2.623504748730406391e+02 5.302338160972274395e+00
