2.702977116495276277e+02 -3.701532340817813349e+00
2.682365676989289227e+02 -8.140586489230681622e+00
2.661754237483303314e+02 -6.202385826574463579e+00
2.641142797977316832e+02 -7.549166896500230983e+00
2.620531358471330350e+02 -7.522885649024964039e+00
2.599919918965343868e+02 -7.047202503980438237e+00
2.579308479459357955e+02 -6.116681321224910484e+00
2.558697039953371188e+02 -6.598596403276951072e+00
2.538085600447384707e+02 -6.127260208172914169e+00
2.517474160941398225e+02 -6.642752636304309455e+00
2.496862721435412027e+02 -7.834559078168504165e+00
2.476251281929425545e+02 -4.179460100628970665e+00
2.455639842423439347e+02 -8.777470490991611030e+00
2.435028402917452581e+02 -9.458455433129094203e+00
2.414416963411466384e+02 -7.854779127802059335e+00
2.393805523905479902e+02 -5.973730498486875540e+00
2.373194084399493704e+02 -5.444134197716665291e+00
2.352582644893507222e+02 -7.268759590293782047e+00
2.331971205387520740e+02 -7.439212559196866970e+00
2.311359765881534258e+02 -6.470953496894034984e+00
2.290748326375548061e+02 -6.518983230572486853e+00
2.270136886869561579e+02 -6.800353532257354061e+00
2.249525447363575097e+02 -8.563035253893236387e+00
2.228914007857588615e+02 -7.268441879404019978e+00
2.208302568351602417e+02 -5.912701819551719140e+00
2.187691128845615935e+02 -5.463397345691843654e+00
2.167079689339629454e+02 -8.585264544727376546e+00
2.146468249833642972e+02 -7.922928306583129299e+00
2.125856810327656490e+02 -7.796470583277185007e+00
2.105245370821670292e+02 -7.976910133513326784e+00
2.084633931315683810e+02 -7.804605672559201679e+00
2.064022491809697613e+02 -7.609922445048764139e+00
2.043411052303710846e+02 -6.882276615583797330e+00
2.022799612797724649e+02 -7.499441951091101899e+00
2.002188173291738167e+02 -5.499316898919759389e+00
1.981576733785751969e+02 -7.065640365873925965e+00
1.960965294279765487e+02 -8.603007596282358449e+00
1.940353854773779290e+02 -5.271548520156002837e+00
1.919742415267792808e+02 -4.169690252114246931e+00
1.899130975761806610e+02 -6.117533143890019787e+00
1.878519536255819844e+02 -6.370973161519971839e+00
1.857908096749833646e+02 -6.029149552400156153e+00
1.837296657243847164e+02 -5.187893768526946836e+00
1.816685217737860967e+02 -7.013825024491086246e+00
1.796073778231874485e+02 -6.393137586424097130e+00
1.775462338725887719e+02 -7.123686972376207294e+00
1.754850899219901521e+02 -8.389907538764649786e+00
1.734239459713915039e+02 -5.199470996228129138e+00
1.713628020207928842e+02 -7.076214637561012211e+00
1.693016580701942360e+02 -7.144122804730866250e+00
1.672405141195955878e+02 -6.490015654283891600e+00
1.651793701689969396e+02 -5.443092614481056302e+00
1.631182262183983198e+02 -7.048255541321938544e+00
1.610570822677996716e+02 -4.085527000732191105e+00
1.589959383172010234e+02 -5.426865842084660940e+00
1.569347943666023752e+02 -7.492253613506608012e+00
1.548736504160037555e+02 -5.595056969871301966e+00
1.528125064654051073e+02 -6.288108151099462972e+00
1.507513625148064875e+02 -2.415431813912606529e+00
1.486902185642078109e+02 -7.721834057836107768e+00
1.466290746136091911e+02 -8.922896935686821962e+00
1.445679306630105430e+02 -5.092767537781697662e+00
1.425067867124119232e+02 -7.110097195641866819e+00
1.404456427618132750e+02 -6.076874618719824817e+00
1.383844988112145984e+02 -7.462764637199739148e+00
1.363233548606159786e+02 -8.447885723637753586e+00
1.342622109100173304e+02 -6.173687864654251456e+00
1.322010669594187107e+02 -5.733859368324515593e+00
1.301399230088200625e+02 -6.203492207999389940e+00
1.280787790582214143e+02 -5.599621458756352865e+00
1.260176351076227803e+02 -7.357364867270378639e+00
1.239564911570241463e+02 -8.757377079584873769e+00
1.218953472064254981e+02 -7.695866280551028282e+00
1.198342032558268642e+02 -7.512917579615205455e+00
1.177730593052282018e+02 -6.381092481891696089e+00
1.157119153546295678e+02 -6.869557260153727363e+00
1.136507714040309338e+02 -7.847834993220870636e+00
1.115896274534322856e+02 -5.857696695094885442e+00
1.095284835028336516e+02 -5.055046733256192582e+00
1.074673395522350035e+02 -6.392400845920200858e+00
1.054061956016363695e+02 -6.762367854977467729e+00
1.033450516510377213e+02 -5.458203543492888166e+00
1.012839077004390873e+02 -9.307725399507964070e+00
9.922276374984045333e+01 -6.799498634319435908e+00
9.716161979924179093e+01 -4.751504844301393859e+00
9.510047584864315695e+01 -6.496690134423931617e+00
9.303933189804452297e+01 -7.436805618767470705e+00
9.097818794744587478e+01 -5.882288423745658079e+00
8.891704399684724081e+01 -8.133339412505742771e+00
8.685590004624859262e+01 -9.313460436671556764e+00
8.479475609564995864e+01 -7.033487272275021240e+00
8.273361214505131045e+01 -1.022479708911649077e+01
8.067246819445266226e+01 -7.135524039660726459e+00
7.861132424385402828e+01 -7.259571830267427472e+00
7.655018029325538009e+01 -8.291725607137435006e+00
7.448903634265674611e+01 -7.319569944287923846e+00
7.242789239205809793e+01 -5.649289094966756686e+00
7.036674844145946395e+01 -8.044894243519198795e+00
6.830560449086081576e+01 -1.030801397522855289e+01
6.624446054026218178e+01 -8.293390730585269210e+00
6.418331658966354780e+01 -7.893940524088699284e+00
6.212217263906489961e+01 -5.643619523206321098e+00
6.006102868846625853e+01 -9.705294814543833581e+00
5.799988473786762455e+01 -8.342345812689355711e+00
5.593874078726898347e+01 -8.362803036303544602e+00
5.387759683667034238e+01 -7.376232892795890450e+00
5.181645288607169419e+01 -7.669488466347284650e+00
4.975530893547305311e+01 -7.317322058126357831e+00
4.769416498487441913e+01 -7.750605835588128656e+00
4.563302103427577805e+01 -7.386977904374760762e+00
4.357187708367713697e+01 -6.663618594783950577e+00
4.151073313307850299e+01 -7.495475004773367367e+00
3.944958918247986190e+01 -9.234417228212413065e+00
3.738844523188122082e+01 -8.954464574622289064e+00
3.532730128128257974e+01 -7.653815252247421874e+00
3.326615733068393865e+01 -5.242960710351447062e+00
3.120501338008529402e+01 -6.284253707689021695e+00
2.914386942948665649e+01 -7.427018301007207945e+00
2.708272547888801185e+01 -7.364596649826818719e+00
2.502158152828937077e+01 -4.593963506661276952e+00
2.296043757769072968e+01 -5.774640176434078676e+00
2.089929362709208860e+01 -6.763162681429267131e+00
1.883814967649345107e+01 -3.633804622219249048e+00
1.677700572589480643e+01 -2.823566417459189903e+00
1.471586177529616535e+01 -4.114074036164857340e+00
1.265471782469752604e+01 1.871483692134106036e+00
1.059357387409888496e+01 4.636996900063133253e+00
8.532429923500245650e+00 1.033967071520563152e+01
6.471285972901604566e+00 1.971666639971201818e+01
4.410142022302963483e+00 2.757236949915204605e+01
2.348998071704322843e+00 3.523933001045994473e+01
2.878541211056818150e-01 4.397969486801429184e+01
-1.773289829492958880e+00 4.903978112624060515e+01
-3.834433780091599520e+00 4.937746521952536938e+01
-5.895577730690240159e+00 4.633649232057906175e+01
-7.956721681288881243e+00 4.226341637870263668e+01
-1.001786563188752233e+01 3.879092457537353056e+01
-1.207900958248616163e+01 3.845064729555618754e+01
-1.414015353308480449e+01 3.511523223850362285e+01
-1.620129748368344735e+01 3.041798985990372017e+01
-1.826244143428208488e+01 2.600356915413740211e+01
-2.032358538488072952e+01 2.921796932931845703e+01
-2.238472933547937060e+01 2.901677931947310540e+01
-2.444587328607800814e+01 2.996688180007471658e+01
-2.650701723667664567e+01 3.511140242446480642e+01
-2.856816118727528675e+01 3.190947888927363962e+01
-3.062930513787393139e+01 2.985688935537689304e+01
-3.269044908847256892e+01 2.571436701551310477e+01
-3.475159303907121000e+01 2.631974833665125146e+01
-3.681273698966985108e+01 2.195068617114726806e+01
-3.887388094026849217e+01 1.562232824373089635e+01
-4.093502489086713325e+01 1.312123028807656588e+01
-4.299616884146576723e+01 1.012303559194762137e+01
-4.505731279206441542e+01 7.392073675501913854e+00
-4.711845674266305650e+01 5.465665192090592761e+00
-4.917960069326169759e+01 1.523644306425130823e+00
-5.124074464386034578e+01 8.604344070331705341e-01
-5.330188859445897975e+01 1.155549402797634295e+00
-5.536303254505762084e+01 -3.411368096362789260e+00
-5.742417649565626192e+01 -2.663249544207728636e+00
-5.948532044625490300e+01 -4.593662370941040685e+00
-6.154646439685354409e+01 -2.782223326244792183e+00
-6.360760834745219228e+01 -7.204132846197473405e+00
-6.566875229805081915e+01 -4.181952990037443918e+00
-6.772989624864946734e+01 -3.985041364012743337e+00
-6.979104019924810132e+01 -4.907375266870366737e+00
-7.185218414984674951e+01 -6.120469329923207802e+00
-7.391332810044539769e+01 -7.558915414743017536e+00
-7.597447205104403167e+01 -6.201943134664132273e+00
-7.803561600164267986e+01 -4.741883302915668175e+00
-8.009675995224131384e+01 -3.562734933808668458e+00
-8.215790390283996203e+01 -6.247067367951762762e+00
-8.421904785343859601e+01 -6.676409892198921447e+00
-8.628019180403724420e+01 -5.202453070113349121e+00
-8.834133575463587817e+01 -6.691733366277268225e+00
-9.040247970523451215e+01 -7.761836520551428364e+00
-9.246362365583316034e+01 -5.803721197541498178e+00
-9.452476760643179432e+01 -9.414241305974814011e+00
-9.658591155703044251e+01 -6.110897367939829294e+00
-9.864705550762907649e+01 -7.286739719881050625e+00
-1.007081994582277105e+02 -6.857250998971100131e+00
-1.027693434088263444e+02 -6.683717644889056508e+00
-1.048304873594249926e+02 -7.081834538359567333e+00
-1.068916313100236266e+02 -6.940983163803339906e+00
-1.089527752606222606e+02 -8.241545036374946065e+00
-1.110139192112209088e+02 -6.881007460893256322e+00
-1.130750631618195570e+02 -5.032713505880038518e+00
-1.151362071124182052e+02 -4.941060130781029791e+00
-1.171973510630168391e+02 -7.176011289236174484e+00
-1.192584950136154873e+02 -5.312594548310841880e+00
-1.213196389642141213e+02 -7.109581499059395959e+00
-1.233807829148127553e+02 -8.042173280766784060e+00
-1.254419268654114035e+02 -6.843833944028732574e+00
-1.275030708160100374e+02 -7.363272928505709025e+00
-1.295642147666086714e+02 -5.961061199685099510e+00
-1.316253587172073480e+02 -7.061936822383056089e+00
-1.336865026678059678e+02 -7.096931331657380326e+00
-1.357476466184046160e+02 -6.966472882717615001e+00
-1.378087905690032358e+02 -8.879971063082631844e+00
-1.398699345196018839e+02 -5.397354366489092392e+00
-1.419310784702005321e+02 -4.532081820840544673e+00
-1.439922224207991803e+02 -8.758644601687120002e+00
-1.460533663713978001e+02 -6.971215796045104440e+00
-1.481145103219964483e+02 -5.141029717808184962e+00
-1.501756542725950681e+02 -6.377517526763639921e+00
-1.522367982231937447e+02 -5.605867588075710728e+00
-1.542979421737923644e+02 -9.843616627546625253e+00
-1.563590861243910126e+02 -8.899999799114425514e+00
-1.584202300749896324e+02 -8.314013814117062751e+00
-1.604813740255883090e+02 -7.735846166323826267e+00
-1.625425179761869288e+02 -8.722527413959658915e+00
-1.646036619267855770e+02 -5.859515214759777102e+00
-1.666648058773841967e+02 -3.212313456193012229e+00
-1.687259498279828449e+02 -7.788650941412906370e+00
-1.707870937785815215e+02 -5.680982046921485562e+00
-1.728482377291801413e+02 -7.201236554229947018e+00
-1.749093816797787895e+02 -8.193768381448574445e+00
-1.769705256303774092e+02 -5.500958946549596718e+00
-1.790316695809760574e+02 -6.108554800455366696e+00
-1.810928135315747056e+02 -5.429991600342741975e+00
-1.831539574821733538e+02 -2.170826349992386106e+00
-1.852151014327719736e+02 -8.793777066403334786e+00
-1.872762453833706218e+02 -5.988235629542549177e+00
-1.893373893339692700e+02 -8.589763055450031715e+00
-1.913985332845679181e+02 -7.192987448407775375e+00
-1.934596772351665379e+02 -7.681150570397580424e+00
-1.955208211857651861e+02 -6.886607168193640049e+00
-1.975819651363638059e+02 -7.250656102016111326e+00
-1.996431090869624825e+02 -6.435835396834252542e+00
-2.017042530375611307e+02 -7.413235727747772508e+00
-2.037653969881597789e+02 -6.503956896941660126e+00
-2.058265409387583986e+02 -8.264061116401764551e+00
-2.078876848893570468e+02 -6.194786743016095443e+00
-2.099488288399556950e+02 -7.682881497045443986e+00
-2.120099727905543432e+02 -7.246635330415013065e+00
-2.140711167411529914e+02 -6.305542430366326556e+00
-2.161322606917516111e+02 -5.955542384783971244e+00
-2.181934046423502593e+02 -4.956595806196498089e+00
-2.202545485929488791e+02 -6.561419538679138519e+00
-2.223156925435475557e+02 -5.746612637490133402e+00
-2.243768364941461755e+02 -7.299416243177097918e+00
-2.264379804447448237e+02 -4.332775779501746527e+00
-2.284991243953434434e+02 -6.788651658236983799e+00
-2.305602683459421200e+02 -5.795815760968199726e+00
-2.326214122965407398e+02 -4.374633283796600658e+00
-2.346825562471393880e+02 -6.573892248576330921e+00
-2.367437001977380078e+02 -5.518482810656357707e+00
-2.388048441483366560e+02 -5.189193780402835188e+00
-2.408659880989353042e+02 -4.013692429324970057e+00
-2.429271320495339523e+02 -5.811106757342315632e+00
-2.449882760001325721e+02 -5.112671506713118319e+00
-2.470494199507312203e+02 -5.916952314668369795e+00
-2.491105639013298685e+02 -5.346009545866072799e+00
-2.511717078519285167e+02 -7.788522766925075835e+00
-2.532328518025271649e+02 -6.849000349439938518e+00
-2.552939957531257846e+02 -6.119397047608061690e+00
