2.625965739473914482e+02 4.185521032999747426e+00
2.605354299967927432e+02 9.978715211946404651e+00
2.584742860461940950e+02 1.176898127136723637e+01
2.564131420955955036e+02 1.154920769749438847e+01
2.543519981449968554e+02 1.115149665183547967e+01
2.522908541943981788e+02 1.176285843216147420e+01
2.502297102437995591e+02 9.766607366465139606e+00
2.481685662932009109e+02 1.125135408440804952e+01
2.461074223426022911e+02 1.381128389650988808e+01
2.440462783920036429e+02 1.126661296924006272e+01
2.419851344414049947e+02 1.113193608195308215e+01
2.399239904908063465e+02 1.119481592884271670e+01
2.378628465402077268e+02 1.402378747125662350e+01
2.358017025896090786e+02 1.340756572408672831e+01
2.337405586390104588e+02 1.200776279751622866e+01
2.316794146884117822e+02 1.243542715836988855e+01
2.296182707378131624e+02 1.335014864182827132e+01
2.275571267872145143e+02 1.399226189908256224e+01
2.254959828366158945e+02 1.396169076443393742e+01
2.234348388860172463e+02 1.422338928973628391e+01
2.213736949354185697e+02 1.408006471039029606e+01
2.193125509848199499e+02 1.328810411149805759e+01
2.172514070342213017e+02 1.319554954431658622e+01
2.151902630836226820e+02 1.247187042493036913e+01
2.131291191330240054e+02 1.406665590110620556e+01
2.110679751824253856e+02 1.229951041957791347e+01
2.090068312318267374e+02 1.338866935048335449e+01
2.069456872812281176e+02 1.337741791046537010e+01
2.048845433306294694e+02 1.400771209906933024e+01
2.028233993800308212e+02 1.326017547587742662e+01
2.007622554294321731e+02 1.378733348573460304e+01
1.987011114788335533e+02 1.377419414977753753e+01
1.966399675282349051e+02 1.320598714769540827e+01
1.945788235776362853e+02 1.186714505208681203e+01
1.925176796270376371e+02 1.387389609608726992e+01
1.904565356764390174e+02 1.422466261248953323e+01
1.883953917258403692e+02 1.374335869976385283e+01
1.863342477752417210e+02 1.329253478233952279e+01
1.842731038246430728e+02 1.309292019889058700e+01
1.822119598740444246e+02 1.186707218160368882e+01
1.801508159234458049e+02 1.304561067628559101e+01
1.780896719728471567e+02 1.337913013713086308e+01
1.760285280222485085e+02 1.243449456300045597e+01
1.739673840716498603e+02 1.300087784548005132e+01
1.719062401210512405e+02 1.369097862730099102e+01
1.698450961704525923e+02 1.401879984326242479e+01
1.677839522198539726e+02 1.340020397876811664e+01
1.657228082692552960e+02 1.338081828416458308e+01
1.636616643186566762e+02 1.569468741379832721e+01
1.616005203680580280e+02 1.482385364726215116e+01
1.595393764174594082e+02 1.447228673831664203e+01
1.574782324668607316e+02 1.513577795442268403e+01
1.554170885162621119e+02 1.286186191998547379e+01
1.533559445656634637e+02 1.495961098923952193e+01
1.512948006150648439e+02 1.265685865904665164e+01
1.492336566644661957e+02 1.319895101620191546e+01
1.471725127138675475e+02 1.257557130946511492e+01
1.451113687632688993e+02 1.454589871410123969e+01
1.430502248126702511e+02 1.533666895498141081e+01
1.409890808620716314e+02 1.336483235997356900e+01
1.389279369114729832e+02 1.435325320979113783e+01
1.368667929608743350e+02 1.367179326846679643e+01
1.348056490102756868e+02 1.299636013992207673e+01
1.327445050596770670e+02 1.481290127885513286e+01
1.306833611090784188e+02 1.325278653072942525e+01
1.286222171584797707e+02 1.180926272588924242e+01
1.265610732078811509e+02 1.316345703965803615e+01
1.244999292572824885e+02 1.466728237286807435e+01
1.224387853066838545e+02 1.439412427708176168e+01
1.203776413560852063e+02 1.480221595670619017e+01
1.183164974054865723e+02 1.459961706395520764e+01
1.162553534548879242e+02 1.332655364083273497e+01
1.141942095042892902e+02 1.268606514556972265e+01
1.121330655536906562e+02 1.304078669501045518e+01
1.100719216030920080e+02 1.393362540973805785e+01
1.080107776524933740e+02 1.280464189485758553e+01
1.059496337018947258e+02 1.191744525878840122e+01
1.038884897512960919e+02 1.337000356895789288e+01
1.018273458006974437e+02 1.452074654168415080e+01
9.976620185009880970e+01 1.424085290743252408e+01
9.770505789950016151e+01 1.349214694145186400e+01
9.564391394890151332e+01 1.375581559721655189e+01
9.358276999830287934e+01 1.457209629086185032e+01
9.152162604770424537e+01 1.326472735677153025e+01
8.946048209710559718e+01 1.434738036925682181e+01
8.739933814650694899e+01 1.539294423948064860e+01
8.533819419590830080e+01 1.361536323476332377e+01
8.327705024530966682e+01 1.434978141977979860e+01
8.121590629471101863e+01 1.264188963601612059e+01
7.915476234411238465e+01 1.328195712074161072e+01
7.709361839351375068e+01 1.342554945615330908e+01
7.503247444291510249e+01 1.262783565884518211e+01
7.297133049231646851e+01 1.117735425820036177e+01
7.091018654171782032e+01 1.273406787509838622e+01
6.884904259111918634e+01 1.207314781277174554e+01
6.678789864052053815e+01 1.276420276443729662e+01
6.472675468992190417e+01 1.357439865341454066e+01
6.266561073932326309e+01 1.270904203426605328e+01
6.060446678872462201e+01 1.473213905192916329e+01
5.854332283812597382e+01 1.231151445658429289e+01
5.648217888752733984e+01 1.203936023052681570e+01
5.442103493692869876e+01 1.374052402240016413e+01
5.235989098633005767e+01 1.342108149328248956e+01
5.029874703573141659e+01 1.182477356991554807e+01
4.823760308513277550e+01 1.352576467923533343e+01
4.617645913453413442e+01 1.522115229621431176e+01
4.411531518393550044e+01 1.347409398218747079e+01
4.205417123333685936e+01 1.292975122035843683e+01
3.999302728273821828e+01 1.398842510773230963e+01
3.793188333213957009e+01 1.207805054305507753e+01
3.587073938154092900e+01 1.320001821362459893e+01
3.380959543094228792e+01 1.216538260477032729e+01
3.174845148034365039e+01 1.378171373811973055e+01
2.968730752974500930e+01 1.379210894358456763e+01
2.762616357914636822e+01 1.386652140613906781e+01
2.556501962854773069e+01 1.498723953984736390e+01
2.350387567794908961e+01 1.582138283087883224e+01
2.144273172735044852e+01 1.655659489618739144e+01
1.938158777675180744e+01 1.521543773897362151e+01
1.732044382615316991e+01 1.537765841904330877e+01
1.525929987555452705e+01 1.695373855223479254e+01
1.319815592495588596e+01 1.965058144951196795e+01
1.113701197435724310e+01 2.099902841326366243e+01
9.075868023758603798e+00 2.624671595808853652e+01
7.014724073159962714e+00 3.221748908312547144e+01
4.953580122561322518e+00 4.245880973030774896e+01
2.892436171962681435e+00 5.904668525860639505e+01
8.312922213640406843e-01 7.137835453482246351e+01
-1.229851729234600066e+00 7.153341631921460930e+01
-3.290995679833240484e+00 7.048123956177184368e+01
-5.352139630431881123e+00 6.844587045779304901e+01
-7.413283581030523095e+00 6.272475183701248369e+01
-9.474427531629164179e+00 5.283818828202209517e+01
-1.153557148222780526e+01 4.522900436366352039e+01
-1.359671543282644457e+01 4.209337590384824779e+01
-1.565785938342508388e+01 3.747079403877613402e+01
-1.771900333402372496e+01 3.344827924831623278e+01
-1.978014728462236604e+01 3.096051052025926253e+01
-2.184129123522100713e+01 3.121581858751035909e+01
-2.390243518581964821e+01 2.954375636288705209e+01
-2.596357913641829285e+01 2.879331647606565170e+01
-2.802472308701693393e+01 3.040605092083218608e+01
-3.008586703761557146e+01 3.259992067997632859e+01
-3.214701098821421255e+01 3.263108331791497818e+01
-3.420815493881285363e+01 3.591824881701646177e+01
-3.626929888941149471e+01 3.842804325688273792e+01
-3.833044284001014290e+01 3.931419518817526182e+01
-4.039158679060877688e+01 4.134036841079168312e+01
-4.245273074120741796e+01 4.419559610818836148e+01
-4.451387469180605905e+01 4.425500927810751506e+01
-4.657501864240470013e+01 4.259421723857123965e+01
-4.863616259300334121e+01 4.342763896894558684e+01
-5.069730654360198230e+01 4.499796817835787266e+01
-5.275845049420061628e+01 4.554572816491499054e+01
-5.481959444479925736e+01 4.239018083857645536e+01
-5.688073839539789844e+01 3.977311940383954436e+01
-5.894188234599654663e+01 3.406208250142380933e+01
-6.100302629659518772e+01 3.360635896971643888e+01
-6.306417024719382880e+01 3.086638235074230963e+01
-6.512531419779246278e+01 2.822063479669821007e+01
-6.718645814839109676e+01 2.659840745969890818e+01
-6.924760209898975916e+01 2.391324455655439962e+01
-7.130874604958839313e+01 2.235200565232702274e+01
-7.336989000018702711e+01 2.165026282007336889e+01
-7.543103395078567530e+01 2.237509118219945492e+01
-7.749217790138430928e+01 2.102253098733552150e+01
-7.955332185198295747e+01 1.967016603843978473e+01
-8.161446580258159145e+01 1.857133278584534963e+01
-8.367560975318023964e+01 1.535684783650608409e+01
-8.573675370377887361e+01 1.543589579440649651e+01
-8.779789765437750759e+01 1.588838266367416097e+01
-8.985904160497615578e+01 1.466126475273845564e+01
-9.192018555557478976e+01 1.337910577891314290e+01
-9.398132950617343795e+01 1.430111512810695551e+01
-9.604247345677207193e+01 1.518451390163084014e+01
-9.810361740737072012e+01 1.412972727277119667e+01
-1.001647613579693399e+02 1.566811768958435458e+01
-1.022259053085679881e+02 1.435538523410681755e+01
-1.042870492591666221e+02 1.279261827934660545e+01
-1.063481932097652845e+02 1.464128643611986114e+01
-1.084093371603639184e+02 1.331291812827473287e+01
-1.104704811109625524e+02 1.297618939053539577e+01
-1.125316250615612006e+02 1.344248523904763104e+01
-1.145927690121598346e+02 1.319969314130003113e+01
-1.166539129627584828e+02 1.132036723739699724e+01
-1.187150569133571167e+02 1.184415439922272384e+01
-1.207762008639557649e+02 1.192093516498777106e+01
-1.228373448145543989e+02 1.132991720237315825e+01
-1.248984887651530329e+02 1.026634809948451554e+01
-1.269596327157516811e+02 1.072695351511243622e+01
-1.290207766663503151e+02 1.052524200073022342e+01
-1.310819206169489632e+02 1.031417867121805898e+01
-1.331430645675476114e+02 9.936292499256925481e+00
-1.352042085181462596e+02 1.160477323973313624e+01
-1.372653524687448794e+02 1.055522516281606116e+01
-1.393264964193435276e+02 9.259445261384449566e+00
-1.413876403699421473e+02 1.015617066394690582e+01
-1.434487843205408240e+02 9.920688929542469836e+00
-1.455099282711394437e+02 7.520348926938337009e+00
-1.475710722217380919e+02 9.295271987043955519e+00
-1.496322161723367117e+02 9.486916509182297119e+00
-1.516933601229353599e+02 9.488119882748542011e+00
-1.537545040735340081e+02 7.677145330936077983e+00
-1.558156480241326562e+02 8.824059762876022006e+00
-1.578767919747312760e+02 8.944086467607718305e+00
-1.599379359253299242e+02 1.165760139908967474e+01
-1.619990798759285724e+02 1.086145900731572134e+01
-1.640602238265272206e+02 8.316141808202100805e+00
-1.661213677771258688e+02 1.038902524966348651e+01
-1.681825117277244885e+02 8.169015211323293002e+00
-1.702436556783231367e+02 1.041513609715103961e+01
-1.723047996289217849e+02 8.654139249047332783e+00
-1.743659435795204331e+02 8.482303564932394124e+00
-1.764270875301190529e+02 9.013478417710658164e+00
-1.784882314807177011e+02 7.912957629567701545e+00
-1.805493754313163208e+02 1.017884823007662654e+01
-1.826105193819149974e+02 8.861978929622521761e+00
-1.846716633325136172e+02 8.914664228255942291e+00
-1.867328072831122654e+02 8.289519874245430131e+00
-1.887939512337108852e+02 9.231373960536048529e+00
-1.908550951843095334e+02 1.020856818580728920e+01
-1.929162391349081815e+02 9.021160903898849170e+00
-1.949773830855068297e+02 7.845336429408855672e+00
-1.970385270361054495e+02 9.041990623626954715e+00
-1.990996709867041261e+02 9.863193132899876758e+00
-2.011608149373027459e+02 7.127649093011294568e+00
-2.032219588879014225e+02 7.368786652370210355e+00
-2.052831028385000707e+02 8.584852960714078662e+00
-2.073442467890986904e+02 8.114660623038089327e+00
-2.094053907396973386e+02 7.925159692420013613e+00
-2.114665346902959584e+02 7.395596528397454072e+00
-2.135276786408946350e+02 7.641293446807231327e+00
-2.155888225914932548e+02 8.656616911204483955e+00
-2.176499665420919030e+02 8.507398482257523042e+00
-2.197111104926905227e+02 8.595738344267427777e+00
-2.217722544432891709e+02 9.325040640889842081e+00
-2.238333983938878191e+02 8.738085309896082009e+00
-2.258945423444864673e+02 9.457251405609605754e+00
-2.279556862950850871e+02 6.647227825262064016e+00
-2.300168302456837353e+02 8.313751474632965710e+00
-2.320779741962823834e+02 8.870933293239396278e+00
-2.341391181468810316e+02 8.784251702891667790e+00
-2.362002620974796514e+02 8.105675751907860160e+00
-2.382614060480782996e+02 6.816956462493890534e+00
-2.403225499986769194e+02 8.052986860959602922e+00
-2.423836939492755960e+02 7.010587394897643598e+00
-2.444448378998742442e+02 8.072176519892222402e+00
-2.465059818504728639e+02 9.402847402673000232e+00
-2.485671258010715121e+02 8.105606863119872330e+00
-2.506282697516701319e+02 8.356589184913151058e+00
-2.526894137022688085e+02 8.205896039042388068e+00
-2.547505576528674283e+02 8.818409347229600570e+00
-2.568117016034660764e+02 8.438446921885432772e+00
-2.588728455540647246e+02 8.745045626179338782e+00
-2.609339895046633160e+02 8.609657956359143327e+00
-2.629951334552620210e+02 9.901542485372944569e+00
