2.667160775968170583e+02 -3.427917754089957469e+00
2.646549336462184101e+02 -6.856057442563352033e+00
2.625937896956197619e+02 -5.368935537962133964e+00
2.605326457450211137e+02 -5.614399968097186111e+00
2.584715017944224655e+02 -6.877377774727799320e+00
2.564103578438238742e+02 -4.459615349964652253e+00
2.543492138932252260e+02 -6.193042524019203299e+00
2.522880699426265494e+02 -4.286201483024463244e+00
2.502269259920279296e+02 -7.341609080977224977e+00
2.481657820414292814e+02 -6.986793308470676145e+00
2.461046380908306617e+02 -8.638151949116437578e+00
2.440434941402319851e+02 -6.403891216004404363e+00
2.419823501896333653e+02 -6.771163279481211994e+00
2.399212062390347171e+02 -6.615835769960203727e+00
2.378600622884360973e+02 -7.792007007517216977e+00
2.357989183378374491e+02 -5.950948451501877123e+00
2.337377743872387725e+02 -7.410368590905870079e+00
2.316766304366401528e+02 -7.394677139984506375e+00
2.296154864860415046e+02 -5.347304006186504033e+00
2.275543425354428848e+02 -8.064284937819838461e+00
2.254931985848442366e+02 -8.123853275918502703e+00
2.234320546342455884e+02 -6.266664191365821424e+00
2.213709106836469402e+02 -7.962734837119396225e+00
2.193097667330483205e+02 -7.209930456262610754e+00
2.172486227824496723e+02 -8.190769015008628529e+00
2.151874788318510241e+02 -7.485912598408955176e+00
2.131263348812523759e+02 -7.063073664645778571e+00
2.110651909306537561e+02 -6.881076173321424072e+00
2.090040469800551080e+02 -8.289445951693062753e+00
2.069429030294564882e+02 -7.033094133398351211e+00
2.048817590788578116e+02 -3.313529934045997827e+00
2.028206151282591918e+02 -6.400354805092714372e+00
2.007594711776605436e+02 -8.829494752300119487e+00
1.986983272270618954e+02 -5.791864313431648092e+00
1.966371832764632472e+02 -6.582111537142449897e+00
1.945760393258645990e+02 -5.796229862286359058e+00
1.925148953752659509e+02 -6.650788087728978226e+00
1.904537514246673027e+02 -6.747558827794623681e+00
1.883926074740686829e+02 -7.106293373793819868e+00
1.863314635234700347e+02 -8.212160394825588128e+00
1.842703195728714149e+02 -6.828849267055436378e+00
1.822091756222727383e+02 -7.334096888854152674e+00
1.801480316716741186e+02 -6.198126025374617321e+00
1.780868877210754704e+02 -6.745556566185774372e+00
1.760257437704768506e+02 -5.584095884435584800e+00
1.739645998198781740e+02 -6.111841191320380950e+00
1.719034558692795542e+02 -7.065603908625705643e+00
1.698423119186809060e+02 -7.358894808092974138e+00
1.677811679680822863e+02 -5.192234703523459061e+00
1.657200240174836381e+02 -5.840051896103722662e+00
1.636588800668849899e+02 -5.975006712221416549e+00
1.615977361162863417e+02 -5.625826124542760986e+00
1.595365921656876935e+02 -5.851507021719585921e+00
1.574754482150890738e+02 -6.257153461788369064e+00
1.554143042644904256e+02 -5.211461233020231454e+00
1.533531603138917774e+02 -7.244395369957962849e+00
1.512920163632931292e+02 -5.133918790875137361e+00
1.492308724126945094e+02 -5.227947086735099447e+00
1.471697284620958612e+02 -8.632991181790139024e+00
1.451085845114972130e+02 -5.481800026102604306e+00
1.430474405608985649e+02 -3.534702349403909150e+00
1.409862966102999451e+02 -4.735543138589153322e+00
1.389251526597012969e+02 -7.951342542382967338e+00
1.368640087091026771e+02 -4.855730526850086548e+00
1.348028647585040005e+02 -6.425424229203994031e+00
1.327417208079053808e+02 -7.573103227219235123e+00
1.306805768573067326e+02 -5.412961299655126624e+00
1.286194329067081128e+02 -6.719411482886724407e+00
1.265582889561094504e+02 -6.447798179779637096e+00
1.244971450055108164e+02 -6.288323723724082548e+00
1.224360010549121682e+02 -4.984179779524037457e+00
1.203748571043135343e+02 -4.276153075224439881e+00
1.183137131537148861e+02 -6.096459012482341677e+00
1.162525692031162521e+02 -3.639248664837878344e+00
1.141914252525176181e+02 -4.492201240895229652e+00
1.121302813019189699e+02 -7.179582836381668720e+00
1.100691373513203359e+02 -5.637903271975847730e+00
1.080079934007216877e+02 -7.490508691991204060e+00
1.059468494501230538e+02 -6.683810445592262894e+00
1.038857054995243914e+02 -6.014412873259723291e+00
1.018245615489257574e+02 -6.722332733159642082e+00
9.976341759832712341e+01 -5.336332002467125690e+00
9.770227364772847523e+01 -5.636129712616584797e+00
9.564112969712984125e+01 -6.806687595843163407e+00
9.357998574653119306e+01 -5.350386175012465273e+00
9.151884179593255908e+01 -5.537402028281979582e+00
8.945769784533392510e+01 -6.037765001521036012e+00
8.739655389473527691e+01 -8.520455265554396362e+00
8.533540994413664293e+01 -6.553104066269081152e+00
8.327426599353799475e+01 -4.794951541507835202e+00
8.121312204293936077e+01 -6.416845441685436136e+00
7.915197809234071258e+01 -8.834378230477311078e+00
7.709083414174207860e+01 -7.206453471294316238e+00
7.502969019114344462e+01 -3.570459449787184880e+00
7.296854624054479643e+01 -5.723049805951584190e+00
7.090740228994616245e+01 -5.435452842714761701e+00
6.884625833934751427e+01 -5.666328113923871257e+00
6.678511438874888029e+01 -5.529118386976476174e+00
6.472397043815023210e+01 -6.530653745586210590e+00
6.266282648755159101e+01 -5.946996549111032593e+00
6.060168253695294993e+01 -5.422178848592920097e+00
5.854053858635430885e+01 -3.900592388606017646e+00
5.647939463575566776e+01 -5.060851018148627922e+00
5.441825068515702668e+01 -6.253202695281090406e+00
5.235710673455838560e+01 -7.249159731731280587e+00
5.029596278395974451e+01 -6.487982423822778344e+00
4.823481883336110343e+01 -5.654326195011623035e+00
4.617367488276246235e+01 -6.493290429145257114e+00
4.411253093216382126e+01 -6.941453414835719649e+00
4.205138698156518018e+01 -3.731837807137942331e+00
3.999024303096654620e+01 -4.858846642509556446e+00
3.792909908036790512e+01 -4.954516019170576158e+00
3.586795512976925693e+01 -4.406654685847735564e+00
3.380681117917061584e+01 -4.364810319476935874e+00
3.174566722857197831e+01 -2.104511243433937029e+00
2.968452327797333723e+01 -5.470773004968664033e+00
2.762337932737469615e+01 -5.773345183850278950e+00
2.556223537677605506e+01 -5.318398363590135958e+00
2.350109142617741753e+01 -4.411528935348385971e+00
2.143994747557878000e+01 -2.542813847730331034e+00
1.937880352498013536e+01 -3.693540145911436312e+00
1.731765957438149428e+01 -2.470194523666383812e+00
1.525651562378285497e+01 -2.177373244403776109e+00
1.319537167318421389e+01 -2.546509953720478503e+00
1.113422772258557281e+01 2.895881176152869663e-01
9.073083771986931723e+00 5.160873299964340077e+00
7.011939821388291527e+00 8.793037584412184415e+00
4.950795870789649555e+00 1.990703624543789374e+01
2.889651920191009360e+00 3.510454047237178088e+01
8.285079695923684984e-01 3.888476037154273968e+01
-1.232635981006272363e+00 4.143888882410534791e+01
-3.293779931604913003e+00 4.384116869182880549e+01
-5.354923882203554086e+00 4.721119377404141204e+01
-7.416067832802194282e+00 4.315750138914919631e+01
-9.477211783400834477e+00 4.247747923024509475e+01
-1.153835573399947556e+01 4.262871343602549246e+01
-1.359949968459811664e+01 3.729380207345388243e+01
-1.566064363519675773e+01 3.042581123479770255e+01
-1.772178758579540059e+01 2.634246029363114872e+01
-1.978293153639403812e+01 2.146699801561254972e+01
-2.184407548699267920e+01 1.758071843401898704e+01
-2.390521943759132029e+01 1.756540362459755755e+01
-2.596636338818996137e+01 1.405907681441711787e+01
-2.802750733878860601e+01 1.718425036200797251e+01
-3.008865128938724709e+01 1.798522318102716966e+01
-3.214979523998588462e+01 2.074524652657185086e+01
-3.421093919058452570e+01 2.687198112331908462e+01
-3.627208314118316679e+01 2.696443898637553360e+01
-3.833322709178180787e+01 3.209314311349103832e+01
-4.039437104238044896e+01 3.503094218303582608e+01
-4.245551499297909004e+01 4.092921173066480378e+01
-4.451665894357773112e+01 4.112300560843759456e+01
-4.657780289417637221e+01 4.137444682012432651e+01
-4.863894684477501329e+01 4.039527445932819916e+01
-5.070009079537365437e+01 3.730925017026697788e+01
-5.276123474597229546e+01 4.173219428629529659e+01
-5.482237869657093654e+01 4.017776270462771038e+01
-5.688352264716957052e+01 3.980276451387058501e+01
-5.894466659776821160e+01 3.652796244243865686e+01
-6.100581054836685979e+01 3.099508172836898368e+01
-6.306695449896550087e+01 2.333483659598299909e+01
-6.512809844956413485e+01 1.673572549660672237e+01
-6.718924240016278304e+01 1.511025856883626517e+01
-6.925038635076141702e+01 1.220481884210233225e+01
-7.131153030136006521e+01 1.223486203397755467e+01
-7.337267425195869919e+01 7.517245048687464681e+00
-7.543381820255734738e+01 7.401904074794467547e+00
-7.749496215315598135e+01 7.621030071289315089e+00
-7.955610610375461533e+01 6.559370265974527214e+00
-8.161725005435326352e+01 8.905785109785808729e+00
-8.367839400495189750e+01 8.492931258889987234e+00
-8.573953795555054569e+01 5.944015225149359871e+00
-8.780068190614917967e+01 7.551352354625294083e+00
-8.986182585674784207e+01 2.925609434573187340e+00
-9.192296980734647605e+01 4.283793639138658627e+00
-9.398411375794511002e+01 7.002733797919375114e+00
-9.604525770854375821e+01 7.559101179988779506e+00
-9.810640165914239219e+01 5.121707005855504313e+00
-1.001675456097410404e+02 4.100990687036666138e+00
-1.022286895603396744e+02 3.387002817119822318e+00
-1.042898335109383083e+02 4.067165756989099101e+00
-1.063509774615369565e+02 2.527357033226605765e+00
-1.084121214121355905e+02 -1.729817612036117502e+00
-1.104732653627342387e+02 -2.996278688183370953e+00
-1.125344093133328727e+02 -2.680193724992678384e+00
-1.145955532639315209e+02 -2.487424035704656866e+00
-1.166566972145301548e+02 -8.955735408542575549e-01
-1.187178411651287888e+02 -4.397491694991804145e+00
-1.207789851157274370e+02 -3.999662106969231967e+00
-1.228401290663260710e+02 -3.339585889711734534e+00
-1.249012730169247192e+02 -1.028118518289243388e+00
-1.269624169675233532e+02 -3.986230538738233964e+00
-1.290235609181220013e+02 -4.295929410693434924e+00
-1.310847048687206495e+02 -3.283441708006037629e+00
-1.331458488193192693e+02 -3.575342013792959683e+00
-1.352069927699179175e+02 -3.255691721449229803e+00
-1.372681367205165657e+02 -5.003298641741480424e+00
-1.393292806711152139e+02 -3.069958296946628362e+00
-1.413904246217138336e+02 -1.532778859530805171e+00
-1.434515685723124818e+02 -1.728678482025582941e+00
-1.455127125229111300e+02 -2.879479045356368783e+00
-1.475738564735097782e+02 -1.064429113546651928e+00
-1.496350004241084264e+02 -3.854976946688878359e-01
-1.516961443747070462e+02 -4.540740939906014795e+00
-1.537572883253056943e+02 -1.662246017759922756e+00
-1.558184322759043425e+02 -5.187051721324023035e+00
-1.578795762265029907e+02 -4.423155368068510285e+00
-1.599407201771016105e+02 -1.097239043656521140e+00
-1.620018641277002587e+02 -3.145016963536896082e+00
-1.640630080782988784e+02 -1.596628297050894041e+00
-1.661241520288975551e+02 -2.539104056166459067e+00
-1.681852959794961748e+02 -2.803577899507661897e+00
-1.702464399300948230e+02 -3.320771829676909981e+00
-1.723075838806934428e+02 -2.556087315553996042e+00
-1.743687278312920910e+02 -1.635454601546624254e+00
-1.764298717818907392e+02 -2.855584971185929355e+00
-1.784910157324893873e+02 -2.655303053485620346e+00
-1.805521596830880071e+02 -2.614941260919808386e+00
-1.826133036336866553e+02 -3.398569060559022414e+00
-1.846744475842853035e+02 -2.517807938008572943e+00
-1.867355915348839517e+02 -2.476964580129319859e+00
-1.887967354854825999e+02 -1.333901988326089860e+00
-1.908578794360812196e+02 -1.950304259714251254e+00
-1.929190233866798678e+02 -3.559588205696393448e+00
-1.949801673372785160e+02 -3.175225422578119794e+00
-1.970413112878771642e+02 -2.037510557178519033e+00
-1.991024552384757556e+02 -1.883678978273409577e+00
-2.011635991890744037e+02 -3.185028310625396042e+00
-2.032247431396730519e+02 -2.749601044986337950e+00
-2.052858870902717001e+02 -3.292021198597650855e+00
-2.073470310408703199e+02 -3.531405329294771356e+00
-2.094081749914689681e+02 -7.003810634223479603e-01
-2.114693189420676163e+02 -3.515647868180480362e+00
-2.135304628926662645e+02 -2.819794083399061346e+00
-2.155916068432648842e+02 -2.352080406208975294e+00
-2.176527507938635324e+02 -2.065563289561846982e+00
-2.197138947444621522e+02 -3.453945368403417149e+00
-2.217750386950608288e+02 -3.577181766870067836e+00
-2.238361826456594486e+02 -2.759955151873441093e+00
-2.258973265962580967e+02 -3.907342755806216594e+00
-2.279584705468567449e+02 -2.259522778799110121e+00
-2.300196144974553647e+02 -1.492524481192007313e+00
-2.320807584480540413e+02 -3.311622247547293174e+00
-2.341419023986526611e+02 -2.418968545251905522e-01
-2.362030463492513093e+02 -4.102567889345490215e+00
-2.382641902998499290e+02 -3.061398978009606253e+00
-2.403253342504486056e+02 -9.206213203770723386e-01
-2.423864782010472254e+02 -3.194182819964074938e+00
-2.444476221516458736e+02 -7.235587142797169635e-01
-2.465087661022444934e+02 -1.767749615930776397e+00
-2.485699100528431416e+02 -2.128538111274018707e+00
-2.506310540034417897e+02 -3.553007364402873680e+00
-2.526921979540404379e+02 -2.020032759682560464e+00
-2.547533419046390577e+02 -3.389892766315618644e+00
-2.568144858552377059e+02 -3.071728615013030517e+00
-2.588756298058363541e+02 -5.078259892832875266e+00
