2.632817134613139842e+02 2.556981763350839820e+00
2.612205695107153360e+02 6.283240904780153180e+00
2.591594255601166878e+02 5.534946083001774930e+00
2.570982816095180397e+02 5.600565575073520819e+00
2.550371376589193915e+02 5.161965612292080507e+00
2.529759937083207433e+02 5.448678759047170139e+00
2.509148497577221235e+02 6.409072521386702803e+00
2.488537058071234753e+02 5.660147532916765201e+00
2.467925618565248556e+02 6.760777518059050806e+00
2.447314179059261789e+02 7.350110121737567503e+00
2.426702739553275592e+02 4.907324601933813923e+00
2.406091300047289110e+02 7.783321620019425069e+00
2.385479860541302912e+02 8.295954079528749858e+00
2.364868421035316146e+02 8.355427090766083253e+00
2.344256981529329948e+02 8.417950254787063713e+00
2.323645542023343467e+02 7.845560927232622106e+00
2.303034102517357269e+02 6.735644057551389174e+00
2.282422663011370787e+02 8.530758636679632190e+00
2.261811223505384021e+02 8.266981769927969737e+00
2.241199783999397823e+02 8.736076746096914647e+00
2.220588344493411341e+02 8.446038255009252538e+00
2.199976904987425144e+02 8.019936964467788698e+00
2.179365465481438662e+02 9.112178743226339250e+00
2.158754025975452180e+02 8.527424222317844027e+00
2.138142586469465698e+02 7.719957615731595446e+00
2.117531146963479500e+02 8.963351044276793189e+00
2.096919707457493018e+02 1.081684956766000383e+01
2.076308267951506821e+02 8.122914579106140565e+00
2.055696828445520055e+02 7.634706237383002581e+00
2.035085388939533857e+02 9.071578448624483926e+00
2.014473949433547375e+02 8.649959971059370645e+00
1.993862509927561177e+02 1.004879539968598579e+01
1.973251070421574411e+02 8.435946493920329914e+00
1.952639630915587929e+02 6.807528184857389419e+00
1.932028191409601448e+02 8.255945943748589144e+00
1.911416751903615250e+02 9.101741896350468153e+00
1.890805312397628768e+02 9.982490743237878661e+00
1.870193872891642286e+02 9.707391896139915488e+00
1.849582433385655804e+02 8.646445891246441917e+00
1.828970993879669322e+02 1.010951635851495567e+01
1.808359554373683125e+02 8.040801238280629093e+00
1.787748114867696643e+02 8.329334455443607510e+00
1.767136675361710445e+02 1.003561793180438144e+01
1.746525235855723679e+02 8.695679482411176053e+00
1.725913796349737481e+02 7.828909967997704555e+00
1.705302356843750999e+02 9.496027981501343973e+00
1.684690917337764802e+02 8.772505919639989713e+00
1.664079477831778320e+02 8.417137023728175294e+00
1.643468038325791838e+02 8.710463074819879026e+00
1.622856598819805356e+02 9.345563727158252121e+00
1.602245159313819158e+02 7.299628292570956134e+00
1.581633719807832676e+02 9.112778206291558547e+00
1.561022280301846195e+02 8.893868172609769474e+00
1.540410840795859713e+02 8.954396432108939763e+00
1.519799401289873515e+02 9.810684846738340070e+00
1.499187961783887033e+02 6.564321584286299860e+00
1.478576522277900551e+02 8.406695954061859766e+00
1.457965082771914069e+02 1.008026687468010962e+01
1.437353643265927587e+02 9.945962760199634545e+00
1.416742203759941390e+02 8.153576628849005914e+00
1.396130764253954908e+02 8.160827699316437034e+00
1.375519324747968710e+02 8.248029873388198041e+00
1.354907885241981944e+02 8.289608139513308771e+00
1.334296445735995746e+02 7.696642631753135788e+00
1.313685006230009265e+02 8.686242803363862564e+00
1.293073566724022783e+02 9.463062824978793586e+00
1.272462127218036443e+02 7.250535118246069999e+00
1.251850687712049961e+02 9.246871479602853938e+00
1.231239248206063621e+02 8.888460095767785063e+00
1.210627808700077281e+02 9.333508432684732625e+00
1.190016369194090800e+02 9.075942222116664126e+00
1.169404929688104460e+02 9.095101960534709207e+00
1.148793490182117978e+02 9.524487631626419315e+00
1.128182050676131638e+02 8.457316250034150329e+00
1.107570611170145298e+02 8.341090224789191154e+00
1.086959171664158816e+02 9.507503058575256460e+00
1.066347732158172477e+02 7.720699702878261128e+00
1.045736292652185995e+02 6.429480165778277190e+00
1.025124853146199655e+02 9.317307883026963111e+00
1.004513413640213173e+02 8.011283715409142303e+00
9.839019741342268333e+01 8.583399956784319329e+00
9.632905346282404935e+01 9.212778858498749557e+00
9.426790951222540116e+01 7.317071928119437629e+00
9.220676556162676718e+01 8.752961613574218092e+00
9.014562161102810478e+01 8.223510143102274128e+00
8.808447766042947080e+01 6.099779559037852295e+00
8.602333370983082261e+01 6.671860302286988009e+00
8.396218975923218863e+01 8.224201983096561364e+00
8.190104580863355466e+01 7.630896194698784107e+00
7.983990185803490647e+01 7.808495819733373366e+00
7.777875790743627249e+01 8.341731080351230787e+00
7.571761395683762430e+01 8.777396895819480349e+00
7.365647000623899032e+01 7.581796723986424347e+00
7.159532605564034213e+01 7.030096984643310343e+00
6.953418210504170816e+01 8.370522067375356201e+00
6.747303815444307418e+01 8.357652546003013327e+00
6.541189420384442599e+01 6.957128523408752763e+00
6.335075025324578490e+01 6.864159629476446867e+00
6.128960630264714382e+01 7.234710890291367491e+00
5.922846235204850274e+01 8.498369495724777067e+00
5.716731840144986165e+01 7.677146442722969866e+00
5.510617445085122057e+01 8.715733364420264806e+00
5.304503050025257949e+01 5.761495824374791574e+00
5.098388654965393840e+01 8.856595930057181931e+00
4.892274259905529732e+01 8.857439773875265487e+00
4.686159864845666334e+01 8.368866182602278769e+00
4.480045469785802226e+01 7.943590924528447061e+00
4.273931074725937407e+01 7.325953756828814889e+00
4.067816679666073298e+01 8.462945618092545530e+00
3.861702284606209190e+01 7.307362302712725466e+00
3.655587889546345082e+01 7.201940566978756841e+00
3.449473494486481684e+01 8.909853082420866599e+00
3.243359099426616865e+01 8.199264693753830713e+00
3.037244704366753467e+01 7.563453851356578106e+00
2.831130309306889004e+01 8.089271886292102920e+00
2.625015914247024895e+01 9.093719580244172818e+00
2.418901519187161142e+01 1.025073841442995715e+01
2.212787124127297034e+01 1.062338552098898070e+01
2.006672729067432925e+01 1.007403300776745603e+01
1.800558334007568462e+01 1.157249338816600215e+01
1.594443938947704709e+01 1.313258004065076001e+01
1.388329543887840600e+01 1.525168360115370980e+01
1.182215148827976492e+01 1.745583725143513831e+01
9.761007537681125612e+00 2.336955098266263420e+01
7.699863587082484528e+00 3.471075939647732866e+01
5.638719636483843445e+00 5.427632635667659855e+01
3.577575685885202805e+00 7.339592966876283242e+01
1.516431735286562166e+00 7.737832682727052713e+01
-5.447122153120786958e-01 7.475913240090474687e+01
-2.605856165910719557e+00 7.297029614584093338e+01
-4.667000116509360197e+00 7.375972063660613287e+01
-6.728144067108000392e+00 7.382492220808977379e+01
-8.789288017706642364e+00 7.704581425217247670e+01
-1.085043196830528167e+01 7.613766292852341167e+01
-1.291157591890392453e+01 7.298852336839065913e+01
-1.497271986950256561e+01 6.725860420848451326e+01
-1.703386382010120315e+01 6.464774720388463436e+01
-1.909500777069984423e+01 6.335014430150955889e+01
-2.115615172129848887e+01 6.123322993730534591e+01
-2.321729567189712995e+01 5.627282942915616815e+01
-2.527843962249576748e+01 5.395330871444936349e+01
-2.733958357309440856e+01 4.871627029884270144e+01
-2.940072752369305320e+01 4.323841626024031370e+01
-3.146187147429169073e+01 3.796434830618715495e+01
-3.352301542489033181e+01 3.252875238177942663e+01
-3.558415937548897290e+01 2.887119484396719216e+01
-3.764530332608761398e+01 2.773765435989895423e+01
-3.970644727668625507e+01 2.613352103290338491e+01
-4.176759122728489615e+01 2.455978563145130877e+01
-4.382873517788353723e+01 2.206093310522528839e+01
-4.588987912848217832e+01 2.204946207992493612e+01
-4.795102307908081940e+01 2.313098944806973378e+01
-5.001216702967945338e+01 2.217389444217070604e+01
-5.207331098027809446e+01 2.256123364830550315e+01
-5.413445493087674265e+01 2.069444999008015174e+01
-5.619559888147538373e+01 1.840277828221047329e+01
-5.825674283207402482e+01 1.778540728773805668e+01
-6.031788678267266590e+01 1.819854409661289907e+01
-6.237903073327129988e+01 1.708625723395751805e+01
-6.444017468386994096e+01 1.412002301142736016e+01
-6.650131863446858915e+01 1.273207020911525333e+01
-6.856246258506723734e+01 1.133450709431023284e+01
-7.062360653566587132e+01 8.758307256981224143e+00
-7.268475048626450530e+01 8.435881692174554303e+00
-7.474589443686315349e+01 7.537206517132139183e+00
-7.680703838746178747e+01 7.170263685509388196e+00
-7.886818233806043565e+01 6.196341594918520990e+00
-8.092932628865906963e+01 6.497635794008361110e+00
-8.299047023925770361e+01 5.391116837651817484e+00
-8.505161418985635180e+01 5.330411479057455715e+00
-8.711275814045498578e+01 6.422357391889098821e+00
-8.917390209105363397e+01 5.153916811870575820e+00
-9.123504604165226795e+01 5.328048302368207700e+00
-9.329618999225091613e+01 3.824026473658366232e+00
-9.535733394284955011e+01 4.725106814391184962e+00
-9.741847789344818409e+01 6.190267131146334201e+00
-9.947962184404683228e+01 3.311328066335127218e+00
-1.015407657946454663e+02 3.246560484551350267e+00
-1.036019097452441287e+02 3.186970827150718666e+00
-1.056630536958427626e+02 3.989215340938691234e+00
-1.077241976464414108e+02 3.986894512953662151e+00
-1.097853415970400448e+02 5.051526647708455720e+00
-1.118464855476386788e+02 2.693508715159836253e+00
-1.139076294982373270e+02 3.951489846169552234e+00
-1.159687734488359609e+02 4.809695678011371101e+00
-1.180299173994346091e+02 3.182644821586486650e+00
-1.200910613500332431e+02 2.131572546124794965e+00
-1.221522053006318913e+02 2.473655256337016439e+00
-1.242133492512305253e+02 4.006210463180635450e+00
-1.262744932018291593e+02 3.347011129354422465e+00
-1.283356371524278075e+02 2.831186187941681087e+00
-1.303967811030264556e+02 3.070740383018067288e+00
-1.324579250536250754e+02 2.285203015349203337e+00
-1.345190690042237520e+02 3.464120605289522814e+00
-1.365802129548223718e+02 2.759985691051262346e+00
-1.386413569054210200e+02 3.438526145418227653e+00
-1.407025008560196397e+02 2.424544970868275584e+00
-1.427636448066182879e+02 4.467696226340379440e+00
-1.448247887572169361e+02 2.812405847423938621e+00
-1.468859327078155843e+02 2.730055765259191247e+00
-1.489470766584142041e+02 2.374005096627398004e+00
-1.510082206090128523e+02 4.938939674292940119e+00
-1.530693645596114720e+02 4.393461615630159578e+00
-1.551305085102101486e+02 1.633676229130405000e+00
-1.571916524608087684e+02 3.804471153502973824e+00
-1.592527964114074166e+02 2.524408480753075779e+00
-1.613139403620060648e+02 2.114776690120212077e+00
-1.633750843126047130e+02 1.236810920240401401e+00
-1.654362282632033612e+02 1.271118925004748990e+00
-1.674973722138019809e+02 1.346887522035306928e+00
-1.695585161644006291e+02 1.661284709705423523e+00
-1.716196601149992489e+02 2.086551484509922005e+00
-1.736808040655979255e+02 3.908126108051076741e+00
-1.757419480161965453e+02 1.223991308487129226e+00
-1.778030919667951935e+02 2.604755279179574057e+00
-1.798642359173938132e+02 2.351925658827797694e+00
-1.819253798679924614e+02 5.606281785186583155e-01
-1.839865238185911096e+02 1.872626129900747616e+00
-1.860476677691897578e+02 8.053905563524020872e-01
-1.881088117197883776e+02 1.854373605800427427e+00
-1.901699556703870257e+02 4.236701510834492090e+00
-1.922310996209856739e+02 2.043342353075417783e+00
-1.942922435715843221e+02 1.352062878269515656e+00
-1.963533875221829419e+02 1.227818115681028610e+00
-1.984145314727815617e+02 1.244130536049726565e+00
-2.004756754233802383e+02 1.217217350043010349e+00
-2.025368193739788580e+02 1.462054506262888021e+00
-2.045979633245775062e+02 2.624042968223371020e+00
-2.066591072751761260e+02 1.391188557440398155e+00
-2.087202512257747742e+02 2.784154439923403501e+00
-2.107813951763734224e+02 2.033471266483056539e+00
-2.128425391269720706e+02 -5.086134395817191178e-01
-2.149036830775706903e+02 1.848766341905051291e+00
-2.169648270281693385e+02 1.523722687287548672e+00
-2.190259709787679867e+02 1.607420760282195493e+00
-2.210871149293666349e+02 1.616264411906412068e-01
-2.231482588799652547e+02 1.778290634913291868e+00
-2.252094028305639029e+02 4.055933979575405246e+00
-2.272705467811625226e+02 2.409026732133913384e+00
-2.293316907317611992e+02 7.043742698195551988e-01
-2.313928346823598190e+02 1.996773311019090835e+00
-2.334539786329584672e+02 7.508583062310031364e-01
-2.355151225835570870e+02 1.365552641249984545e+00
-2.375762665341557351e+02 1.400757119576317100e+00
-2.396374104847544118e+02 1.113885372731745926e+00
-2.416985544353530315e+02 1.780882040774793396e+00
-2.437596983859516797e+02 1.595723940321522205e+00
-2.458208423365502995e+02 1.089405065769180947e+00
-2.478819862871489761e+02 1.494905837085944933e+00
-2.499431302377475959e+02 2.064965778413952346e+00
-2.520042741883462440e+02 5.148477691238889875e+00
-2.540654181389448638e+02 4.279790306766021679e+00
-2.561265620895434836e+02 1.862039221491909258e+00
-2.581877060401421886e+02 5.121507469451355377e+00
-2.602488499907407800e+02 2.493215319920951689e+00
-2.623099939413394281e+02 4.416058654856922949e+00
