2.670647714446113810e+02 1.012952227294401730e+01
2.650036274940127328e+02 2.327121027812138010e+01
2.629424835434140846e+02 1.690548708724301363e+01
2.608813395928154364e+02 1.637258861328245985e+01
2.588201956422167882e+02 1.823202888507550057e+01
2.567590516916181969e+02 1.552849081259532760e+01
2.546979077410195487e+02 1.592550522116884260e+01
2.526367637904209005e+02 1.685778590691193912e+01
2.505756198398222523e+02 1.562736062120907654e+01
2.485144758892236041e+02 1.398488158106985146e+01
2.464533319386249559e+02 1.420380084140420074e+01
2.443921879880263361e+02 1.562906560098106645e+01
2.423310440374276880e+02 1.688014146773687685e+01
2.402699000868290398e+02 1.504170962309609116e+01
2.382087561362303916e+02 1.567357658200923787e+01
2.361476121856317718e+02 1.641440745443645355e+01
2.340864682350331236e+02 1.212363104558703419e+01
2.320253242844344754e+02 1.432226077048433055e+01
2.299641803338358272e+02 1.555983831050030375e+01
2.279030363832372075e+02 1.534491682506809518e+01
2.258418924326385593e+02 1.474598468010752583e+01
2.237807484820399395e+02 1.309231626997748421e+01
2.217196045314412629e+02 1.467794112116814098e+01
2.196584605808426431e+02 1.450504528562987616e+01
2.175973166302439950e+02 1.709769153104878825e+01
2.155361726796453752e+02 1.498590531261433689e+01
2.134750287290467270e+02 1.557392938270434257e+01
2.114138847784480788e+02 1.640383701597257371e+01
2.093527408278494306e+02 1.746868871149884583e+01
2.072915968772507824e+02 1.713657813018320653e+01
2.052304529266521627e+02 1.686069829395671960e+01
2.031693089760534860e+02 1.580039111065935842e+01
2.011081650254548663e+02 1.421945567326868343e+01
1.990470210748562181e+02 1.853074384662419405e+01
1.969858771242575983e+02 1.582770139828319422e+01
1.949247331736589501e+02 1.555131236059096089e+01
1.928635892230603019e+02 1.389324871057066169e+01
1.908024452724616538e+02 1.121987021384757277e+01
1.887413013218630340e+02 1.818283859552094128e+01
1.866801573712643858e+02 1.780605986208187730e+01
1.846190134206657660e+02 1.818040421581879684e+01
1.825578694700670894e+02 1.731849094917254206e+01
1.804967255194684697e+02 1.562991711707895348e+01
1.784355815688698215e+02 1.708120252909684211e+01
1.763744376182712017e+02 1.540567613722684115e+01
1.743132936676725535e+02 1.882356783873182593e+01
1.722521497170739053e+02 1.938017071306427752e+01
1.701910057664752571e+02 1.896954968326960866e+01
1.681298618158766089e+02 2.059039159778450312e+01
1.660687178652779892e+02 1.746417931792728240e+01
1.640075739146793126e+02 1.842796176569073552e+01
1.619464299640806928e+02 1.705163859936694948e+01
1.598852860134820446e+02 1.732111268229405354e+01
1.578241420628834248e+02 1.920142537424863605e+01
1.557629981122847767e+02 1.773718950494221502e+01
1.537018541616861285e+02 2.085794694350118661e+01
1.516407102110874803e+02 1.693442636675992219e+01
1.495795662604888605e+02 1.841394256601423152e+01
1.475184223098902123e+02 2.027803537549532109e+01
1.454572783592915926e+02 1.957258802769435491e+01
1.433961344086929159e+02 1.911722434777504631e+01
1.413349904580942962e+02 1.984402815436389034e+01
1.392738465074956480e+02 2.020614326405989658e+01
1.372127025568970282e+02 1.997658263133439149e+01
1.351515586062983516e+02 1.866275920306309288e+01
1.330904146556997034e+02 1.828255513147866296e+01
1.310292707051010836e+02 1.929177610660679321e+01
1.289681267545024355e+02 2.134702988843212523e+01
1.269069828039038015e+02 1.991706790528505522e+01
1.248458388533051675e+02 1.759446487543835147e+01
1.227846949027065193e+02 1.839178420396563851e+01
1.207235509521078853e+02 2.047088832105173850e+01
1.186624070015092514e+02 2.032473193821953927e+01
1.166012630509106032e+02 1.837133471683136321e+01
1.145401191003119692e+02 2.023588634998048974e+01
1.124789751497133068e+02 1.828584860206611751e+01
1.104178311991146728e+02 1.877118434555070436e+01
1.083566872485160246e+02 1.626957020905306806e+01
1.062955432979173906e+02 1.917499696939916021e+01
1.042343993473187567e+02 2.061733356656870342e+01
1.021732553967201085e+02 1.815606067998684381e+01
1.001121114461214745e+02 1.830685290273670418e+01
9.805096749552284052e+01 1.988259242430287799e+01
9.598982354492420654e+01 1.829993752564001852e+01
9.392867959432555836e+01 1.651759104485007867e+01
9.186753564372692438e+01 1.679506328401216209e+01
8.980639169312827619e+01 1.904980521545549621e+01
8.774524774252964221e+01 1.915179132816669494e+01
8.568410379193099402e+01 1.962852967354350397e+01
8.362295984133236004e+01 1.908337101119185064e+01
8.156181589073372606e+01 1.918676395354833986e+01
7.950067194013507788e+01 1.839210427534694503e+01
7.743952798953644390e+01 1.915943834528497192e+01
7.537838403893779571e+01 1.779902963515300129e+01
7.331724008833914752e+01 1.897702978166456589e+01
7.125609613774051354e+01 1.877210677647881099e+01
6.919495218714186535e+01 1.819567205933097753e+01
6.713380823654323137e+01 1.906259332938292061e+01
6.507266428594458318e+01 1.960832424247208650e+01
6.301152033534594921e+01 1.997691682956963177e+01
6.095037638474730812e+01 1.669490985990703891e+01
5.888923243414866704e+01 1.799181307122353601e+01
5.682808848355002596e+01 1.667177219237347074e+01
5.476694453295138487e+01 1.801218813358680038e+01
5.270580058235274379e+01 1.745326870690305299e+01
5.064465663175410981e+01 1.852221379659806644e+01
4.858351268115546162e+01 1.979649010221167416e+01
4.652236873055682054e+01 1.911765735650442011e+01
4.446122477995817235e+01 1.875962473946234965e+01
4.240008082935953126e+01 1.570302991225134015e+01
4.033893687876089729e+01 1.969861119458947130e+01
3.827779292816225620e+01 1.642081904421417704e+01
3.621664897756361512e+01 1.718451804035556307e+01
3.415550502696497404e+01 1.886420686410714254e+01
3.209436107636633295e+01 1.874261371218211636e+01
3.003321712576769187e+01 1.547777343091009961e+01
2.797207317516905078e+01 1.725368247709370095e+01
2.591092922457040970e+01 1.757786116702455814e+01
2.384978527397177217e+01 2.172064370923939336e+01
2.178864132337313109e+01 2.164704044118163750e+01
1.972749737277449000e+01 1.985942528374578941e+01
1.766635342217584892e+01 2.198471783053628315e+01
1.560520947157720961e+01 2.368151320189546283e+01
1.354406552097856675e+01 2.227461116594460933e+01
1.148292157037992745e+01 2.741424902068597902e+01
9.421777619781288138e+00 3.837940716639793948e+01
7.360633669182645278e+00 4.772840519302237539e+01
5.299489718584005082e+00 5.163671523363161953e+01
3.238345767985363999e+00 5.762626260741770778e+01
1.177201817386723137e+00 5.541384539421695621e+01
-8.839421332119176133e-01 5.310719593612644474e+01
-2.945086083810558364e+00 5.841770800157254229e+01
-5.006230034409199448e+00 6.395726712457616259e+01
-7.067373985007839643e+00 6.289795112184772563e+01
-9.128517935606479838e+00 6.487127829986771133e+01
-1.118966188620512092e+01 6.437967977677953968e+01
-1.325080583680376201e+01 6.447552980784577414e+01
-1.531194978740240131e+01 6.293485276704236497e+01
-1.737309373800104240e+01 5.928516676690198750e+01
-1.943423768859968703e+01 5.443336911496945163e+01
-2.149538163919832456e+01 5.317228865314274344e+01
-2.355652558979696565e+01 5.120709889016271887e+01
-2.561766954039560673e+01 4.870512841149580652e+01
-2.767881349099425137e+01 4.548477929226014282e+01
-2.973995744159289245e+01 4.673932858011391289e+01
-3.180110139219153353e+01 4.197820354470488979e+01
-3.386224534279017462e+01 3.830100667873134768e+01
-3.592338929338881570e+01 3.594940652836810813e+01
-3.798453324398745679e+01 3.189823618377758763e+01
-4.004567719458609787e+01 3.018072145686955210e+01
-4.210682114518473895e+01 2.582164621060515941e+01
-4.416796509578337293e+01 2.390868489256099849e+01
-4.622910904638201401e+01 2.670080453325982361e+01
-4.829025299698065510e+01 2.335848224289511066e+01
-5.035139694757928908e+01 1.895018606495568392e+01
-5.241254089817793727e+01 1.724720478524158551e+01
-5.447368484877657835e+01 1.960472624718375201e+01
-5.653482879937521943e+01 1.943010796935022810e+01
-5.859597274997386052e+01 1.889994236518023030e+01
-6.065711670057249449e+01 1.639555657441161074e+01
-6.271826065117113558e+01 1.839110123460220692e+01
-6.477940460176978377e+01 1.755743958405428629e+01
-6.684054855236841775e+01 1.454845824448583613e+01
-6.890169250296705172e+01 1.701042221609966987e+01
-7.096283645356569991e+01 1.940640612919120045e+01
-7.302398040416433389e+01 1.675729652133393444e+01
-7.508512435476298208e+01 1.722843613866583823e+01
-7.714626830536161606e+01 1.893462449657100066e+01
-7.920741225596026425e+01 1.653382156413228543e+01
-8.126855620655891244e+01 1.612936683864244003e+01
-8.332970015715754641e+01 1.967014749777332128e+01
-8.539084410775619460e+01 1.606473602821839819e+01
-8.745198805835482858e+01 1.827500837863867389e+01
-8.951313200895347677e+01 1.816351810079792983e+01
-9.157427595955211075e+01 1.596957736021129293e+01
-9.363541991015075894e+01 1.929930150480592133e+01
-9.569656386074939292e+01 2.011161132256739492e+01
-9.775770781134802689e+01 1.727261162048488075e+01
-9.981885176194668929e+01 1.690880117777960123e+01
-1.018799957125453233e+02 1.837768814035005960e+01
-1.039411396631439573e+02 1.972783175156667212e+01
-1.060022836137426054e+02 1.804516368966880080e+01
-1.080634275643412394e+02 1.792821819165369490e+01
-1.101245715149398876e+02 1.592363914390616131e+01
-1.121857154655385216e+02 1.892273921952670079e+01
-1.142468594161371698e+02 1.627231820688853503e+01
-1.163080033667358038e+02 1.852445539037419309e+01
-1.183691473173344377e+02 1.751290089292703911e+01
-1.204302912679331001e+02 1.823454661049165182e+01
-1.224914352185317341e+02 2.164495983975814397e+01
-1.245525791691303823e+02 1.900956873590495277e+01
-1.266137231197290163e+02 2.095877802772888643e+01
-1.286748670703276503e+02 1.969668591638003363e+01
-1.307360110209262984e+02 1.974799081379918775e+01
-1.327971549715249182e+02 1.762844961680220734e+01
-1.348582989221235664e+02 1.802562595007253421e+01
-1.369194428727222146e+02 2.058189009315413287e+01
-1.389805868233208628e+02 2.024905854117778503e+01
-1.410417307739195110e+02 1.878318395051066858e+01
-1.431028747245181307e+02 1.778440850403591966e+01
-1.451640186751167789e+02 1.856206841175133704e+01
-1.472251626257154271e+02 1.970095489917757092e+01
-1.492863065763140753e+02 1.992218885092114888e+01
-1.513474505269126951e+02 2.056257391959928782e+01
-1.534085944775113433e+02 2.069037489433494770e+01
-1.554697384281099914e+02 1.824037122777446385e+01
-1.575308823787086396e+02 2.069029806364078539e+01
-1.595920263293072594e+02 2.092415142210929702e+01
-1.616531702799059076e+02 1.743110649952039637e+01
-1.637143142305045274e+02 1.868083663549071005e+01
-1.657754581811032040e+02 1.737554978355598578e+01
-1.678366021317018237e+02 1.966515476437656318e+01
-1.698977460823004719e+02 2.055162896995998167e+01
-1.719588900328990917e+02 1.922780645885423567e+01
-1.740200339834977399e+02 1.978885055161729412e+01
-1.760811779340963881e+02 1.921761615681761270e+01
-1.781423218846950363e+02 2.012151247714991342e+01
-1.802034658352936844e+02 1.882002717862219043e+01
-1.822646097858923042e+02 2.039634212497605859e+01
-1.843257537364909524e+02 2.222782856053713019e+01
-1.863868976870896006e+02 2.037873438091154199e+01
-1.884480416376882488e+02 1.784639116792023472e+01
-1.905091855882868686e+02 1.927624964697235299e+01
-1.925703295388855167e+02 1.832269085041603773e+01
-1.946314734894841649e+02 2.070794583407305112e+01
-1.966926174400828131e+02 2.030294172445753986e+01
-1.987537613906814329e+02 1.982685637058514416e+01
-2.008149053412800811e+02 2.342137552124719591e+01
-2.028760492918787008e+02 2.309588544339171534e+01
-2.049371932424773775e+02 2.258035040262759452e+01
-2.069983371930759972e+02 2.222085826365303518e+01
-2.090594811436746454e+02 2.404986570445871763e+01
-2.111206250942732652e+02 2.214854297493145197e+01
-2.131817690448719134e+02 2.149838217077675040e+01
-2.152429129954705900e+02 2.102765818974431866e+01
-2.173040569460692097e+02 2.282215813266957127e+01
-2.193652008966678579e+02 2.306015484455494402e+01
-2.214263448472664777e+02 2.054159454898658410e+01
-2.234874887978651543e+02 2.393891531257388294e+01
-2.255486327484637741e+02 2.189660210675026164e+01
-2.276097766990624223e+02 2.119860124340074847e+01
-2.296709206496610420e+02 2.258291341895598947e+01
-2.317320646002596902e+02 2.106308596505807529e+01
-2.337932085508583384e+02 2.040005201952249081e+01
-2.358543525014569866e+02 1.942379978642498273e+01
-2.379154964520556064e+02 2.359168552417306230e+01
-2.399766404026542546e+02 2.111612029427635662e+01
-2.420377843532528743e+02 2.317531028328777154e+01
-2.440989283038515509e+02 2.108620426647517121e+01
-2.461600722544501707e+02 2.082417000620036518e+01
-2.482212162050488189e+02 2.292444171140177644e+01
-2.502823601556474387e+02 2.361274250898832960e+01
-2.523435041062461153e+02 2.012388712592545303e+01
-2.544046480568447635e+02 2.066790854278544742e+01
-2.564657920074433832e+02 2.011128153178582068e+01
-2.585269359580420314e+02 2.414040656100146265e+01
