2.628426966312001696e+02 2.216769027950641568e+00
2.607815526806015214e+02 4.649299363356501402e+00
2.587204087300028732e+02 4.135509472176425838e+00
2.566592647794042250e+02 3.429220297728716282e+00
2.545981208288055768e+02 4.959401407592508804e+00
2.525369768782069571e+02 6.651897084036693109e+00
2.504758329276082804e+02 5.408830282979165460e+00
2.484146889770096607e+02 5.710321409750999777e+00
2.463535450264110125e+02 7.824004276654720869e+00
2.442924010758123927e+02 6.737531816295016185e+00
2.422312571252137445e+02 5.383387926008267321e+00
2.401701131746150963e+02 5.827615617791968461e+00
2.381089692240164482e+02 8.456253661771016894e+00
2.360478252734178284e+02 9.181621774617616083e+00
2.339866813228191802e+02 7.743642384771391995e+00
2.319255373722205320e+02 9.537447377008566818e+00
2.298643934216218838e+02 7.649705745002015611e+00
2.278032494710232356e+02 8.650721607788804945e+00
2.257421055204246159e+02 9.166199983468441559e+00
2.236809615698259677e+02 8.955587672484575990e+00
2.216198176192273479e+02 8.521747367287719754e+00
2.195586736686286713e+02 6.653449195178787079e+00
2.174975297180300515e+02 5.983695746433807194e+00
2.154363857674314033e+02 7.802423097043366340e+00
2.133752418168327836e+02 7.161532648805682300e+00
2.113140978662341070e+02 7.491201241967432978e+00
2.092529539156354872e+02 9.454272370160490269e+00
2.071918099650368390e+02 9.699220311542932293e+00
2.051306660144382192e+02 8.459618525981673187e+00
2.030695220638395710e+02 7.933534998102455660e+00
2.010083781132409229e+02 9.042794001959222783e+00
1.989472341626422747e+02 9.378351950588362129e+00
1.968860902120436549e+02 7.962996204972491832e+00
1.948249462614450067e+02 8.005494043770967849e+00
1.927638023108463585e+02 9.636560264905972062e+00
1.907026583602477103e+02 8.186635797069859777e+00
1.886415144096490621e+02 8.245471043455662397e+00
1.865803704590504424e+02 8.914057402332044688e+00
1.845192265084517942e+02 9.209740139649845503e+00
1.824580825578531460e+02 9.066576369338514851e+00
1.803969386072544978e+02 8.449900397935033780e+00
1.783357946566558780e+02 9.233924345770040176e+00
1.762746507060572299e+02 9.180944231803099598e+00
1.742135067554586101e+02 7.588782770018510426e+00
1.721523628048599335e+02 8.640448217041914347e+00
1.700912188542613137e+02 8.291471482556547201e+00
1.680300749036626655e+02 9.657548675284456152e+00
1.659689309530640458e+02 8.913828023790523858e+00
1.639077870024653976e+02 9.840998335577149092e+00
1.618466430518667494e+02 8.132879909340633873e+00
1.597854991012681012e+02 8.133908323452825329e+00
1.577243551506694530e+02 1.086588664934514981e+01
1.556632112000708332e+02 8.234307931932084657e+00
1.536020672494721566e+02 8.279421688592657702e+00
1.515409232988735369e+02 7.143131043895538212e+00
1.494797793482748887e+02 8.319664337908049490e+00
1.474186353976762689e+02 8.641013765611255337e+00
1.453574914470776207e+02 9.727828453772650263e+00
1.432963474964789725e+02 8.373817089150646709e+00
1.412352035458803243e+02 7.653785317422294732e+00
1.391740595952817046e+02 9.857179047082649248e+00
1.371129156446830564e+02 7.656113454908322957e+00
1.350517716940844366e+02 8.955900721248001517e+00
1.329906277434857600e+02 8.861794129408222531e+00
1.309294837928871402e+02 9.275140971386868216e+00
1.288683398422884920e+02 8.828020466837230629e+00
1.268071958916898438e+02 7.591344693359548756e+00
1.247460519410912099e+02 7.873731038126522641e+00
1.226849079904925759e+02 8.304518263564432345e+00
1.206237640398939277e+02 8.969757429584255704e+00
1.185626200892952937e+02 9.148572163725054551e+00
1.165014761386966455e+02 8.263860484326189138e+00
1.144403321880980116e+02 6.572775495926101996e+00
1.123791882374993634e+02 8.126126299068232584e+00
1.103180442869007294e+02 8.590835365585194339e+00
1.082569003363020954e+02 7.647392484617409281e+00
1.061957563857034472e+02 8.288509239179605359e+00
1.041346124351048132e+02 7.729755306433018447e+00
1.020734684845061651e+02 9.283139472205936826e+00
1.000123245339075311e+02 5.973606250943248597e+00
9.795118058330888289e+01 9.378117061408639543e+00
9.589003663271024891e+01 1.041196815049936397e+01
9.382889268211160072e+01 7.992423648992003749e+00
9.176774873151296674e+01 9.259245959847577367e+00
8.970660478091433276e+01 8.518129956880544640e+00
8.764546083031568457e+01 7.458554608972969291e+00
8.558431687971705060e+01 7.269715417221222609e+00
8.352317292911840241e+01 8.139857077159344811e+00
8.146202897851976843e+01 7.756644088194775577e+00
7.940088502792112024e+01 6.619144647523587111e+00
7.733974107732248626e+01 7.914274496155688787e+00
7.527859712672385228e+01 7.557207119458080768e+00
7.321745317612520410e+01 9.434560553311719389e+00
7.115630922552657012e+01 8.291955959800594300e+00
6.909516527492792193e+01 7.214941733558972281e+00
6.703402132432928795e+01 7.610624707408200962e+00
6.497287737373063976e+01 7.064158187569236524e+00
6.291173342313199868e+01 7.562374123641816936e+00
6.085058947253335759e+01 5.863303694911150110e+00
5.878944552193471651e+01 8.376795956657666409e+00
5.672830157133607543e+01 6.966527405393256878e+00
5.466715762073744145e+01 7.813511784704016527e+00
5.260601367013880036e+01 7.796955661813883331e+00
5.054486971954015218e+01 8.945774049759133817e+00
4.848372576894151109e+01 6.788016330275012500e+00
4.642258181834287001e+01 7.266602972044659658e+00
4.436143786774422892e+01 6.980561081387182121e+00
4.230029391714559495e+01 6.626556837906370845e+00
4.023914996654695386e+01 5.353962344011744534e+00
3.817800601594831278e+01 7.908122428882802701e+00
3.611686206534967170e+01 7.392766355188030936e+00
3.405571811475103061e+01 7.771987428818853516e+00
3.199457416415238953e+01 8.111534814587697539e+00
2.993343021355374844e+01 7.487168798451063090e+00
2.787228626295510736e+01 9.221466959399565511e+00
2.581114231235646272e+01 7.026893744354453908e+00
2.374999836175782519e+01 7.238021267019894900e+00
2.168885441115918411e+01 8.646963921151460397e+00
1.962771046056054303e+01 9.568284061752438063e+00
1.756656650996190550e+01 1.061153945127218634e+01
1.550542255936326264e+01 1.076695682306879753e+01
1.344427860876461978e+01 1.250530195044915160e+01
1.138313465816598047e+01 1.514423832805302617e+01
9.321990707567339385e+00 1.636265973190138467e+01
7.260846756968698301e+00 2.086517512883555625e+01
5.199702806370058106e+00 2.464490589189380998e+01
3.138558855771417466e+00 3.613717989283694010e+01
1.077414905172776161e+00 5.455911091250471401e+01
-9.837290454258645900e-01 6.600702802134054537e+01
-3.044872996024505341e+00 7.268717470566021177e+01
-5.106016946623145536e+00 7.146386596059497265e+01
-7.167160897221786620e+00 6.754111742622733061e+01
-9.228304847820426815e+00 6.187152833535486707e+01
-1.128944879841906790e+01 5.715720420255583889e+01
-1.335059274901770898e+01 5.171529442839199930e+01
-1.541173669961635007e+01 4.447203522629258288e+01
-1.747288065021498937e+01 4.027596329484286031e+01
-1.953402460081363046e+01 3.518644154799622470e+01
-2.159516855141227154e+01 3.323642518886347119e+01
-2.365631250201091262e+01 3.053533866929118901e+01
-2.571745645260955371e+01 2.836786766893987632e+01
-2.777860040320819479e+01 2.901066452909055826e+01
-2.983974435380683587e+01 2.753229183182249429e+01
-3.190088830440547696e+01 2.943120750459426560e+01
-3.396203225500411804e+01 3.002898793890570062e+01
-3.602317620560275913e+01 3.488765170866286525e+01
-3.808432015620140021e+01 3.932380277542097247e+01
-4.014546410680004129e+01 4.276091383326722450e+01
-4.220660805739867527e+01 4.752317578346437443e+01
-4.426775200799731635e+01 4.700073288568729879e+01
-4.632889595859596454e+01 4.364919808729723627e+01
-4.839003990919460563e+01 4.300816682895174381e+01
-5.045118385979324671e+01 3.997163061017927532e+01
-5.251232781039188779e+01 3.545466528545225771e+01
-5.457347176099052177e+01 3.394353899539220976e+01
-5.663461571158916286e+01 3.050673862210198095e+01
-5.869575966218780394e+01 2.869479543268162303e+01
-6.075690361278644502e+01 2.580513220078730896e+01
-6.281804756338508611e+01 2.340890856386169716e+01
-6.487919151398372719e+01 2.235020423451951999e+01
-6.694033546458237538e+01 2.050029335601443847e+01
-6.900147941518100936e+01 1.752481642273699336e+01
-7.106262336577965755e+01 1.492868771147315066e+01
-7.312376731637829153e+01 1.394881647412459991e+01
-7.518491126697692550e+01 1.130670068924394656e+01
-7.724605521757557369e+01 1.019193713916817501e+01
-7.930719916817420767e+01 9.656790763137674816e+00
-8.136834311877285586e+01 7.894170016847612992e+00
-8.342948706937148984e+01 7.133567268591535004e+00
-8.549063101997013803e+01 7.460719782409066525e+00
-8.755177497056877201e+01 7.429401155825153147e+00
-8.961291892116740598e+01 7.764862504666861120e+00
-9.167406287176605417e+01 6.348938596441354498e+00
-9.373520682236468815e+01 6.287822432602913736e+00
-9.579635077296335055e+01 7.111864285991572388e+00
-9.785749472356198453e+01 7.333003754606846947e+00
-9.991863867416063272e+01 7.360861501626438930e+00
-1.019797826247592809e+02 6.702307335252418063e+00
-1.040409265753579149e+02 7.766566159441010697e+00
-1.061020705259565631e+02 7.732170791300648105e+00
-1.081632144765551971e+02 4.827666886140726810e+00
-1.102243584271538310e+02 5.866096023742235488e+00
-1.122855023777524792e+02 5.355889930494499573e+00
-1.143466463283511132e+02 4.521714293561501563e+00
-1.164077902789497614e+02 5.022371682910391932e+00
-1.184689342295483954e+02 5.089474344702319186e+00
-1.205300781801470436e+02 3.308633320113629761e+00
-1.225912221307456775e+02 3.635385905130072537e+00
-1.246523660813443115e+02 4.787154499247614048e+00
-1.267135100319429597e+02 3.973995309990104197e+00
-1.287746539825415937e+02 2.369142081625226659e+00
-1.308357979331402419e+02 2.509125888797116399e+00
-1.328969418837388901e+02 1.717320237500894464e+00
-1.349580858343375098e+02 2.834705063347330078e+00
-1.370192297849361864e+02 1.124058261762383548e+00
-1.390803737355348062e+02 3.024157045769673147e+00
-1.411415176861334544e+02 3.200017613895179025e+00
-1.432026616367320742e+02 3.488452417457663657e+00
-1.452638055873307223e+02 2.967561525424438518e+00
-1.473249495379293705e+02 3.517270370165061166e+00
-1.493860934885280187e+02 1.917174639626820110e+00
-1.514472374391266385e+02 1.888480210683688432e+00
-1.535083813897252867e+02 2.017818436892126144e+00
-1.555695253403239349e+02 6.972142899907425306e-01
-1.576306692909225831e+02 3.362121234475382803e+00
-1.596918132415212312e+02 5.230339990226579028e-02
-1.617529571921198510e+02 2.343725966902887148e+00
-1.638141011427184992e+02 3.983225022133992432e+00
-1.658752450933171190e+02 1.546168725035851788e+00
-1.679363890439157956e+02 3.433747639945013308e+00
-1.699975329945144153e+02 2.128588229610066662e+00
-1.720586769451130635e+02 9.518709291461149302e-01
-1.741198208957116833e+02 2.746740778447832376e+00
-1.761809648463103599e+02 1.460671392670529922e+00
-1.782421087969089797e+02 2.262285181450581550e+00
-1.803032527475076279e+02 1.576887125585803240e+00
-1.823643966981062476e+02 1.390727793872909235e+00
-1.844255406487048958e+02 2.293432145137202838e+00
-1.864866845993035440e+02 1.172409395673181365e+00
-1.885478285499021922e+02 1.291373520210895354e+00
-1.906089725005008120e+02 1.554315299542341045e+00
-1.926701164510994602e+02 2.391194274483814108e-02
-1.947312604016981084e+02 3.558109848485456750e-01
-1.967924043522967565e+02 3.103049418358641565e-01
-1.988535483028954047e+02 1.215578707165633432e+00
-2.009146922534940245e+02 -3.169633379947914276e-01
-2.029758362040926727e+02 -2.919428935946381809e-02
-2.050369801546913209e+02 1.523083903811627060e+00
-2.070981241052899691e+02 1.347682393975223158e+00
-2.091592680558885888e+02 -4.990692584008458721e-01
-2.112204120064872370e+02 1.389101165047398778e+00
-2.132815559570858568e+02 2.171745172412458569e+00
-2.153426999076845334e+02 -2.383579403786170448e-01
-2.174038438582831532e+02 2.741113524160140091e+00
-2.194649878088818014e+02 2.012718782776743875e+00
-2.215261317594804211e+02 2.085267378843000508e+00
-2.235872757100790693e+02 5.972842055333822398e-01
-2.256484196606777175e+02 3.896409241244028765e-01
-2.277095636112763657e+02 1.165396976538535245e+00
-2.297707075618750139e+02 7.588469865870907105e-01
-2.318318515124736336e+02 1.205787091956459722e+00
-2.338929954630723103e+02 9.439009155820766717e-01
-2.359541394136709300e+02 1.788824468075205454e+00
-2.380152833642695782e+02 1.351359566618451025e+00
-2.400764273148681980e+02 2.080042634544239988e+00
-2.421375712654668462e+02 2.398057214621538424e+00
-2.441987152160654944e+02 1.069251139572170883e+00
-2.462598591666641425e+02 3.087230178729789110e+00
-2.483210031172627623e+02 1.484285957823504143e+00
-2.503821470678614105e+02 1.484140564254297301e+00
-2.524432910184600303e+02 1.240975760346056500e+00
-2.545044349690587069e+02 1.402943659611614713e+00
-2.565655789196573551e+02 3.009352262318382376e+00
-2.586267228702559464e+02 2.214037049567696425e+00
-2.606878668208545946e+02 2.674933747068562795e+00
-2.627490107714532428e+02 3.470584799108719309e+00
