2.669127967538818211e+02 3.274376966267106503e+00
2.648516528032831729e+02 7.710301355027142201e+00
2.627905088526845248e+02 4.265520268763590472e+00
2.607293649020858766e+02 4.691772668893284148e+00
2.586682209514872284e+02 7.219789359825969477e+00
2.566070770008885802e+02 4.871829462177164949e+00
2.545459330502899604e+02 9.715096449185830707e+00
2.524847890996913122e+02 7.850951973738448331e+00
2.504236451490926925e+02 6.369206194809899024e+00
2.483625011984940159e+02 4.935089720764485044e+00
2.463013572478953961e+02 3.441982309455584588e+00
2.442402132972967479e+02 3.040481121288340471e+00
2.421790693466981281e+02 7.695639537729181079e+00
2.401179253960994799e+02 9.229536385797343812e+00
2.380567814455008318e+02 8.492839920969109002e+00
2.359956374949021836e+02 4.149064577565911627e+00
2.339344935443035638e+02 8.641942182810353756e+00
2.318733495937049156e+02 1.135061376027168656e+01
2.298122056431062674e+02 7.891089047261634626e+00
2.277510616925076192e+02 1.035832822350105609e+01
2.256899177419089995e+02 1.117339568875441635e+01
2.236287737913103513e+02 7.161653457501905073e+00
2.215676298407117315e+02 4.689949203030225000e+00
2.195064858901130549e+02 9.549994299313404156e+00
2.174453419395144067e+02 5.387211884459657263e+00
2.153841979889157869e+02 7.561498198218817635e+00
2.133230540383171387e+02 9.590655544201291960e+00
2.112619100877185190e+02 1.163798042438107316e+01
2.092007661371198424e+02 5.239457247449765376e+00
2.071396221865212226e+02 8.610337596849143793e+00
2.050784782359225744e+02 7.676810937344086483e+00
2.030173342853239546e+02 8.071245457168746640e+00
2.009561903347252780e+02 6.689100620266969166e+00
1.988950463841266583e+02 8.872256380277073973e+00
1.968339024335280101e+02 1.073694859917099542e+01
1.947727584829293903e+02 9.372611700090523357e+00
1.927116145323307421e+02 8.982197550191800772e+00
1.906504705817320939e+02 8.096955306677957154e+00
1.885893266311334457e+02 1.096262400771475676e+01
1.865281826805348260e+02 6.599229123810314235e+00
1.844670387299361778e+02 7.670630122141833596e+00
1.824058947793375580e+02 7.842759601358003430e+00
1.803447508287388814e+02 4.928284952384829332e+00
1.782836068781402332e+02 8.829570128416381891e+00
1.762224629275416135e+02 6.870871198313945882e+00
1.741613189769429653e+02 7.550514648515409100e+00
1.721001750263443455e+02 7.292908226658091131e+00
1.700390310757456689e+02 9.224559834855922347e+00
1.679778871251470491e+02 9.060540410667305977e+00
1.659167431745484009e+02 8.463398554423458009e+00
1.638555992239497812e+02 8.016845980334036170e+00
1.617944552733511046e+02 7.228677332774116948e+00
1.597333113227524848e+02 7.442127434599810520e+00
1.576721673721538366e+02 8.005648594519739092e+00
1.556110234215552168e+02 4.733938332988357978e+00
1.535498794709565686e+02 6.462373296845816739e+00
1.514887355203579204e+02 7.447460943915702458e+00
1.494275915697592723e+02 9.089760355604473929e+00
1.473664476191606525e+02 7.774667483451291439e+00
1.453053036685620043e+02 9.615776465527719807e+00
1.432441597179633845e+02 6.576832973650723169e+00
1.411830157673647079e+02 7.909943156526527908e+00
1.391218718167660597e+02 9.102967398475955818e+00
1.370607278661674400e+02 7.748528445660243236e+00
1.349995839155687918e+02 1.001577911620974959e+01
1.329384399649701436e+02 9.263260590025380381e+00
1.308772960143715238e+02 1.013361324856203716e+01
1.288161520637728756e+02 1.106090083661470302e+01
1.267550081131742417e+02 7.870744208956106824e+00
1.246938641625755935e+02 6.645445812241291605e+00
1.226327202119769595e+02 6.222496403180785229e+00
1.205715762613782971e+02 7.490606427939634493e+00
1.185104323107796631e+02 7.583831702593478497e+00
1.164492883601810291e+02 6.892744761660212660e+00
1.143881444095823809e+02 9.500102557308379048e+00
1.123270004589837470e+02 8.291731782246205995e+00
1.102658565083850988e+02 7.841348830944026460e+00
1.082047125577864648e+02 1.084403186132217378e+01
1.061435686071878166e+02 5.782679534572726432e+00
1.040824246565891826e+02 5.111712775657716534e+00
1.020212807059905487e+02 9.644170197151659352e+00
9.996013675539190046e+01 9.019135995717963539e+00
9.789899280479326649e+01 6.217932088007393610e+00
9.583784885419461830e+01 8.507181748042452085e+00
9.377670490359598432e+01 6.218129500034944357e+00
9.171556095299733613e+01 1.089282701955658084e+01
8.965441700239870215e+01 1.110463128758289209e+01
8.759327305180006817e+01 7.525428509492997797e+00
8.553212910120141999e+01 8.017641983635117597e+00
8.347098515060277180e+01 8.981791786210603590e+00
8.140984120000412361e+01 5.585244218903144819e+00
7.934869724940548963e+01 8.984789121683704138e+00
7.728755329880684144e+01 1.063259127981951835e+01
7.522640934820820746e+01 7.810993725191034187e+00
7.316526539760957348e+01 6.254666941073087294e+00
7.110412144701092529e+01 1.032821057577689139e+01
6.904297749641229132e+01 1.008056379163114080e+01
6.698183354581364313e+01 7.506427712808754649e+00
6.492068959521500915e+01 7.605138577106833608e+00
6.285954564461636807e+01 8.650453455930561475e+00
6.079840169401772698e+01 8.371055773336351535e+00
5.873725774341908590e+01 9.020103247014757741e+00
5.667611379282044481e+01 8.200311717271988599e+00
5.461496984222181084e+01 1.076505006223091598e+01
5.255382589162316265e+01 5.575978248576463514e+00
5.049268194102452156e+01 5.657160546168663373e+00
4.843153799042588048e+01 9.563906728782891165e+00
4.637039403982723940e+01 5.394020161941021740e+00
4.430925008922859831e+01 6.124776332547518187e+00
4.224810613862995723e+01 4.500429359577512223e+00
4.018696218803132325e+01 8.086724071874844100e+00
3.812581823743268217e+01 7.754775128810582174e+00
3.606467428683404108e+01 8.363951484001065140e+00
3.400353033623539289e+01 9.294334729396025452e+00
3.194238638563675536e+01 7.228926958145898141e+00
2.988124243503811428e+01 9.578419155743425506e+00
2.782009848443947320e+01 7.796781556377336386e+00
2.575895453384083211e+01 1.044143261071785034e+01
2.369781058324219458e+01 8.953664270321230134e+00
2.163666663264355705e+01 7.232918557136525983e+00
1.957552268204491241e+01 1.174895869874730359e+01
1.751437873144627133e+01 1.210860087957145836e+01
1.545323478084763202e+01 1.066274482970825765e+01
1.339209083024899272e+01 1.448464012804978296e+01
1.133094687965034986e+01 1.468826518679731308e+01
9.269802929051710549e+00 1.826129209149864963e+01
7.208658978453068578e+00 2.300053097027791793e+01
5.147515027854428382e+00 3.184946779850606902e+01
3.086371077255787299e+00 4.874609616623391872e+01
1.025227126657146881e+00 7.204344940408884668e+01
-1.035916823941494203e+00 7.390041495968698371e+01
-3.097060774540135064e+00 7.646009924498511623e+01
-5.158204725138776148e+00 7.957514868174615685e+01
-7.219348675737417231e+00 7.395519655784782742e+01
-9.280492626336057427e+00 7.938235802298581234e+01
-1.134163657693469851e+01 7.963789311129355042e+01
-1.340278052753333782e+01 7.743525915064577703e+01
-1.546392447813197890e+01 6.398927774700743498e+01
-1.752506842873061998e+01 5.442478801815192213e+01
-1.958621237932926107e+01 4.269152440120600289e+01
-2.164735632992790215e+01 3.693147258905459296e+01
-2.370850028052654324e+01 2.537515334152302060e+01
-2.576964423112518432e+01 3.085977812984222624e+01
-2.783078818172382896e+01 2.831972587417508436e+01
-2.989193213232247004e+01 3.254966141450159256e+01
-3.195307608292110757e+01 3.904849012865895475e+01
-3.401422003351974865e+01 4.005171657194603085e+01
-3.607536398411838974e+01 4.886253549245071781e+01
-3.813650793471703082e+01 5.223968724246503115e+01
-4.019765188531567190e+01 5.428733594660679529e+01
-4.225879583591430588e+01 5.685719171643246739e+01
-4.431993978651295407e+01 6.249186302610647203e+01
-4.638108373711159516e+01 6.021172044608473328e+01
-4.844222768771023624e+01 6.348602041673189689e+01
-5.050337163830887732e+01 6.290380257318116008e+01
-5.256451558890751841e+01 6.703240900200142960e+01
-5.462565953950615949e+01 6.922217966887617990e+01
-5.668680349010479347e+01 6.565608698396572152e+01
-5.874794744070343455e+01 6.780369403087463809e+01
-6.080909139130207564e+01 6.554195879714160355e+01
-6.287023534190072382e+01 5.763751229688055844e+01
-6.493137929249935780e+01 5.109623307031252892e+01
-6.699252324309799178e+01 4.348850836718814605e+01
-6.905366719369663997e+01 4.104550457521386875e+01
-7.111481114429527395e+01 3.615209231663109080e+01
-7.317595509489393635e+01 3.101069729347106474e+01
-7.523709904549257033e+01 2.592444605970038651e+01
-7.729824299609120430e+01 2.516136668534633358e+01
-7.935938694668985249e+01 2.787479931410850043e+01
-8.142053089728848647e+01 2.322491158401949107e+01
-8.348167484788713466e+01 2.220350388458645341e+01
-8.554281879848576864e+01 2.517990772283227585e+01
-8.760396274908441683e+01 2.170489208583044771e+01
-8.966510669968305081e+01 2.135320579040774192e+01
-9.172625065028168478e+01 2.127524503902525055e+01
-9.378739460088033297e+01 2.333738006635133289e+01
-9.584853855147896695e+01 2.467748496668153990e+01
-9.790968250207761514e+01 2.184335603775589263e+01
-9.997082645267624912e+01 2.095433960865186052e+01
-1.020319704032748973e+02 2.179277228227384811e+01
-1.040931143538735313e+02 1.592560194515609062e+01
-1.061542583044721653e+02 1.592707904318499779e+01
-1.082154022550708135e+02 1.381204811683831579e+01
-1.102765462056694616e+02 1.132227435440759677e+01
-1.123376901562681098e+02 1.017378782844484419e+01
-1.143988341068667438e+02 7.699915608878987960e+00
-1.164599780574653920e+02 7.640060351253536552e+00
-1.185211220080640260e+02 8.878434307739176745e+00
-1.205822659586626600e+02 7.678648602380931720e+00
-1.226434099092613081e+02 6.877440168464905135e+00
-1.247045538598599421e+02 6.463867582668585854e+00
-1.267656978104585903e+02 6.936878145494235426e+00
-1.288268417610572101e+02 -1.187071943602782564e+00
-1.308879857116558867e+02 4.489350333983337826e+00
-1.329491296622545065e+02 3.660294225878731211e+00
-1.350102736128531546e+02 4.850946224233438464e+00
-1.370714175634517744e+02 4.999495616507944717e+00
-1.391325615140504510e+02 5.553337212872803796e+00
-1.411937054646490708e+02 5.299406100569195033e+00
-1.432548494152477190e+02 2.307623210832504324e+00
-1.453159933658463387e+02 1.860450880702922971e+00
-1.473771373164449869e+02 4.878471567347153481e+00
-1.494382812670436351e+02 2.677681722849011070e+00
-1.514994252176422833e+02 4.304634107938839271e+00
-1.535605691682409031e+02 5.889882667245953662e+00
-1.556217131188395513e+02 4.176700956782811502e+00
-1.576828570694381995e+02 5.460898662916184421e+00
-1.597440010200368476e+02 6.671711625869662932e+00
-1.618051449706354674e+02 1.269787192389107977e+00
-1.638662889212341156e+02 4.540358491683453401e+00
-1.659274328718327354e+02 2.224459457637038007e+00
-1.679885768224314120e+02 3.351723414522866928e+00
-1.700497207730300602e+02 3.738935220824654682e+00
-1.721108647236286799e+02 2.324769405821581980e+00
-1.741720086742273281e+02 6.471231537812021983e+00
-1.762331526248259479e+02 1.754836786914355740e+00
-1.782942965754246245e+02 2.876980820170937037e+00
-1.803554405260232443e+02 6.032561610790043716e+00
-1.824165844766218925e+02 2.502152689699773447e+00
-1.844777284272205122e+02 3.600532425647084089e+00
-1.865388723778191604e+02 5.187639666898326674e+00
-1.886000163284178086e+02 2.130514830847184182e+00
-1.906611602790164568e+02 5.320607971501522648e+00
-1.927223042296150766e+02 3.648287528568986637e+00
-1.947834481802137248e+02 2.140828064589291202e+00
-1.968445921308123729e+02 3.197445170074083354e+00
-1.989057360814110211e+02 1.445299218112448880e+00
-2.009668800320096409e+02 2.704140800207858852e+00
-2.030280239826082891e+02 5.267620915987178520e+00
-2.050891679332069089e+02 2.503954307508633015e+00
-2.071503118838055855e+02 4.192362090098405325e+00
-2.092114558344042337e+02 2.664936595866069791e+00
-2.112725997850028534e+02 4.777495751549051484e+00
-2.133337437356015016e+02 3.267521020945854282e+00
-2.153948876862001214e+02 4.332518676848196471e+00
-2.174560316367987980e+02 3.048121988735280397e+00
-2.195171755873974178e+02 2.075608729093283422e+00
-2.215783195379960659e+02 1.174290245601476768e+00
-2.236394634885946857e+02 1.606541135181679403e+00
-2.257006074391933623e+02 4.257274454577011369e+00
-2.277617513897919821e+02 8.619266013231454693e-01
-2.298228953403906303e+02 1.589752503176774301e+00
-2.318840392909892500e+02 2.288281307042608681e+00
-2.339451832415878982e+02 1.872724507958436702e+00
-2.360063271921865464e+02 2.902318195091666109e+00
-2.380674711427851946e+02 -7.680036410561963400e-01
-2.401286150933838144e+02 3.145066590278857155e-01
-2.421897590439824626e+02 1.999696578791247292e+00
-2.442509029945810823e+02 5.112220012905305033e+00
-2.463120469451797589e+02 1.431524655992286954e+00
-2.483731908957784071e+02 3.858975799191362466e+00
-2.504343348463770269e+02 2.064580697355020256e+00
-2.524954787969756751e+02 5.330638520597097418e-01
-2.545566227475743233e+02 5.636916838769087335e+00
-2.566177666981729431e+02 3.697903739530656431e+00
-2.586789106487715912e+02 3.539504502278361997e+00
