2.627160696332455245e+02 2.996619190610620986e+00
2.606549256826468763e+02 7.658828432980937961e+00
2.585937817320482282e+02 7.130889616865580649e+00
2.565326377814495800e+02 8.148867989047767324e+00
2.544714938308509602e+02 6.989378219518244784e+00
2.524103498802523120e+02 7.452631461715480299e+00
2.503492059296536638e+02 7.112170227319755789e+00
2.482880619790550440e+02 7.875056597815654591e+00
2.462269180284563959e+02 7.455488835942046144e+00
2.441657740778577192e+02 9.722101248882159652e+00
2.421046301272590995e+02 7.048678718039960600e+00
2.400434861766604513e+02 8.863988747790244815e+00
2.379823422260618315e+02 8.631308638052308524e+00
2.359211982754631833e+02 8.556883753126790282e+00
2.338600543248645351e+02 1.005952456168685138e+01
2.317989103742658870e+02 8.328681790029055065e+00
2.297377664236672672e+02 9.692433787492680253e+00
2.276766224730686190e+02 8.959598928643195848e+00
2.256154785224699992e+02 1.087043198541807421e+01
2.235543345718713226e+02 1.082376921968787187e+01
2.214931906212727029e+02 9.753186729647028486e+00
2.194320466706740547e+02 9.494726074933293347e+00
2.173709027200754349e+02 7.449082162363218629e+00
2.153097587694767867e+02 9.778891633108012016e+00
2.132486148188781385e+02 9.688785822406826398e+00
2.111874708682794903e+02 9.707065036338807573e+00
2.091263269176808706e+02 9.097054296559447195e+00
2.070651829670822224e+02 1.042310119601093632e+01
2.050040390164835458e+02 9.346134529384551470e+00
2.029428950658849260e+02 1.043938552419378851e+01
2.008817511152862778e+02 1.045805752711922842e+01
1.988206071646876580e+02 9.472331063229077586e+00
1.967594632140890099e+02 9.453759688691512508e+00
1.946983192634903617e+02 9.505741480231369778e+00
1.926371753128917135e+02 9.507797559326926162e+00
1.905760313622930937e+02 1.179349047615937529e+01
1.885148874116944455e+02 8.834731758419628989e+00
1.864537434610958258e+02 8.668610207392505984e+00
1.843925995104971491e+02 1.056054390998802894e+01
1.823314555598985294e+02 1.010303810805696223e+01
1.802703116092998812e+02 1.069206888226620578e+01
1.782091676587012614e+02 1.038193182288454075e+01
1.761480237081025848e+02 1.105248200054310992e+01
1.740868797575039650e+02 1.115893152139913802e+01
1.720257358069053168e+02 1.115902102565665110e+01
1.699645918563066971e+02 1.040645959668445641e+01
1.679034479057080489e+02 1.115621109140728073e+01
1.658423039551093723e+02 1.075449628855493600e+01
1.637811600045107525e+02 1.011754570292109001e+01
1.617200160539121043e+02 1.037997559642234258e+01
1.596588721033134846e+02 9.033465415777001795e+00
1.575977281527148364e+02 1.047820552271749861e+01
1.555365842021161882e+02 1.000365704207155559e+01
1.534754402515175400e+02 1.088854136759286284e+01
1.514142963009189202e+02 9.713949242841716014e+00
1.493531523503202720e+02 9.537301674120334027e+00
1.472920083997216238e+02 8.972724693035106114e+00
1.452308644491229757e+02 1.036174344091299915e+01
1.431697204985243559e+02 1.061669241802372632e+01
1.411085765479257077e+02 1.134559777932778246e+01
1.390474325973270879e+02 1.119627350553884604e+01
1.369862886467284113e+02 9.482224145464925869e+00
1.349251446961297916e+02 9.219177838133479241e+00
1.328640007455311434e+02 9.352566919755981090e+00
1.308028567949325236e+02 9.629615077134246803e+00
1.287417128443338754e+02 1.017004426793636895e+01
1.266805688937352272e+02 8.406366232050773490e+00
1.246194249431365790e+02 9.650754367239901654e+00
1.225582809925379451e+02 1.164639392586140154e+01
1.204971370419392969e+02 9.404792199829469013e+00
1.184359930913406629e+02 9.323396036419392630e+00
1.163748491407420289e+02 8.500537576799304773e+00
1.143137051901433807e+02 9.850790473846556594e+00
1.122525612395447467e+02 1.026848795724620977e+01
1.101914172889460986e+02 9.784658459412021614e+00
1.081302733383474504e+02 8.327740032499487910e+00
1.060691293877488022e+02 9.064181191407810090e+00
1.040079854371501682e+02 9.928478975212609470e+00
1.019468414865515342e+02 1.039356875562858740e+01
9.988569753595288603e+01 9.944100606929380248e+00
9.782455358535426626e+01 9.560662494353426410e+00
9.576340963475561807e+01 9.245836929399418480e+00
9.370226568415698409e+01 8.702655901652175174e+00
9.164112173355833590e+01 1.023843057913150290e+01
8.957997778295970193e+01 1.104101046088109150e+01
8.751883383236105374e+01 1.125735283227420780e+01
8.545768988176241976e+01 9.623983448733152812e+00
8.339654593116378578e+01 8.678750182568325755e+00
8.133540198056513759e+01 9.875069770838305061e+00
7.927425802996650361e+01 8.463224603538748170e+00
7.721311407936785542e+01 1.086727395582881961e+01
7.515197012876922145e+01 1.043957526901590960e+01
7.309082617817057326e+01 8.140593732944319427e+00
7.102968222757193928e+01 9.437241858705759157e+00
6.896853827697330530e+01 8.674988730086829136e+00
6.690739432637464290e+01 8.596540673228460605e+00
6.484625037577600892e+01 1.022616404254413247e+01
6.278510642517737494e+01 9.789517535482509913e+00
6.072396247457873386e+01 7.264811924210722083e+00
5.866281852398008567e+01 1.044339839476802112e+01
5.660167457338144459e+01 9.893782082354908525e+00
5.454053062278280350e+01 8.454969832172636757e+00
5.247938667218416242e+01 9.500059764705778065e+00
5.041824272158552134e+01 8.632506773596695382e+00
4.835709877098688736e+01 8.820598130205882015e+00
4.629595482038824628e+01 9.263163490090921215e+00
4.423481086978960519e+01 9.691272287605761093e+00
4.217366691919096411e+01 1.009825239541830300e+01
4.011252296859232302e+01 8.906835066060708073e+00
3.805137901799367484e+01 9.907007744968192142e+00
3.599023506739503375e+01 1.015987220968666627e+01
3.392909111679639977e+01 1.027813239579270643e+01
3.186794716619775869e+01 8.772351762232524663e+00
2.980680321559911761e+01 9.365820991161321274e+00
2.774565926500047652e+01 1.009629270818076918e+01
2.568451531440183544e+01 1.055655389619295370e+01
2.362337136380319436e+01 1.067014041172487282e+01
2.156222741320455327e+01 9.992201322883055070e+00
1.950108346260591219e+01 9.669994241922493572e+00
1.743993951200727466e+01 1.130106153363898969e+01
1.537879556140863180e+01 1.256910660334354191e+01
1.331765161080998894e+01 1.519106475191494532e+01
1.125650766021134963e+01 1.482769120166510746e+01
9.195363709612710323e+00 2.006335144924440783e+01
7.134219759014068352e+00 2.686159802226956828e+01
5.073075808415427268e+00 3.140378103667644183e+01
3.011931857816786184e+00 4.463165209921893251e+01
9.507879072181456559e-01 5.817865414123337331e+01
-1.110356043380495095e+00 6.853146770365198392e+01
-3.171499993979136178e+00 7.429080549932596966e+01
-5.232643944577777262e+00 7.091569115625088671e+01
-7.293787895176417457e+00 6.463512279529528826e+01
-9.354931845775057653e+00 6.002912898044598933e+01
-1.141607579637369874e+01 5.111823361399311239e+01
-1.347721974697233982e+01 4.558636540361528944e+01
-1.553836369757097913e+01 3.836594205061361862e+01
-1.759950764816962021e+01 3.360976044747948066e+01
-1.966065159876826129e+01 3.150674038321941595e+01
-2.172179554936690238e+01 2.798460407702924968e+01
-2.378293949996554346e+01 2.790618596639173177e+01
-2.584408345056418455e+01 2.655816853750975426e+01
-2.790522740116282563e+01 2.680506612241088149e+01
-2.996637135176146316e+01 2.848716192410727999e+01
-3.202751530236010780e+01 3.245542820865041023e+01
-3.408865925295874177e+01 3.603487601240672689e+01
-3.614980320355738286e+01 4.100452700527961269e+01
-3.821094715415603105e+01 4.382569922330353052e+01
-4.027209110475467213e+01 4.680121804701085608e+01
-4.233323505535331321e+01 5.358950782587359640e+01
-4.439437900595195430e+01 5.484625658218247679e+01
-4.645552295655059538e+01 5.271025744126267654e+01
-4.851666690714922936e+01 5.109405693478984745e+01
-5.057781085774787044e+01 4.746605577507249762e+01
-5.263895480834651153e+01 4.354003654840145998e+01
-5.470009875894515261e+01 3.785971724654709902e+01
-5.676124270954380080e+01 3.298251478002517700e+01
-5.882238666014244188e+01 2.874861936255493333e+01
-6.088353061074108297e+01 2.828382115258732910e+01
-6.294467456133971694e+01 2.793149191740625525e+01
-6.500581851193835803e+01 2.459310915412279286e+01
-6.706696246253700622e+01 2.213664885596886123e+01
-6.912810641313564020e+01 2.155352326911275540e+01
-7.118925036373427417e+01 1.917720376862686749e+01
-7.325039431433292236e+01 1.681670533507393017e+01
-7.531153826493155634e+01 1.581631674376061802e+01
-7.737268221553020453e+01 1.367386288433495523e+01
-7.943382616612883851e+01 1.325852361153570058e+01
-8.149497011672748670e+01 1.174351515470371154e+01
-8.355611406732612068e+01 9.622879924786950312e+00
-8.561725801792475465e+01 9.122500648630872178e+00
-8.767840196852341705e+01 1.123746930219182794e+01
-8.973954591912205103e+01 9.927193936633267768e+00
-9.180068986972069922e+01 9.517187356273113963e+00
-9.386183382031933320e+01 1.007115560575619462e+01
-9.592297777091796718e+01 9.538938558285826375e+00
-9.798412172151661537e+01 1.028607390533346866e+01
-1.000452656721152636e+02 1.108754722417826066e+01
-1.021064096227139117e+02 1.093955330102938461e+01
-1.041675535733125457e+02 1.004602129536085009e+01
-1.062286975239111797e+02 8.811263926148068748e+00
-1.082898414745098279e+02 8.270661283002903374e+00
-1.103509854251084619e+02 7.949082699045056266e+00
-1.124121293757071101e+02 6.374451542803154069e+00
-1.144732733263057440e+02 5.962735016598664117e+00
-1.165344172769043780e+02 7.413525643400148191e+00
-1.185955612275030262e+02 6.692779195395474723e+00
-1.206567051781016602e+02 5.750926435127896141e+00
-1.227178491287003084e+02 6.960707659828400118e+00
-1.247789930792989566e+02 7.673060372679524122e+00
-1.268401370298976047e+02 5.920307078675252299e+00
-1.289012809804962387e+02 5.890170302799159430e+00
-1.309624249310948585e+02 7.111143628861531063e+00
-1.330235688816935067e+02 5.329443660267133787e+00
-1.350847128322921549e+02 5.235494637050134514e+00
-1.371458567828908031e+02 5.366672534187376442e+00
-1.392070007334894228e+02 4.975938044917441516e+00
-1.412681446840880710e+02 4.802191039191282762e+00
-1.433292886346867476e+02 4.680300363592261981e+00
-1.453904325852853674e+02 3.368718375007302424e+00
-1.474515765358840156e+02 5.890776117890286656e+00
-1.495127204864826354e+02 3.483824036727234397e+00
-1.515738644370812835e+02 4.472223274482081123e+00
-1.536350083876799317e+02 5.197032317446890204e+00
-1.556961523382785799e+02 5.469327645959037199e+00
-1.577572962888771997e+02 3.642573381480332717e+00
-1.598184402394758479e+02 5.289018891945132417e+00
-1.618795841900744676e+02 4.222613528640116520e+00
-1.639407281406731443e+02 3.732199444425623902e+00
-1.660018720912717640e+02 3.256952326622366112e+00
-1.680630160418704122e+02 3.309025411410256190e+00
-1.701241599924690320e+02 4.288430647967419240e+00
-1.721853039430676802e+02 4.247198902378586105e+00
-1.742464478936663284e+02 3.937123108537157634e+00
-1.763075918442649765e+02 3.163156916599661805e+00
-1.783687357948635963e+02 3.418665905908463198e+00
-1.804298797454622445e+02 4.039946754142757612e+00
-1.824910236960609211e+02 4.334651465739108644e+00
-1.845521676466595409e+02 3.484070462209468033e+00
-1.866133115972581891e+02 2.612387540599425240e+00
-1.886744555478568088e+02 2.502633267943365603e+00
-1.907355994984554570e+02 3.474089391878061317e+00
-1.927967434490541052e+02 3.154635618651382867e+00
-1.948578873996527534e+02 1.361043237242455906e+00
-1.969190313502513732e+02 2.477631553055095637e+00
-1.989801753008500214e+02 3.080748259366187458e+00
-2.010413192514486411e+02 3.700475281125002347e+00
-2.031024632020473177e+02 3.561439075263192144e+00
-2.051636071526459375e+02 5.572179444784868707e+00
-2.072247511032445857e+02 3.970181114770214403e+00
-2.092858950538432055e+02 3.384525574239742429e+00
-2.113470390044418821e+02 2.082590104070056736e+00
-2.134081829550405018e+02 1.838195551545274586e+00
-2.154693269056391500e+02 2.929535492354727211e+00
-2.175304708562377698e+02 4.620247305618057077e+00
-2.195916148068364180e+02 2.581932126551374829e+00
-2.216527587574350946e+02 2.885583464817157218e+00
-2.237139027080337144e+02 3.735464776770222706e+00
-2.257750466586323626e+02 3.749598630628760088e+00
-2.278361906092309823e+02 3.933787780354091712e+00
-2.298973345598296305e+02 2.303423391549323629e+00
-2.319584785104282787e+02 3.217269353499561557e+00
-2.340196224610269269e+02 4.736804447154842279e+00
-2.360807664116255467e+02 3.978375992983942844e+00
-2.381419103622241948e+02 4.456765720092620064e+00
-2.402030543128228430e+02 4.228490703341608814e+00
-2.422641982634214912e+02 2.654154663330503539e+00
-2.443253422140201110e+02 3.517245513440319549e+00
-2.463864861646187592e+02 2.912237575177570648e+00
-2.484476301152173789e+02 2.833125428764346587e+00
-2.505087740658160556e+02 3.041810484957513605e+00
-2.525699180164146753e+02 4.926666254346868890e+00
-2.546310619670133235e+02 4.236541422645108135e+00
-2.566922059176119433e+02 4.691270844889536384e+00
-2.587533498682105915e+02 3.503419105377152398e+00
-2.608144938188092397e+02 5.292167755457215073e+00
-2.628756377694078878e+02 6.206055992730424187e+00
