2.631190737412077283e+02 9.879092209294862981e-01
2.610579297906090801e+02 4.248048087921409532e+00
2.589967858400104319e+02 3.225862862483101168e+00
2.569356418894117837e+02 5.504650438997232165e+00
2.548744979388131640e+02 4.846807376613659457e+00
2.528133539882145158e+02 5.615023734774115205e+00
2.507522100376158676e+02 5.940164835954517386e+00
2.486910660870172194e+02 5.073399309033666427e+00
2.466299221364185712e+02 5.528239094613625504e+00
2.445687781858199514e+02 6.856137081596725302e+00
2.425076342352212748e+02 5.586034402751042016e+00
2.404464902846226551e+02 6.289816493675603581e+00
2.383853463340240069e+02 8.661997082192032238e+00
2.363242023834253871e+02 7.584095458002114931e+00
2.342630584328267389e+02 8.842959355043081615e+00
2.322019144822280907e+02 7.791483059745756279e+00
2.301407705316294425e+02 8.971308337382437159e+00
2.280796265810308228e+02 7.903981260907915640e+00
2.260184826304321746e+02 6.972148930139964840e+00
2.239573386798335548e+02 7.590620237657637936e+00
2.218961947292348782e+02 6.811788144572574311e+00
2.198350507786362584e+02 7.798738086652805102e+00
2.177739068280376102e+02 6.785723121935841817e+00
2.157127628774389905e+02 8.408238767907205258e+00
2.136516189268403139e+02 6.377335403100154565e+00
2.115904749762416941e+02 7.552736153630684512e+00
2.095293310256430459e+02 9.267929979078097347e+00
2.074681870750443977e+02 8.289187409819685826e+00
2.054070431244457779e+02 8.917199946019042756e+00
2.033458991738471013e+02 7.086281037930893589e+00
2.012847552232484816e+02 1.009940945708042648e+01
1.992236112726498334e+02 8.633288500480464478e+00
1.971624673220511852e+02 5.877202664131456977e+00
1.951013233714525370e+02 6.581373386519094204e+00
1.930401794208539172e+02 8.640921323589958902e+00
1.909790354702552406e+02 8.508453244664726967e+00
1.889178915196566209e+02 8.576660513054729762e+00
1.868567475690579727e+02 8.922751418935902734e+00
1.847956036184593529e+02 9.067405529939351894e+00
1.827344596678607047e+02 7.727285177957386786e+00
1.806733157172620565e+02 8.598886156815558124e+00
1.786121717666634083e+02 8.110243534726006231e+00
1.765510278160647886e+02 9.615467165503865488e+00
1.744898838654661404e+02 6.768263803363883113e+00
1.724287399148674638e+02 8.009586166593756218e+00
1.703675959642688440e+02 6.954243739964440785e+00
1.683064520136701958e+02 9.537565254230353062e+00
1.662453080630715760e+02 1.085987034788984218e+01
1.641841641124729279e+02 6.547392792750820867e+00
1.621230201618742797e+02 8.489687769520376293e+00
1.600618762112756315e+02 1.010836123130095920e+01
1.580007322606770117e+02 9.815687083860300532e+00
1.559395883100783635e+02 7.381966573159798983e+00
1.538784443594797438e+02 9.473022773936865093e+00
1.518173004088810671e+02 9.198428853536716687e+00
1.497561564582824474e+02 7.312072999952758501e+00
1.476950125076837992e+02 8.780353013627918202e+00
1.456338685570851794e+02 8.980300329571379692e+00
1.435727246064865028e+02 7.732804270571637772e+00
1.415115806558878830e+02 9.226575718321683439e+00
1.394504367052892349e+02 9.937540042462011058e+00
1.373892927546906151e+02 8.431149502067142976e+00
1.353281488040919669e+02 8.304232652340891363e+00
1.332670048534932903e+02 7.742220052764865024e+00
1.312058609028946705e+02 9.708263069264628342e+00
1.291447169522960223e+02 8.126770781592355775e+00
1.270835730016974026e+02 6.220489856484663349e+00
1.250224290510987544e+02 8.681244665505722935e+00
1.229612851005001204e+02 8.756565068846510869e+00
1.209001411499014722e+02 7.989295801104570494e+00
1.188389971993028382e+02 7.848444063387492342e+00
1.167778532487041900e+02 7.717293620026658196e+00
1.147167092981055561e+02 6.006145180340266343e+00
1.126555653475069079e+02 8.289452912044712463e+00
1.105944213969082597e+02 8.932605449527216024e+00
1.085332774463096257e+02 8.321195328782346579e+00
1.064721334957109775e+02 6.886379394130428544e+00
1.044109895451123435e+02 6.030404577065721305e+00
1.023498455945136953e+02 8.733050073960649584e+00
1.002887016439150614e+02 8.943283432121557297e+00
9.822755769331642739e+01 9.067943063843181051e+00
9.616641374271777920e+01 7.991036286254392884e+00
9.410526979211914522e+01 9.125552744544055628e+00
9.204412584152049703e+01 8.196384600491070316e+00
8.998298189092186306e+01 7.016809095011513620e+00
8.792183794032321487e+01 6.833178573120460619e+00
8.586069398972458089e+01 9.037614385526115512e+00
8.379955003912594691e+01 7.932218957508343493e+00
8.173840608852729872e+01 5.927947079995990798e+00
7.967726213792866474e+01 7.444492784294208576e+00
7.761611818733001655e+01 8.284887360899670483e+00
7.555497423673136836e+01 8.390054350229133817e+00
7.349383028613273439e+01 7.996994981685171311e+00
7.143268633553408620e+01 7.649168632511726074e+00
6.937154238493545222e+01 7.999622143401265539e+00
6.731039843433680403e+01 8.090558533908005501e+00
6.524925448373817005e+01 7.787541451844730567e+00
6.318811053313952897e+01 6.975786588891603301e+00
6.112696658254088788e+01 6.807228936522368379e+00
5.906582263194224680e+01 7.615189416726336979e+00
5.700467868134360572e+01 7.613719507881462789e+00
5.494353473074496463e+01 7.804169289974848489e+00
5.288239078014633066e+01 6.635193755574009700e+00
5.082124682954768957e+01 8.098111896344484251e+00
4.876010287894905559e+01 8.118538318224780781e+00
4.669895892835041451e+01 7.941554164640028723e+00
4.463781497775176632e+01 6.758652285469945120e+00
4.257667102715312524e+01 7.496817987123383986e+00
4.051552707655448415e+01 7.661354501336372635e+00
3.845438312595584307e+01 6.485759760232133075e+00
3.639323917535720199e+01 7.405560419021282925e+00
3.433209522475856801e+01 6.482858787618433816e+00
3.227095127415992692e+01 5.172948561700553505e+00
3.020980732356128229e+01 8.300625062874956939e+00
2.814866337296264120e+01 6.658186247531813429e+00
2.608751942236400012e+01 9.150051271310790213e+00
2.402637547176536259e+01 9.089185729370775846e+00
2.196523152116671795e+01 6.983514839875248015e+00
1.990408757056807687e+01 9.019121334930575884e+00
1.784294361996943934e+01 8.844111818170887318e+00
1.578179966937079826e+01 9.996183229255409586e+00
1.372065571877215540e+01 1.072777010178318413e+01
1.165951176817351609e+01 1.046306069328306876e+01
9.598367817574875005e+00 1.462534780110519961e+01
7.537223866976233921e+00 1.680333422395395360e+01
5.476079916377593726e+00 2.441610380995743412e+01
3.414935965778952642e+00 3.768755833316732407e+01
1.353792015180311559e+00 5.421680681681280589e+01
-7.073519354183290808e-01 5.983613361132220376e+01
-2.768495886016970164e+00 6.401209342192940710e+01
-4.829639836615609916e+00 6.378561727361047673e+01
-6.890783787214250999e+00 6.583134461457001407e+01
-8.951927737812891195e+00 6.782165692383377120e+01
-1.101307168841153228e+01 6.609462965817233737e+01
-1.307421563901017336e+01 6.288713405985618010e+01
-1.513535958960881445e+01 5.682260133519483958e+01
-1.719650354020745553e+01 5.526167047178487479e+01
-1.925764749080609661e+01 4.583280129575179984e+01
-2.131879144140473770e+01 3.928118456464285657e+01
-2.337993539200337523e+01 3.271596542191917933e+01
-2.544107934260201631e+01 2.815044009739298403e+01
-2.750222329320066095e+01 2.595543551622584033e+01
-2.956336724379930203e+01 2.326378364022754042e+01
-3.162451119439793956e+01 2.597818583251613944e+01
-3.368565514499658065e+01 2.834823729976438855e+01
-3.574679909559522173e+01 3.039330608162288527e+01
-3.780794304619386281e+01 3.128127058946790484e+01
-3.986908699679250390e+01 3.291585712414036635e+01
-4.193023094739114498e+01 3.375527771011428513e+01
-4.399137489798978606e+01 3.532833499559486512e+01
-4.605251884858842715e+01 3.443946496927480894e+01
-4.811366279918706113e+01 3.233067476487619984e+01
-5.017480674978571642e+01 3.107398021556054601e+01
-5.223595070038435750e+01 3.148771544011335166e+01
-5.429709465098299859e+01 2.933183762301189645e+01
-5.635823860158163967e+01 2.862801398283568588e+01
-5.841938255218027365e+01 2.661272495444659825e+01
-6.048052650277891473e+01 2.396566809788088648e+01
-6.254167045337755582e+01 2.261445979796274841e+01
-6.460281440397619690e+01 1.992909496246724999e+01
-6.666395835457483088e+01 1.950933842782533034e+01
-6.872510230517347907e+01 1.561521551308558209e+01
-7.078624625577211305e+01 1.421945575653182203e+01
-7.284739020637076123e+01 1.383559333726629248e+01
-7.490853415696939521e+01 1.440509723856568236e+01
-7.696967810756804340e+01 1.382741064384462248e+01
-7.903082205816667738e+01 1.182981104586072441e+01
-8.109196600876532557e+01 1.214365968844148469e+01
-8.315310995936397376e+01 1.292748235932852197e+01
-8.521425390996260774e+01 1.088934836945372631e+01
-8.727539786056125592e+01 1.017560705689226808e+01
-8.933654181115988990e+01 1.113634082028274896e+01
-9.139768576175853809e+01 1.050453209531658239e+01
-9.345882971235717207e+01 9.685406323076373170e+00
-9.551997366295580605e+01 1.003237840456907293e+01
-9.758111761355445424e+01 8.109851935341309215e+00
-9.964226156415308822e+01 8.633837981346108137e+00
-1.017034055147517364e+02 6.996637012983208948e+00
-1.037645494653503704e+02 7.901277704871159990e+00
-1.058256934159490186e+02 6.883274810255642251e+00
-1.078868373665476526e+02 4.753256393788194423e+00
-1.099479813171462865e+02 4.761404924862518762e+00
-1.120091252677449347e+02 4.780051494254186295e+00
-1.140702692183435687e+02 3.434385048989379907e+00
-1.161314131689422169e+02 2.864814871703479593e+00
-1.181925571195408651e+02 4.511472388246083653e+00
-1.202537010701394991e+02 3.695283145623053489e+00
-1.223148450207381472e+02 3.085314045498033675e+00
-1.243759889713367812e+02 3.617941944989972569e+00
-1.264371329219354294e+02 3.657990181438012911e+00
-1.284982768725340634e+02 2.686866215299590799e+00
-1.305594208231327116e+02 3.470555841386859353e+00
-1.326205647737313313e+02 4.019140562170249176e+00
-1.346817087243299795e+02 2.120960214986398640e+00
-1.367428526749285993e+02 4.617822851698198505e+00
-1.388039966255272759e+02 2.976050130899228652e+00
-1.408651405761259241e+02 2.146004822240494381e+00
-1.429262845267245439e+02 3.408360176967289767e+00
-1.449874284773231921e+02 1.412661254077597350e+00
-1.470485724279218402e+02 1.349066800250831033e+00
-1.491097163785204884e+02 3.325125156238226243e+00
-1.511708603291191082e+02 2.043807208307134804e+00
-1.532320042797177564e+02 1.942275848476689326e+00
-1.552931482303163762e+02 3.561420322761991386e+00
-1.573542921809150528e+02 2.601185556039425251e+00
-1.594154361315136725e+02 4.492740409707529636e+00
-1.614765800821123207e+02 3.628036655122597320e+00
-1.635377240327109405e+02 1.245154939089864188e+00
-1.655988679833095887e+02 2.649242133733509252e+00
-1.676600119339082369e+02 3.397766835982064748e+00
-1.697211558845068851e+02 2.061305127632604872e+00
-1.717822998351055048e+02 1.207986915552170748e+00
-1.738434437857041530e+02 1.577331242971569347e+00
-1.759045877363027728e+02 1.623651812644171910e+00
-1.779657316869014494e+02 1.372775569611651481e+00
-1.800268756375000976e+02 1.992094909873311614e+00
-1.820880195880987173e+02 2.265515632148551450e+00
-1.841491635386973655e+02 1.026581373257920315e+00
-1.862103074892960137e+02 1.049485365919399671e+00
-1.882714514398946619e+02 2.429838567741014810e+00
-1.903325953904932817e+02 1.797545749015182270e+00
-1.923937393410919299e+02 2.113156799581249690e+00
-1.944548832916905496e+02 3.016703003735922817e+00
-1.965160272422892263e+02 4.573353473245369005e-01
-1.985771711928878176e+02 -1.330055929018929550e-01
-2.006383151434864658e+02 6.186572378765180513e-01
-2.026994590940850856e+02 1.383448709175361779e+00
-2.047606030446837622e+02 1.846672920691400543e+00
-2.068217469952823819e+02 1.890023648522265898e+00
-2.088828909458810301e+02 1.412693649368759408e+00
-2.109440348964796499e+02 2.917540960325934574e+00
-2.130051788470783265e+02 1.675709668139178099e+00
-2.150663227976769463e+02 6.811523500880637405e-01
-2.171274667482755945e+02 2.380432656973483496e+00
-2.191886106988742426e+02 9.323366612787112873e-01
-2.212497546494728624e+02 9.308770956893847037e-01
-2.233108986000715390e+02 1.044121338881403460e+00
-2.253720425506701588e+02 2.929313834106447523e+00
-2.274331865012688070e+02 2.028744808689333379e+00
-2.294943304518674267e+02 -3.896805280784750858e-01
-2.315554744024660749e+02 1.879303585298436108e+00
-2.336166183530647231e+02 1.425967120727184678e+00
-2.356777623036633713e+02 1.968773671878681686e+00
-2.377389062542619911e+02 7.147556064265703224e-01
-2.398000502048606393e+02 2.078982640801201320e+00
-2.418611941554592875e+02 1.497801765819674946e+00
-2.439223381060579356e+02 1.833620111036409428e+00
-2.459834820566565554e+02 1.017356489073252490e+00
-2.480446260072552036e+02 7.130782147246206293e-01
-2.501057699578538234e+02 3.650975575391852246e+00
-2.521669139084525000e+02 1.540524553377463857e+00
-2.542280578590511197e+02 2.914043747686900332e+00
-2.562892018096497964e+02 2.753180203963242256e+00
-2.583503457602483877e+02 3.357021551436822904e+00
-2.604114897108470359e+02 1.250826516482175021e+00
-2.624726336614456841e+02 3.644388716467110712e+00
