2.669316661582495840e+02 3.022091571658375830e+00
2.648705222076509358e+02 7.905287251911591540e+00
2.628093782570523445e+02 7.077460420050437406e+00
2.607482343064536963e+02 6.058619909513978108e+00
2.586870903558550481e+02 4.914866948897731014e+00
2.566259464052563999e+02 6.306169382434954507e+00
2.545648024546577801e+02 6.643450767058989292e+00
2.525036585040591035e+02 9.685476763840147996e+00
2.504425145534604837e+02 6.637231634039930661e+00
2.483813706028618356e+02 6.450382436687656984e+00
2.463202266522632158e+02 7.629273155044985266e+00
2.442590827016645676e+02 9.177598329921051956e+00
2.421979387510658910e+02 7.443164281516175151e+00
2.401367948004672712e+02 7.249558142072207723e+00
2.380756508498686230e+02 1.014978148875410113e+01
2.360145068992700033e+02 9.733350526690665916e+00
2.339533629486713551e+02 9.433447084357263535e+00
2.318922189980727069e+02 1.025775199579434194e+01
2.298310750474740587e+02 7.628236943101173395e+00
2.277699310968754389e+02 7.381174560337750101e+00
2.257087871462767907e+02 9.815600933114284388e+00
2.236476431956781710e+02 1.054821253157053995e+01
2.215864992450794944e+02 6.677085301358418157e+00
2.195253552944808746e+02 7.627157577684988254e+00
2.174642113438822264e+02 9.292816635520491531e+00
2.154030673932836066e+02 8.721090819983940534e+00
2.133419234426849300e+02 9.921842068156056627e+00
2.112807794920863103e+02 9.148654704718255815e+00
2.092196355414876621e+02 8.947411736645397795e+00
2.071584915908890423e+02 1.033565524452074946e+01
2.050973476402903941e+02 8.914924586317571453e+00
2.030362036896917175e+02 7.054366026730728656e+00
2.009750597390930977e+02 7.247324500778312029e+00
1.989139157884944495e+02 1.059540354103196513e+01
1.968527718378958298e+02 9.326728218225964540e+00
1.947916278872971816e+02 8.893122252686758600e+00
1.927304839366985334e+02 9.368739854118089738e+00
1.906693399860998852e+02 8.582079595268380601e+00
1.886081960355012654e+02 8.163537030881906631e+00
1.865470520849026173e+02 8.148712938448932519e+00
1.844859081343039691e+02 9.113151673013943466e+00
1.824247641837053209e+02 1.051704555512727879e+01
1.803636202331067011e+02 9.033740660182044024e+00
1.783024762825080529e+02 8.453320610385592460e+00
1.762413323319094332e+02 9.287711822185325872e+00
1.741801883813107565e+02 8.350777427217391136e+00
1.721190444307121368e+02 1.177016905063916496e+01
1.700579004801134886e+02 1.121347510885653342e+01
1.679967565295148688e+02 8.524984340405726613e+00
1.659356125789162206e+02 1.240883821209258109e+01
1.638744686283175440e+02 9.146181247951673754e+00
1.618133246777189242e+02 8.983054116427206637e+00
1.597521807271202761e+02 8.750956861132461739e+00
1.576910367765216563e+02 9.743830004369801401e+00
1.556298928259229797e+02 9.579621166966283852e+00
1.535687488753243599e+02 1.000259316049946356e+01
1.515076049247257117e+02 1.055799459770640070e+01
1.494464609741270920e+02 1.128563386388386824e+01
1.473853170235284438e+02 1.080586211006453468e+01
1.453241730729297956e+02 9.827551408147989775e+00
1.432630291223311474e+02 9.576370506006487204e+00
1.412018851717325276e+02 9.764435252777229124e+00
1.391407412211338794e+02 9.867825072468818348e+00
1.370795972705352597e+02 1.024626127061566905e+01
1.350184533199365831e+02 1.066054746537391829e+01
1.329573093693379633e+02 1.051961172017720259e+01
1.308961654187393151e+02 1.230297786116579672e+01
1.288350214681406669e+02 1.027968155738003730e+01
1.267738775175420329e+02 8.071390131547826030e+00
1.247127335669433990e+02 1.078221325427739608e+01
1.226515896163447508e+02 1.098824536880505853e+01
1.205904456657461168e+02 1.154350001991922703e+01
1.185293017151474686e+02 8.455574196889509508e+00
1.164681577645488346e+02 9.855708958334272296e+00
1.144070138139501864e+02 9.868541988957572286e+00
1.123458698633515525e+02 1.400174294750213555e+01
1.102847259127529185e+02 9.147990415865336900e+00
1.082235819621542703e+02 9.522396066069413578e+00
1.061624380115556221e+02 1.006301159745765972e+01
1.041012940609569739e+02 9.049187800721297137e+00
1.020401501103583399e+02 1.046382467597615218e+01
9.997900615975970595e+01 8.508040464772097522e+00
9.791786220916105776e+01 1.208573927742049747e+01
9.585671825856242378e+01 8.795997049945377455e+00
9.379557430796377560e+01 1.040855127511035150e+01
9.173443035736514162e+01 9.906752750988539802e+00
8.967328640676649343e+01 8.742219702271951220e+00
8.761214245616785945e+01 1.149775276181245509e+01
8.555099850556922547e+01 1.091041151093392259e+01
8.348985455497057728e+01 9.345919881277385599e+00
8.142871060437194330e+01 9.070856077313306898e+00
7.936756665377329512e+01 1.169666944157233957e+01
7.730642270317466114e+01 1.124774813203976187e+01
7.524527875257601295e+01 8.851726491992405244e+00
7.318413480197737897e+01 8.568469722015981560e+00
7.112299085137874499e+01 8.608173217469806460e+00
6.906184690078009680e+01 9.531017619817236053e+00
6.700070295018144861e+01 8.346903527159085456e+00
6.493955899958281464e+01 1.089607560015128485e+01
6.287841504898417355e+01 1.121116066886610874e+01
6.081727109838553247e+01 9.416687153361234408e+00
5.875612714778689138e+01 7.293828223978441549e+00
5.669498319718824320e+01 9.598717244034713048e+00
5.463383924658960211e+01 8.861940419108000455e+00
5.257269529599096103e+01 1.086415917528754171e+01
5.051155134539232705e+01 1.091241049459588197e+01
4.845040739479368597e+01 6.901228402487209479e+00
4.638926344419504488e+01 1.065269013203668713e+01
4.432811949359640380e+01 8.767658533178044777e+00
4.226697554299776272e+01 8.267996628305441575e+00
4.020583159239912163e+01 1.022277546109040891e+01
3.814468764180047344e+01 1.054511866749301063e+01
3.608354369120183947e+01 1.043555598734565137e+01
3.402239974060319838e+01 1.021116851635246903e+01
3.196125579000455730e+01 1.149575248253717952e+01
2.990011183940591621e+01 9.982476772013825439e+00
2.783896788880727513e+01 9.435645908879072508e+00
2.577782393820863760e+01 1.160795616096701011e+01
2.371667998760999296e+01 1.014203220177244269e+01
2.165553603701135188e+01 1.312290160012056006e+01
1.959439208641271435e+01 9.513175688631431370e+00
1.753324813581407327e+01 1.298690154146011722e+01
1.547210418521543041e+01 1.389202320290184645e+01
1.341096023461679110e+01 1.294222501468835240e+01
1.134981628401815001e+01 1.440384772712541661e+01
9.288672333419510707e+00 1.838091334100112562e+01
7.227528382820869624e+00 2.833469907194399440e+01
5.166384432222228540e+00 4.380391045972496755e+01
3.105240481623587456e+00 6.134546452520462623e+01
1.044096531024946817e+00 8.241385863007026558e+01
-1.017047419573693823e+00 8.985699905055273007e+01
-3.078191370172334906e+00 9.221573404937842611e+01
-5.139335320770975102e+00 8.977002558202823934e+01
-7.200479271369615297e+00 8.373768822306722370e+01
-9.261623221968257269e+00 7.833299882940538339e+01
-1.132276717256689658e+01 7.696494021127803364e+01
-1.338391112316553944e+01 7.900267884984225475e+01
-1.544505507376418052e+01 7.203685159760756562e+01
-1.750619902436282160e+01 6.359928086539773062e+01
-1.956734297496146269e+01 5.640454973891055346e+01
-2.162848692556010022e+01 5.234567404163657045e+01
-2.368963087615874130e+01 4.822463570991384074e+01
-2.575077482675738594e+01 4.919227484319898025e+01
-2.781191877735602702e+01 5.182593046031301043e+01
-2.987306272795466455e+01 5.758394539081847796e+01
-3.193420667855330564e+01 6.526412181668261780e+01
-3.399535062915194317e+01 6.991799145974749763e+01
-3.605649457975058425e+01 7.772741576926954110e+01
-3.811763853034922533e+01 8.566043193539280765e+01
-4.017878248094787352e+01 8.963880829886103641e+01
-4.223992643154651461e+01 8.877236078199237568e+01
-4.430107038214515569e+01 8.637224651237775674e+01
-4.636221433274378967e+01 8.496333800054911478e+01
-4.842335828334243075e+01 8.355324919552840868e+01
-5.048450223394107184e+01 7.975319628552136919e+01
-5.254564618453971292e+01 7.522469849410005338e+01
-5.460679013513835400e+01 6.867401574267212538e+01
-5.666793408573699509e+01 6.178410395426669055e+01
-5.872907803633564328e+01 5.342976707432568162e+01
-6.079022198693427725e+01 4.365820689684081657e+01
-6.285136593753291834e+01 3.956817258568398188e+01
-6.491250988813155232e+01 3.497524196975120248e+01
-6.697365383873020050e+01 3.253673105430173251e+01
-6.903479778932883448e+01 2.911894079811721880e+01
-7.109594173992748267e+01 3.176006989405031788e+01
-7.315708569052611665e+01 3.156369023459895473e+01
-7.521822964112476484e+01 3.485456337427795859e+01
-7.727937359172339882e+01 3.331951664935176893e+01
-7.934051754232204701e+01 3.080943357815704431e+01
-8.140166149292068098e+01 2.764560293009970593e+01
-8.346280544351931496e+01 2.285713053257226335e+01
-8.552394939411796315e+01 2.206603047063441991e+01
-8.758509334471661134e+01 1.972457993881458904e+01
-8.964623729531525953e+01 2.300256386834677969e+01
-9.170738124591389351e+01 2.036472290996120904e+01
-9.376852519651252749e+01 1.857446281860463699e+01
-9.582966914711117568e+01 1.719203358962522543e+01
-9.789081309770980965e+01 1.456431708758196919e+01
-9.995195704830845784e+01 1.468017970468678079e+01
-1.020131009989070918e+02 1.281327257426900701e+01
-1.040742449495057400e+02 9.589343162411648080e+00
-1.061353889001043740e+02 6.520535739144357912e+00
-1.081965328507030080e+02 7.972305415420997576e+00
-1.102576768013016562e+02 7.383823343324010580e+00
-1.123188207519002901e+02 6.262353932144847590e+00
-1.143799647024989383e+02 5.053176667238433062e+00
-1.164411086530975723e+02 7.169525179063762188e+00
-1.185022526036962205e+02 4.905320013510263699e+00
-1.205633965542948545e+02 6.128936595622284322e+00
-1.226245405048934884e+02 5.319855408324228208e+00
-1.246856844554921366e+02 5.317963910884131451e+00
-1.267468284060907848e+02 6.891488742367362974e+00
-1.288079723566894188e+02 5.938077435917199054e+00
-1.308691163072880670e+02 5.391405829276846973e+00
-1.329302602578866868e+02 5.787853722092469511e+00
-1.349914042084853634e+02 2.789453537038057096e+00
-1.370525481590839831e+02 3.775905066967693902e+00
-1.391136921096826313e+02 4.909323099819165925e+00
-1.411748360602812511e+02 5.301817218458574565e+00
-1.432359800108798993e+02 3.145166180973288483e+00
-1.452971239614785759e+02 3.876528706074347852e+00
-1.473582679120771957e+02 6.036090521484838156e+00
-1.494194118626758438e+02 4.846449779992150653e+00
-1.514805558132744636e+02 7.197961417229512548e+00
-1.535416997638731118e+02 4.182690405907167452e+00
-1.556028437144717600e+02 5.189874733510433380e+00
-1.576639876650704082e+02 3.412870304621448803e+00
-1.597251316156690280e+02 4.621080767461095640e+00
-1.617862755662676761e+02 6.000305690307816242e+00
-1.638474195168662959e+02 1.098394922737026436e+00
-1.659085634674649725e+02 5.456547893611430666e+00
-1.679697074180635923e+02 2.161114909711679744e+00
-1.700308513686622405e+02 3.257983623804786788e+00
-1.720919953192608602e+02 4.264831830184027339e+00
-1.741531392698595369e+02 6.288693961364817397e+00
-1.762142832204581566e+02 4.491981519976528503e+00
-1.782754271710568048e+02 2.002940955083731378e+00
-1.803365711216554246e+02 3.282228790650690620e+00
-1.823977150722540728e+02 7.455905853574583908e+00
-1.844588590228527494e+02 4.103917003073038750e+00
-1.865200029734513691e+02 4.100189445994257831e+00
-1.885811469240500173e+02 4.610612642766994007e+00
-1.906422908746486371e+02 3.267447547231428828e+00
-1.927034348252472853e+02 5.862189717244333131e+00
-1.947645787758459335e+02 4.496086302266492751e+00
-1.968257227264445817e+02 4.923057570367032731e+00
-1.988868666770432014e+02 7.469446047950178524e+00
-2.009480106276418496e+02 4.974287916011635780e+00
-2.030091545782404978e+02 4.814114386042902538e+00
-2.050702985288391460e+02 4.218386665378215383e+00
-2.071314424794377658e+02 5.552570395982008300e+00
-2.091925864300364140e+02 3.097866554302536102e+00
-2.112537303806350337e+02 5.683024572666251828e+00
-2.133148743312337103e+02 2.186429109397937331e+00
-2.153760182818323301e+02 2.786380505595846824e+00
-2.174371622324309783e+02 4.099048075904167199e+00
-2.194983061830295981e+02 5.895121985885326765e+00
-2.215594501336282462e+02 4.428949646192887890e+00
-2.236205940842269229e+02 3.388223692487545069e+00
-2.256817380348255426e+02 2.738536684208984884e+00
-2.277428819854241908e+02 2.579869548839512028e+00
-2.298040259360228106e+02 5.122496899047067842e+00
-2.318651698866214872e+02 5.352018478471181950e+00
-2.339263138372201070e+02 4.378526060487860860e+00
-2.359874577878187552e+02 5.629683346123160348e+00
-2.380486017384173749e+02 5.112389014795068576e+00
-2.401097456890160231e+02 6.482320099508781297e+00
-2.421708896396146713e+02 3.380758765621486805e+00
-2.442320335902133195e+02 3.785392096160342223e+00
-2.462931775408119393e+02 2.926237097776489549e+00
-2.483543214914105874e+02 4.379674954274743293e+00
-2.504154654420092072e+02 3.049910670295965520e+00
-2.524766093926078838e+02 3.716281364360816575e+00
-2.545377533432065036e+02 7.278954648544567974e+00
-2.565988972938051234e+02 5.114660994193005017e+00
-2.586600412444037715e+02 7.452830775927303364e+00
