2.658603120908440474e+02 1.169165535265190847e+00
2.637991681402453992e+02 4.411045680115686984e+00
2.617380241896467510e+02 6.969361520485194639e+00
2.596768802390481028e+02 5.893354660379158894e+00
2.576157362884494546e+02 7.447692896797674322e+00
2.555545923378508348e+02 6.691234930003068904e+00
2.534934483872522151e+02 6.932550313497985783e+00
2.514323044366535385e+02 9.155614068775294712e+00
2.493711604860548903e+02 8.282321534361443582e+00
2.473100165354562705e+02 9.240660013021267716e+00
2.452488725848576223e+02 7.793851270111181506e+00
2.431877286342589741e+02 7.999857983308679366e+00
2.411265846836603259e+02 7.028823781128811454e+00
2.390654407330617062e+02 9.073787694173137908e+00
2.370042967824630580e+02 9.554385970481286350e+00
2.349431528318644382e+02 6.704179286062793786e+00
2.328820088812657616e+02 9.141084998629553482e+00
2.308208649306671418e+02 9.823897381342689528e+00
2.287597209800684936e+02 9.738291037048727006e+00
2.266985770294698739e+02 1.008875065894914691e+01
2.246374330788712257e+02 8.638827024974281343e+00
2.225762891282725775e+02 9.590626994585567999e+00
2.205151451776739293e+02 6.865977300054127319e+00
2.184540012270753095e+02 8.737565663719294662e+00
2.163928572764766614e+02 1.110985194867988035e+01
2.143317133258779847e+02 9.963158460772216785e+00
2.122705693752793650e+02 1.031337579960593409e+01
2.102094254246807168e+02 9.166260303050925984e+00
2.081482814740820970e+02 9.546237506359988245e+00
2.060871375234834488e+02 9.131528903738521663e+00
2.040259935728848006e+02 9.268085807333102721e+00
2.019648496222861525e+02 8.951669716455953107e+00
1.999037056716875327e+02 1.035495150317149182e+01
1.978425617210888845e+02 7.364871089186982189e+00
1.957814177704902647e+02 1.013285428167106694e+01
1.937202738198915881e+02 9.309319309676443055e+00
1.916591298692929684e+02 9.927646709773600975e+00
1.895979859186943202e+02 9.754469228401237757e+00
1.875368419680957004e+02 1.001185821300467005e+01
1.854756980174970522e+02 9.995924797066916057e+00
1.834145540668984040e+02 9.493470113112323361e+00
1.813534101162997558e+02 8.940989331168292864e+00
1.792922661657011361e+02 9.356265698081772442e+00
1.772311222151024879e+02 8.789436935335141143e+00
1.751699782645038113e+02 1.062070690097518089e+01
1.731088343139051915e+02 9.950139942189162312e+00
1.710476903633065433e+02 1.043481162610939705e+01
1.689865464127079235e+02 1.014298907061185595e+01
1.669254024621092753e+02 9.510802094629090320e+00
1.648642585115106272e+02 7.777450991604446529e+00
1.628031145609119790e+02 9.365074491704799442e+00
1.607419706103133592e+02 1.101299024844335861e+01
1.586808266597147110e+02 9.063088735369179361e+00
1.566196827091160912e+02 9.960506867231583072e+00
1.545585387585174146e+02 9.553973539569557971e+00
1.524973948079187949e+02 1.023322538980678686e+01
1.504362508573201467e+02 9.721651764839561949e+00
1.483751069067215269e+02 1.192695141730792763e+01
1.463139629561228503e+02 1.064387467734923831e+01
1.442528190055242305e+02 1.049620280542004380e+01
1.421916750549255823e+02 9.375101380189574840e+00
1.401305311043269626e+02 9.711250797474482610e+00
1.380693871537283144e+02 9.163254296930340104e+00
1.360082432031296378e+02 9.230518464411847646e+00
1.339470992525310180e+02 1.092487952194676382e+01
1.318859553019323698e+02 8.360419712988099050e+00
1.298248113513337501e+02 8.059863932090165051e+00
1.277636674007351019e+02 8.456614758862434300e+00
1.257025234501364679e+02 9.615636725934637141e+00
1.236413794995378197e+02 1.022823838132390506e+01
1.215802355489391857e+02 7.734298757867219543e+00
1.195190915983405375e+02 7.998801802154064333e+00
1.174579476477418893e+02 9.456076200373667362e+00
1.153968036971432554e+02 9.470604601319815075e+00
1.133356597465446072e+02 9.031209477826571685e+00
1.112745157959459732e+02 7.545252556261282884e+00
1.092133718453473250e+02 6.492395296920935976e+00
1.071522278947486910e+02 7.653910014814361062e+00
1.050910839441500428e+02 8.559325386013727055e+00
1.030299399935514089e+02 9.387622075850250880e+00
1.009687960429527749e+02 1.078405807565216179e+01
9.890765209235412669e+01 1.013151233254957972e+01
9.684650814175549272e+01 8.719110946637783854e+00
9.478536419115684453e+01 9.021718182703729383e+00
9.272422024055821055e+01 7.293549311898001264e+00
9.066307628995956236e+01 9.006316399465783107e+00
8.860193233936092838e+01 1.142556295700051727e+01
8.654078838876229440e+01 8.428316745431434498e+00
8.447964443816364621e+01 8.070335784682699298e+00
8.241850048756501224e+01 7.745272084596102502e+00
8.035735653696636405e+01 8.804247327318783789e+00
7.829621258636771586e+01 6.960764280618252364e+00
7.623506863576906767e+01 8.466619722364040257e+00
7.417392468517043369e+01 1.040481778731803253e+01
7.211278073457179971e+01 1.035125164122007924e+01
7.005163678397315152e+01 1.019869776004475526e+01
6.799049283337451755e+01 9.861431175246217151e+00
6.592934888277586936e+01 7.723328258087629017e+00
6.386820493217723538e+01 7.790836521809841209e+00
6.180706098157859429e+01 8.322180698264414644e+00
5.974591703097995321e+01 7.365923534189041888e+00
5.768477308038131213e+01 6.254395321157425691e+00
5.562362912978267104e+01 9.615312538378175233e+00
5.356248517918403707e+01 8.596612228188659444e+00
5.150134122858539598e+01 7.060541421811465490e+00
4.944019727798674779e+01 9.769317176404047842e+00
4.737905332738810671e+01 7.813774576153934781e+00
4.531790937678946563e+01 8.853180435563897888e+00
4.325676542619082454e+01 9.716576230844463424e+00
4.119562147559218346e+01 9.674038255707069212e+00
3.913447752499354948e+01 6.759966796465577410e+00
3.707333357439490840e+01 6.815014244898843110e+00
3.501218962379626731e+01 7.213221953027581179e+00
3.295104567319762623e+01 8.647496586267887864e+00
3.088990172259898159e+01 9.968211777257833361e+00
2.882875777200034406e+01 1.037602509404293194e+01
2.676761382140170298e+01 9.651701488904247839e+00
2.470646987080305834e+01 1.286501040882526858e+01
2.264532592020442081e+01 1.413105302815940689e+01
2.058418196960577973e+01 1.695584285125499235e+01
1.852303801900713864e+01 2.175899704719613581e+01
1.646189406840849756e+01 2.821626054121112048e+01
1.440075011780985825e+01 4.076298834373687896e+01
1.233960616721121362e+01 6.002661773866127248e+01
1.027846221661257431e+01 8.438784282579231899e+01
8.217318266013933226e+00 1.100544317632940192e+02
6.156174315415292142e+00 1.269743213508461110e+02
4.095030364816651058e+00 1.327868776011731597e+02
2.033886414218010863e+00 1.345797219697527680e+02
-2.725753638062992229e-02 1.436048918432244079e+02
-2.088401486979270860e+00 1.427616817666070972e+02
-4.149545437577911500e+00 1.339530219778350784e+02
-6.210689388176552583e+00 1.220316022291775226e+02
-8.271833338775193667e+00 1.092129185861090264e+02
-1.033297728937383297e+01 1.000249075488510755e+02
-1.239412123997247406e+01 8.819398052024048695e+01
-1.445526519057111337e+01 7.322939698866569813e+01
-1.651640914116975623e+01 6.269396585912914333e+01
-1.857755309176839376e+01 4.995394861945635512e+01
-2.063869704236703484e+01 3.935633664427815859e+01
-2.269984099296567948e+01 3.269902304139444738e+01
-2.476098494356432056e+01 2.501836534185243366e+01
-2.682212889416295809e+01 2.078620385509979585e+01
-2.888327284476159917e+01 1.762464747268753484e+01
-3.094441679536024026e+01 1.446202094929780735e+01
-3.300556074595888134e+01 1.359471726311474526e+01
-3.506670469655752242e+01 1.307520397562695003e+01
-3.712784864715616351e+01 1.201033461130334423e+01
-3.918899259775480459e+01 9.923479552082255850e+00
-4.125013654835344568e+01 1.008480209601155764e+01
-4.331128049895207965e+01 9.543915584602153501e+00
-4.537242444955072074e+01 7.907129894529063563e+00
-4.743356840014936893e+01 7.257905597013705190e+00
-4.949471235074801001e+01 7.921633763151696428e+00
-5.155585630134665109e+01 6.939472492226967049e+00
-5.361700025194529218e+01 8.422556726536900129e+00
-5.567814420254393326e+01 7.413036649896816321e+00
-5.773928815314256724e+01 6.543583812029251767e+00
-5.980043210374120832e+01 5.842243440231480456e+00
-6.186157605433984941e+01 6.013017650077163267e+00
-6.392272000493849049e+01 6.657584928316275352e+00
-6.598386395553713157e+01 7.976053018968542574e+00
-6.804500790613576555e+01 6.382321749309626924e+00
-7.010615185673441374e+01 5.896261842972077893e+00
-7.216729580733304772e+01 6.880391111592146558e+00
-7.422843975793169591e+01 5.674438518259089292e+00
-7.628958370853034410e+01 5.580217710792248376e+00
-7.835072765912897808e+01 6.547312984697891025e+00
-8.041187160972762626e+01 5.725051430323495616e+00
-8.247301556032626024e+01 6.222835363231769890e+00
-8.453415951092490843e+01 6.316415260037227419e+00
-8.659530346152354241e+01 5.888909662901959052e+00
-8.865644741212219060e+01 6.559363985444013778e+00
-9.071759136272082458e+01 5.981303913667334271e+00
-9.277873531331945856e+01 4.269925070187226446e+00
-9.483987926391810674e+01 4.365588735243443708e+00
-9.690102321451674072e+01 3.694638130512085006e+00
-9.896216716511538891e+01 4.510502486450976178e+00
-1.010233111157140229e+02 2.598465879989621197e+00
-1.030844550663126711e+02 5.659646623286443301e+00
-1.051455990169113051e+02 2.535539139110512430e+00
-1.072067429675099390e+02 4.936019547250787731e+00
-1.092678869181085872e+02 5.797565718919526212e+00
-1.113290308687072212e+02 5.137972353201680775e+00
-1.133901748193058694e+02 3.365187217119479879e+00
-1.154513187699045176e+02 3.213824687901167820e+00
-1.175124627205031658e+02 4.821529231827580197e+00
-1.195736066711017997e+02 3.415063896773772534e+00
-1.216347506217004337e+02 4.281755744860632262e+00
-1.236958945722990819e+02 4.143927750226676032e+00
-1.257570385228977159e+02 2.956910291073984176e+00
-1.278181824734963641e+02 4.442789213039590734e+00
-1.298793264240949838e+02 2.683097510418384513e+00
-1.319404703746936320e+02 4.144523846551027901e+00
-1.340016143252922518e+02 3.595870533676964076e+00
-1.360627582758909284e+02 3.180386973017670815e+00
-1.381239022264895766e+02 4.323583222225195755e+00
-1.401850461770881964e+02 4.459477066246261501e+00
-1.422461901276868446e+02 4.239948902204957015e+00
-1.443073340782854928e+02 2.702823058513868837e+00
-1.463684780288841409e+02 3.043496995917578829e+00
-1.484296219794827607e+02 3.922131514379875394e+00
-1.504907659300814089e+02 4.296243571469037903e+00
-1.525519098806800287e+02 2.671365337902999126e+00
-1.546130538312787053e+02 2.509710568357709004e+00
-1.566741977818773250e+02 2.604999881335289480e+00
-1.587353417324759732e+02 2.463744024185984927e+00
-1.607964856830745930e+02 3.605377058077849917e+00
-1.628576296336732412e+02 2.383287838251734847e+00
-1.649187735842718894e+02 7.487615963419728127e-01
-1.669799175348705376e+02 2.764486698980039847e+00
-1.690410614854691573e+02 3.708393753927116787e+00
-1.711022054360678055e+02 3.337313855926153927e+00
-1.731633493866664821e+02 3.652914633068658823e+00
-1.752244933372651019e+02 3.293319060681382915e+00
-1.772856372878637501e+02 2.734391676473145960e+00
-1.793467812384623699e+02 -1.431033607265526364e-01
-1.814079251890610180e+02 1.696074477954381710e+00
-1.834690691396596662e+02 2.809236466500628193e+00
-1.855302130902583144e+02 2.140130606571892358e+00
-1.875913570408569342e+02 2.688175343412795293e+00
-1.896525009914555824e+02 2.189810292294819494e+00
-1.917136449420542021e+02 3.184853792238129255e+00
-1.937747888926528788e+02 3.646462930638064925e+00
-1.958359328432514985e+02 4.905403527216859239e+00
-1.978970767938501467e+02 2.937335676705641774e+00
-1.999582207444487665e+02 1.661978460136357416e+00
-2.020193646950474147e+02 1.634894904443986219e+00
-2.040805086456460629e+02 2.452922266636408111e+00
-2.061416525962447110e+02 2.275096552616970857e+00
-2.082027965468433308e+02 2.139148183235362932e+00
-2.102639404974419790e+02 3.637792416879535473e+00
-2.123250844480406556e+02 2.547814236222405881e+00
-2.143862283986392754e+02 1.111376878730516049e+00
-2.164473723492379236e+02 3.478982202670988677e+00
-2.185085162998365433e+02 1.334248778945659408e+00
-2.205696602504351915e+02 1.444518966621848310e+00
-2.226308042010338397e+02 1.383326535155505077e+00
-2.246919481516324879e+02 1.098707903522092577e+00
-2.267530921022311077e+02 3.039197526763347312e+00
-2.288142360528297559e+02 3.178190033669553660e+00
-2.308753800034283756e+02 3.298789627179348649e+00
-2.329365239540270522e+02 2.600730098632022536e+00
-2.349976679046256720e+02 2.002771942082143042e+00
-2.370588118552243202e+02 2.816583646005202279e+00
-2.391199558058229400e+02 2.754669111796411052e+00
-2.411810997564216166e+02 4.052047138949194327e+00
-2.432422437070202363e+02 4.148943332246473936e+00
-2.453033876576188845e+02 2.603423862282797430e+00
-2.473645316082175043e+02 4.485418974346337073e+00
-2.494256755588161525e+02 3.658759371653617087e+00
-2.514868195094148291e+02 5.622438406801825828e+00
-2.535479634600134489e+02 3.208709944001204573e+00
-2.556091074106120971e+02 4.857642482745592183e+00
-2.576702513612107168e+02 5.218769764253703869e+00
-2.597313953118093650e+02 6.373484688976769341e+00
