2.800261554353503470e+02 3.701332114157267927e+00
2.779650114847516420e+02 3.479800228138654639e+00
2.759038675341530507e+02 2.567460334948991285e+00
2.738427235835544025e+02 2.441547406580691248e+00
2.717815796329556974e+02 2.992750454500711310e+00
2.697204356823571061e+02 2.682854876260099886e+00
2.676592917317584579e+02 2.085084721909019834e+00
2.655981477811598666e+02 4.630495319337919469e+00
2.635370038305611615e+02 4.457301091277523497e+00
2.614758598799625702e+02 3.492511858678623682e+00
2.594147159293639220e+02 3.594057315175788858e+00
2.573535719787652738e+02 3.503629343099182503e+00
2.552924280281666256e+02 4.232118141140826850e+00
2.532312840775679774e+02 4.723990471126854551e+00
2.511701401269693577e+02 3.360975600317574141e+00
2.491089961763707095e+02 5.685638763122778272e+00
2.470478522257720613e+02 5.890003284936001116e+00
2.449867082751734131e+02 5.045889359606158031e+00
2.429255643245747933e+02 6.366808822233732457e+00
2.408644203739761451e+02 4.243998798012226459e+00
2.388032764233775254e+02 7.771896615531992403e+00
2.367421324727788488e+02 7.963131366008677325e+00
2.346809885221802290e+02 3.937599680199836083e+00
2.326198445715815808e+02 5.766363688240518925e+00
2.305587006209829326e+02 4.923512751408357424e+00
2.284975566703843128e+02 6.252738406683755912e+00
2.264364127197856362e+02 6.139034065291918196e+00
2.243752687691870165e+02 5.423637314206211535e+00
2.223141248185883683e+02 7.065348276375678083e+00
2.202529808679897485e+02 4.417152438078712606e+00
2.181918369173910719e+02 5.488808154320697241e+00
2.161306929667924521e+02 5.520169295173837476e+00
2.140695490161938039e+02 6.634697571544805328e+00
2.120084050655951842e+02 4.623738347985339558e+00
2.099472611149965360e+02 6.841472048655806049e+00
2.078861171643978878e+02 6.667000591768809770e+00
2.058249732137992396e+02 5.682547214418915082e+00
2.037638292632006198e+02 6.255266993225453653e+00
2.017026853126019716e+02 4.855970855721861490e+00
1.996415413620033519e+02 5.801699351283989614e+00
1.975803974114046753e+02 6.303431957910388128e+00
1.955192534608059987e+02 5.131941877146167563e+00
1.934581095102073789e+02 6.292088922941773355e+00
1.913969655596087307e+02 6.561194602598114045e+00
1.893358216090101109e+02 5.430438211632345968e+00
1.872746776584114627e+02 7.295637016803603103e+00
1.852135337078128146e+02 5.293400361143294042e+00
1.831523897572141664e+02 7.753177908940828367e+00
1.810912458066155466e+02 5.573564534676646254e+00
1.790301018560168984e+02 5.581632946867229883e+00
1.769689579054182502e+02 5.992867790482664603e+00
1.749078139548196020e+02 3.862895774676025518e+00
1.728466700042209823e+02 5.101289169747192709e+00
1.707855260536223341e+02 6.286584250968432208e+00
1.687243821030237143e+02 7.171997448634955141e+00
1.666632381524250377e+02 5.915027782991749916e+00
1.646020942018264179e+02 5.539051429185526843e+00
1.625409502512277697e+02 5.994189750126585281e+00
1.604798063006291500e+02 4.454430726719864175e+00
1.584186623500305018e+02 6.877712698956750970e+00
1.563575183994318252e+02 6.959786891354226235e+00
1.542963744488332054e+02 5.427392338270830230e+00
1.522352304982345572e+02 7.148164540879660578e+00
1.501740865476359374e+02 5.771713339161269829e+00
1.481129425970372608e+02 7.344721935017641812e+00
1.460517986464386411e+02 7.466892585929054249e+00
1.439906546958399929e+02 7.826709055432807816e+00
1.419295107452413731e+02 6.865025820733253070e+00
1.398683667946427249e+02 3.887580053515797829e+00
1.378072228440440767e+02 5.203749661497925061e+00
1.357460788934454285e+02 5.283103925550332036e+00
1.336849349428468088e+02 7.852730823950262895e+00
1.316237909922481606e+02 4.623933079015428049e+00
1.295626470416495124e+02 6.045227816894721329e+00
1.275015030910508784e+02 6.445986944602552171e+00
1.254403591404522302e+02 3.442425551100947168e+00
1.233792151898535963e+02 6.356479897262534706e+00
1.213180712392549481e+02 5.812127363997750429e+00
1.192569272886563141e+02 5.682518384594510863e+00
1.171957833380576801e+02 6.631304515409958356e+00
1.151346393874590319e+02 5.367656083542639678e+00
1.130734954368603979e+02 5.616126685836756671e+00
1.110123514862617498e+02 6.142355713279479268e+00
1.089512075356631158e+02 5.996541122999252238e+00
1.068900635850644676e+02 7.711233443699230250e+00
1.048289196344658336e+02 5.620546119503217142e+00
1.027677756838671996e+02 4.501550253270527158e+00
1.007066317332685514e+02 6.863054706639413638e+00
9.864548778266991746e+01 4.468200828734865127e+00
9.658434383207126928e+01 5.600086181803344054e+00
9.452319988147263530e+01 5.310150629915293408e+00
9.246205593087398711e+01 5.008915255532933486e+00
9.040091198027535313e+01 6.129541567342881692e+00
8.833976802967670494e+01 6.062517548756785501e+00
8.627862407907807096e+01 7.273551251262909467e+00
8.421748012847942277e+01 6.351295768236606243e+00
8.215633617788078880e+01 6.393393159604685572e+00
8.009519222728215482e+01 5.812757914019966776e+00
7.803404827668350663e+01 7.267595102686167152e+00
7.597290432608487265e+01 7.822304358162692317e+00
7.391176037548622446e+01 5.451195012584325816e+00
7.185061642488759048e+01 5.354153792550818913e+00
6.978947247428895651e+01 7.477744056511148152e+00
6.772832852369030832e+01 4.798506442137000505e+00
6.566718457309167434e+01 6.128909986184779335e+00
6.360604062249301904e+01 7.613111080541712816e+00
6.154489667189438507e+01 6.407146891068817851e+00
5.948375272129574398e+01 3.902505972927882816e+00
5.742260877069710290e+01 6.204873501787267820e+00
5.536146482009846181e+01 5.739896472614875123e+00
5.330032086949982073e+01 5.147923220304620351e+00
5.123917691890117965e+01 5.826148890169259964e+00
4.917803296830253146e+01 4.571619982720728004e+00
4.711688901770389037e+01 4.933305730386319254e+00
4.505574506710524929e+01 4.141855100415055446e+00
4.299460111650660821e+01 8.091086089114746471e+00
4.093345716590796712e+01 6.316490329153262806e+00
3.887231321530932604e+01 9.172651482847266280e+00
3.681116926471069206e+01 6.760377031792118352e+00
3.475002531411205098e+01 5.175569594446924881e+00
3.268888136351340989e+01 6.055269875059104301e+00
3.062773741291476526e+01 5.912773759610637114e+00
2.856659346231612417e+01 8.575147998296857921e+00
2.650544951171748664e+01 7.227336351257224401e+00
2.444430556111884556e+01 7.128722439828294455e+00
2.238316161052020448e+01 7.592965013970837340e+00
2.032201765992156339e+01 8.179885594843661067e+00
1.826087370932292586e+01 6.944597777279169826e+00
1.619972975872428478e+01 6.547879587824811942e+00
1.413858580812564369e+01 1.033823785875811829e+01
1.207744185752700083e+01 9.404709247422053053e+00
1.001629790692836153e+01 1.097151136496125545e+01
7.955153956329720444e+00 1.159185381688591221e+01
5.894010005731078472e+00 1.451035860682761580e+01
3.832866055132437832e+00 1.744656138832582215e+01
1.771722104533797193e+00 1.958839298144969021e+01
-2.894218460648435576e-01 2.476526501368742572e+01
-2.350565796663484530e+00 3.238586224200541608e+01
-4.411709747262125170e+00 3.012256909997574184e+01
-6.472853697860765365e+00 2.733010602052346627e+01
-8.533997648459406449e+00 2.158552576450708216e+01
-1.059514159905804576e+01 1.701942949981565079e+01
-1.265628554965668862e+01 1.392305379901077700e+01
-1.471742950025532792e+01 1.613992145603699413e+01
-1.677857345085396901e+01 1.138494548959436692e+01
-1.883971740145261009e+01 1.261960510510687783e+01
-2.090086135205125117e+01 1.076816091296162270e+01
-2.296200530264988870e+01 9.929057400568590097e+00
-2.502314925324853689e+01 9.378467691642498494e+00
-2.708429320384717442e+01 1.057010774337164349e+01
-2.914543715444581551e+01 8.568898005422171948e+00
-3.120658110504445659e+01 7.545246375794198102e+00
-3.326772505564309768e+01 7.867320159034721705e+00
-3.532886900624173876e+01 7.530480840786139218e+00
-3.739001295684037984e+01 5.500496408121308356e+00
-3.945115690743902093e+01 4.053702111137583053e+00
-4.151230085803766201e+01 5.220059161309742457e+00
-4.357344480863630309e+01 4.341169282173694910e+00
-4.563458875923493707e+01 3.817135538957747265e+00
-4.769573270983358526e+01 3.574596796962516976e+00
-4.975687666043221924e+01 5.219780646473838104e+00
-5.181802061103086032e+01 4.585077310726439315e+00
-5.387916456162950141e+01 5.990121747240942263e+00
-5.594030851222814249e+01 5.925928123145789428e+00
-5.800145246282678357e+01 1.442182227083282253e+00
-6.006259641342542466e+01 5.131360107426902850e+00
-6.212374036402405864e+01 2.898257274104189651e+00
-6.418488431462270682e+01 2.971586932180496188e+00
-6.624602826522135501e+01 4.163243493768272963e+00
-6.830717221581998899e+01 4.911955973985602242e+00
-7.036831616641862297e+01 4.617371348458079616e+00
-7.242946011701727116e+01 2.346824045563247640e+00
-7.449060406761590514e+01 4.272802820382462841e+00
-7.655174801821455333e+01 2.268766759455037807e+00
-7.861289196881318730e+01 1.543283122765187976e+00
-8.067403591941183549e+01 1.165318119814116926e+00
-8.273517987001046947e+01 1.376935753743778967e+00
-8.479632382060910345e+01 1.814765558818806523e+00
-8.685746777120775164e+01 3.155347161027078684e+00
-8.891861172180638562e+01 3.870825085623611272e+00
-9.097975567240503381e+01 1.555217769273186779e+00
-9.304089962300366778e+01 2.515460076279397938e+00
-9.510204357360231597e+01 3.816231054760366170e-02
-9.716318752420096416e+01 4.297247236238416868e+00
-9.922433147479961235e+01 3.085087179386222900e+00
-1.012854754253982605e+02 1.410563554999562097e+00
-1.033466193759968945e+02 2.992607319833928248e+00
-1.054077633265955285e+02 1.151032767237549770e+00
-1.074689072771941767e+02 3.215842308240287384e+00
-1.095300512277928107e+02 2.862944558866414191e+00
-1.115911951783914589e+02 2.081183074131277344e+00
-1.136523391289900928e+02 2.030109677837574012e+00
-1.157134830795887410e+02 3.482844752598475591e+00
-1.177746270301873750e+02 1.431517286705866088e+00
-1.198357709807860090e+02 -4.213319646697628595e-01
-1.218969149313846572e+02 1.216101871764226246e-02
-1.239580588819832911e+02 1.611784378739743229e+00
-1.260192028325819393e+02 2.866408602931110217e+00
-1.280803467831805733e+02 2.121371298240489534e+00
-1.301414907337792215e+02 7.977690365017053864e-01
-1.322026346843778413e+02 4.068072214022185662e+00
-1.342637786349765179e+02 1.560440847460275782e+00
-1.363249225855751376e+02 3.312455177063480249e-01
-1.383860665361737858e+02 7.604164154365917749e-01
-1.404472104867724056e+02 1.816395705479177392e-01
-1.425083544373710822e+02 2.009635522666185725e+00
-1.445694983879697020e+02 2.608863398335055983e+00
-1.466306423385683502e+02 7.880007057859546027e-01
-1.486917862891669699e+02 2.397179473350250500e+00
-1.507529302397656181e+02 1.348789203036678153e+00
-1.528140741903642947e+02 1.393224101469880294e+00
-1.548752181409629145e+02 9.632485219218228645e-01
-1.569363620915615627e+02 1.350443089770796412e+00
-1.589975060421601825e+02 -4.887844010897822722e-01
-1.610586499927588306e+02 -1.700244536638243487e-01
-1.631197939433574788e+02 5.043846050628468802e-01
-1.651809378939561270e+02 1.872347537303067799e+00
-1.672420818445547468e+02 -7.007583149975795678e-01
-1.693032257951533950e+02 9.132007025418806823e-01
-1.713643697457520432e+02 -1.198353056527735189e-01
-1.734255136963506914e+02 1.302326974723891251e+00
-1.754866576469493111e+02 2.148644059619729596e+00
-1.775478015975479593e+02 -1.739390916962564093e+00
-1.796089455481465791e+02 3.130710603715843310e-01
-1.816700894987452557e+02 1.292440061263395945e+00
-1.837312334493438755e+02 1.502421063542870527e+00
-1.857923773999425237e+02 -5.608137350862156534e-02
-1.878535213505411434e+02 1.279015090002002808e-01
-1.899146653011397916e+02 -6.916247442950704816e-01
-1.919758092517384682e+02 2.021164328895921070e-01
-1.940369532023370880e+02 2.261824058483644095e-01
-1.960980971529357362e+02 -8.245994108384489818e-02
-1.981592411035343559e+02 6.339037625001496812e-01
-2.002203850541330041e+02 -1.323995317809538053e+00
-2.022815290047316239e+02 7.333896452963518664e-01
-2.043426729553302721e+02 3.107728535988533713e-01
-2.064038169059288919e+02 1.414349822838465442e+00
-2.084649608565275685e+02 -1.815507129266458630e+00
-2.105261048071261882e+02 -1.596710017104670948e-02
-2.125872487577248364e+02 -2.423631562700075293e+00
-2.146483927083234562e+02 -2.002440211330697828e+00
-2.167095366589221044e+02 8.051635417688771668e-01
-2.187706806095207526e+02 1.523971967250295823e+00
-2.208318245601194008e+02 8.630667080430172444e-02
-2.228929685107180205e+02 6.960505315163457718e-01
-2.249541124613166687e+02 -1.779321844884180770e+00
-2.270152564119153169e+02 1.948225753729469600e+00
-2.290764003625139651e+02 6.622987089078989642e-02
-2.311375443131125849e+02 -2.630745876367760694e+00
-2.331986882637112330e+02 -2.278688205488302310e-01
-2.352598322143098812e+02 5.729784783663859349e-01
-2.373209761649085294e+02 -7.508422890865569244e-01
-2.393821201155071776e+02 1.923334269762562165e-01
-2.414432640661057974e+02 7.601524323152318852e-01
-2.435044080167044456e+02 3.222675225471579807e+00
-2.455655519673030653e+02 3.060224566320283834e+00
