2.701461517577783411e+02 -4.431529428813736793e+00
2.680850078071796929e+02 -9.007510124606262991e+00
2.660238638565810447e+02 -6.845819216836913412e+00
2.639627199059823965e+02 -1.027777837078273215e+01
2.619015759553837484e+02 -8.771170969842845722e+00
2.598404320047851570e+02 -9.680410697423120325e+00
2.577792880541864520e+02 -1.154824297717889792e+01
2.557181441035878322e+02 -1.012320808561834440e+01
2.536570001529892124e+02 -9.862661515565770642e+00
2.515958562023905642e+02 -9.313801804984869648e+00
2.495347122517919161e+02 -1.075907378861938746e+01
2.474735683011932679e+02 -1.125438603586892228e+01
2.454124243505946481e+02 -1.103703516032632059e+01
2.433512803999959999e+02 -1.139605399485988890e+01
2.412901364493973801e+02 -1.080187872154596818e+01
2.392289924987987035e+02 -1.149163623294433556e+01
2.371678485482000838e+02 -1.286770339617356029e+01
2.351067045976014356e+02 -1.232376289150681004e+01
2.330455606470028158e+02 -9.661880852940283759e+00
2.309844166964041676e+02 -8.711641612273025359e+00
2.289232727458055194e+02 -7.846706056141020014e+00
2.268621287952068712e+02 -9.961217132589043288e+00
2.248009848446082231e+02 -9.376616700248328939e+00
2.227398408940096033e+02 -1.072154530790462879e+01
2.206786969434109267e+02 -1.063945548356971571e+01
2.186175529928123069e+02 -9.752439208040552643e+00
2.165564090422136587e+02 -1.005009184394077870e+01
2.144952650916150390e+02 -1.071471271175624018e+01
2.124341211410163908e+02 -1.188101651806959858e+01
2.103729771904177426e+02 -1.105788396434881449e+01
2.083118332398190944e+02 -1.132150143478780002e+01
2.062506892892204746e+02 -9.982039895292578180e+00
2.041895453386218264e+02 -1.018245293607573210e+01
2.021284013880232067e+02 -9.595503126352605605e+00
2.000672574374245301e+02 -1.003024622653640741e+01
1.980061134868258819e+02 -1.086605297912016432e+01
1.959449695362272337e+02 -9.196602158173581287e+00
1.938838255856286139e+02 -9.231820117842840290e+00
1.918226816350299657e+02 -9.981627187741361595e+00
1.897615376844313460e+02 -9.119668534460236842e+00
1.877003937338326693e+02 -9.568866850206187991e+00
1.856392497832340212e+02 -7.605854832500102525e+00
1.835781058326354014e+02 -9.448110873059416548e+00
1.815169618820367532e+02 -1.041672338794152886e+01
1.794558179314381050e+02 -7.367358787511805396e+00
1.773946739808394568e+02 -8.630923842040765237e+00
1.753335300302408370e+02 -1.059500234178964817e+01
1.732723860796421889e+02 -9.876781064781395614e+00
1.712112421290435691e+02 -1.139501185169921627e+01
1.691500981784448925e+02 -8.085414005972944906e+00
1.670889542278462727e+02 -1.020374526046978936e+01
1.650278102772476245e+02 -9.106671468315065354e+00
1.629666663266490048e+02 -9.669609756079431406e+00
1.609055223760503566e+02 -1.002484911964276648e+01
1.588443784254517084e+02 -1.226566019708917210e+01
1.567832344748530602e+02 -8.988555111884039661e+00
1.547220905242544404e+02 -8.195209603909239249e+00
1.526609465736557922e+02 -7.855124922673296872e+00
1.505998026230571440e+02 -8.775877991000088585e+00
1.485386586724584959e+02 -9.737958066102049060e+00
1.464775147218598477e+02 -1.039528644388358458e+01
1.444163707712612279e+02 -9.367605640072467210e+00
1.423552268206625797e+02 -8.338389767453410428e+00
1.402940828700639315e+02 -1.016689432497101997e+01
1.382329389194652833e+02 -1.123358476319091359e+01
1.361717949688666636e+02 -1.015194373520584037e+01
1.341106510182680154e+02 -6.732566263874392831e+00
1.320495070676693956e+02 -8.193606389995139239e+00
1.299883631170707474e+02 -8.061518415208043464e+00
1.279272191664720850e+02 -9.878818197064129336e+00
1.258660752158734510e+02 -7.307357829834931096e+00
1.238049312652748029e+02 -6.471385984958257787e+00
1.217437873146761689e+02 -8.757369984096477822e+00
1.196826433640775349e+02 -1.302596571220898092e+01
1.176214994134788867e+02 -1.030595243287287666e+01
1.155603554628802527e+02 -1.125266955706791805e+01
1.134992115122816045e+02 -1.116050451530055021e+01
1.114380675616829706e+02 -8.985845881115976042e+00
1.093769236110843224e+02 -7.729294976826422747e+00
1.073157796604856884e+02 -9.479736521998196608e+00
1.052546357098870544e+02 -9.711776847121877054e+00
1.031934917592884062e+02 -9.501475080455458411e+00
1.011323478086897723e+02 -1.044533618668737063e+01
9.907120385809112406e+01 -9.356894012205769329e+00
9.701005990749249008e+01 -8.739282809048376066e+00
9.494891595689385611e+01 -9.465407598786244492e+00
9.288777200629520792e+01 -1.005174508572785186e+01
9.082662805569655973e+01 -7.582437387289165720e+00
8.876548410509791154e+01 -8.319167854612640411e+00
8.670434015449927756e+01 -1.113034213181417087e+01
8.464319620390062937e+01 -8.832211153603198639e+00
8.258205225330199539e+01 -8.034659086175690135e+00
8.052090830270336141e+01 -1.253336814276187283e+01
7.845976435210471323e+01 -1.068400994343353361e+01
7.639862040150607925e+01 -1.080331981511948314e+01
7.433747645090743106e+01 -8.756930175744500389e+00
7.227633250030879708e+01 -9.730033757481105994e+00
7.021518854971014889e+01 -1.029329042616464562e+01
6.815404459911151491e+01 -8.997731737128242813e+00
6.609290064851288093e+01 -1.276140453495856342e+01
6.403175669791423275e+01 -1.263019522644086123e+01
6.197061274731558456e+01 -1.038669068857574729e+01
5.990946879671695058e+01 -1.013518599637050066e+01
5.784832484611830949e+01 -9.572072658959628555e+00
5.578718089551966841e+01 -7.649039892904853311e+00
5.372603694492102733e+01 -7.736418240535654078e+00
5.166489299432238624e+01 -9.242725501213424621e+00
4.960374904372374516e+01 -9.168305590392179738e+00
4.754260509312511118e+01 -9.189790961326687935e+00
4.548146114252647010e+01 -8.641625975378302016e+00
4.342031719192782901e+01 -8.298420501670008775e+00
4.135917324132918793e+01 -9.184212712425601666e+00
3.929802929073054685e+01 -8.874538078049583945e+00
3.723688534013190576e+01 -9.412558897405617131e+00
3.517574138953326468e+01 -8.695920283516016980e+00
3.311459743893462360e+01 -4.642034932263985780e+00
3.105345348833598607e+01 -7.831376340895256583e+00
2.899230953773734498e+01 -7.032015669946719783e+00
2.693116558713870035e+01 -6.643618620750699755e+00
2.487002163654006281e+01 -5.506705132394017710e+00
2.280887768594142173e+01 -6.466296542774075284e+00
2.074773373534278065e+01 -6.825625558206151133e+00
1.868658978474414312e+01 -6.650932341090236122e+00
1.662544583414549848e+01 -6.585427101609464984e+00
1.456430188354685740e+01 -5.047184766167114311e+00
1.250315793294821809e+01 -3.646795247951200913e+00
1.044201398234957523e+01 2.306080458028135494e-02
8.380870031750934146e+00 6.499558336714808426e+00
6.319726081152293951e+00 1.830785245336400990e+01
4.258582130553653755e+00 2.924632642569595120e+01
2.197438179955013116e+00 3.722514171241946457e+01
1.362942293563719764e-01 3.787961436129610604e+01
-1.924849721242268608e+00 3.591526971935803658e+01
-3.985993671840909691e+00 3.897100204819846425e+01
-6.047137622439549887e+00 4.572554567157153826e+01
-8.108281573038192747e+00 5.431837619540399942e+01
-1.016942552363683205e+01 5.614889601724146218e+01
-1.223056947423547314e+01 5.126561554266939424e+01
-1.429171342483411244e+01 3.934860574904588759e+01
-1.635285737543275530e+01 2.866596330703386997e+01
-1.841400132603139284e+01 2.008116786304282897e+01
-2.047514527663003747e+01 1.420537881226632138e+01
-2.253628922722867500e+01 1.283707944218781805e+01
-2.459743317782731609e+01 1.181147630369252965e+01
-2.665857712842595717e+01 1.531630793590609940e+01
-2.871972107902459825e+01 1.720369457664402546e+01
-3.078086502962323934e+01 2.224105291862046840e+01
-3.284200898022187687e+01 2.646164002388764303e+01
-3.490315293082052506e+01 3.030040941024158840e+01
-3.696429688141916614e+01 3.317846365023245880e+01
-3.902544083201780722e+01 3.440104126431418763e+01
-4.108658478261644120e+01 3.228224076376459806e+01
-4.314772873321508229e+01 3.436105266202075370e+01
-4.520887268381372337e+01 3.203007124420686580e+01
-4.727001663441236445e+01 2.885475005273100990e+01
-4.933116058501100554e+01 2.436223143165712557e+01
-5.139230453560964662e+01 2.060593903737351340e+01
-5.345344848620828770e+01 1.620314030230045077e+01
-5.551459243680693589e+01 1.345163806844253962e+01
-5.757573638740557698e+01 1.133871973372817266e+01
-5.963688033800421806e+01 6.476168441673575416e+00
-6.169802428860285914e+01 6.046219963775491202e+00
-6.375916823920150023e+01 4.790378300047202664e+00
-6.582031218980014842e+01 1.404569650302228467e+00
-6.788145614039878240e+01 9.956925766826214552e-01
-6.994260009099743058e+01 2.989055418316096890e+00
-7.200374404159606456e+01 4.832042308936848052e+00
-7.406488799219469854e+01 1.026090010214438131e+00
-7.612603194279334673e+01 -5.727708509341244980e-01
-7.818717589339198071e+01 -3.511591584055852588e-01
-8.024831984399062890e+01 -1.858239536957969396e+00
-8.230946379458926287e+01 -1.700921026054350860e-01
-8.437060774518791106e+01 -4.711993229618162360e+00
-8.643175169578654504e+01 -3.276358069860024091e+00
-8.849289564638517902e+01 -4.799349602046934393e+00
-9.055403959698382721e+01 -5.731572603672119293e+00
-9.261518354758246119e+01 -7.026799589078849273e-01
-9.467632749818110938e+01 -4.684417492528614169e+00
-9.673747144877974335e+01 -4.957545504622705934e+00
-9.879861539937837733e+01 -6.428375028507083755e+00
-1.008597593499770255e+02 -4.945442543878271202e+00
-1.029209033005756737e+02 -5.738287625324793417e+00
-1.049820472511743219e+02 -6.914840312719906734e+00
-1.070431912017729559e+02 -5.585068256072365678e+00
-1.091043351523716041e+02 -6.090798392016640861e+00
-1.111654791029702380e+02 -6.219784392196901379e+00
-1.132266230535688720e+02 -5.295181385864824009e+00
-1.152877670041675202e+02 -4.970898167211780461e+00
-1.173489109547661542e+02 -6.137786464348780058e+00
-1.194100549053648024e+02 -6.262834916643572392e+00
-1.214711988559634364e+02 -3.668555623352390604e+00
-1.235323428065620845e+02 -4.513267790176191951e+00
-1.255934867571607185e+02 -5.776795906713783957e+00
-1.276546307077593525e+02 -4.472341874272117046e+00
-1.297157746583580149e+02 -6.285497663260127155e+00
-1.317769186089566631e+02 -6.687463142330493326e+00
-1.338380625595552829e+02 -6.356184259348131249e+00
-1.358992065101539310e+02 -7.341304628625766604e+00
-1.379603504607525508e+02 -6.496625318043427022e+00
-1.400214944113511990e+02 -6.423776037664959304e+00
-1.420826383619498472e+02 -7.020529918066619857e+00
-1.441437823125484954e+02 -6.567972146720663318e+00
-1.462049262631471152e+02 -5.730714636906099280e+00
-1.482660702137457633e+02 -6.552967783073684771e+00
-1.503272141643444115e+02 -6.059477172423486380e+00
-1.523883581149430597e+02 -9.648352722290848504e+00
-1.544495020655416795e+02 -6.557177247019899013e+00
-1.565106460161403277e+02 -6.695077330351113964e+00
-1.585717899667389474e+02 -7.325157864417391806e+00
-1.606329339173376241e+02 -4.933969920768552342e+00
-1.626940778679362722e+02 -7.470598548175321874e+00
-1.647552218185348920e+02 -4.284979679438657207e+00
-1.668163657691335402e+02 -4.993493463469317106e+00
-1.688775097197321600e+02 -5.218062090282423959e+00
-1.709386536703308366e+02 -5.113581245934697428e+00
-1.729997976209294563e+02 -7.196440046219827025e+00
-1.750609415715281045e+02 -5.218685005907135910e+00
-1.771220855221267243e+02 -6.451630134202599898e+00
-1.791832294727254009e+02 -4.404847740678644819e+00
-1.812443734233240207e+02 -4.463279879813256024e+00
-1.833055173739226689e+02 -4.325983313397127716e+00
-1.853666613245212886e+02 -7.015735463943783223e+00
-1.874278052751199368e+02 -5.882195097063409150e+00
-1.894889492257185850e+02 -5.264555097955586405e+00
-1.915500931763172332e+02 -4.597295029453566606e+00
-1.936112371269158530e+02 -6.946408326824534463e+00
-1.956723810775145012e+02 -6.392304763061904538e+00
-1.977335250281131209e+02 -6.296445429671349459e+00
-1.997946689787117691e+02 -6.095553316676561195e+00
-2.018558129293104173e+02 -5.059790688565063199e+00
-2.039169568799090371e+02 -5.322243215650762416e+00
-2.059781008305077137e+02 -3.543173076945268729e+00
-2.080392447811063334e+02 -5.416753091419490573e+00
-2.101003887317049816e+02 -6.396226892565691990e+00
-2.121615326823036014e+02 -5.356057414111803361e+00
-2.142226766329022496e+02 -6.050311282278954650e+00
-2.162838205835008978e+02 -3.873628128944541338e+00
-2.183449645340995460e+02 -3.999255659009092412e+00
-2.204061084846981657e+02 -6.203400484505671386e+00
-2.224672524352968139e+02 -4.415753571759696072e+00
-2.245283963858954337e+02 -6.677704314585072076e+00
-2.265895403364941103e+02 -5.607669740623967058e+00
-2.286506842870927301e+02 -6.465404039255206570e+00
-2.307118282376913783e+02 -5.785488500512116161e+00
-2.327729721882899980e+02 -4.789005352063467669e+00
-2.348341161388886746e+02 -4.187888397094854831e+00
-2.368952600894872944e+02 -4.168761410454273175e+00
-2.389564040400859426e+02 -6.215960761071002594e+00
-2.410175479906845908e+02 -6.248473085423214890e+00
-2.430786919412832106e+02 -6.694699413879052763e+00
-2.451398358918818872e+02 -5.344457922359506341e+00
-2.472009798424805069e+02 -5.994336294218592265e+00
-2.492621237930791551e+02 -4.894951134518503721e+00
-2.513232677436777749e+02 -5.925178155634269750e+00
-2.533844116942764231e+02 -7.972246728187861287e+00
-2.554455556448750713e+02 -7.172821867374331362e+00
