2.669259559390329741e+02 1.039657034358881127e+00
2.648648119884342691e+02 3.649081278981804122e+00
2.628036680378356778e+02 4.603491704440623167e+00
2.607425240872370296e+02 3.027594770085493714e+00
2.586813801366383814e+02 4.864315308318082565e+00
2.566202361860397332e+02 5.110841190550431179e+00
2.545590922354411134e+02 3.701503499662639474e+00
2.524979482848424936e+02 6.512284546455455292e+00
2.504368043342438170e+02 6.818994749498328289e+00
2.483756603836451973e+02 5.742301987892299842e+00
2.463145164330465491e+02 3.949732678056153468e+00
2.442533724824479293e+02 4.691314653335254548e+00
2.421922285318492811e+02 5.550954469851967055e+00
2.401310845812506329e+02 6.244451249434743723e+00
2.380699406306519847e+02 5.263617387142413229e+00
2.360087966800533650e+02 6.185416915135521165e+00
2.339476527294547168e+02 6.959284315054062198e+00
2.318865087788560686e+02 7.023976201952262244e+00
2.298253648282574204e+02 5.614218930874148583e+00
2.277642208776587722e+02 6.851225749324956205e+00
2.257030769270601525e+02 5.067040745368923460e+00
2.236419329764615043e+02 6.577446675550302935e+00
2.215807890258628845e+02 7.643644640859267092e+00
2.195196450752642079e+02 5.506609854572908525e+00
2.174585011246655881e+02 7.698092964476025202e+00
2.153973571740669399e+02 6.923413457432629592e+00
2.133362132234683202e+02 8.533539757424822625e+00
2.112750692728696436e+02 6.856112107887057050e+00
2.092139253222710238e+02 7.092084418341528362e+00
2.071527813716723756e+02 6.153812678680083081e+00
2.050916374210737558e+02 9.328028590828438382e+00
2.030304934704751076e+02 9.384925210294696285e+00
2.009693495198764595e+02 6.641843805080694274e+00
1.989082055692778113e+02 7.908504241278129676e+00
1.968470616186791915e+02 7.523762054590561910e+00
1.947859176680805433e+02 8.802759858007910054e+00
1.927247737174818951e+02 7.723397800637290089e+00
1.906636297668832469e+02 7.697196856448823787e+00
1.886024858162845987e+02 8.558939771497128035e+00
1.865413418656859790e+02 7.548545176458445027e+00
1.844801979150873308e+02 6.947474796896621285e+00
1.824190539644886826e+02 9.166677683998825543e+00
1.803579100138900344e+02 8.785618517357486112e+00
1.782967660632914146e+02 8.242105051098109314e+00
1.762356221126927664e+02 8.488500774248816327e+00
1.741744781620941467e+02 5.938158650829467256e+00
1.721133342114954701e+02 9.068459543527410460e+00
1.700521902608968503e+02 8.372458709423291623e+00
1.679910463102982021e+02 7.707902638791709116e+00
1.659299023596995823e+02 7.803682718298665222e+00
1.638687584091009342e+02 6.901678230679872073e+00
1.618076144585022860e+02 6.968497692527562570e+00
1.597464705079036378e+02 7.945158967119052562e+00
1.576853265573050180e+02 7.400049740274840637e+00
1.556241826067063698e+02 6.790665360709454035e+00
1.535630386561076932e+02 8.262560084822816009e+00
1.515018947055090734e+02 8.034362362387772905e+00
1.494407507549104253e+02 6.374668989324539403e+00
1.473796068043118055e+02 7.850847130494780224e+00
1.453184628537131573e+02 7.122956593078435539e+00
1.432573189031145091e+02 8.625421641955220764e+00
1.411961749525158609e+02 7.542397763730932070e+00
1.391350310019172412e+02 8.866104576754441524e+00
1.370738870513185930e+02 8.839477921624123269e+00
1.350127431007199732e+02 6.401887824254511195e+00
1.329515991501212966e+02 7.096605619761901629e+00
1.308904551995226768e+02 7.875042493891357687e+00
1.288293112489240286e+02 7.434601910723354301e+00
1.267681672983253804e+02 8.110504259411360550e+00
1.247070233477267465e+02 9.947619379410813423e+00
1.226458793971281125e+02 7.828015608300390227e+00
1.205847354465294643e+02 8.348000462625718043e+00
1.185235914959308303e+02 8.123959332648929887e+00
1.164624475453321821e+02 6.592742779379731743e+00
1.144013035947335482e+02 7.296176722157387218e+00
1.123401596441349000e+02 8.255214678933365136e+00
1.102790156935362660e+02 8.695721593550945983e+00
1.082178717429376320e+02 5.813830383282827974e+00
1.061567277923389838e+02 6.987209143870376060e+00
1.040955838417403498e+02 7.977632841129656427e+00
1.020344398911417017e+02 6.773790044534878874e+00
9.997329594054306767e+01 7.769219648879282403e+00
9.791215198994443369e+01 7.219850839106545237e+00
9.585100803934577129e+01 7.879882616429361164e+00
9.378986408874713732e+01 8.224824416832783314e+00
9.172872013814848913e+01 7.408152788700666846e+00
8.966757618754985515e+01 9.172017607605427614e+00
8.760643223695120696e+01 8.239990072456571113e+00
8.554528828635257298e+01 7.233370514977893961e+00
8.348414433575393900e+01 7.666224569270790212e+00
8.142300038515529081e+01 7.052837423596293398e+00
7.936185643455665684e+01 7.093391531235904601e+00
7.730071248395800865e+01 6.888694284359136333e+00
7.523956853335937467e+01 6.548633239370897918e+00
7.317842458276072648e+01 6.334900956059119181e+00
7.111728063216209250e+01 7.231741412889063803e+00
6.905613668156345852e+01 7.594652424904607457e+00
6.699499273096481033e+01 8.205167857360537553e+00
6.493384878036616215e+01 8.180512362425925943e+00
6.287270482976752817e+01 7.615384962530198365e+00
6.081156087916888708e+01 7.413286670452663429e+00
5.875041692857024600e+01 8.757729121288617691e+00
5.668927297797160492e+01 9.596566955156571765e+00
5.462812902737296383e+01 8.465708800009817736e+00
5.256698507677432275e+01 8.123863089460916953e+00
5.050584112617568167e+01 7.335875143823920475e+00
4.844469717557704058e+01 6.263194351826590456e+00
4.638355322497839950e+01 7.619617002477697909e+00
4.432240927437975841e+01 6.752490806264921375e+00
4.226126532378111733e+01 7.987934317523238903e+00
4.020012137318247625e+01 6.620037054225666573e+00
3.813897742258383516e+01 7.188225269230241743e+00
3.607783347198519408e+01 8.161686917129523877e+00
3.401668952138656010e+01 7.070829380030329681e+00
3.195554557078791547e+01 7.503071744265993104e+00
2.989440162018927438e+01 9.133177300069119653e+00
2.783325766959063330e+01 7.392829617531774034e+00
2.577211371899199222e+01 9.384851349908570839e+00
2.371096976839335468e+01 9.864795056527826844e+00
2.164982581779471360e+01 9.147960017698286705e+00
1.958868186719607252e+01 9.367872642160287810e+00
1.752753791659743143e+01 1.016768284481053364e+01
1.546639396599879035e+01 1.031697571229975985e+01
1.340525001540015104e+01 9.974960832822491241e+00
1.134410606480150818e+01 1.200316466358507306e+01
9.282962114202867099e+00 1.756445765827787753e+01
7.221818163604226903e+00 2.623913407771619077e+01
5.160674213005585820e+00 4.041957606066271325e+01
3.099530262406945180e+00 5.766569015603614190e+01
1.038386311808304319e+00 7.611325138612883734e+01
-1.022757638790336321e+00 8.460755209240606689e+01
-3.083901589388976738e+00 8.666788892569130098e+01
-5.145045539987618710e+00 8.900201424899340452e+01
-7.206189490586258906e+00 8.331862509522613891e+01
-9.267333441184899101e+00 7.755658883357963873e+01
-1.132847739178354196e+01 7.483256315419136229e+01
-1.338962134238217949e+01 7.053057376487188890e+01
-1.545076529298082058e+01 6.686610780781448682e+01
-1.751190924357946344e+01 5.910346295799776328e+01
-1.957305319417810097e+01 5.340294783556844749e+01
-2.163419714477674205e+01 4.685329139316643676e+01
-2.369534109537538669e+01 4.549217238765981364e+01
-2.575648504597402777e+01 4.511223793018700690e+01
-2.781762899657266885e+01 4.705302614737414046e+01
-2.987877294717130638e+01 5.106962219347553855e+01
-3.193991689776994747e+01 5.571389523772351993e+01
-3.400106084836858855e+01 6.309243700227229823e+01
-3.606220479896722964e+01 6.938934797934807364e+01
-3.812334874956587072e+01 7.594780485134228343e+01
-4.018449270016451180e+01 8.020190070195501164e+01
-4.224563665076315289e+01 8.177669566620409114e+01
-4.430678060136179397e+01 8.271758162246530333e+01
-4.636792455196043505e+01 8.507783888875457023e+01
-4.842906850255907614e+01 8.427054727138981605e+01
-5.049021245315771722e+01 8.026704498457583270e+01
-5.255135640375635830e+01 7.966305174820990942e+01
-5.461250035435499939e+01 7.320167515489232812e+01
-5.667364430495364047e+01 7.060345193042019218e+01
-5.873478825555228156e+01 6.393494213627010225e+01
-6.079593220615092264e+01 5.410802325311669847e+01
-6.285707615674955662e+01 4.568060481409138873e+01
-6.491822010734820481e+01 3.999481744833734354e+01
-6.697936405794685299e+01 3.592777551225270827e+01
-6.904050800854548697e+01 3.134629715921834503e+01
-7.110165195914412095e+01 2.896928819717889070e+01
-7.316279590974276914e+01 2.886176198207767030e+01
-7.522393986034140312e+01 3.092421200776410828e+01
-7.728508381094005131e+01 3.048279625051412367e+01
-7.934622776153868529e+01 2.866222146026678175e+01
-8.140737171213733347e+01 2.568713639392040093e+01
-8.346851566273596745e+01 2.272193898212926655e+01
-8.552965961333460143e+01 2.091673613610570115e+01
-8.759080356393324962e+01 1.993406180741568079e+01
-8.965194751453188360e+01 1.977409253696963631e+01
-9.171309146513053179e+01 2.123064100005544219e+01
-9.377423541572916577e+01 1.972649990487046168e+01
-9.583537936632779974e+01 1.929946629923564316e+01
-9.789652331692646214e+01 1.974293937032492252e+01
-9.995766726752509612e+01 1.583511484369833688e+01
-1.020188112181237443e+02 1.308930606710481825e+01
-1.040799551687223783e+02 9.139429005964961661e+00
-1.061410991193210265e+02 8.440274920585672191e+00
-1.082022430699196605e+02 6.630355745529464606e+00
-1.102633870205182944e+02 6.078627676265511148e+00
-1.123245309711169426e+02 6.928321209132119129e+00
-1.143856749217155766e+02 4.836569804661380090e+00
-1.164468188723142248e+02 4.100826994597799313e+00
-1.185079628229128588e+02 2.386820484195853354e+00
-1.205691067735115070e+02 2.738203861630284397e+00
-1.226302507241101409e+02 3.621834726271123905e+00
-1.246913946747087749e+02 3.899397693986451863e+00
-1.267525386253074231e+02 2.069659773579595630e+00
-1.288136825759060571e+02 3.550126102886793422e+00
-1.308748265265047053e+02 2.665165236271212823e+00
-1.329359704771033535e+02 3.883126692458171547e+00
-1.349971144277019732e+02 4.469138678557400546e+00
-1.370582583783006214e+02 4.231177660015993602e+00
-1.391194023288992696e+02 3.642029579590192689e+00
-1.411805462794979178e+02 3.322710724263568505e+00
-1.432416902300965376e+02 3.774671926240508846e+00
-1.453028341806951858e+02 3.728822197214956446e+00
-1.473639781312938339e+02 9.856945967499116668e-01
-1.494251220818924821e+02 1.913078422592019878e+00
-1.514862660324911019e+02 3.834525876138234146e+00
-1.535474099830897501e+02 3.451172019553998105e+00
-1.556085539336883983e+02 1.727398440973451521e+00
-1.576696978842870465e+02 1.682777122740054754e+00
-1.597308418348856947e+02 1.627491239067464956e+00
-1.617919857854843144e+02 2.827916456990136940e+00
-1.638531297360829626e+02 2.155312602977430547e+00
-1.659142736866815824e+02 1.918546827044541603e+00
-1.679754176372802590e+02 2.388544874459666900e+00
-1.700365615878788788e+02 4.488295698461930883e+00
-1.720977055384775269e+02 2.711227443493535727e+00
-1.741588494890761467e+02 3.563664091591219218e+00
-1.762199934396748233e+02 1.729112439439818294e+00
-1.782811373902734431e+02 1.218472420333736705e+00
-1.803422813408720913e+02 3.192613792281595586e+00
-1.824034252914707110e+02 3.782234507481178731e+00
-1.844645692420693592e+02 4.106245478968181040e+00
-1.865257131926680074e+02 2.344825876916981855e+00
-1.885868571432666556e+02 1.353591761799824544e+00
-1.906480010938652754e+02 8.408328575110955994e-01
-1.927091450444639236e+02 2.114097539942457527e+00
-1.947702889950625718e+02 2.603300882557014084e+00
-1.968314329456612199e+02 2.882573814244989929e+00
-1.988925768962598681e+02 2.324100144302835513e+00
-2.009537208468584879e+02 3.364031690184489776e+00
-2.030148647974571361e+02 3.803309830766516519e+00
-2.050760087480557843e+02 3.031241712984226400e+00
-2.071371526986544325e+02 1.193004939199853398e+00
-2.091982966492530522e+02 2.721229275438897144e+00
-2.112594405998517004e+02 6.223469962848832138e-01
-2.133205845504503202e+02 1.136749741338750175e+00
-2.153817285010489968e+02 4.588127971739456079e+00
-2.174428724516476166e+02 1.394895077236312231e+00
-2.195040164022462648e+02 1.848125444826237418e+00
-2.215651603528448845e+02 2.494030273499160621e+00
-2.236263043034435327e+02 3.139974949187229747e-01
-2.256874482540421809e+02 2.253670600221776843e-01
-2.277485922046408291e+02 9.138065964605333047e-01
-2.298097361552394489e+02 2.163981268004314007e+00
-2.318708801058380971e+02 1.247856138317249508e+00
-2.339320240564367452e+02 2.606461238289386362e+00
-2.359931680070353934e+02 3.396887800080277131e-01
-2.380543119576340416e+02 2.870418263656576041e+00
-2.401154559082326614e+02 2.464355074170654802e+00
-2.421765998588313096e+02 3.062970779555709733e+00
-2.442377438094299578e+02 2.190800768843929269e+00
-2.462988877600286060e+02 2.336197812219580339e+00
-2.483600317106272257e+02 2.499369488078062140e+00
-2.504211756612258739e+02 9.783479421748002714e-04
-2.524823196118244937e+02 3.007072154771458727e+00
-2.545434635624231703e+02 4.249004201417031723e+00
-2.566046075130217901e+02 3.715779380368034346e+00
-2.586657514636204382e+02 2.763371130342705762e+00
