2.699272760048185660e+02 -3.714377590436850340e+00
2.678661320542199178e+02 -1.238535867003227864e+01
2.658049881036212696e+02 -1.140722396556253848e+01
2.637438441530226214e+02 -1.249685583286326995e+01
2.616827002024239732e+02 -1.235371634460234347e+01
2.596215562518253250e+02 -1.125914826779351152e+01
2.575604123012266768e+02 -1.338940733898948210e+01
2.554992683506280571e+02 -1.258908258164010263e+01
2.534381244000294373e+02 -1.299848030960026435e+01
2.513769804494307891e+02 -1.097466473301527046e+01
2.493158364988321409e+02 -1.493441167076859166e+01
2.472546925482334927e+02 -1.456510224364241957e+01
2.451935485976348730e+02 -1.360982632475736942e+01
2.431324046470362248e+02 -1.380979572500235264e+01
2.410712606964376050e+02 -1.307664474492217899e+01
2.390101167458389284e+02 -1.252239786232198959e+01
2.369489727952403086e+02 -1.399298415003677931e+01
2.348878288446416605e+02 -1.257436521477890423e+01
2.328266848940430123e+02 -1.047323845398022613e+01
2.307655409434443641e+02 -1.418841171006985391e+01
2.287043969928457159e+02 -1.089092554820616598e+01
2.266432530422470961e+02 -1.209370878199111843e+01
2.245821090916484479e+02 -1.175069280647326941e+01
2.225209651410498282e+02 -1.286433162505901784e+01
2.204598211904511516e+02 -1.342221547598445142e+01
2.183986772398525318e+02 -1.206497398976363833e+01
2.163375332892538836e+02 -1.246300970474974257e+01
2.142763893386552638e+02 -1.039584349411224373e+01
2.122152453880566156e+02 -1.287606767101887151e+01
2.101541014374579674e+02 -1.260254839334289123e+01
2.080929574868593193e+02 -1.128373387848215259e+01
2.060318135362606995e+02 -1.352354134210919412e+01
2.039706695856620513e+02 -1.209806748179314084e+01
2.019095256350634031e+02 -1.402384953942412338e+01
1.998483816844647549e+02 -1.414905385769688628e+01
1.977872377338661352e+02 -1.401292975757055892e+01
1.957260937832674870e+02 -9.402160448433582118e+00
1.936649498326688388e+02 -1.074991611218881360e+01
1.916038058820701906e+02 -1.327941872151497726e+01
1.895426619314715424e+02 -1.228073941204807618e+01
1.874815179808729226e+02 -1.207238308881063737e+01
1.854203740302742744e+02 -1.142243725811939115e+01
1.833592300796756547e+02 -1.143832191739742754e+01
1.812980861290769781e+02 -1.209541591408320826e+01
1.792369421784783583e+02 -1.132802815358149751e+01
1.771757982278797101e+02 -1.052299126546405716e+01
1.751146542772810903e+02 -1.238373396703517137e+01
1.730535103266824422e+02 -1.007549787126495744e+01
1.709923663760837940e+02 -1.017795947346741414e+01
1.689312224254851458e+02 -1.215039669159985358e+01
1.668700784748865260e+02 -1.162728315637018461e+01
1.648089345242878778e+02 -1.364208214988412671e+01
1.627477905736892296e+02 -1.151819633600070780e+01
1.606866466230905814e+02 -1.097740536357758856e+01
1.586255026724919617e+02 -9.367641157228309368e+00
1.565643587218933135e+02 -1.113430535985369119e+01
1.545032147712946653e+02 -1.167619963823976725e+01
1.524420708206960171e+02 -9.109582526021380744e+00
1.503809268700973689e+02 -1.003909299039407088e+01
1.483197829194987492e+02 -1.191928932475211234e+01
1.462586389689001010e+02 -1.266101721588088580e+01
1.441974950183014812e+02 -1.125094432479311024e+01
1.421363510677028046e+02 -1.005734516968697179e+01
1.400752071171041848e+02 -1.075630746505333768e+01
1.380140631665055366e+02 -1.230110999228523561e+01
1.359529192159069169e+02 -1.010620858278807965e+01
1.338917752653082403e+02 -1.289706964666217637e+01
1.318306313147096205e+02 -1.168174576174889800e+01
1.297694873641109723e+02 -1.253833954124695893e+01
1.277083434135123383e+02 -1.051299831808397478e+01
1.256471994629136901e+02 -9.737545888772745073e+00
1.235860555123150561e+02 -1.094329952369251835e+01
1.215249115617164080e+02 -1.187391050480738919e+01
1.194637676111177740e+02 -1.091714091910393769e+01
1.174026236605191400e+02 -1.104361151502572191e+01
1.153414797099204918e+02 -1.247046232967040780e+01
1.132803357593218578e+02 -1.166428662029957053e+01
1.112191918087232096e+02 -1.184770263234466192e+01
1.091580478581245757e+02 -1.093251702798304237e+01
1.070969039075259275e+02 -1.132517771238920901e+01
1.050357599569272935e+02 -1.104697589593227036e+01
1.029746160063286595e+02 -1.024230268686815570e+01
1.009134720557300113e+02 -1.002416397158303951e+01
9.885232810513136315e+01 -9.609385083367140368e+00
9.679118415453271496e+01 -1.148451227120775364e+01
9.473004020393408098e+01 -1.107913778799686888e+01
9.266889625333543279e+01 -1.303249743397336857e+01
9.060775230273679881e+01 -1.067268931489937778e+01
8.854660835213816483e+01 -1.194671999707855647e+01
8.648546440153951664e+01 -1.109373186749126639e+01
8.442432045094088267e+01 -1.102670185563308181e+01
8.236317650034223448e+01 -9.548276560211158781e+00
8.030203254974360050e+01 -9.367851724689739257e+00
7.824088859914495231e+01 -1.214873632896645717e+01
7.617974464854631833e+01 -9.850718285763282012e+00
7.411860069794768435e+01 -8.463671800180328830e+00
7.205745674734903616e+01 -1.300048216251115996e+01
6.999631279675040219e+01 -1.002046856526988172e+01
6.793516884615175400e+01 -9.504987845751829312e+00
6.587402489555312002e+01 -1.097299480820980477e+01
6.381288094495447183e+01 -9.269957152817285717e+00
6.175173699435583075e+01 -1.046794137679907521e+01
5.969059304375718966e+01 -1.002363965918557653e+01
5.762944909315854858e+01 -1.019762773683431334e+01
5.556830514255991460e+01 -1.237482632605288835e+01
5.350716119196127352e+01 -1.204711744284496611e+01
5.144601724136263243e+01 -9.910551474988585241e+00
4.938487329076398424e+01 -6.837234592983855386e+00
4.732372934016534316e+01 -1.039974560633053358e+01
4.526258538956670208e+01 -9.899223614133861204e+00
4.320144143896806099e+01 -1.071304914113891193e+01
4.114029748836942701e+01 -9.207253087740696174e+00
3.907915353777078593e+01 -9.992978471962663534e+00
3.701800958717214485e+01 -9.794201072504755246e+00
3.495686563657350376e+01 -9.790137800694015624e+00
3.289572168597486268e+01 -8.039677793064365474e+00
3.083457773537622160e+01 -1.222522542558047220e+01
2.877343378477758051e+01 -1.032173790512495870e+01
2.671228983417893588e+01 -1.029217948061967824e+01
2.465114588358029835e+01 -9.051453984120463758e+00
2.259000193298165726e+01 -6.095374375932547828e+00
2.052885798238301618e+01 -8.005917413250100978e+00
1.846771403178437509e+01 -5.179762421455876620e+00
1.640657008118573401e+01 -5.212833202827204637e+00
1.434542613058709293e+01 -4.956725228183773702e+00
1.228428217998845184e+01 -5.050397489702135978e+00
1.022313822938981076e+01 -8.765621221697427190e-01
8.161994278791169677e+00 2.623877295056590064e+00
6.100850328192529481e+00 1.431758527787390456e+01
4.039706377593889286e+00 2.426117237052349651e+01
1.978562426995248424e+00 3.580424760633388814e+01
-8.258152360339239551e-02 4.207958798603262096e+01
-2.143725474202033077e+00 4.076822541899338148e+01
-4.204869424800674160e+00 4.316511826874721436e+01
-6.266013375399315244e+00 4.264903095020492430e+01
-8.327157325997955439e+00 4.457732318774075964e+01
-1.038830127659659652e+01 4.507632616169005502e+01
-1.244944522719523583e+01 4.210646508001281063e+01
-1.451058917779387691e+01 3.430115880136104778e+01
-1.657173312839251622e+01 2.677117980578449874e+01
-1.863287707899115730e+01 1.787356193893164402e+01
-2.069402102958979839e+01 1.019454271852910132e+01
-2.275516498018844302e+01 7.499190819347307801e+00
-2.481630893078708056e+01 5.663659251495423597e+00
-2.687745288138572164e+01 6.942089167467455191e+00
-2.893859683198436272e+01 9.966069537040070259e+00
-3.099974078258300381e+01 1.357092789663948196e+01
-3.306088473318164489e+01 1.310640634385969427e+01
-3.512202868378028597e+01 1.833826702929263064e+01
-3.718317263437892706e+01 1.796008941096027911e+01
-3.924431658497756814e+01 1.653169266920020419e+01
-4.130546053557620212e+01 1.559352101973767724e+01
-4.336660448617484320e+01 1.657662200416241305e+01
-4.542774843677349139e+01 1.902862737011184180e+01
-4.748889238737213248e+01 2.017682705042324898e+01
-4.955003633797077356e+01 2.418299927008435191e+01
-5.161118028856941464e+01 2.417616516357447054e+01
-5.367232423916805573e+01 2.592016032076580956e+01
-5.573346818976668970e+01 2.292885164453672076e+01
-5.779461214036533079e+01 2.025071726926946170e+01
-5.985575609096397187e+01 1.632085184294459168e+01
-6.191690004156261296e+01 1.486291783006431722e+01
-6.397804399216125404e+01 1.305565050910539071e+01
-6.603918794275989512e+01 6.232994840600680320e+00
-6.810033189335854331e+01 5.409697928049280513e+00
-7.016147584395717729e+01 6.279876906855376362e+00
-7.222261979455582548e+01 6.024366898745472376e+00
-7.428376374515445946e+01 4.751900356131096181e+00
-7.634490769575309344e+01 4.824536406832852009e+00
-7.840605164635174162e+01 5.810720468482243106e+00
-8.046719559695037560e+01 3.182983745248597618e+00
-8.252833954754902379e+01 1.607580781273065806e+00
-8.458948349814765777e+01 3.064256984543219708e+00
-8.665062744874630596e+01 1.549553332702254815e+00
-8.871177139934493994e+01 3.117276267098867404e+00
-9.077291534994357391e+01 -8.247444641230478046e-01
-9.283405930054222210e+01 -4.458432201038111664e-01
-9.489520325114087029e+01 -2.532592617401589141e+00
-9.695634720173951848e+01 -1.327475663051263410e+00
-9.901749115233815246e+01 -1.032799764544042764e+00
-1.010786351029368006e+02 -2.319310532854645945e+00
-1.031397790535354346e+02 -1.603063292790854133e+00
-1.052009230041340686e+02 -3.421634395316613730e+00
-1.072620669547327168e+02 -4.898599923980483162e+00
-1.093232109053313508e+02 -6.238074355878987731e+00
-1.113843548559299990e+02 -6.159083777280219607e+00
-1.134454988065286329e+02 -5.423806880327552982e+00
-1.155066427571272811e+02 -4.142826887280516068e+00
-1.175677867077259151e+02 -4.022313040084021907e+00
-1.196289306583245491e+02 -8.252292002651117286e+00
-1.216900746089231973e+02 -1.082440053037713490e+01
-1.237512185595218313e+02 -9.146308878524820329e+00
-1.258123625101204794e+02 -8.679422593786693341e+00
-1.278735064607191134e+02 -6.704676014156612851e+00
-1.299346504113177616e+02 -7.746891568507384918e+00
-1.319957943619164098e+02 -8.712027634072221360e+00
-1.340569383125150296e+02 -8.292857272981130734e+00
-1.361180822631136778e+02 -7.507960964550690619e+00
-1.381792262137123259e+02 -7.945859454889778739e+00
-1.402403701643109741e+02 -8.689257778444316571e+00
-1.423015141149095939e+02 -8.303902112462015594e+00
-1.443626580655082421e+02 -9.249989906939273254e+00
-1.464238020161068619e+02 -1.041377290442484771e+01
-1.484849459667055385e+02 -1.050049526788835763e+01
-1.505460899173041582e+02 -9.891165161964355690e+00
-1.526072338679028064e+02 -6.959922582702039229e+00
-1.546683778185014546e+02 -8.394727446281036620e+00
-1.567295217691001028e+02 -7.400455934524753587e+00
-1.587906657196987510e+02 -7.669630671195990068e+00
-1.608518096702973708e+02 -9.572216473814831872e+00
-1.629129536208960189e+02 -7.753617998774287479e+00
-1.649740975714946387e+02 -6.471398541073497768e+00
-1.670352415220933153e+02 -7.918791216921256648e+00
-1.690963854726919351e+02 -9.958749330348595663e+00
-1.711575294232905833e+02 -8.628145880196282036e+00
-1.732186733738892030e+02 -6.770632893442511069e+00
-1.752798173244878512e+02 -6.515952992017363776e+00
-1.773409612750864994e+02 -7.005236709473730450e+00
-1.794021052256851476e+02 -8.828677591737548624e+00
-1.814632491762837674e+02 -9.704408809574941230e+00
-1.835243931268824156e+02 -9.176025665509920159e+00
-1.855855370774810638e+02 -9.268210901392526679e+00
-1.876466810280797120e+02 -8.772319960716854936e+00
-1.897078249786783317e+02 -8.374856579905392451e+00
-1.917689689292769799e+02 -8.615271754446169439e+00
-1.938301128798756281e+02 -9.324757738716636268e+00
-1.958912568304742763e+02 -9.007266482529869833e+00
-1.979524007810729245e+02 -7.516692049967534928e+00
-2.000135447316715442e+02 -6.297692383832294460e+00
-2.020746886822701924e+02 -7.606451515125320029e+00
-2.041358326328688122e+02 -7.470426264407497463e+00
-2.061969765834674888e+02 -8.831275106226817329e+00
-2.082581205340661086e+02 -9.489540140316295336e+00
-2.103192644846647568e+02 -7.908484858750561841e+00
-2.123804084352633765e+02 -7.593144468702402783e+00
-2.144415523858620247e+02 -8.684714484526109501e+00
-2.165026963364606729e+02 -8.716126325580361822e+00
-2.185638402870593211e+02 -8.394306945126871256e+00
-2.206249842376579409e+02 -7.357543070196806312e+00
-2.226861281882565891e+02 -8.928841544588827617e+00
-2.247472721388552372e+02 -7.307613501104420095e+00
-2.268084160894538854e+02 -6.884814194572249413e+00
-2.288695600400525052e+02 -8.533703400995122479e+00
-2.309307039906511534e+02 -8.607265481105930149e+00
-2.329918479412498016e+02 -9.755594968185230087e+00
-2.350529918918484498e+02 -7.929239329361320365e+00
-2.371141358424470980e+02 -8.189379886468945102e+00
-2.391752797930457177e+02 -7.054654770540716768e+00
-2.412364237436443659e+02 -8.158198346329800899e+00
-2.432975676942429857e+02 -9.913319614205583719e+00
-2.453587116448416623e+02 -8.457032825873984194e+00
-2.474198555954402821e+02 -1.045655320906000796e+01
-2.494809995460389302e+02 -8.954991417405562260e+00
-2.515421434966375500e+02 -9.873377220973859281e+00
-2.536032874472362266e+02 -1.094443102794176781e+01
-2.556644313978348464e+02 -9.864170274915176506e+00
