2.669257677462744596e+02 4.058062616318521165e+00
2.648646237956758682e+02 8.219442749414723082e+00
2.628034798450772200e+02 6.306945720669943078e+00
2.607423358944785718e+02 6.480514422691606491e+00
2.586811919438799237e+02 5.247318208981807786e+00
2.566200479932813323e+02 7.197508636377063063e+00
2.545589040426826557e+02 6.219756544032411405e+00
2.524977600920840075e+02 3.838887538920093601e+00
2.504366161414853877e+02 3.659248232237936271e+00
2.483754721908867396e+02 4.459896605161099536e+00
2.463143282402881198e+02 3.378752268838800976e+00
2.442531842896894432e+02 5.411765803098964600e-01
2.421920403390907950e+02 1.598340987062266239e+00
2.401308963884921752e+02 5.779381227562870649e+00
2.380697524378935270e+02 6.128682562938598366e+00
2.360086084872948788e+02 2.134131291552172627e+00
2.339474645366962307e+02 3.148071073529440600e+00
2.318863205860976109e+02 3.062252635080191521e+00
2.298251766354989627e+02 3.975254743360895571e+00
2.277640326849003429e+02 4.978522627141287238e+00
2.257028887343016663e+02 4.784806211883578797e+00
2.236417447837030466e+02 5.771876081153481053e+00
2.215806008331043984e+02 5.239058837920734568e+00
2.195194568825057786e+02 6.888878574636714269e+00
2.174583129319071304e+02 4.505962064830578484e+00
2.153971689813084822e+02 4.665923281127612121e+00
2.133360250307098340e+02 5.015410442611003994e+00
2.112748810801112143e+02 3.807728739267053353e+00
2.092137371295125661e+02 6.289986044141723021e+00
2.071525931789139179e+02 4.532634195081120865e+00
2.050914492283152697e+02 4.557507761376543343e+00
2.030303052777166215e+02 4.498579226760514693e+00
2.009691613271180017e+02 4.260193168876221570e+00
1.989080173765193535e+02 5.435342703739769021e+00
1.968468734259207054e+02 3.919283710993620495e+00
1.947857294753220572e+02 4.177308759871524835e+00
1.927245855247234374e+02 6.278948589074916597e+00
1.906634415741247892e+02 5.322302853945189760e+00
1.886022976235261694e+02 6.308120456425090339e+00
1.865411536729274928e+02 5.638533918622120389e+00
1.844800097223288731e+02 2.709114756156556947e+00
1.824188657717302249e+02 5.950506990730829671e+00
1.803577218211316051e+02 9.363841955748805290e+00
1.782965778705329569e+02 5.254089130667690455e+00
1.762354339199343087e+02 6.613557159869794866e+00
1.741742899693356605e+02 8.175454609799844619e+00
1.721131460187370408e+02 6.295846583528090790e+00
1.700520020681383926e+02 5.729342050854310919e+00
1.679908581175397160e+02 8.972545946183556609e+00
1.659297141669410962e+02 7.116702887416231249e+00
1.638685702163424480e+02 6.146731586935099578e+00
1.618074262657438283e+02 7.197878506804697096e+00
1.597462823151451801e+02 5.033608080499797133e+00
1.576851383645465319e+02 6.865975410527463296e+00
1.556239944139478837e+02 8.112797498257666717e+00
1.535628504633492639e+02 7.315357801288063122e+00
1.515017065127506157e+02 8.186138533259104122e+00
1.494405625621519960e+02 8.635735594136939142e+00
1.473794186115533194e+02 8.515694591270117186e+00
1.453182746609546996e+02 8.717995402019663942e+00
1.432571307103560514e+02 7.611746240370368177e+00
1.411959867597574316e+02 9.366022179758276778e+00
1.391348428091587550e+02 7.467892869599506156e+00
1.370736988585601352e+02 9.050499932049749674e+00
1.350125549079614871e+02 8.786845000223472368e+00
1.329514109573628673e+02 7.373141040950130787e+00
1.308902670067642191e+02 7.055901237358728650e+00
1.288291230561655709e+02 6.865276822859381234e+00
1.267679791055669227e+02 8.861906817322982022e+00
1.247068351549682887e+02 7.172515338415131225e+00
1.226456912043696548e+02 8.030216814559778982e+00
1.205845472537710066e+02 1.052166181222515995e+01
1.185234033031723726e+02 7.906246820790411967e+00
1.164622593525737244e+02 9.080719858367107378e+00
1.144011154019750904e+02 8.680513536599708146e+00
1.123399714513764422e+02 7.422640789330563038e+00
1.102788275007778083e+02 1.029028005883134789e+01
1.082176835501791601e+02 8.047407210232787378e+00
1.061565395995805119e+02 6.312861101185670343e+00
1.040953956489818779e+02 8.023818696595242272e+00
1.020342516983832297e+02 7.481465709969576494e+00
9.997310774778459574e+01 7.748188805970811721e+00
9.791196379718594756e+01 5.656102490491793588e+00
9.585081984658729937e+01 7.673009700387738441e+00
9.378967589598866539e+01 1.122344544866155225e+01
9.172853194539001720e+01 8.192316265994708857e+00
8.966738799479138322e+01 9.019300254900690206e+00
8.760624404419274924e+01 9.410614755602043857e+00
8.554510009359410105e+01 7.256656604565468349e+00
8.348395614299546708e+01 7.545648818968282434e+00
8.142281219239681889e+01 8.736546018935367641e+00
7.936166824179818491e+01 7.342849571214070004e+00
7.730052429119953672e+01 8.609917321060684969e+00
7.523938034060090274e+01 8.211878697381772341e+00
7.317823639000226876e+01 8.160766193460309736e+00
7.111709243940360636e+01 7.766079662990738264e+00
6.905594848880497238e+01 1.090076318885059692e+01
6.699480453820632420e+01 9.352299420765083582e+00
6.493366058760769022e+01 8.550577285844177311e+00
6.287251663700905624e+01 9.945614399120946914e+00
6.081137268641040805e+01 9.884037356119243611e+00
5.875022873581176697e+01 8.169622567566687366e+00
5.668908478521312588e+01 1.056922154897342025e+01
5.462794083461448480e+01 7.654616370933332803e+00
5.256679688401585082e+01 1.011281287189405553e+01
5.050565293341720974e+01 9.002686127443563890e+00
4.844450898281856865e+01 6.783240240981084135e+00
4.638336503221992757e+01 8.840327024273385348e+00
4.432222108162128649e+01 1.110910881311351339e+01
4.226107713102263830e+01 1.116891686672983219e+01
4.019993318042399721e+01 9.863069149581864536e+00
3.813878922982536324e+01 1.136185168084908170e+01
3.607764527922672215e+01 1.204821685855633895e+01
3.401650132862808107e+01 1.116098845159200259e+01
3.195535737802943999e+01 1.254441887248788667e+01
2.989421342743079890e+01 1.188540903169979224e+01
2.783306947683216137e+01 1.010545172948738468e+01
2.577192552623351673e+01 1.420539733859380860e+01
2.371078157563487920e+01 1.142739923024604565e+01
2.164963762503623812e+01 1.292197164690031030e+01
1.958849367443760059e+01 1.164037939833576374e+01
1.752734972383895595e+01 1.344303690942685670e+01
1.546620577324031842e+01 1.554824673426216108e+01
1.340506182264167556e+01 1.497593122002590071e+01
1.134391787204303625e+01 1.565019748469921979e+01
9.282773921444393395e+00 1.870505123037358430e+01
7.221629970845754087e+00 2.973411678948809111e+01
5.160486020247112116e+00 3.948398467192787109e+01
3.099342069648471476e+00 5.323428021279370626e+01
1.038198119049830614e+00 6.116111497663534635e+01
-1.022945831548810025e+00 6.004399782133209129e+01
-3.084089782147450887e+00 6.082360333441049249e+01
-5.145233732746091526e+00 5.853067582817651271e+01
-7.206377683344731722e+00 5.622520889457289428e+01
-9.267521633943372805e+00 5.484748575565526352e+01
-1.132866558454201389e+01 5.682031519323647473e+01
-1.338980953514065320e+01 6.067811167039952380e+01
-1.545095348573929428e+01 6.101899204230191742e+01
-1.751209743633793536e+01 5.316480659048864510e+01
-1.957324138693657645e+01 4.901462037650328796e+01
-2.163438533753521753e+01 4.423051628741175989e+01
-2.369552928813385861e+01 4.608217537533280250e+01
-2.575667323873249970e+01 4.972588313351575806e+01
-2.781781718933114078e+01 5.096688391042862065e+01
-2.987896113992978187e+01 5.461803789827457933e+01
-3.194010509052842650e+01 6.026314903582044025e+01
-3.400124904112706048e+01 6.007912886048301004e+01
-3.606239299172570867e+01 5.968543545834962316e+01
-3.812353694232434975e+01 6.425263662842378665e+01
-4.018468089292299084e+01 6.513632779853486454e+01
-4.224582484352163192e+01 6.232334467394016997e+01
-4.430696879412026590e+01 5.758101876463063462e+01
-4.636811274471890698e+01 5.296515822943196383e+01
-4.842925669531754806e+01 4.725698803724372254e+01
-5.049040064591618915e+01 4.177755812444785022e+01
-5.255154459651483023e+01 3.795266305133446849e+01
-5.461268854711347842e+01 3.527466452809507302e+01
-5.667383249771211950e+01 3.123197523153230648e+01
-5.873497644831075348e+01 2.712615996780312244e+01
-6.079612039890939457e+01 2.628628879784971417e+01
-6.285726434950803565e+01 2.579554218386931197e+01
-6.491840830010667673e+01 2.241641131054764813e+01
-6.697955225070531071e+01 2.183072609091676242e+01
-6.904069620130395890e+01 2.159097861246688765e+01
-7.110184015190259288e+01 2.274176658207235846e+01
-7.316298410250124107e+01 2.381076177193687826e+01
-7.522412805309987505e+01 2.388857058053115168e+01
-7.728527200369852324e+01 2.431416599052264971e+01
-7.934641595429715721e+01 2.211267987210223396e+01
-8.140755990489579119e+01 2.135945420811669138e+01
-8.346870385549443938e+01 1.764181034585001129e+01
-8.552984780609308757e+01 2.162414814966276211e+01
-8.759099175669173576e+01 1.739797269868597240e+01
-8.965213570729036974e+01 1.734685982858245623e+01
-9.171327965788900372e+01 1.795761303412450260e+01
-9.377442360848765190e+01 1.708858770828402029e+01
-9.583556755908628588e+01 1.631801123858967983e+01
-9.789671150968493407e+01 1.412219910104951026e+01
-9.995785546028355384e+01 1.441066579203349463e+01
-1.020189994108822020e+02 1.384624138241875357e+01
-1.040801433614808360e+02 1.138394890076049748e+01
-1.061412873120794842e+02 1.233073439007742778e+01
-1.082024312626781182e+02 1.315200311315807014e+01
-1.102635752132767664e+02 1.194186623009323434e+01
-1.123247191638754003e+02 1.394674793453289929e+01
-1.143858631144740343e+02 1.371326980311952859e+01
-1.164470070650726825e+02 1.315046941427141824e+01
-1.185081510156713165e+02 1.389707431837987350e+01
-1.205692949662699647e+02 1.266025563896867645e+01
-1.226304389168685987e+02 1.158943489307455366e+01
-1.246915828674672611e+02 1.210970260042413038e+01
-1.267527268180658950e+02 1.261574097231522451e+01
-1.288138707686645148e+02 1.189331473446289422e+01
-1.308750147192631630e+02 1.074059496639918088e+01
-1.329361586698618112e+02 1.191407741420330169e+01
-1.349973026204604594e+02 1.223080282966935606e+01
-1.370584465710590791e+02 1.314130745900307318e+01
-1.391195905216577273e+02 1.331535016976533647e+01
-1.411807344722563471e+02 1.203618139101999063e+01
-1.432418784228550237e+02 1.071902942008327564e+01
-1.453030223734536719e+02 1.314033238979634532e+01
-1.473641663240522917e+02 1.607356960338628227e+01
-1.494253102746509398e+02 1.432016541068745141e+01
-1.514864542252495880e+02 1.272651698369435280e+01
-1.535475981758482362e+02 1.097444401550997739e+01
-1.556087421264468560e+02 1.222766187630953105e+01
-1.576698860770455042e+02 1.310056247348533098e+01
-1.597310300276441239e+02 1.522113559679480588e+01
-1.617921739782428006e+02 1.098317410589648624e+01
-1.638533179288414203e+02 1.543968000375831551e+01
-1.659144618794400685e+02 1.372276024048732879e+01
-1.679756058300386883e+02 1.228876044133330581e+01
-1.700367497806373365e+02 1.240761165591107762e+01
-1.720978937312359847e+02 1.317838349668967801e+01
-1.741590376818346328e+02 1.253311652402681808e+01
-1.762201816324332526e+02 1.169666604483665040e+01
-1.782813255830319008e+02 1.296920086585946130e+01
-1.803424695336305774e+02 1.453434219299422558e+01
-1.824036134842291972e+02 1.070532295491544161e+01
-1.844647574348278454e+02 1.024217822334486350e+01
-1.865259013854264651e+02 1.351830731446034761e+01
-1.885870453360251133e+02 1.135987441334985881e+01
-1.906481892866237615e+02 1.244696947020539213e+01
-1.927093332372224097e+02 1.335672503663365163e+01
-1.947704771878210295e+02 1.150874492258571813e+01
-1.968316211384196777e+02 1.465956366251071152e+01
-1.988927650890182974e+02 1.233171654707391873e+01
-2.009539090396169740e+02 1.275189821269178481e+01
-2.030150529902155938e+02 9.808354072628228337e+00
-2.050761969408142420e+02 1.194255292127623846e+01
-2.071373408914128618e+02 1.196954015918637459e+01
-2.091984848420115100e+02 1.299736868853754501e+01
-2.112596287926101581e+02 1.004176239395128611e+01
-2.133207727432088063e+02 1.238086627288871178e+01
-2.153819166938074261e+02 1.194375483395022108e+01
-2.174430606444060743e+02 1.228674890594721703e+01
-2.195042045950047509e+02 1.219466870293966920e+01
-2.215653485456033707e+02 1.289800119006744161e+01
-2.236264924962020189e+02 1.214727446395034427e+01
-2.256876364468006386e+02 1.176237262980425946e+01
-2.277487803973992868e+02 1.202480040561070140e+01
-2.298099243479979350e+02 1.083242930841535667e+01
-2.318710682985965832e+02 1.197782913145179506e+01
-2.339322122491952030e+02 8.516548649735325327e+00
-2.359933561997938511e+02 1.082853693530276651e+01
-2.380545001503924709e+02 9.866967421650512549e+00
-2.401156441009911475e+02 1.097890756711614024e+01
-2.421767880515897673e+02 9.545625773445713946e+00
-2.442379320021884155e+02 1.130121574541849583e+01
-2.462990759527870352e+02 1.129156273909376651e+01
-2.483602199033857119e+02 9.229791252781375022e+00
-2.504213638539843316e+02 1.033217190249305162e+01
-2.524825078045829798e+02 9.514609306246208931e+00
-2.545436517551815996e+02 8.456943979822510116e+00
-2.566047957057802478e+02 9.711110357573135232e+00
-2.586659396563788960e+02 7.337775271587671178e+00
