2.698133427487251765e+02 -7.990712267566718374e+00
2.677521987981265283e+02 -1.465343572302203334e+01
2.656910548475278802e+02 -1.229892387322506941e+01
2.636299108969292320e+02 -1.252634784592625472e+01
2.615687669463305838e+02 -1.367138914835628860e+01
2.595076229957319356e+02 -1.197525770259340305e+01
2.574464790451332874e+02 -1.077829475383537527e+01
2.553853350945346676e+02 -1.215559850300742539e+01
2.533241911439360479e+02 -1.081984827355141299e+01
2.512630471933373713e+02 -1.450979614288588948e+01
2.492019032427387515e+02 -1.418323675153402164e+01
2.471407592921401033e+02 -1.579139778642305991e+01
2.450796153415414835e+02 -1.392162228458248663e+01
2.430184713909428069e+02 -1.254253262178701078e+01
2.409573274403441872e+02 -1.111286105182790962e+01
2.388961834897455390e+02 -1.362276673843810393e+01
2.368350395391469192e+02 -1.328157256816124310e+01
2.347738955885482710e+02 -1.269783528252111893e+01
2.327127516379496228e+02 -1.218522272326547906e+01
2.306516076873509746e+02 -1.165571525045242396e+01
2.285904637367523549e+02 -1.215132675248804084e+01
2.265293197861537067e+02 -1.310068852073146672e+01
2.244681758355550869e+02 -1.065998494850229861e+01
2.224070318849564103e+02 -1.274507509651625625e+01
2.203458879343577905e+02 -1.271348243682043311e+01
2.182847439837591423e+02 -1.166161971510446094e+01
2.162236000331604941e+02 -1.258997718001538502e+01
2.141624560825618744e+02 -1.199527266389637781e+01
2.121013121319631978e+02 -1.334015560402700196e+01
2.100401681813645780e+02 -1.387824616915411191e+01
2.079790242307659298e+02 -1.143343692307655424e+01
2.059178802801673100e+02 -1.076022799559596699e+01
2.038567363295686334e+02 -1.369283352839481083e+01
2.017955923789700137e+02 -1.462934968430525728e+01
1.997344484283713655e+02 -1.117700241651825088e+01
1.976733044777727741e+02 -1.241218423433746487e+01
1.956121605271740975e+02 -1.249225460408619526e+01
1.935510165765754778e+02 -1.191068397441236648e+01
1.914898726259768296e+02 -1.147614987590339020e+01
1.894287286753782098e+02 -1.180251988985517819e+01
1.873675847247795332e+02 -1.286037475392456741e+01
1.853064407741809134e+02 -1.282946333541454109e+01
1.832452968235822652e+02 -8.554585584380358654e+00
1.811841528729836455e+02 -1.033747276027219186e+01
1.791230089223849973e+02 -1.373779006192907914e+01
1.770618649717863207e+02 -1.108004993563450391e+01
1.750007210211877009e+02 -1.257251549440336014e+01
1.729395770705890527e+02 -1.182439628776789853e+01
1.708784331199904329e+02 -1.162613137416709463e+01
1.688172891693917848e+02 -1.153479103319001808e+01
1.667561452187931366e+02 -1.143186580349065551e+01
1.646950012681944884e+02 -1.031983854109226328e+01
1.626338573175958686e+02 -1.243833353907703021e+01
1.605727133669972204e+02 -1.185127123795106030e+01
1.585115694163986007e+02 -9.851828527463673879e+00
1.564504254657999240e+02 -1.059566482257118736e+01
1.543892815152013043e+02 -9.859238010801158580e+00
1.523281375646026561e+02 -1.064429252991804908e+01
1.502669936140040363e+02 -1.074663656950990820e+01
1.482058496634053597e+02 -1.145182171348193023e+01
1.461447057128067399e+02 -1.024411012246016917e+01
1.440835617622080917e+02 -1.058028082338104348e+01
1.420224178116094720e+02 -1.164798155872754748e+01
1.399612738610108238e+02 -9.222431407523671965e+00
1.379001299104121472e+02 -1.253728032368943168e+01
1.358389859598135274e+02 -1.136995577771963184e+01
1.337778420092148792e+02 -1.174607652441242678e+01
1.317166980586162595e+02 -9.142436562926505417e+00
1.296555541080176113e+02 -1.051680990258317472e+01
1.275944101574189773e+02 -1.069571001768261809e+01
1.255332662068203291e+02 -8.902338543950182981e+00
1.234721222562216951e+02 -1.319699977182625261e+01
1.214109783056230327e+02 -1.174317347829381042e+01
1.193498343550243987e+02 -8.615706576477503376e+00
1.172886904044257648e+02 -9.612889877146431061e+00
1.152275464538271166e+02 -8.076755888179478760e+00
1.131664025032284826e+02 -9.780941440998665470e+00
1.111052585526298344e+02 -1.228672751011415087e+01
1.090441146020312004e+02 -1.141418724067490231e+01
1.069829706514325522e+02 -1.026871548454467131e+01
1.049218267008339183e+02 -1.117933435101942052e+01
1.028606827502352843e+02 -1.122142084205329304e+01
1.007995387996366361e+02 -8.915743997209567340e+00
9.873839484903798791e+01 -8.851662356852719071e+00
9.667725089843935393e+01 -1.144328168362989651e+01
9.461610694784070574e+01 -1.096073130912263949e+01
9.255496299724207176e+01 -1.054277506181947111e+01
9.049381904664342358e+01 -1.058722764662771887e+01
8.843267509604478960e+01 -1.069673717014882008e+01
8.637153114544614141e+01 -1.009118751324914598e+01
8.431038719484750743e+01 -1.079483549580156954e+01
8.224924324424885924e+01 -9.353436353151725058e+00
8.018809929365021105e+01 -9.908012143576952369e+00
7.812695534305157707e+01 -1.113974459814186702e+01
7.606581139245292889e+01 -1.111605324325912036e+01
7.400466744185429491e+01 -1.109416269909313790e+01
7.194352349125564672e+01 -9.196074808178181570e+00
6.988237954065701274e+01 -1.180572029587789729e+01
6.782123559005837876e+01 -9.879046421174516368e+00
6.576009163945973057e+01 -1.288894728254146926e+01
6.369894768886108949e+01 -1.058184442665693936e+01
6.163780373826245551e+01 -6.931680827621173435e+00
5.957665978766381443e+01 -1.081523034834818375e+01
5.751551583706517334e+01 -1.028876927272754394e+01
5.545437188646653226e+01 -1.075587536672644973e+01
5.339322793586788407e+01 -8.468738295369311331e+00
5.133208398526924299e+01 -1.083707783262415703e+01
4.927094003467060190e+01 -1.137937667508768946e+01
4.720979608407196793e+01 -1.028731947286167703e+01
4.514865213347332684e+01 -9.231376205727549689e+00
4.308750818287468576e+01 -1.036422710097714805e+01
4.102636423227604467e+01 -8.221349760175563404e+00
3.896522028167740359e+01 -1.114696497698366251e+01
3.690407633107876251e+01 -1.010504642378955076e+01
3.484293238048011432e+01 -8.198001633321579718e+00
3.278178842988148034e+01 -1.050958360024396043e+01
3.072064447928284281e+01 -9.597080331617103610e+00
2.865950052868419817e+01 -1.016035104885024154e+01
2.659835657808555709e+01 -9.598935989488721177e+00
2.453721262748691956e+01 -8.615172138073711849e+00
2.247606867688828203e+01 -4.836085330110853064e+00
2.041492472628964094e+01 -7.655321748111003188e+00
1.835378077569099631e+01 -6.531300607165499983e+00
1.629263682509235878e+01 -4.343108020215314724e+00
1.423149287449371592e+01 -7.187675154840880154e+00
1.217034892389507483e+01 -4.274924958655574869e+00
1.010920497329643553e+01 -3.149018980865277151e-02
8.048061022697792666e+00 6.729548250483031069e+00
5.986917072099152470e+00 1.560515470748304523e+01
3.925773121500511387e+00 2.628768235808140830e+01
1.864629170901870747e+00 3.568556762090407375e+01
-1.965147796967698646e-01 4.065128071241247198e+01
-2.257658730295410976e+00 4.543588038135318641e+01
-4.318802680894051171e+00 4.642269130345923855e+01
-6.379946631492691367e+00 4.808871394748148731e+01
-8.441090582091332450e+00 4.961498491997731008e+01
-1.050223453268997176e+01 4.647609586452463759e+01
-1.256337848328861462e+01 4.143377691962857057e+01
-1.462452243388725392e+01 2.806884713511770002e+01
-1.668566638448589501e+01 1.861802713421170452e+01
-1.874681033508453964e+01 1.406720041291078260e+01
-2.080795428568317718e+01 1.123672926126682192e+01
-2.286909823628181826e+01 9.036432296647900486e+00
-2.493024218688045934e+01 8.399074422056562739e+00
-2.699138613747910043e+01 6.373651889948196647e+00
-2.905253008807774506e+01 8.791708519889157358e+00
-3.111367403867638259e+01 1.151696192594523716e+01
-3.317481798927502723e+01 1.037601591164698611e+01
-3.523596193987366121e+01 1.367888565745146501e+01
-3.729710589047230229e+01 1.255832140552154996e+01
-3.935824984107094338e+01 1.247356844685156219e+01
-4.141939379166958446e+01 1.723765099924935740e+01
-4.348053774226823265e+01 1.665978005552902985e+01
-4.554168169286687373e+01 1.677018943481387581e+01
-4.760282564346551482e+01 1.931599693736491119e+01
-4.966396959406414879e+01 2.012727203504559981e+01
-5.172511354466278988e+01 2.640425721302086970e+01
-5.378625749526143096e+01 2.684753351941209942e+01
-5.584740144586007204e+01 2.910902807440395890e+01
-5.790854539645871313e+01 2.763374858218214669e+01
-5.996968934705735421e+01 3.011498239616325634e+01
-6.203083329765600240e+01 2.951527784622509643e+01
-6.409197724825463638e+01 2.369956525915202050e+01
-6.615312119885327036e+01 2.378259065576312281e+01
-6.821426514945191855e+01 1.940118416548613212e+01
-7.027540910005055252e+01 1.472619348168189291e+01
-7.233655305064920071e+01 8.743619221284216536e+00
-7.439769700124784890e+01 7.162472294866259581e+00
-7.645884095184648288e+01 5.712842109268827961e+00
-7.851998490244513107e+01 3.189105861727124402e+00
-8.058112885304376505e+01 1.395135099502943232e+00
-8.264227280364241324e+01 -1.817650188813575984e-01
-8.470341675424104722e+01 2.196276218434777938e+00
-8.676456070483968119e+01 2.650165127783508101e+00
-8.882570465543832938e+01 8.131441795619622770e-01
-9.088684860603696336e+01 1.737843737606095562e+00
-9.294799255663561155e+01 -1.180012779125388711e+00
-9.500913650723424553e+01 6.903980372826247214e-01
-9.707028045783287951e+01 1.948661468267209873e+00
-9.913142440843151348e+01 1.905642756390932835e+00
-1.011925683590301617e+02 2.966104629586284958e+00
-1.032537123096287957e+02 2.860238298915326993e+00
-1.053148562602274296e+02 2.306141877285766029e+00
-1.073760002108260778e+02 -2.261813892733041786e+00
-1.094371441614247118e+02 -5.183849633592649830e+00
-1.114982881120233742e+02 -4.620854146591214295e+00
-1.135594320626220082e+02 -7.006687182870840580e+00
-1.156205760132206564e+02 -7.502255059077618249e+00
-1.176817199638192903e+02 -8.575039188761270026e+00
-1.197428639144179243e+02 -8.179788552484309250e+00
-1.218040078650165725e+02 -6.080392853981877899e+00
-1.238651518156152065e+02 -8.667176836023397613e+00
-1.259262957662138547e+02 -7.383646352348396391e+00
-1.279874397168124887e+02 -6.391022077526197442e+00
-1.300485836674111511e+02 -7.569614372003083069e+00
-1.321097276180097708e+02 -7.818845525748315595e+00
-1.341708715686084190e+02 -7.675422517044590442e+00
-1.362320155192070672e+02 -7.847840960450671588e+00
-1.382931594698056870e+02 -9.242638726978420038e+00
-1.403543034204043352e+02 -8.422702272802295553e+00
-1.424154473710029833e+02 -7.986806471144544339e+00
-1.444765913216016315e+02 -7.478608649605221537e+00
-1.465377352722002513e+02 -8.953075686284284629e+00
-1.485988792227988995e+02 -6.957196503150663958e+00
-1.506600231733975193e+02 -9.298662702602930707e+00
-1.527211671239961959e+02 -1.032027867286458012e+01
-1.547823110745948156e+02 -9.567435409966437376e+00
-1.568434550251934638e+02 -9.376023286060172879e+00
-1.589045989757920836e+02 -8.380899638261032791e+00
-1.609657429263907318e+02 -7.288752998739647992e+00
-1.630268868769893800e+02 -9.521067383091171621e+00
-1.650880308275880282e+02 -9.375454847634369315e+00
-1.671491747781866479e+02 -8.512755718071231215e+00
-1.692103187287852961e+02 -6.713635774095412678e+00
-1.712714626793839727e+02 -7.244745364684610500e+00
-1.733326066299825925e+02 -9.059765978817114984e+00
-1.753937505805812407e+02 -7.762407715841655786e+00
-1.774548945311798605e+02 -8.554262196810414665e+00
-1.795160384817785086e+02 -1.016209088255314086e+01
-1.815771824323771568e+02 -9.130369509148904328e+00
-1.836383263829758050e+02 -9.828345890207286217e+00
-1.856994703335744248e+02 -7.083196698731340391e+00
-1.877606142841730730e+02 -7.617284940706811724e+00
-1.898217582347716927e+02 -9.495488775745970500e+00
-1.918829021853703694e+02 -7.941471469617483514e+00
-1.939440461359689891e+02 -6.758089787950079419e+00
-1.960051900865676373e+02 -8.828439581449117668e+00
-1.980663340371662571e+02 -1.140891000458088733e+01
-2.001274779877649337e+02 -7.738499415725788033e+00
-2.021886219383635535e+02 -9.966875955766933970e+00
-2.042497658889622301e+02 -6.667647982310218602e+00
-2.063109098395608783e+02 -8.163399998474663022e+00
-2.083720537901594980e+02 -7.312811312540252295e+00
-2.104331977407581462e+02 -5.336612749002656919e+00
-2.124943416913567944e+02 -1.054253162380625319e+01
-2.145554856419554426e+02 -9.485580434585999754e+00
-2.166166295925540624e+02 -5.408805632219795712e+00
-2.186777735431527105e+02 -9.831963789515771879e+00
-2.207389174937513303e+02 -8.613694991899818021e+00
-2.228000614443500069e+02 -8.923879044460095500e+00
-2.248612053949486267e+02 -7.860394112317583115e+00
-2.269223493455472749e+02 -8.684461194343704449e+00
-2.289834932961458946e+02 -9.951458714181921295e+00
-2.310446372467445428e+02 -9.819723580677154118e+00
-2.331057811973431910e+02 -7.237386722633035951e+00
-2.351669251479418392e+02 -7.758736513767110488e+00
-2.372280690985404590e+02 -7.799759918366307332e+00
-2.392892130491391072e+02 -7.111438082587166143e+00
-2.413503569997377554e+02 -8.860128272796597315e+00
-2.434115009503364035e+02 -7.915050950270644314e+00
-2.454726449009350517e+02 -9.264711338018972953e+00
-2.475337888515336715e+02 -1.146857862429671648e+01
-2.495949328021323197e+02 -8.681365118218481669e+00
-2.516560767527309679e+02 -1.017565864342361159e+01
-2.537172207033296161e+02 -1.305676851937724514e+01
-2.557783646539282358e+02 -1.245201671210474181e+01
