2.702664666169146130e+02 -1.399273020698863057e+00
2.682053226663159649e+02 -3.108294910675206690e+00
2.661441787157173167e+02 -4.966945146653048759e+00
2.640830347651186685e+02 -5.013762612604561575e+00
2.620218908145200203e+02 -5.164951420375541780e+00
2.599607468639214289e+02 -5.368908795200289852e+00
2.578996029133227808e+02 -3.886345055771309287e+00
2.558384589627241041e+02 -4.873920202609029140e+00
2.537773150121254844e+02 -7.178657874373811865e+00
2.517161710615268362e+02 -4.942072403810808368e+00
2.496550271109282164e+02 -7.595343299229431189e+00
2.475938831603295398e+02 -5.914433000140017604e+00
2.455327392097309200e+02 -8.379290491069017577e+00
2.434715952591322718e+02 -7.200219864056286667e+00
2.414104513085336521e+02 -6.572445767309094578e+00
2.393493073579350039e+02 -6.973331940187971867e+00
2.372881634073363557e+02 -7.218893768184463156e+00
2.352270194567377075e+02 -5.882003764268734614e+00
2.331658755061390877e+02 -6.743808466155858383e+00
2.311047315555404396e+02 -6.197025681921259910e+00
2.290435876049417914e+02 -8.381365934542387208e+00
2.269824436543431432e+02 -5.522584983906226874e+00
2.249212997037444950e+02 -6.292906925280989050e+00
2.228601557531458752e+02 -6.456767844722964611e+00
2.207990118025472270e+02 -6.669907178207612475e+00
2.187378678519485788e+02 -7.621482041020334997e+00
2.166767239013499307e+02 -5.853823096636739720e+00
2.146155799507513109e+02 -7.261256915707528847e+00
2.125544360001526627e+02 -7.997379382799129743e+00
2.104932920495540429e+02 -9.043430926768888156e+00
2.084321480989553663e+02 -7.269137492957787217e+00
2.063710041483567466e+02 -6.168610965754538711e+00
2.043098601977580984e+02 -5.375437931716862572e+00
2.022487162471594786e+02 -9.177269651844596865e+00
2.001875722965608304e+02 -5.540098072094351345e+00
1.981264283459621822e+02 -7.474038665136424342e+00
1.960652843953635340e+02 -7.137134692010898895e+00
1.940041404447649143e+02 -9.245188935589771617e+00
1.919429964941662661e+02 -7.107722108692468233e+00
1.898818525435675895e+02 -5.361759096246677458e+00
1.878207085929689697e+02 -7.101287456400150688e+00
1.857595646423703215e+02 -7.125060129044406665e+00
1.836984206917717017e+02 -6.711442275294254856e+00
1.816372767411730536e+02 -5.011132034296304383e+00
1.795761327905744054e+02 -6.591412513737147982e+00
1.775149888399757572e+02 -6.657495647635006897e+00
1.754538448893771374e+02 -6.848879088717348296e+00
1.733927009387784892e+02 -6.739766112636237594e+00
1.713315569881798694e+02 -5.470642665677770466e+00
1.692704130375811928e+02 -4.281659892403895107e+00
1.672092690869825731e+02 -6.931851598689132921e+00
1.651481251363839249e+02 -7.515857412956435724e+00
1.630869811857853051e+02 -5.932094181317998149e+00
1.610258372351866569e+02 -5.967101717247826898e+00
1.589646932845880087e+02 -6.215586141231936423e+00
1.569035493339893605e+02 -5.503667197971316760e+00
1.548424053833907408e+02 -5.464887771044804055e+00
1.527812614327920926e+02 -4.948623922352469506e+00
1.507201174821934160e+02 -5.240611371530881080e+00
1.486589735315947962e+02 -5.701210882225295151e+00
1.465978295809961480e+02 -9.818960645556808586e+00
1.445366856303975283e+02 -5.275438347715397214e+00
1.424755416797988801e+02 -6.249420604786998901e+00
1.404143977292002319e+02 -7.488976616517455831e+00
1.383532537786015837e+02 -5.202988251412548060e+00
1.362921098280029639e+02 -4.168538143071761404e+00
1.342309658774043157e+02 -4.382225728520274366e+00
1.321698219268056960e+02 -6.975154648847980532e+00
1.301086779762070478e+02 -1.193507816892726670e+00
1.280475340256083996e+02 -4.955651627681943339e+00
1.259863900750097514e+02 -5.920537100775884021e+00
1.239252461244111032e+02 -4.130771406471342111e+00
1.218641021738124692e+02 -4.750845386003135218e+00
1.198029582232138210e+02 -4.531461004837621154e+00
1.177418142726151871e+02 -9.451893427133075676e+00
1.156806703220165531e+02 -5.635581920302418446e+00
1.136195263714179049e+02 -7.266756528990744535e+00
1.115583824208192709e+02 -7.386870022217236098e+00
1.094972384702206227e+02 -6.369590407793444875e+00
1.074360945196219888e+02 -8.776578085915081928e+00
1.053749505690233548e+02 -6.930763105756923892e+00
1.033138066184247066e+02 -9.037943869733794600e+00
1.012526626678260726e+02 -5.148582682915178843e+00
9.919151871722742442e+01 -5.090338438946486299e+00
9.713037476662877623e+01 -7.941989803397610181e+00
9.506923081603012804e+01 -5.567268959165751596e+00
9.300808686543147985e+01 -4.412799435760806688e+00
9.094694291483284587e+01 -6.549390456011989770e+00
8.888579896423419768e+01 -4.432954387441085053e+00
8.682465501363556371e+01 -6.995370823382694780e+00
8.476351106303692973e+01 -5.820525822731822174e+00
8.270236711243828154e+01 -5.939834521788498911e+00
8.064122316183964756e+01 -6.501602055870875141e+00
7.858007921124099937e+01 -6.736880184768041957e+00
7.651893526064236539e+01 -5.781692234709672640e+00
7.445779131004371720e+01 -4.820732620218939779e+00
7.239664735944508323e+01 -5.607230684526846254e+00
7.033550340884644925e+01 -4.470556799161302663e+00
6.827435945824780106e+01 -8.507566151714303970e+00
6.621321550764916708e+01 -5.985673546520265731e+00
6.415207155705051889e+01 -6.382166076401351695e+00
6.209092760645187781e+01 -6.020372564092387968e+00
6.002978365585323672e+01 -5.270429840570316493e+00
5.796863970525459564e+01 -6.009336729395440280e+00
5.590749575465595456e+01 -4.445890938516853019e+00
5.384635180405731347e+01 -4.610029399298014141e+00
5.178520785345867239e+01 -6.477165639735379621e+00
4.972406390286003841e+01 -6.344435732667450978e+00
4.766291995226139022e+01 -5.545231570951290934e+00
4.560177600166275624e+01 -4.222221734344174138e+00
4.354063205106411516e+01 -3.049812893804681124e+00
4.147948810046547408e+01 -4.440085160353770100e+00
3.941834414986683299e+01 -6.467846600247884048e+00
3.735720019926819191e+01 -3.079448529717683680e+00
3.529605624866955083e+01 -2.578936994733588062e+00
3.323491229807090974e+01 -3.430629226134839893e+00
3.117376834747226866e+01 -4.440957374364323584e+00
2.911262439687363113e+01 -3.415264998586796441e+00
2.705148044627499004e+01 -4.237996313431694695e+00
2.499033649567634896e+01 -5.149054907753796151e+00
2.292919254507770432e+01 -2.535907836204406962e+00
2.086804859447906324e+01 -2.896887976239271190e+00
1.880690464388042216e+01 -4.135806726347564855e+00
1.674576069328178463e+01 -1.560477440951688832e+00
1.468461674268314177e+01 -1.810252744160510963e+00
1.262347279208450068e+01 2.915291312099326793e-01
1.056232884148585960e+01 4.001474065547371950e+00
8.501184890887220291e+00 1.221766605036285469e+01
6.440040940288578319e+00 2.073959619105257346e+01
4.378896989689938124e+00 2.958620550206880750e+01
2.317753039091297040e+00 3.513778582747708867e+01
2.566090884926564009e-01 4.159381514232497068e+01
-1.804534862105984461e+00 4.580559469344718337e+01
-3.865678812704625322e+00 4.591187555035534729e+01
-5.926822763303265518e+00 5.051080467631184234e+01
-7.987966713901906601e+00 4.849631811029946959e+01
-1.004911066450054768e+01 4.178061605035117765e+01
-1.211025461509918699e+01 3.718317787610214964e+01
-1.417139856569782985e+01 3.082268618623171719e+01
-1.623254251629646916e+01 2.761265182164860477e+01
-1.829368646689511024e+01 2.421788815286591401e+01
-2.035483041749375133e+01 2.097803598220995269e+01
-2.241597436809239241e+01 2.230041138096363795e+01
-2.447711831869102994e+01 2.439813247841583888e+01
-2.653826226928967102e+01 2.781816653432180786e+01
-2.859940621988831211e+01 3.455765296282906718e+01
-3.066055017048695319e+01 3.394118161149884116e+01
-3.272169412108559072e+01 3.554886492484634886e+01
-3.478283807168423891e+01 4.152151519497854792e+01
-3.684398202228287289e+01 3.928144071410518023e+01
-3.890512597288151397e+01 3.577236340133589465e+01
-4.096626992348015506e+01 3.297621428601465254e+01
-4.302741387407879614e+01 3.111986345072887516e+01
-4.508855782467743722e+01 2.499667315512539290e+01
-4.714970177527607831e+01 2.507810977705106836e+01
-4.921084572587472650e+01 1.455926836088591791e+01
-5.127198967647336758e+01 1.644492591252775426e+01
-5.333313362707200866e+01 1.455657352234479696e+01
-5.539427757767064975e+01 9.140255227850863307e+00
-5.745542152826929083e+01 5.993192731117362726e+00
-5.951656547886793192e+01 5.647633297398226837e+00
-6.157770942946656589e+01 2.798993034089207299e+00
-6.363885338006520698e+01 1.538068099907415665e+00
-6.569999733066386227e+01 9.340204658618986855e-01
-6.776114128126249625e+01 2.389260839276947213e+00
-6.982228523186113023e+01 9.460725153520773700e-01
-7.188342918245977842e+01 9.142518106975958680e-01
-7.394457313305841240e+01 -1.176410564242943019e-01
-7.600571708365706058e+01 -1.846515774293073231e-01
-7.806686103425569456e+01 1.609428992927131874e-01
-8.012800498485434275e+01 -1.506140084661933054e+00
-8.218914893545297673e+01 -1.018168803711242631e+00
-8.425029288605161071e+01 -2.161004087110399041e+00
-8.631143683665025890e+01 -2.271002859972058197e+00
-8.837258078724889288e+01 -8.670758734748615915e-01
-9.043372473784754106e+01 -2.114341777129304045e+00
-9.249486868844617504e+01 -1.418397320483527624e+00
-9.455601263904482323e+01 -2.135089475634948109e+00
-9.661715658964345721e+01 9.944383121505142586e-01
-9.867830054024210540e+01 -1.562553373353064989e+00
-1.007394444908407394e+02 -1.280023484939001532e+00
-1.028005884414393734e+02 -3.554200336276868155e-01
-1.048617323920380215e+02 6.140536611641969067e-01
-1.069228763426366555e+02 -1.729232743974813857e+00
-1.089840202932353037e+02 -2.806681929174535739e+00
-1.110451642438339377e+02 -1.389743251365921806e+00
-1.131063081944325859e+02 -6.764114625361266064e-01
-1.151674521450312199e+02 -6.981428523635182515e-01
-1.172285960956298538e+02 -1.267980467966604019e+00
-1.192897400462285020e+02 1.661727925317159626e-01
-1.213508839968271360e+02 -2.052094052099977084e+00
-1.234120279474257842e+02 2.836948775712450632e-01
-1.254731718980244182e+02 -2.302800598990269731e-01
-1.275343158486230664e+02 -1.538693608385717893e+00
-1.295954597992217145e+02 -9.334874623767438484e-01
-1.316566037498203627e+02 -3.536876403299326066e-01
-1.337177477004189825e+02 -1.128868926794380778e+00
-1.357788916510176307e+02 -1.954789600594030174e-01
-1.378400356016162505e+02 -1.304251715323493155e+00
-1.399011795522149271e+02 -2.304754097153903558e+00
-1.419623235028135468e+02 -1.741512836352305804e+00
-1.440234674534121950e+02 -9.944166999213654989e-01
-1.460846114040108148e+02 -8.790872891905364694e-01
-1.481457553546094630e+02 1.564697732117835693e+00
-1.502068993052081112e+02 -8.192862554852107237e-01
-1.522680432558067594e+02 -7.013871129059261467e-01
-1.543291872064053791e+02 3.195798933248585744e-02
-1.563903311570040273e+02 -7.309351625583966616e-02
-1.584514751076026755e+02 -6.687577508086164357e-01
-1.605126190582013237e+02 -9.130506427395831404e-01
-1.625737630087999719e+02 -2.502627574243546871e+00
-1.646349069593985917e+02 9.464096718827988974e-01
-1.666960509099972398e+02 7.180817695110423005e-01
-1.687571948605958880e+02 -4.492336525122518354e-01
-1.708183388111945362e+02 4.104863420891892156e-01
-1.728794827617931560e+02 -2.464078917714450423e+00
-1.749406267123918042e+02 -1.669369972319151740e+00
-1.770017706629904239e+02 2.865093806823359457e-01
-1.790629146135891006e+02 -2.120312579738500958e+00
-1.811240585641877203e+02 7.013349380075524220e-01
-1.831852025147863685e+02 2.251926193911991891e+00
-1.852463464653849883e+02 2.499962674972881493e-01
-1.873074904159836365e+02 1.381777442495158326e+00
-1.893686343665822847e+02 1.235459526689786314e+00
-1.914297783171809328e+02 5.118713058070704092e-01
-1.934909222677795526e+02 2.003054433989166494e-01
-1.955520662183782008e+02 2.562234008828187526e-02
-1.976132101689768774e+02 -2.237584213289164570e+00
-1.996743541195754972e+02 -2.005189674135386679e-02
-2.017354980701741454e+02 -2.186949296934274922e-01
-2.037966420207727651e+02 5.875162490150752648e-01
-2.058577859713714133e+02 -6.034586810871985785e-01
-2.079189299219700615e+02 -3.843040902084193244e-01
-2.099800738725687097e+02 8.081113128094150611e-01
-2.120412178231673295e+02 -2.222996031701101938e+00
-2.141023617737659777e+02 2.307090929816574487e+00
-2.161635057243645974e+02 -1.498240741159724498e+00
-2.182246496749632740e+02 4.299389529823010592e-01
-2.202857936255618938e+02 1.441760607101992386e+00
-2.223469375761605420e+02 -6.598593206026454050e-01
-2.244080815267591618e+02 -1.102123517844651790e+00
-2.264692254773578100e+02 1.670475039937192596e+00
-2.285303694279564581e+02 7.470918471291367879e-01
-2.305915133785551063e+02 2.072993050190427233e+00
-2.326526573291537261e+02 1.666039466541143321e+00
-2.347138012797523743e+02 1.462807614129486122e+00
-2.367749452303510509e+02 2.121955212779201627e+00
-2.388360891809496707e+02 2.131720810669816224e+00
-2.408972331315483189e+02 2.081887200562031026e+00
-2.429583770821469386e+02 3.566727689578741978e-01
-2.450195210327455868e+02 -1.972423610079839573e+00
-2.470806649833442350e+02 -1.040248949734468464e+00
-2.491418089339428832e+02 -2.906946840070580240e+00
-2.512029528845415030e+02 -3.854522386452423621e+00
-2.532640968351401511e+02 -2.209349420586752544e+00
-2.553252407857387709e+02 -1.047923661977813614e+00
