2.658396316709992107e+02 3.518422362152768379e+00
2.637784877204006193e+02 1.031864253228061301e+01
2.617173437698019711e+02 1.020393355827686754e+01
2.596561998192033229e+02 7.749650830302408089e+00
2.575950558686046747e+02 9.817160295137554726e+00
2.555339119180060266e+02 1.302980399008883694e+01
2.534727679674074068e+02 8.683607375302665687e+00
2.514116240168087586e+02 8.917126958993060626e+00
2.493504800662101104e+02 9.796618944760293601e+00
2.472893361156114622e+02 8.645177551356892920e+00
2.452281921650128140e+02 1.046900971395966806e+01
2.431670482144141943e+02 1.331709978855009879e+01
2.411059042638155461e+02 1.135238021331320368e+01
2.390447603132169263e+02 1.194279141734921801e+01
2.369836163626182497e+02 1.225880124843621921e+01
2.349224724120196299e+02 1.232694795408281507e+01
2.328613284614209817e+02 1.347593641271602216e+01
2.308001845108223620e+02 1.400341202292991305e+01
2.287390405602236854e+02 1.010785166540936153e+01
2.266778966096250656e+02 1.631633387796319212e+01
2.246167526590264174e+02 1.649721798971048869e+01
2.225556087084277976e+02 9.567533952989485613e+00
2.204944647578291494e+02 1.280410359400089426e+01
2.184333208072305013e+02 1.101352886407946841e+01
2.163721768566318531e+02 1.074904349958646677e+01
2.143110329060332333e+02 1.125960732240768358e+01
2.122498889554345851e+02 1.425163822475761677e+01
2.101887450048359369e+02 1.245936666977717699e+01
2.081276010542372887e+02 1.088320416616160813e+01
2.060664571036386405e+02 8.749264620696555639e+00
2.040053131530400208e+02 1.230078103433259784e+01
2.019441692024413726e+02 1.322867190937177639e+01
1.998830252518427528e+02 1.249601441482747788e+01
1.978218813012440762e+02 1.548485006185100410e+01
1.957607373506454564e+02 1.586517401277990835e+01
1.936995934000468083e+02 1.315210755051002600e+01
1.916384494494481885e+02 1.200347393503344584e+01
1.895773054988495119e+02 1.404047026249111063e+01
1.875161615482508921e+02 1.080550384900967842e+01
1.854550175976522439e+02 1.505108737716377121e+01
1.833938736470536242e+02 1.486045524889082436e+01
1.813327296964549760e+02 1.358721538191559297e+01
1.792715857458563278e+02 1.287783121163004196e+01
1.772104417952576796e+02 1.140757319786841073e+01
1.751492978446590598e+02 1.194476332606854996e+01
1.730881538940604116e+02 1.141290193389357199e+01
1.710270099434617634e+02 1.126172561129579641e+01
1.689658659928631153e+02 9.813755667633648372e+00
1.669047220422644671e+02 1.276305538047551558e+01
1.648435780916658473e+02 1.120391462000572247e+01
1.627824341410671991e+02 1.400863674086831345e+01
1.607212901904685509e+02 1.483826400196410233e+01
1.586601462398699027e+02 1.046768756946233836e+01
1.565990022892712830e+02 1.074853677827474918e+01
1.545378583386726348e+02 1.235055268664159733e+01
1.524767143880740150e+02 1.459463706207830391e+01
1.504155704374753384e+02 1.121921436203558997e+01
1.483544264868767186e+02 1.520969046771861244e+01
1.462932825362780704e+02 1.419974617758469826e+01
1.442321385856794507e+02 1.512787259051001776e+01
1.421709946350808025e+02 1.315901814854183094e+01
1.401098506844821543e+02 1.235999240909079688e+01
1.380487067338835061e+02 1.331134702938821057e+01
1.359875627832848863e+02 1.664020450156420594e+01
1.339264188326862381e+02 1.401373519780539567e+01
1.318652748820875615e+02 1.364710304382830586e+01
1.298041309314889418e+02 1.298443141898638764e+01
1.277429869808903078e+02 1.089357299292161407e+01
1.256818430302916738e+02 1.164313801611581312e+01
1.236206990796930256e+02 1.304228853490585394e+01
1.215595551290943916e+02 1.635585229878479296e+01
1.194984111784957435e+02 1.230692782639143523e+01
1.174372672278971095e+02 1.546874560045568536e+01
1.153761232772984613e+02 1.535583572369428218e+01
1.133149793266998131e+02 1.522763990711305659e+01
1.112538353761011791e+02 1.133469683178105925e+01
1.091926914255025309e+02 1.287657686415860780e+01
1.071315474749038970e+02 1.346607053293892164e+01
1.050704035243052488e+02 1.410795174043941991e+01
1.030092595737066148e+02 1.457314887373206602e+01
1.009481156231079808e+02 9.766379003216677290e+00
9.888697167250931841e+01 1.773619089525292125e+01
9.682582772191068443e+01 1.561970945902289110e+01
9.476468377131205045e+01 1.329137921863097915e+01
9.270353982071340226e+01 1.299143222027460531e+01
9.064239587011476829e+01 1.205813545274111398e+01
8.858125191951612010e+01 1.187034646652975667e+01
8.652010796891748612e+01 1.228210542517854087e+01
8.445896401831883793e+01 1.287058486277281055e+01
8.239782006772020395e+01 1.091505899171689364e+01
8.033667611712156997e+01 1.442262609508648197e+01
7.827553216652290757e+01 1.252992032838091063e+01
7.621438821592427360e+01 1.608189449384554948e+01
7.415324426532562541e+01 1.448593955914827980e+01
7.209210031472699143e+01 9.558090298027831722e+00
7.003095636412834324e+01 1.034910378174748047e+01
6.796981241352970926e+01 1.538881071260221134e+01
6.590866846293107528e+01 1.173547244683847524e+01
6.384752451233242709e+01 9.989792160061066184e+00
6.178638056173379312e+01 1.338825009818996215e+01
5.972523661113515203e+01 9.438869301210155882e+00
5.766409266053651095e+01 1.253219582910387153e+01
5.560294870993786986e+01 1.171800430502075052e+01
5.354180475933922878e+01 1.386430966828382516e+01
5.148066080874058770e+01 1.394612282394266600e+01
4.941951685814195372e+01 1.559629415544182507e+01
4.735837290754330553e+01 1.388986766196430622e+01
4.529722895694466445e+01 1.256334093888123782e+01
4.323608500634603047e+01 1.481060580515608471e+01
4.117494105574738938e+01 1.136685060306343331e+01
3.911379710514874830e+01 1.006034129743974503e+01
3.705265315455010722e+01 1.495082568484020413e+01
3.499150920395146613e+01 1.491554675806388097e+01
3.293036525335282505e+01 1.392022039327458849e+01
3.086922130275418397e+01 1.619714663987934244e+01
2.880807735215554288e+01 1.380713539540666801e+01
2.674693340155690535e+01 1.428602869927599528e+01
2.468578945095825716e+01 1.610020545022676686e+01
2.262464550035961608e+01 1.409608033611870681e+01
2.056350154976097855e+01 1.748715740809019792e+01
1.850235759916233746e+01 1.635359938423216875e+01
1.644121364856369638e+01 2.096348062934162115e+01
1.438006969796505530e+01 2.752037508327542881e+01
1.231892574736641599e+01 2.706833111938374969e+01
1.025778179676777491e+01 3.718400907317052173e+01
8.196637846169135599e+00 5.537360158091492224e+01
6.135493895570492739e+00 6.799021527839086332e+01
4.074349944971851656e+00 8.385241391853664084e+01
2.013205994373211460e+00 9.051075333810958057e+01
-4.793795622542922769e-02 9.666082540419476743e+01
-2.109081906824069819e+00 9.410370300823520040e+01
-4.170225857422710902e+00 9.281045136327568912e+01
-6.231369808021351098e+00 9.095573578433237572e+01
-8.292513758619991293e+00 8.664665367105617122e+01
-1.035365770921863238e+01 8.310344952339595181e+01
-1.241480165981727524e+01 8.538975427506177596e+01
-1.447594561041591454e+01 7.233171188735485657e+01
-1.653708956101455740e+01 7.012122688252442515e+01
-1.859823351161319849e+01 6.373552833292244202e+01
-2.065937746221183602e+01 5.972493733991104392e+01
-2.272052141281047710e+01 5.488786694995265947e+01
-2.478166536340911819e+01 5.151586079618201808e+01
-2.684280931400775927e+01 4.930515078083939073e+01
-2.890395326460639680e+01 5.559757467585275492e+01
-3.096509721520503788e+01 5.257346959807022557e+01
-3.302624116580368252e+01 5.943186424583417704e+01
-3.508738511640232360e+01 5.986135178743634810e+01
-3.714852906700096469e+01 6.206454308935023079e+01
-3.920967301759959867e+01 6.925654953025640737e+01
-4.127081696819823975e+01 6.490151930980736950e+01
-4.333196091879688083e+01 6.767899111179060867e+01
-4.539310486939552192e+01 6.310832120033793302e+01
-4.745424881999416300e+01 5.979784869269910530e+01
-4.951539277059281119e+01 5.720700884420200794e+01
-5.157653672119145227e+01 5.707285668377212318e+01
-5.363768067179009336e+01 6.016090157776699243e+01
-5.569882462238873444e+01 5.639611395063471377e+01
-5.775996857298737552e+01 5.868519886506644667e+01
-5.982111252358601661e+01 6.034165583910102981e+01
-6.188225647418465769e+01 5.304263074022880176e+01
-6.394340042478329167e+01 5.787151228595558905e+01
-6.600454437538193986e+01 5.674483264841038022e+01
-6.806568832598057384e+01 5.833565218028194010e+01
-7.012683227657920781e+01 5.686997814520931627e+01
-7.218797622717785600e+01 5.083824203855913026e+01
-7.424912017777648998e+01 5.084159434364088526e+01
-7.631026412837513817e+01 4.261360018304760899e+01
-7.837140807897378636e+01 4.101024024247629285e+01
-8.043255202957243455e+01 3.806279290121120340e+01
-8.249369598017106853e+01 3.469637467803239872e+01
-8.455483993076970251e+01 3.273267993495148431e+01
-8.661598388136835069e+01 2.832046764548228879e+01
-8.867712783196698467e+01 2.976020367903883823e+01
-9.073827178256563286e+01 2.996504864989780614e+01
-9.279941573316426684e+01 3.165442088185367098e+01
-9.486055968376291503e+01 3.681398815992277207e+01
-9.692170363436154901e+01 3.593799891532444235e+01
-9.898284758496018299e+01 3.165224759846509528e+01
-1.010439915355588170e+02 2.856541111629513097e+01
-1.031051354861574652e+02 2.186609284297650646e+01
-1.051662794367560991e+02 1.969442766916050758e+01
-1.072274233873547331e+02 2.169378096137432976e+01
-1.092885673379533813e+02 1.926285695357481131e+01
-1.113497112885520153e+02 1.386355424470498932e+01
-1.134108552391506635e+02 1.768835663403072900e+01
-1.154719991897492974e+02 1.593648376145604750e+01
-1.175331431403479598e+02 1.364939702931896548e+01
-1.195942870909465938e+02 1.420164082277501727e+01
-1.216554310415452278e+02 1.172770037011355804e+01
-1.237165749921438760e+02 1.269689531766388946e+01
-1.257777189427425100e+02 1.378516707525379026e+01
-1.278388628933411582e+02 8.836412778922074551e+00
-1.299000068439397921e+02 8.156933810538021135e+00
-1.319611507945384403e+02 8.155318214463440185e+00
-1.340222947451370601e+02 9.607884633602074231e+00
-1.360834386957357083e+02 7.802294465947841928e+00
-1.381445826463343565e+02 8.669433479887702632e+00
-1.402057265969330047e+02 1.300446981014498427e+01
-1.422668705475316528e+02 8.692411388083835178e+00
-1.443280144981302726e+02 7.963010563079284232e+00
-1.463891584487289208e+02 9.120679758479939281e+00
-1.484503023993275406e+02 5.349042707935697472e+00
-1.505114463499262172e+02 9.420239256989226817e+00
-1.525725903005248369e+02 1.280856921768751810e+01
-1.546337342511234851e+02 1.090056950035544503e+01
-1.566948782017221049e+02 9.406997071834966917e+00
-1.587560221523207815e+02 6.350142562502959720e+00
-1.608171661029194013e+02 6.738721826074471899e+00
-1.628783100535180495e+02 5.555403269741035821e+00
-1.649394540041166692e+02 9.135820686549550373e+00
-1.670005979547153174e+02 1.072563248792540769e+01
-1.690617419053139656e+02 8.216522675427311739e+00
-1.711228858559126138e+02 9.902994418631360318e+00
-1.731840298065112336e+02 7.781035617446002028e+00
-1.752451737571098818e+02 8.699803943676148066e+00
-1.773063177077085300e+02 9.284696447897358595e+00
-1.793674616583071781e+02 8.102593049995023833e+00
-1.814286056089058263e+02 7.351300228678144144e+00
-1.834897495595044461e+02 7.390375377364116538e+00
-1.855508935101030943e+02 7.363014515844013452e+00
-1.876120374607017141e+02 1.001161364602030979e+01
-1.896731814113003907e+02 6.698674568294651799e+00
-1.917343253618990104e+02 9.519090619989682978e+00
-1.937954693124976586e+02 6.938969355428206143e+00
-1.958566132630962784e+02 5.678052618782705174e+00
-1.979177572136949550e+02 8.496061291479923838e+00
-1.999789011642935748e+02 6.389086319441066308e+00
-2.020400451148922230e+02 8.154995202390511011e+00
-2.041011890654908427e+02 6.017266715401726529e+00
-2.061623330160894909e+02 6.704970026594898158e+00
-2.082234769666881391e+02 7.884914543986792701e+00
-2.102846209172867873e+02 3.996355277968989483e+00
-2.123457648678854071e+02 9.157850523316854563e+00
-2.144069088184840552e+02 7.010864541677411133e+00
-2.164680527690827034e+02 5.358943479784203490e+00
-2.185291967196813516e+02 8.796625275941908129e+00
-2.205903406702799998e+02 9.150379422069159219e+00
-2.226514846208786196e+02 7.377398371456209247e+00
-2.247126285714772678e+02 9.680756345965864540e+00
-2.267737725220759160e+02 9.252632596865401737e+00
-2.288349164726745641e+02 7.857825377177508841e+00
-2.308960604232731839e+02 8.607311532173127944e+00
-2.329572043738718321e+02 8.929930727107686650e+00
-2.350183483244704519e+02 7.566410171799199169e+00
-2.370794922750691285e+02 1.113675544583236032e+01
-2.391406362256677482e+02 9.453749270578896358e+00
-2.412017801762663964e+02 6.371522760639291683e+00
-2.432629241268650162e+02 9.828772829953862811e+00
-2.453240680774636644e+02 8.128756814370015960e+00
-2.473852120280623126e+02 9.311254102761065354e+00
-2.494463559786609608e+02 1.073592516317227741e+01
-2.515074999292595805e+02 9.730192440290299061e+00
-2.535686438798582287e+02 6.159589181497133303e+00
-2.556297878304569053e+02 6.124929398747029907e+00
-2.576909317810555535e+02 8.755170441424674266e+00
-2.597520757316541449e+02 1.056282869805667524e+01
