2.689308327847311375e+02 -6.148789206919271777e+00
2.668696888341324325e+02 -1.321896371663927816e+01
2.648085448835337843e+02 -1.300529420896342714e+01
2.627474009329351929e+02 -1.327650314141064314e+01
2.606862569823365448e+02 -1.112567569149132929e+01
2.586251130317378966e+02 -1.293366508035776796e+01
2.565639690811392484e+02 -9.282870783131361492e+00
2.545028251305406286e+02 -1.142776674717135599e+01
2.524416811799419804e+02 -1.246206872097609342e+01
2.503805372293433322e+02 -1.463852357268747895e+01
2.483193932787446840e+02 -1.491399204789552080e+01
2.462582493281460643e+02 -1.057553123498848002e+01
2.441971053775474161e+02 -1.133340054583431034e+01
2.421359614269487679e+02 -1.245268781984907314e+01
2.400748174763501197e+02 -1.306379101715364577e+01
2.380136735257514999e+02 -1.259977741810762986e+01
2.359525295751528517e+02 -1.287313281487535654e+01
2.338913856245542036e+02 -1.101831774632510097e+01
2.318302416739555554e+02 -1.522690105025949237e+01
2.297690977233569072e+02 -1.068185811634688243e+01
2.277079537727582874e+02 -1.296070663762703212e+01
2.256468098221596392e+02 -1.167103852495195682e+01
2.235856658715610195e+02 -1.423873587950126307e+01
2.215245219209623428e+02 -1.027355293328781372e+01
2.194633779703637231e+02 -1.167643481381234771e+01
2.174022340197650749e+02 -1.419340854541671426e+01
2.153410900691664551e+02 -1.061293105158691219e+01
2.132799461185677785e+02 -1.352394151186326887e+01
2.112188021679691587e+02 -1.145736130501200556e+01
2.091576582173705106e+02 -1.070638819007201903e+01
2.070965142667718908e+02 -1.271491322781727007e+01
2.050353703161732426e+02 -1.188566289244403507e+01
2.029742263655745944e+02 -1.062695749450428728e+01
2.009130824149759462e+02 -1.229822703511624660e+01
1.988519384643773265e+02 -1.044424358095086980e+01
1.967907945137787067e+02 -1.181612444782395777e+01
1.947296505631800301e+02 -1.048184439048358918e+01
1.926685066125814103e+02 -9.825034741512148173e+00
1.906073626619827621e+02 -1.061718668512842356e+01
1.885462187113841424e+02 -1.118223716926707390e+01
1.864850747607854657e+02 -1.318174729001627377e+01
1.844239308101868460e+02 -1.305998220385500375e+01
1.823627868595881978e+02 -1.088210265050230774e+01
1.803016429089895780e+02 -1.189509578054104821e+01
1.782404989583909298e+02 -1.121842687280118334e+01
1.761793550077922816e+02 -9.917635375715351032e+00
1.741182110571936335e+02 -1.118640774218573064e+01
1.720570671065950137e+02 -1.133494798725799058e+01
1.699959231559963655e+02 -1.126747043045130425e+01
1.679347792053977457e+02 -1.227623028450282838e+01
1.658736352547990691e+02 -1.139848955581337719e+01
1.638124913042004493e+02 -1.200359838027203629e+01
1.617513473536018012e+02 -1.079853271755297683e+01
1.596902034030031814e+02 -1.218018401917139926e+01
1.576290594524045048e+02 -1.110117959232737839e+01
1.555679155018058566e+02 -1.144611771303986458e+01
1.535067715512072368e+02 -1.169028435811785727e+01
1.514456276006085886e+02 -1.067725533277232408e+01
1.493844836500099689e+02 -1.332198632830030505e+01
1.473233396994112923e+02 -1.085268400886969253e+01
1.452621957488126725e+02 -1.009768878699007466e+01
1.432010517982140243e+02 -1.056722377871304097e+01
1.411399078476154045e+02 -1.151409484476287126e+01
1.390787638970167563e+02 -7.202800771379977540e+00
1.370176199464181082e+02 -1.148760552105522592e+01
1.349564759958194600e+02 -1.242083532658948464e+01
1.328953320452208402e+02 -1.123748981029389071e+01
1.308341880946221920e+02 -1.094151334144710397e+01
1.287730441440235438e+02 -9.486171536098044754e+00
1.267119001934249098e+02 -1.029800670520522488e+01
1.246507562428262617e+02 -8.248994671943632895e+00
1.225896122922276277e+02 -1.105794500768046085e+01
1.205284683416289795e+02 -1.156108213615505775e+01
1.184673243910303455e+02 -1.286610144293460500e+01
1.164061804404316973e+02 -8.030631727317500079e+00
1.143450364898330633e+02 -8.907836223320115820e+00
1.122838925392344294e+02 -9.751857530579071565e+00
1.102227485886357812e+02 -1.055374817823721756e+01
1.081616046380371472e+02 -1.196601280841162129e+01
1.061004606874384990e+02 -1.076139431974633709e+01
1.040393167368398650e+02 -1.051178150079919682e+01
1.019781727862412168e+02 -1.302977390654273826e+01
9.991702883564256865e+01 -1.332141087462837525e+01
9.785588488504392046e+01 -1.124000291227424775e+01
9.579474093444527227e+01 -1.110182784791459021e+01
9.373359698384663830e+01 -1.178802264181117643e+01
9.167245303324800432e+01 -9.976489986001915611e+00
8.961130908264935613e+01 -1.021859857531874738e+01
8.755016513205072215e+01 -1.107250242212270486e+01
8.548902118145207396e+01 -8.218267481511263739e+00
8.342787723085343998e+01 -1.058184034111271643e+01
8.136673328025479179e+01 -1.181737577808740269e+01
7.930558932965615782e+01 -1.299145673983975335e+01
7.724444537905752384e+01 -7.237885175466543863e+00
7.518330142845887565e+01 -1.087495714473702080e+01
7.312215747786024167e+01 -1.112076499679683828e+01
7.106101352726159348e+01 -9.883682831280950154e+00
6.899986957666295950e+01 -8.693871053910509517e+00
6.693872562606431131e+01 -8.963701670653833276e+00
6.487758167546567734e+01 -1.125577385696616695e+01
6.281643772486702915e+01 -8.619971298637144841e+00
6.075529377426838806e+01 -1.028397092115962153e+01
5.869414982366975408e+01 -9.844271607572821381e+00
5.663300587307111300e+01 -1.051421197756833870e+01
5.457186192247247192e+01 -1.189189249298149065e+01
5.251071797187382373e+01 -8.803803013183300052e+00
5.044957402127518264e+01 -9.016846289007968807e+00
4.838843007067654156e+01 -9.127108865499428347e+00
4.632728612007790048e+01 -1.059442178820776626e+01
4.426614216947926650e+01 -8.871416403781273274e+00
4.220499821888062542e+01 -7.383284342498692254e+00
4.014385426828198433e+01 -1.015191373398945629e+01
3.808271031768334325e+01 -1.143016354780707466e+01
3.602156636708470216e+01 -7.896888611559991666e+00
3.396042241648606108e+01 -8.410074253644852504e+00
3.189927846588742000e+01 -6.181263642918035650e+00
2.983813451528877891e+01 -1.037262713637757372e+01
2.777699056469013783e+01 -8.221816948003455749e+00
2.571584661409149675e+01 -8.294617698605168954e+00
2.365470266349285922e+01 -6.574568689029387514e+00
2.159355871289421813e+01 -6.552033987117960478e+00
1.953241476229557705e+01 -4.923312394445327200e+00
1.747127081169693597e+01 -2.638883919981414028e+00
1.541012686109829488e+01 2.109834020315092484e+00
1.334898291049965557e+01 9.755798176198840821e+00
1.128783895990101449e+01 1.421229998291074104e+01
9.226695009302373407e+00 2.319343761235026591e+01
7.165551058703732323e+00 3.320773685070000880e+01
5.104407108105091240e+00 4.401910420413218361e+01
3.043263157506450600e+00 5.375464722597690326e+01
9.821192069078098497e-01 5.849554135538020461e+01
-1.079024743690830901e+00 6.029199503150167772e+01
-3.140168694289471762e+00 5.768378093659185879e+01
-5.201312644888112402e+00 5.701016736913692995e+01
-7.262456595486753486e+00 5.242221527849452656e+01
-9.323600546085394569e+00 4.739277298302124564e+01
-1.138474449668403388e+01 4.866799117242970141e+01
-1.344588844728267496e+01 4.025269889634698472e+01
-1.550703239788131604e+01 3.331301497293275560e+01
-1.756817634847995535e+01 2.740228072444465468e+01
-1.962932029907859643e+01 2.099893652659823928e+01
-2.169046424967724107e+01 1.639136388722118909e+01
-2.375160820027587860e+01 1.274343352328068413e+01
-2.581275215087452324e+01 1.004770659945287825e+01
-2.787389610147316077e+01 7.616743674698593480e+00
-2.993504005207180541e+01 8.591472956040798081e+00
-3.199618400267044649e+01 6.982676692154607068e+00
-3.405732795326908757e+01 7.985784483741386275e+00
-3.611847190386772866e+01 8.639354650776866151e+00
-3.817961585446636263e+01 7.076869729139056986e+00
-4.024075980506500372e+01 9.278927930786434075e+00
-4.230190375566364480e+01 6.068967061722027267e+00
-4.436304770626229299e+01 6.337854852549571483e+00
-4.642419165686093407e+01 9.107311413579880721e+00
-4.848533560745957516e+01 1.103831074635891163e+01
-5.054647955805821624e+01 8.286625126824377574e+00
-5.260762350865685022e+01 8.039334293674164300e+00
-5.466876745925549130e+01 8.539289416215703810e+00
-5.672991140985413239e+01 5.956721214612644033e+00
-5.879105536045277347e+01 8.762552750775705945e+00
-6.085219931105141455e+01 1.206530963651154131e+01
-6.291334326165005564e+01 9.415854766396906328e+00
-6.497448721224870383e+01 9.044996476640061900e+00
-6.703563116284733781e+01 1.495821602837704489e+01
-6.909677511344598599e+01 1.448857325303682586e+01
-7.115791906404461997e+01 1.298158518099178416e+01
-7.321906301464325395e+01 1.429937009539869308e+01
-7.528020696524190214e+01 1.671263402577018553e+01
-7.734135091584053612e+01 1.715276733996579850e+01
-7.940249486643918431e+01 1.328760164792559095e+01
-8.146363881703781828e+01 1.417018203043473257e+01
-8.352478276763646647e+01 1.291549716054949570e+01
-8.558592671823510045e+01 1.228115111378961721e+01
-8.764707066883373443e+01 1.103820417360290485e+01
-8.970821461943238262e+01 1.101240916808118264e+01
-9.176935857003101660e+01 1.019337859461245976e+01
-9.383050252062967900e+01 1.276213050019374684e+01
-9.589164647122831298e+01 9.483135840750394507e+00
-9.795279042182696116e+01 1.003313439212865177e+01
-1.000139343724255809e+02 6.891826974968386921e+00
-1.020750783230242291e+02 1.993857302657529251e+00
-1.041362222736228631e+02 2.435712318132431609e+00
-1.061973662242215113e+02 -8.710864855728259748e-01
-1.082585101748201453e+02 -3.146105477112777216e-01
-1.103196541254187792e+02 -2.202527269575332181e+00
-1.123807980760174274e+02 -2.540966227848703074e+00
-1.144419420266160614e+02 -3.957671482020470144e+00
-1.165030859772147096e+02 -3.519347955939414074e+00
-1.185642299278133436e+02 -5.962735635288512803e+00
-1.206253738784119776e+02 -6.598722934733046941e+00
-1.226865178290106257e+02 -6.928419525903144027e+00
-1.247476617796092597e+02 -5.259869208026978882e+00
-1.268088057302079079e+02 -5.756943666234922929e+00
-1.288699496808065419e+02 -8.297225738658472238e+00
-1.309310936314051901e+02 -8.780495575894676108e+00
-1.329922375820038383e+02 -6.143707532195572085e+00
-1.350533815326024865e+02 -8.246202534173095344e+00
-1.371145254832011062e+02 -9.205540729217613460e+00
-1.391756694337997544e+02 -6.343417703656982987e+00
-1.412368133843983742e+02 -8.356061687718655762e+00
-1.432979573349970508e+02 -8.390762590718242819e+00
-1.453591012855956706e+02 -7.421415324973278160e+00
-1.474202452361943187e+02 -9.739402316854535613e+00
-1.494813891867929385e+02 -9.394929983420782449e+00
-1.515425331373915867e+02 -7.875227572815812316e+00
-1.536036770879902633e+02 -7.669076997422176412e+00
-1.556648210385888831e+02 -1.017985804490068524e+01
-1.577259649891875313e+02 -5.555354174598545747e+00
-1.597871089397861510e+02 -8.120949341397029286e+00
-1.618482528903848277e+02 -1.074679499936656946e+01
-1.639093968409834474e+02 -8.002325156829675379e+00
-1.659705407915820956e+02 -8.821849381958173808e+00
-1.680316847421807154e+02 -9.937321639387944217e+00
-1.700928286927793636e+02 -8.929339435872178043e+00
-1.721539726433780118e+02 -8.896398386347582843e+00
-1.742151165939766599e+02 -9.561864881137436711e+00
-1.762762605445752797e+02 -8.383593263568545950e+00
-1.783374044951739279e+02 -8.552836396887901316e+00
-1.803985484457725477e+02 -7.119291107775840288e+00
-1.824596923963712243e+02 -9.352446018203186995e+00
-1.845208363469698440e+02 -7.951106175561069023e+00
-1.865819802975684922e+02 -1.163201004268334593e+01
-1.886431242481671120e+02 -8.920549005886066141e+00
-1.907042681987657602e+02 -9.543377214442656964e+00
-1.927654121493644368e+02 -7.554269319455343634e+00
-1.948265560999630566e+02 -8.651065517326337329e+00
-1.968877000505617048e+02 -7.386010541370555238e+00
-1.989488440011603529e+02 -8.277039859871415217e+00
-2.010099879517590011e+02 -8.319591945781814601e+00
-2.030711319023576493e+02 -7.919483004417933181e+00
-2.051322758529562975e+02 -8.227094258398489401e+00
-2.071934198035549173e+02 -9.551837840387884526e+00
-2.092545637541535655e+02 -9.360220845772550646e+00
-2.113157077047521852e+02 -8.181285979794928664e+00
-2.133768516553508618e+02 -7.782240025820134299e+00
-2.154379956059494816e+02 -7.979452754851280361e+00
-2.174991395565481298e+02 -9.231487621497427298e+00
-2.195602835071467496e+02 -7.858936527691198215e+00
-2.216214274577453978e+02 -9.576086683564188462e+00
-2.236825714083440459e+02 -6.418297260923695902e+00
-2.257437153589426941e+02 -7.269187003209307996e+00
-2.278048593095413423e+02 -8.581203054757633453e+00
-2.298660032601399621e+02 -9.101814392004122567e+00
-2.319271472107386103e+02 -7.170659587860916950e+00
-2.339882911613372585e+02 -1.000326186632443104e+01
-2.360494351119359067e+02 -7.284451435781902795e+00
-2.381105790625345264e+02 -8.543079361600533161e+00
-2.401717230131331746e+02 -9.364941438468926904e+00
-2.422328669637318228e+02 -6.368652982583371980e+00
-2.442940109143304710e+02 -6.971194973014001484e+00
-2.463551548649290908e+02 -9.178690460818865304e+00
-2.484162988155277390e+02 -1.006630774847475784e+01
-2.504774427661263587e+02 -9.381260548025233348e+00
-2.525385867167250353e+02 -1.091339857592037710e+01
-2.545997306673236551e+02 -9.949755022668213655e+00
-2.566608746179222749e+02 -1.328415094235937310e+01
