2.691302087935856662e+02 -7.730712818728664892e+00
2.670690648429870748e+02 -1.372758264921927918e+01
2.650079208923883698e+02 -1.167151600880213813e+01
2.629467769417897784e+02 -1.260342186813238641e+01
2.608856329911911303e+02 -1.208257130279895186e+01
2.588244890405924821e+02 -1.336637197838141589e+01
2.567633450899938339e+02 -1.086676861531269367e+01
2.547022011393951857e+02 -1.418607198523567803e+01
2.526410571887965659e+02 -1.347923940278437804e+01
2.505799132381979177e+02 -1.165328952445617183e+01
2.485187692875992980e+02 -1.384207017725032784e+01
2.464576253370006214e+02 -1.463834894226529038e+01
2.443964813864019732e+02 -1.339845536158567008e+01
2.423353374358033534e+02 -1.288138836767266326e+01
2.402741934852047052e+02 -1.310272888045005679e+01
2.382130495346060854e+02 -1.367284380847201142e+01
2.361519055840074088e+02 -1.253626039863157082e+01
2.340907616334087891e+02 -1.170917612328883273e+01
2.320296176828101409e+02 -1.382388773745836374e+01
2.299684737322115211e+02 -1.291841276099056657e+01
2.279073297816128729e+02 -1.222304164004466109e+01
2.258461858310142247e+02 -1.218111035969211997e+01
2.237850418804155765e+02 -1.343644278185048258e+01
2.217238979298169568e+02 -1.184069759171038427e+01
2.196627539792183086e+02 -1.397883019175025154e+01
2.176016100286196888e+02 -1.197490864367466301e+01
2.155404660780210122e+02 -1.224965126440802621e+01
2.134793221274223924e+02 -1.348838873536055516e+01
2.114181781768237443e+02 -1.239357718450499490e+01
2.093570342262251245e+02 -1.297087036415057426e+01
2.072958902756264479e+02 -1.186510527642369262e+01
2.052347463250277997e+02 -1.051842338987582970e+01
2.031736023744291799e+02 -1.415820356040253536e+01
2.011124584238305317e+02 -1.536937879796920647e+01
1.990513144732319120e+02 -1.428498807857221031e+01
1.969901705226332354e+02 -1.418760957202524153e+01
1.949290265720346156e+02 -1.565836952062474197e+01
1.928678826214359674e+02 -1.119454538599749860e+01
1.908067386708373476e+02 -1.222742685520120176e+01
1.887455947202386994e+02 -1.295119633748731403e+01
1.866844507696400512e+02 -1.177129814503926752e+01
1.846233068190414031e+02 -1.227870025209878335e+01
1.825621628684427833e+02 -1.318666027898717630e+01
1.805010189178441351e+02 -1.316352627327248648e+01
1.784398749672454869e+02 -1.295690273039907225e+01
1.763787310166468387e+02 -1.129791063703841836e+01
1.743175870660482190e+02 -1.256354442609593924e+01
1.722564431154495708e+02 -1.282345781185322942e+01
1.701952991648509510e+02 -1.223291600519346289e+01
1.681341552142522744e+02 -1.446579553275220853e+01
1.660730112636536262e+02 -1.257197408864409027e+01
1.640118673130550064e+02 -1.280606453597869709e+01
1.619507233624563582e+02 -1.170132483885479502e+01
1.598895794118577385e+02 -1.174778554570186984e+01
1.578284354612590619e+02 -1.462226750225517691e+01
1.557672915106604421e+02 -1.422943845078439296e+01
1.537061475600617939e+02 -9.913846908002241776e+00
1.516450036094631741e+02 -1.085816389186190989e+01
1.495838596588644975e+02 -1.316546070366447907e+01
1.475227157082658778e+02 -1.561454494641520796e+01
1.454615717576672296e+02 -1.372616074876317782e+01
1.434004278070686098e+02 -1.216040181307944223e+01
1.413392838564699616e+02 -1.207189468291264056e+01
1.392781399058713134e+02 -1.239349774112895197e+01
1.372169959552726652e+02 -1.212711080704197997e+01
1.351558520046740455e+02 -1.239583452370869665e+01
1.330947080540753973e+02 -1.436172706423215395e+01
1.310335641034767491e+02 -1.147350997526371152e+01
1.289724201528781009e+02 -1.271235080586745525e+01
1.269112762022794669e+02 -1.124525941928249573e+01
1.248501322516808330e+02 -1.390287509530485366e+01
1.227889883010821848e+02 -1.352675676040153796e+01
1.207278443504835508e+02 -1.191758316986868671e+01
1.186667003998849168e+02 -1.257759929780128161e+01
1.166055564492862686e+02 -1.368833218584433631e+01
1.145444124986876346e+02 -1.192822142894741155e+01
1.124832685480889864e+02 -1.634637534375145407e+01
1.104221245974903525e+02 -1.326251336154789406e+01
1.083609806468916901e+02 -1.149130234102609016e+01
1.062998366962930561e+02 -1.411179612459260824e+01
1.042386927456944221e+02 -1.346251214337073066e+01
1.021775487950957739e+02 -1.224279424750099388e+01
1.001164048444971399e+02 -1.162005254394011722e+01
9.805526089389849176e+01 -1.383522860911994989e+01
9.599411694329984357e+01 -1.236405446374594597e+01
9.393297299270120959e+01 -1.453231789823457909e+01
9.187182904210256140e+01 -1.340139979622493271e+01
8.981068509150392742e+01 -1.206611103302619803e+01
8.774954114090527924e+01 -1.319729697394796375e+01
8.568839719030664526e+01 -1.332122332252743213e+01
8.362725323970801128e+01 -1.093326486302600564e+01
8.156610928910936309e+01 -1.377840309356673920e+01
7.950496533851072911e+01 -1.169066966235858906e+01
7.744382138791208092e+01 -1.156975350101457423e+01
7.538267743731344694e+01 -1.092242643143030634e+01
7.332153348671479876e+01 -1.291003109201011867e+01
7.126038953611615057e+01 -1.233220439442709626e+01
6.919924558551751659e+01 -1.347236174549475862e+01
6.713810163491886840e+01 -1.156314149065381969e+01
6.507695768432023442e+01 -1.270474866698207528e+01
6.301581373372160044e+01 -1.352963287519250635e+01
6.095466978312295225e+01 -1.066146869657452889e+01
5.889352583252431117e+01 -1.191482095591638846e+01
5.683238188192567009e+01 -1.362520284741686716e+01
5.477123793132702900e+01 -1.303884440398704925e+01
5.271009398072838792e+01 -1.252226773627834611e+01
5.064895003012975394e+01 -1.313448896952290745e+01
4.858780607953111286e+01 -1.273441596723332303e+01
4.652666212893247177e+01 -1.042970871243766773e+01
4.446551817833383069e+01 -1.261747358279561837e+01
4.240437422773518250e+01 -1.357638722166674938e+01
4.034323027713654142e+01 -1.076886677765617861e+01
3.828208632653790033e+01 -1.215895322380572452e+01
3.622094237593926636e+01 -9.382039291602572106e+00
3.415979842534062527e+01 -1.037764350361832122e+01
3.209865447474198419e+01 -1.399398061817508498e+01
3.003751052414334310e+01 -1.080500113128242745e+01
2.797636657354469847e+01 -1.057326248629724041e+01
2.591522262294606094e+01 -1.071537885756992559e+01
2.385407867234742341e+01 -1.010802414291962670e+01
2.179293472174878232e+01 -1.102370893106049721e+01
1.973179077115014124e+01 -9.316626757525165559e+00
1.767064682055150016e+01 -9.657409368434839436e+00
1.560950286995285907e+01 -6.505454861619029749e+00
1.354835891935421976e+01 -5.254865704637722068e+00
1.148721496875557690e+01 1.283254549299027492e+00
9.426071018156937598e+00 8.686352346918589262e+00
7.364927067558296514e+00 2.163532062016392388e+01
5.303783116959654542e+00 2.977781626187320185e+01
3.242639166361014347e+00 4.180513415241197350e+01
1.181495215762373707e+00 4.833058375375092197e+01
-8.796487348362671543e-01 4.991567578675672934e+01
-2.940792685434907572e+00 4.947301315507093733e+01
-5.001936636033549100e+00 4.664345809055380698e+01
-7.063080586632189295e+00 4.195067007558324690e+01
-9.124224537230830379e+00 3.510672476275573217e+01
-1.118536848782946969e+01 3.090765434026995706e+01
-1.324651243842811255e+01 2.628430624403497262e+01
-1.530765638902675185e+01 2.413236891329154687e+01
-1.736880033962539116e+01 1.994221015920089712e+01
-1.942994429022403224e+01 1.730434569650864773e+01
-2.149108824082267688e+01 1.372320731798564886e+01
-2.355223219142131441e+01 1.562136137005025738e+01
-2.561337614201995905e+01 1.059635180809446631e+01
-2.767452009261860013e+01 9.434753405360140732e+00
-2.973566404321724121e+01 8.506195623311722187e+00
-3.179680799381588230e+01 7.188769395016217700e+00
-3.385795194441451628e+01 8.502470909834693558e+00
-3.591909589501316447e+01 6.411533987839373339e+00
-3.798023984561180555e+01 6.561095436169151363e+00
-4.004138379621044663e+01 4.932213649665444954e+00
-4.210252774680908772e+01 5.571313340979510365e+00
-4.416367169740772880e+01 5.144807229921554814e+00
-4.622481564800636278e+01 4.302134514705618251e+00
-4.828595959860500386e+01 6.024438770838939305e+00
-5.034710354920364495e+01 6.320218338179569351e+00
-5.240824749980228603e+01 6.916292601810366314e+00
-5.446939145040093422e+01 5.538360542397001929e+00
-5.653053540099957530e+01 9.915443165876364873e+00
-5.859167935159821639e+01 1.218480796334978145e+01
-6.065282330219685036e+01 1.271434688505243571e+01
-6.271396725279549145e+01 1.441318285524344489e+01
-6.477511120339413253e+01 1.819256509298887892e+01
-6.683625515399276651e+01 1.718264468046399429e+01
-6.889739910459141470e+01 1.706543770162615203e+01
-7.095854305519004868e+01 1.441412069542403707e+01
-7.301968700578869687e+01 1.008435609035160319e+01
-7.508083095638733084e+01 8.884588394353047036e+00
-7.714197490698597903e+01 7.407770392505855561e+00
-7.920311885758461301e+01 9.445589342890778894e+00
-8.126426280818324699e+01 9.130044789734371946e+00
-8.332540675878190939e+01 7.313142471455646998e+00
-8.538655070938054337e+01 5.049629432017828101e+00
-8.744769465997919156e+01 6.732382930094470197e+00
-8.950883861057782553e+01 9.575656021567747089e+00
-9.156998256117647372e+01 7.956334594096666990e+00
-9.363112651177510770e+01 8.585651173348413323e+00
-9.569227046237374168e+01 4.978241270216338776e+00
-9.775341441297238987e+01 2.508157645173727968e+00
-9.981455836357102385e+01 4.996368059044628218e+00
-1.018757023141696578e+02 2.563912516586878354e+00
-1.039368462647682918e+02 5.737959745515522902e-01
-1.059979902153669400e+02 -4.601851126827131988e-02
-1.080591341659655740e+02 -1.611414093283778604e+00
-1.101202781165642222e+02 -1.896033602450481803e+00
-1.121814220671628561e+02 -3.341141294591919664e+00
-1.142425660177614901e+02 -3.133478498496707676e+00
-1.163037099683601383e+02 -3.426597599007227490e+00
-1.183648539189587723e+02 -4.258219060063895611e+00
-1.204259978695574205e+02 -4.476353165898440345e+00
-1.224871418201560687e+02 -5.888920570653864317e+00
-1.245482857707547169e+02 -7.197126855003029178e+00
-1.266094297213533508e+02 -8.620825354378633065e+00
-1.286705736719519848e+02 -8.076338345676777664e+00
-1.307317176225506330e+02 -9.498700718688739997e+00
-1.327928615731492812e+02 -8.286149386598028244e+00
-1.348540055237479010e+02 -8.096306960676681541e+00
-1.369151494743465491e+02 -1.128040156336825284e+01
-1.389762934249451689e+02 -1.136924623766320686e+01
-1.410374373755438455e+02 -9.991946536785556887e+00
-1.430985813261424937e+02 -1.067546193172020885e+01
-1.451597252767411135e+02 -1.046838965807501332e+01
-1.472208692273397617e+02 -1.065571898192121658e+01
-1.492820131779383814e+02 -1.037876948068736382e+01
-1.513431571285370580e+02 -9.943985937013710696e+00
-1.534043010791356778e+02 -1.070202617313514715e+01
-1.554654450297343260e+02 -9.650968967684541155e+00
-1.575265889803329458e+02 -9.774751789355930143e+00
-1.595877329309315940e+02 -1.041196996813488518e+01
-1.616488768815302421e+02 -1.101683668352540657e+01
-1.637100208321288903e+02 -9.170067275466831092e+00
-1.657711647827275101e+02 -9.693338468983103695e+00
-1.678323087333261583e+02 -1.059214959812969958e+01
-1.698934526839247781e+02 -8.666144340550962610e+00
-1.719545966345234547e+02 -9.026206733077673405e+00
-1.740157405851220744e+02 -9.100796164420858148e+00
-1.760768845357207226e+02 -8.972748923044170155e+00
-1.781380284863193424e+02 -1.071000085492912213e+01
-1.801991724369180190e+02 -1.113392395978253191e+01
-1.822603163875166672e+02 -1.037378350345016287e+01
-1.843214603381152870e+02 -1.055094476138267368e+01
-1.863826042887139351e+02 -9.822888294050084568e+00
-1.884437482393125549e+02 -9.930160580694494143e+00
-1.905048921899112315e+02 -1.043913123150862710e+01
-1.925660361405098513e+02 -9.434811973659822826e+00
-1.946271800911084995e+02 -1.025018487837084891e+01
-1.966883240417071192e+02 -9.489833644581443295e+00
-1.987494679923057674e+02 -7.237862121921810221e+00
-2.008106119429044156e+02 -9.176022836726250631e+00
-2.028717558935030638e+02 -1.014455708482436513e+01
-2.049328998441016836e+02 -7.853382160538876278e+00
-2.069940437947003318e+02 -9.780626171012990255e+00
-2.090551877452989800e+02 -8.715274491914081878e+00
-2.111163316958976282e+02 -9.313640887765163967e+00
-2.131774756464962479e+02 -8.270893722945661608e+00
-2.152386195970948961e+02 -1.086716776094310255e+01
-2.172997635476935159e+02 -1.144906909647743731e+01
-2.193609074982921925e+02 -9.690987543336509802e+00
-2.214220514488908407e+02 -8.305998027184612553e+00
-2.234831953994894604e+02 -9.820761359756769338e+00
-2.255443393500881086e+02 -9.147575713056369295e+00
-2.276054833006867284e+02 -7.216416633649635592e+00
-2.296666272512854050e+02 -1.035453948459216633e+01
-2.317277712018840248e+02 -1.039236625840678663e+01
-2.337889151524826730e+02 -1.088182976623583009e+01
-2.358500591030812927e+02 -9.163020799448641895e+00
-2.379112030536799693e+02 -9.835026339205118262e+00
-2.399723470042785891e+02 -9.806830747991218900e+00
-2.420334909548772373e+02 -1.029598117438352212e+01
-2.440946349054758571e+02 -1.086817239666349799e+01
-2.461557788560745053e+02 -9.774596684275564940e+00
-2.482169228066731534e+02 -8.667630705803865965e+00
-2.502780667572718016e+02 -9.281810024844856954e+00
-2.523392107078704214e+02 -1.138124794083528357e+01
-2.544003546584690696e+02 -9.802967276775602201e+00
-2.564614986090676894e+02 -1.324599778717805343e+01
