2.622889880432140330e+02 5.198767221615563372e+00
2.602278440926153849e+02 9.980852871874951404e+00
2.581667001420167367e+02 1.170798422188810584e+01
2.561055561914180885e+02 1.308570501706597256e+01
2.540444122408194687e+02 1.238598904894439734e+01
2.519832682902208205e+02 1.298516965756383534e+01
2.499221243396222008e+02 1.321238154250365149e+01
2.478609803890235241e+02 1.074208185934217674e+01
2.457998364384249044e+02 1.363364963809527453e+01
2.437386924878262562e+02 1.363471579245542209e+01
2.416775485372276080e+02 1.095856863604376485e+01
2.396164045866289598e+02 1.254969274546449753e+01
2.375552606360303116e+02 1.550595551954636164e+01
2.354941166854316918e+02 1.580506441742324597e+01
2.334329727348330437e+02 1.391710728814522291e+01
2.313718287842344239e+02 1.242266781606994286e+01
2.293106848336357473e+02 1.477408542456474905e+01
2.272495408830371275e+02 1.292517127646722130e+01
2.251883969324384793e+02 1.223569329785672544e+01
2.231272529818398596e+02 1.609281964768226203e+01
2.210661090312412114e+02 1.609079792002075493e+01
2.190049650806425632e+02 1.240869523202316671e+01
2.169438211300439150e+02 1.293431803893940923e+01
2.148826771794452952e+02 1.474621813698888850e+01
2.128215332288466470e+02 1.422219282689952280e+01
2.107603892782479988e+02 1.604662481789295470e+01
2.086992453276493507e+02 1.435044062997239855e+01
2.066381013770507309e+02 1.378932514394048248e+01
2.045769574264520827e+02 1.341371753507112707e+01
2.025158134758534345e+02 1.568117200734541150e+01
2.004546695252547863e+02 1.441407793373931590e+01
1.983935255746561381e+02 1.322988246259775380e+01
1.963323816240575468e+02 1.424201407705289313e+01
1.942712376734588986e+02 1.594528218635876726e+01
1.922100937228602504e+02 1.695160496230943892e+01
1.901489497722616022e+02 1.215898628599827624e+01
1.880878058216629825e+02 1.606411688909258828e+01
1.860266618710643343e+02 1.810886196108722501e+01
1.839655179204656861e+02 1.815975611377762178e+01
1.819043739698670379e+02 1.655773684508933741e+01
1.798432300192684181e+02 1.744908514260773913e+01
1.777820860686697699e+02 1.593212470904095923e+01
1.757209421180711502e+02 1.536878611497917468e+01
1.736597981674724736e+02 1.332966783591381876e+01
1.715986542168738538e+02 1.420351657686421909e+01
1.695375102662752056e+02 1.524826359172852186e+01
1.674763663156765858e+02 1.796516926433467987e+01
1.654152223650779376e+02 1.733085681579883186e+01
1.633540784144792610e+02 1.591046170000158710e+01
1.612929344638806413e+02 1.596364324350882491e+01
1.592317905132819931e+02 1.598726757930977094e+01
1.571706465626833733e+02 1.525789071063424274e+01
1.551095026120846967e+02 1.759967448987357841e+01
1.530483586614860769e+02 1.669122420027186138e+01
1.509872147108874287e+02 1.570528367586497254e+01
1.489260707602888090e+02 1.627248188607401502e+01
1.468649268096901608e+02 1.430889243417633594e+01
1.448037828590915126e+02 1.473315634918429495e+01
1.427426389084928644e+02 1.856632987866128204e+01
1.406814949578942446e+02 1.466044897595297059e+01
1.386203510072955964e+02 1.609744602186463780e+01
1.365592070566969767e+02 1.445991405469388980e+01
1.344980631060983001e+02 1.617292509887450791e+01
1.324369191554996803e+02 1.354407575840736833e+01
1.303757752049010321e+02 1.327440348089657540e+01
1.283146312543023839e+02 1.424420006582369247e+01
1.262534873037037499e+02 1.343152395804770727e+01
1.241923433531051160e+02 1.722662154356675401e+01
1.221311994025064678e+02 1.523254368265832603e+01
1.200700554519078338e+02 1.345128971449000588e+01
1.180089115013091856e+02 1.485733742073178831e+01
1.159477675507105516e+02 1.388600150956192536e+01
1.138866236001119034e+02 1.708085883543007810e+01
1.118254796495132695e+02 1.407402594739815704e+01
1.097643356989146355e+02 1.437364652372201057e+01
1.077031917483159731e+02 1.614332806189832326e+01
1.056420477977173391e+02 1.591812494016255641e+01
1.035809038471186909e+02 1.448552908297809516e+01
1.015197598965200569e+02 1.718989585880931514e+01
9.945861594592140875e+01 1.349433316578648068e+01
9.739747199532277477e+01 1.516883804720969486e+01
9.533632804472414080e+01 1.539166979262033053e+01
9.327518409412549261e+01 1.389318384613817159e+01
9.121404014352685863e+01 1.551284959094379623e+01
8.915289619292821044e+01 1.486196705024910791e+01
8.709175224232957646e+01 1.673863992673945944e+01
8.503060829173094248e+01 1.426332072274101392e+01
8.296946434113229429e+01 1.494874872144364097e+01
8.090832039053366032e+01 1.448231978699670108e+01
7.884717643993501213e+01 1.439385544518630056e+01
7.678603248933637815e+01 1.444102607403135252e+01
7.472488853873772996e+01 1.473321628700430175e+01
7.266374458813909598e+01 1.496939406389206084e+01
7.060260063754046200e+01 1.627743376803495678e+01
6.854145668694179960e+01 1.879139660291114922e+01
6.648031273634316562e+01 1.680176351768366061e+01
6.441916878574451744e+01 1.516125577647820677e+01
6.235802483514589056e+01 1.438299962562199497e+01
6.029688088454724948e+01 1.586167308501289241e+01
5.823573693394860129e+01 1.571349977082861749e+01
5.617459298334996021e+01 1.309914743456062602e+01
5.411344903275131912e+01 1.444458077538590324e+01
5.205230508215267804e+01 1.549621200772522833e+01
4.999116113155404406e+01 1.334169742248045765e+01
4.793001718095539587e+01 1.331016213655674285e+01
4.586887323035675479e+01 1.379782665285646637e+01
4.380772927975811371e+01 1.198186934894504674e+01
4.174658532915947262e+01 1.563456281408674009e+01
3.968544137856083154e+01 1.669405420750814528e+01
3.762429742796219045e+01 1.627217211882192771e+01
3.556315347736354937e+01 1.528290255576113665e+01
3.350200952676490829e+01 1.397935063734822059e+01
3.144086557616626720e+01 1.577469418714197502e+01
2.937972162556762967e+01 1.432338937207811291e+01
2.731857767496898859e+01 1.694836732516032285e+01
2.525743372437034395e+01 1.559861897824453791e+01
2.319628977377170642e+01 1.608443514801061980e+01
2.113514582317306534e+01 1.972841092551463049e+01
1.907400187257442781e+01 2.209921517695403637e+01
1.701285792197578672e+01 2.321836484689415769e+01
1.495171397137714564e+01 2.646899948388358581e+01
1.289057002077850278e+01 3.285926104221579180e+01
1.082942607017986170e+01 4.208846011079636185e+01
8.768282119581220613e+00 5.026032186478025920e+01
6.707138168982580417e+00 6.179661858276505626e+01
4.645994218383939334e+00 7.780144466274113313e+01
2.584850267785299138e+00 8.716360937663441177e+01
5.237063171866581657e-01 8.858498991933477384e+01
-1.537437633411982807e+00 8.216816512039132192e+01
-3.598581584010623668e+00 7.773045670129249629e+01
-5.659725534609264308e+00 6.769420885675093302e+01
-7.720869485207905392e+00 6.024131982809318941e+01
-9.782013435806545587e+00 5.461572649304935823e+01
-1.184315738640518667e+01 5.005995246870894277e+01
-1.390430133700382598e+01 5.067487080270834809e+01
-1.596544528760246706e+01 4.830533516146309836e+01
-1.802658923820110815e+01 4.191160456819011415e+01
-2.008773318879974923e+01 4.443842362583134786e+01
-2.214887713939838676e+01 4.128718067817816006e+01
-2.421002108999703140e+01 3.820791304282755618e+01
-2.627116504059567248e+01 3.613786869373127075e+01
-2.833230899119431356e+01 3.717614063040905847e+01
-3.039345294179295465e+01 3.129744649706071868e+01
-3.245459689239159928e+01 3.080147054087646197e+01
-3.451574084299023326e+01 3.205182393812596331e+01
-3.657688479358887435e+01 2.705593006755873020e+01
-3.863802874418752253e+01 2.811110170099573935e+01
-4.069917269478616362e+01 2.913065866195567466e+01
-4.276031664538480470e+01 2.764980655477076255e+01
-4.482146059598343868e+01 2.706351662961955640e+01
-4.688260454658207976e+01 2.734414296867367256e+01
-4.894374849718072085e+01 2.679060347549125254e+01
-5.100489244777935482e+01 2.232069374831120712e+01
-5.306603639837799591e+01 2.460195631054767418e+01
-5.512718034897663699e+01 2.677323539733320956e+01
-5.718832429957528518e+01 2.330106981804080490e+01
-5.924946825017392626e+01 2.309689263467473808e+01
-6.131061220077256024e+01 2.452619347023131624e+01
-6.337175615137120133e+01 2.523069592535863848e+01
-6.543290010196983530e+01 2.397239393803810259e+01
-6.749404405256848349e+01 2.426528520372906428e+01
-6.955518800316711747e+01 2.116190456902063843e+01
-7.161633195376576566e+01 2.508303240292036307e+01
-7.367747590436439964e+01 2.657363266563089255e+01
-7.573861985496304783e+01 2.372864349952629937e+01
-7.779976380556168181e+01 2.452306573291424030e+01
-7.986090775616033000e+01 2.431189334344033171e+01
-8.192205170675896397e+01 1.907217711081983680e+01
-8.398319565735759795e+01 2.039454143018424048e+01
-8.604433960795626035e+01 2.383539175650782482e+01
-8.810548355855489433e+01 1.854709606779072217e+01
-9.016662750915354252e+01 1.727340931854406492e+01
-9.222777145975217650e+01 2.006752683309002094e+01
-9.428891541035082469e+01 1.895294890452821690e+01
-9.635005936094945866e+01 1.755782068721254063e+01
-9.841120331154809264e+01 1.794896807238229286e+01
-1.004723472621467408e+02 1.848647265529007200e+01
-1.025334912127453748e+02 1.427410579440008043e+01
-1.045946351633440230e+02 1.665484108261636109e+01
-1.066557791139426570e+02 1.490330438789743539e+01
-1.087169230645412910e+02 1.617029826748197863e+01
-1.107780670151399391e+02 1.482782369147207113e+01
-1.128392109657385731e+02 1.304115566184832886e+01
-1.149003549163372213e+02 1.182031387105097586e+01
-1.169614988669358553e+02 1.210077710212009272e+01
-1.190226428175345035e+02 1.291135015108301687e+01
-1.210837867681331375e+02 1.171050532569685565e+01
-1.231449307187317714e+02 1.289536448090249010e+01
-1.252060746693304338e+02 1.023550945786836053e+01
-1.272672186199290678e+02 1.064053170070702947e+01
-1.293283625705277018e+02 1.158393002148368289e+01
-1.313895065211263500e+02 1.289443267296018902e+01
-1.334506504717249697e+02 1.012104692833133335e+01
-1.355117944223236464e+02 7.403380827108190232e+00
-1.375729383729222661e+02 1.036060542188113942e+01
-1.396340823235209143e+02 1.160124364450651058e+01
-1.416952262741195341e+02 1.163959116675257732e+01
-1.437563702247181823e+02 1.298741779341614944e+01
-1.458175141753168589e+02 9.653414045508140973e+00
-1.478786581259154786e+02 9.150175847782406890e+00
-1.499398020765141268e+02 1.075351830003597087e+01
-1.520009460271127466e+02 8.518180717798703228e+00
-1.540620899777113948e+02 1.025683256301148205e+01
-1.561232339283100430e+02 1.161193610009853749e+01
-1.581843778789086912e+02 7.365148591915513521e+00
-1.602455218295073109e+02 7.376143249322457685e+00
-1.623066657801059591e+02 1.242154909171140886e+01
-1.643678097307045789e+02 9.792231791209689007e+00
-1.664289536813032555e+02 9.685914964993939336e+00
-1.684900976319018753e+02 1.186928488958192851e+01
-1.705512415825005235e+02 9.266514873559112075e+00
-1.726123855330991432e+02 1.172989492587206861e+01
-1.746735294836978198e+02 1.097264755444336970e+01
-1.767346734342964396e+02 1.329151068484967979e+01
-1.787958173848950878e+02 9.025650093236340155e+00
-1.808569613354937076e+02 1.023721459731955719e+01
-1.829181052860923558e+02 1.015311750503560440e+01
-1.849792492366910324e+02 1.060989688366045769e+01
-1.870403931872896521e+02 1.002769509918525337e+01
-1.891015371378883003e+02 1.004666422119355751e+01
-1.911626810884869201e+02 8.977642576287333753e+00
-1.932238250390855683e+02 1.116584448230367954e+01
-1.952849689896842165e+02 1.000222565991044377e+01
-1.973461129402828647e+02 7.505237233977561040e+00
-1.994072568908815128e+02 9.384762864553204409e+00
-2.014684008414801610e+02 7.871348523926315899e+00
-2.035295447920787808e+02 8.718293066945804526e+00
-2.055906887426774574e+02 9.367772602523993797e+00
-2.076518326932760772e+02 8.142959000172668382e+00
-2.097129766438747254e+02 8.927434473186570685e+00
-2.117741205944733451e+02 9.034910604191539463e+00
-2.138352645450719933e+02 8.567961961757056599e+00
-2.158964084956706415e+02 1.050845253986673455e+01
-2.179575524462692897e+02 8.057248702425365394e+00
-2.200186963968679379e+02 1.027656504914913072e+01
-2.220798403474665577e+02 8.465652400296068691e+00
-2.241409842980652058e+02 1.069222285471997935e+01
-2.262021282486638540e+02 9.967711654711926883e+00
-2.282632721992625022e+02 9.495950048855183567e+00
-2.303244161498611220e+02 8.852470547053878036e+00
-2.323855601004597702e+02 1.069349213136211496e+01
-2.344467040510583900e+02 1.142802535667456709e+01
-2.365078480016570666e+02 9.193314656752344050e+00
-2.385689919522556863e+02 7.843094206711906935e+00
-2.406301359028543345e+02 9.020726572086923412e+00
-2.426912798534529543e+02 1.004388893547687012e+01
-2.447524238040516309e+02 8.694586590588457398e+00
-2.468135677546502507e+02 9.508033686821915964e+00
-2.488747117052488989e+02 1.094644671879482090e+01
-2.509358556558475186e+02 1.065275579994082200e+01
-2.529969996064461668e+02 1.151456649110533270e+01
-2.550581435570448150e+02 8.502959229325240287e+00
-2.571192875076434348e+02 1.073814059321104786e+01
-2.591804314582420830e+02 1.249769847156960267e+01
-2.612415754088407311e+02 8.548870395927037791e+00
-2.633027193594393793e+02 1.143055579937585087e+01
