2.624120390727563290e+02 -1.729533319306595596e+00
2.603508951221576240e+02 1.280738625994692015e+00
2.582897511715590326e+02 1.069063949563531235e+00
2.562286072209603844e+02 2.235784422189498244e+00
2.541674632703617078e+02 1.953709749026214970e+00
2.521063193197630881e+02 1.361112187619123004e+00
2.500451753691644399e+02 2.108643161438231495e+00
2.479840314185658201e+02 2.116651043265773247e+00
2.459228874679671719e+02 5.838740989894602329e+00
2.438617435173685237e+02 5.115726419911309719e+00
2.418005995667698755e+02 2.378386619796850621e+00
2.397394556161712558e+02 1.687703898445376272e+00
2.376783116655726076e+02 1.938771941290616585e+00
2.356171677149739878e+02 4.398258650782997492e+00
2.335560237643753112e+02 4.172110258117439407e+00
2.314948798137766630e+02 2.071805858058816341e+00
2.294337358631780432e+02 4.068852479189969173e+00
2.273725919125793951e+02 3.540690196251962352e+00
2.253114479619807469e+02 4.084625654033742670e+00
2.232503040113820987e+02 6.386880341734363142e+00
2.211891600607834789e+02 3.179851651734436402e+00
2.191280161101848307e+02 2.776317264329731582e+00
2.170668721595862110e+02 3.385531501563319612e+00
2.150057282089875343e+02 3.587058121873588856e+00
2.129445842583889146e+02 4.109203880374816542e+00
2.108834403077902664e+02 3.192910392990097712e+00
2.088222963571916466e+02 4.953201043460051523e+00
2.067611524065929984e+02 4.384335719818460042e+00
2.047000084559943502e+02 4.417364981045678540e+00
2.026388645053957021e+02 2.045144298048768849e+00
2.005777205547970823e+02 4.205630491818543426e+00
1.985165766041984341e+02 6.825401916614734610e+00
1.964554326535997859e+02 3.760193159611062264e+00
1.943942887030011377e+02 3.566893016750598111e+00
1.923331447524024895e+02 2.946513528175840335e+00
1.902720008018038698e+02 4.740873557475242528e+00
1.882108568512052216e+02 3.642398370405929064e+00
1.861497129006065734e+02 3.208636327900302732e+00
1.840885689500079252e+02 6.954416760683776566e+00
1.820274249994093054e+02 5.150226236154718862e+00
1.799662810488106572e+02 2.682919747989789716e+00
1.779051370982120375e+02 5.351254902171540095e+00
1.758439931476133609e+02 5.593270355974645724e+00
1.737828491970147411e+02 4.421789825912618710e+00
1.717217052464160929e+02 2.409695642947634386e+00
1.696605612958174731e+02 7.387894158284255219e+00
1.675994173452187965e+02 5.055901717602568013e+00
1.655382733946201768e+02 2.394739368533938872e+00
1.634771294440215286e+02 7.076303639561535519e+00
1.614159854934229088e+02 6.672381709994816390e+00
1.593548415428242606e+02 6.060761060827572599e+00
1.572936975922256124e+02 4.054188672453223674e+00
1.552325536416269642e+02 4.194793578513880128e+00
1.531714096910283160e+02 5.946376158694097747e+00
1.511102657404296963e+02 3.402172651265029213e+00
1.490491217898310481e+02 1.663858206309196675e+00
1.469879778392323999e+02 3.154973033180454411e+00
1.449268338886337517e+02 5.733824375757585301e+00
1.428656899380351319e+02 5.009054007105294914e+00
1.408045459874364838e+02 5.164486931952329662e+00
1.387434020368378640e+02 3.695489515788000556e+00
1.366822580862391874e+02 6.316968592310028718e+00
1.346211141356405676e+02 5.944785437353323765e+00
1.325599701850419194e+02 5.434860378894030397e+00
1.304988262344432712e+02 6.984819209245798355e+00
1.284376822838446515e+02 4.260959204445970094e+00
1.263765383332459891e+02 4.658768718967486677e+00
1.243153943826473551e+02 3.627301881674359851e+00
1.222542504320487211e+02 6.750309649353114061e+00
1.201931064814500729e+02 3.718607202104234233e+00
1.181319625308514389e+02 5.795707988586738857e+00
1.160708185802527908e+02 5.277610625862876326e+00
1.140096746296541568e+02 3.120577822681807056e+00
1.119485306790555086e+02 5.484289598143601729e+00
1.098873867284568746e+02 5.044006503231058147e+00
1.078262427778582406e+02 4.754781726396829278e+00
1.057650988272595924e+02 4.937002961209818963e+00
1.037039548766609585e+02 4.758078420978758771e+00
1.016428109260623103e+02 3.526982077751656952e+00
9.958166697546367629e+01 4.320399917535562295e+00
9.752052302486504232e+01 4.829206617225798581e+00
9.545937907426637992e+01 4.633258053178585634e+00
9.339823512366774594e+01 5.494356050341868247e+00
9.133709117306909775e+01 3.373070234747393314e+00
8.927594722247046377e+01 4.677540656332870306e+00
8.721480327187181558e+01 4.164624438479535229e+00
8.515365932127318160e+01 5.069030660733583105e+00
8.309251537067454763e+01 4.624639198190637401e+00
8.103137142007589944e+01 5.244279898494941250e+00
7.897022746947726546e+01 3.279849451299256202e+00
7.690908351887861727e+01 5.645213540749350223e+00
7.484793956827998329e+01 6.293275636688463237e+00
7.278679561768133510e+01 4.554119784170455709e+00
7.072565166708270112e+01 4.040215468249403585e+00
6.866450771648406715e+01 5.201758738543584393e+00
6.660336376588541896e+01 4.750452755303460783e+00
6.454221981528677077e+01 4.345714507140660210e+00
6.248107586468813679e+01 2.725020457794550488e+00
6.041993191408949571e+01 5.279187108459899136e+00
5.835878796349085462e+01 3.889511753627078239e+00
5.629764401289221354e+01 4.066953667047030763e+00
5.423650006229357246e+01 4.273925588590190117e+00
5.217535611169493137e+01 5.668676448494638365e+00
5.011421216109629029e+01 3.229751676269178695e+00
4.805306821049764920e+01 3.497239892648906778e+00
4.599192425989901523e+01 4.899037702696268148e+00
4.393078030930037414e+01 5.749820622638235790e+00
4.186963635870173306e+01 5.863160874678884582e+00
3.980849240810309198e+01 5.313532310661975622e+00
3.774734845750445089e+01 3.790504164992283709e+00
3.568620450690580981e+01 5.442368346383853250e+00
3.362506055630716872e+01 5.504610605113916755e+00
3.156391660570852764e+01 5.560040012523346675e+00
2.950277265510988656e+01 4.016573923689867875e+00
2.744162870451124903e+01 4.734899254982315675e+00
2.538048475391260794e+01 6.476578426905419406e+00
2.331934080331396331e+01 7.343165046946634078e+00
2.125819685271532222e+01 6.965800241973160389e+00
1.919705290211668114e+01 5.897235457833521544e+00
1.713590895151804006e+01 7.299390472102504468e+00
1.507476500091939897e+01 9.459615979461897695e+00
1.301362105032075966e+01 1.262287121790227040e+01
1.095247709972211858e+01 1.443001984372495983e+01
8.891333149123477497e+00 2.330148678906743953e+01
6.830189198524836414e+00 3.231696890923412724e+01
4.769045247926196218e+00 4.251099035378971536e+01
2.707901297327555579e+00 5.770795990530194075e+01
6.467573467289143840e-01 6.851963930291299221e+01
-1.414386603869726367e+00 6.269272328187923193e+01
-3.475530554468367672e+00 5.778775500832169598e+01
-5.536674505067008312e+00 5.308500061337030473e+01
-7.597818455665649395e+00 4.374339386384794182e+01
-9.658962406264288703e+00 3.928720770841206900e+01
-1.172010635686293156e+01 3.510410558398582026e+01
-1.378125030746157087e+01 2.940895596671614598e+01
-1.584239425806021195e+01 2.348692441139750287e+01
-1.790353820865885126e+01 2.146269737035979475e+01
-1.996468215925749234e+01 2.280947413898988785e+01
-2.202582610985613343e+01 2.138172922718201008e+01
-2.408697006045477806e+01 2.560273605805903330e+01
-2.614811401105341560e+01 2.440250603785889894e+01
-2.820925796165205313e+01 2.649473759417693230e+01
-3.027040191225069421e+01 2.497135377456424976e+01
-3.233154586284933885e+01 2.718460565574178389e+01
-3.439268981344797993e+01 2.574856253884228607e+01
-3.645383376404662101e+01 2.686254024167683951e+01
-3.851497771464525499e+01 2.773798214303009146e+01
-4.057612166524389608e+01 2.735763924586608908e+01
-4.263726561584253716e+01 2.604413035415915090e+01
-4.469840956644117824e+01 2.555235424820064694e+01
-4.675955351703981933e+01 2.126465623488827461e+01
-4.882069746763846751e+01 2.021107350436406236e+01
-5.088184141823710860e+01 2.014949953267390015e+01
-5.294298536883574968e+01 2.079792142194316895e+01
-5.500412931943439077e+01 1.982014680997100342e+01
-5.706527327003303185e+01 1.689948856466295268e+01
-5.912641722063167293e+01 1.811387961556071247e+01
-6.118756117123030691e+01 1.693932337558684509e+01
-6.324870512182894799e+01 1.709291811882927092e+01
-6.530984907242759618e+01 1.317694362468320257e+01
-6.737099302302624437e+01 1.396500852337957710e+01
-6.943213697362487835e+01 1.304617994134054015e+01
-7.149328092422351233e+01 1.154336133748829951e+01
-7.355442487482216052e+01 1.224431303407418881e+01
-7.561556882542079450e+01 1.149611494036657255e+01
-7.767671277601944269e+01 1.050861349249175625e+01
-7.973785672661807666e+01 1.013380866585099760e+01
-8.179900067721672485e+01 1.029714154056989095e+01
-8.386014462781535883e+01 5.982772585907110141e+00
-8.592128857841399281e+01 7.244013157635460054e+00
-8.798243252901264100e+01 7.539668738033003415e+00
-9.004357647961127498e+01 5.697114158995823630e+00
-9.210472043020992317e+01 4.386775531746835100e+00
-9.416586438080855714e+01 7.355434725503139148e+00
-9.622700833140720533e+01 3.553348813471248313e+00
-9.828815228200585352e+01 6.855082082841156499e+00
-1.003492962326044875e+02 7.476980306534944276e+00
-1.024104401832031357e+02 5.902653866821140127e+00
-1.044715841338017697e+02 7.924496367852853496e+00
-1.065327280844004179e+02 4.914238793687606410e+00
-1.085938720349990518e+02 3.977286021833662755e+00
-1.106550159855976858e+02 3.917424608943518294e+00
-1.127161599361963340e+02 1.402672512320648046e+00
-1.147773038867949680e+02 2.511001037055998086e+00
-1.168384478373936162e+02 2.831507209330266672e+00
-1.188995917879922501e+02 1.052285179444681917e+00
-1.209607357385908983e+02 2.284744110395823924e+00
-1.230218796891895323e+02 1.993707691027247320e+00
-1.250830236397881663e+02 2.220690869262221145e+00
-1.271441675903868145e+02 3.448718012528201537e+00
-1.292053115409854627e+02 -1.031054216652607103e+00
-1.312664554915840824e+02 3.596540271642725273e+00
-1.333275994421827590e+02 1.967503091613085120e+00
-1.353887433927813788e+02 5.700179104068071601e-01
-1.374498873433800270e+02 1.219015108272054171e+00
-1.395110312939786468e+02 4.965450622165704098e-01
-1.415721752445772950e+02 -9.804350527266311177e-01
-1.436333191951759432e+02 -8.767256215330719860e-01
-1.456944631457745913e+02 -1.419835498159784049e+00
-1.477556070963732111e+02 -3.854388525051290482e-01
-1.498167510469718593e+02 -1.799732079118317563e+00
-1.518778949975704791e+02 -1.353398829251246660e+00
-1.539390389481691557e+02 7.466562627796918816e-01
-1.560001828987678039e+02 -3.414630064937095533e+00
-1.580613268493664236e+02 -7.698736518836295506e-01
-1.601224707999650718e+02 -6.616782687798812290e-01
-1.621836147505637200e+02 -8.635429866120484244e-01
-1.642447587011623682e+02 -1.285902149711688924e+00
-1.663059026517609880e+02 -2.542531905829863506e-02
-1.683670466023596362e+02 2.134269149390705778e+00
-1.704281905529582559e+02 6.570340605296591807e-01
-1.724893345035569325e+02 -8.674305916067441558e-02
-1.745504784541555523e+02 -2.361525496589880646e+00
-1.766116224047542005e+02 1.558696798668121941e+00
-1.786727663553528203e+02 -2.066693052319743540e+00
-1.807339103059514684e+02 -3.450997998630300767e+00
-1.827950542565501166e+02 2.405164458019399820e-01
-1.848561982071487648e+02 1.242873647160158246e+00
-1.869173421577473846e+02 -1.492322885406995869e+00
-1.889784861083460328e+02 -1.067799758320045145e+00
-1.910396300589446810e+02 1.011423143411930070e+00
-1.931007740095433292e+02 -1.982058777349072765e+00
-1.951619179601419773e+02 -2.002606288150663438e+00
-1.972230619107405971e+02 -2.392740308439450736e+00
-1.992842058613392453e+02 2.291037343740008891e-01
-2.013453498119378935e+02 -9.803000638861152360e-01
-2.034064937625365417e+02 -7.771752920806831444e-01
-2.054676377131351614e+02 -3.197317150778276051e+00
-2.075287816637338096e+02 -1.068578296917089832e-01
-2.095899256143324294e+02 -1.763420410583869113e+00
-2.116510695649311060e+02 -2.415314124634667881e+00
-2.137122135155297258e+02 -9.549337677939530034e-01
-2.157733574661283740e+02 1.773198060391769415e+00
-2.178345014167269937e+02 2.988691296419915822e-01
-2.198956453673256703e+02 9.637338261704482267e-01
-2.219567893179242901e+02 -1.022500505566049211e+00
-2.240179332685229383e+02 -7.889664655247894398e-01
-2.260790772191215581e+02 -2.612114422787276680e-01
-2.281402211697202063e+02 -2.310095455811298049e+00
-2.302013651203188545e+02 -7.695196879874709461e-01
-2.322625090709175026e+02 -5.151616319531747701e-01
-2.343236530215161508e+02 -1.485228127811377918e+00
-2.363847969721147706e+02 -1.053313936369626669e+00
-2.384459409227134188e+02 -6.688491894038472996e-02
-2.405070848733120670e+02 -2.679709457464041655e+00
-2.425682288239107152e+02 -2.585530542736939719e+00
-2.446293727745093349e+02 -1.854765700456411315e+00
-2.466905167251079831e+02 -3.921581467201515014e+00
-2.487516606757066029e+02 -7.733183139986553600e-01
-2.508128046263052795e+02 -1.573028259470778734e+00
-2.528739485769038993e+02 -3.157532644761600338e-01
-2.549350925275025475e+02 -9.883052856891780813e-01
-2.569962364781011956e+02 -3.504356388541199352e-01
-2.590573804286998438e+02 -1.293310909582920942e+00
-2.611185243792984920e+02 -1.728255149909919686e+00
-2.631796683298970834e+02 1.444315787447138788e-01
