2.718890136001212454e+02 2.044016849804740854e+00
2.698278696495226541e+02 3.304871228624432611e+00
2.677667256989240059e+02 2.057781500866941560e+00
2.657055817483253009e+02 4.490261640205300608e+00
2.636444377977267095e+02 5.113131432332020054e+00
2.615832938471280613e+02 4.137177378985436249e+00
2.595221498965294131e+02 4.349390644007939066e+00
2.574610059459307649e+02 4.284828350126118401e+00
2.553998619953321452e+02 5.626856462846325790e+00
2.533387180447335254e+02 4.723738456756604975e+00
2.512775740941348488e+02 6.000005529408749538e+00
2.492164301435362290e+02 4.545659449868693969e+00
2.471552861929375808e+02 6.041157438178577976e+00
2.450941422423389611e+02 6.703913368719467414e+00
2.430329982917403129e+02 5.571925058279421528e+00
2.409718543411416647e+02 5.893845003228156187e+00
2.389107103905430165e+02 6.213927690403365567e+00
2.368495664399443967e+02 7.459737675141906443e+00
2.347884224893457485e+02 4.364243959505369475e+00
2.327272785387471004e+02 7.889499429087951654e+00
2.306661345881484522e+02 7.098813876694220149e+00
2.286049906375498040e+02 5.343030971576064658e+00
2.265438466869511842e+02 4.605508475286615777e+00
2.244827027363525360e+02 7.457028339977977538e+00
2.224215587857538878e+02 6.471168532356129433e+00
2.203604148351552396e+02 4.602056551192523770e+00
2.182992708845566199e+02 6.261688193126125235e+00
2.162381269339579717e+02 6.727426034908052799e+00
2.141769829833593519e+02 6.408817897742800085e+00
2.121158390327606753e+02 9.009921027529376403e+00
2.100546950821620555e+02 8.826954526819223545e+00
2.079935511315634074e+02 5.245462784374661069e+00
2.059324071809647876e+02 8.242590992417522244e+00
2.038712632303661394e+02 5.500067333380491696e+00
2.018101192797674912e+02 7.802351795568202242e+00
1.997489753291688430e+02 5.951656359793370932e+00
1.976878313785702517e+02 6.644945166135671322e+00
1.956266874279715751e+02 6.633853511187414398e+00
1.935655434773729269e+02 5.980215251702922785e+00
1.915043995267743071e+02 7.340989370647424295e+00
1.894432555761756589e+02 7.644720365509437343e+00
1.873821116255770391e+02 4.493469168070102882e+00
1.853209676749783625e+02 6.399583635551536531e+00
1.832598237243797428e+02 5.315004087899712459e+00
1.811986797737810946e+02 7.100707259599334797e+00
1.791375358231824748e+02 8.136183045850902573e+00
1.770763918725838266e+02 5.054191591139089113e+00
1.750152479219851784e+02 7.773108436915280528e+00
1.729541039713865302e+02 5.445451338592790513e+00
1.708929600207879105e+02 7.524891695154713567e+00
1.688318160701892623e+02 7.797875061104708294e+00
1.667706721195906141e+02 7.726429445320696310e+00
1.647095281689919659e+02 8.291914455415341223e+00
1.626483842183933461e+02 6.405251763565956935e+00
1.605872402677946980e+02 8.770955880099117863e+00
1.585260963171960782e+02 7.677019048977216542e+00
1.564649523665974016e+02 4.892624396226821659e+00
1.544038084159987534e+02 6.862458797875497396e+00
1.523426644654001336e+02 5.896994238742472305e+00
1.502815205148014854e+02 7.041175632004346596e+00
1.482203765642028657e+02 5.310702761803420380e+00
1.461592326136041891e+02 6.394379476065297219e+00
1.440980886630055693e+02 6.040223451971029611e+00
1.420369447124069211e+02 9.115506175707713155e+00
1.399758007618083013e+02 8.504484891668029789e+00
1.379146568112096531e+02 5.818838594174516210e+00
1.358535128606110050e+02 5.366385793616676558e+00
1.337923689100123568e+02 6.373453965938696619e+00
1.317312249594137370e+02 7.836186025992724069e+00
1.296700810088150888e+02 5.886849490452537026e+00
1.276089370582164406e+02 5.870586828997137019e+00
1.255477931076177924e+02 6.281754235995798297e+00
1.234866491570191585e+02 6.769144535728707446e+00
1.214255052064205245e+02 7.768239798588167488e+00
1.193643612558218763e+02 5.984456470086081836e+00
1.173032173052232423e+02 6.538391863500376822e+00
1.152420733546245941e+02 4.268019919534466133e+00
1.131809294040259601e+02 7.928622882525558246e+00
1.111197854534273119e+02 5.673522598643189419e+00
1.090586415028286780e+02 6.077020514916281257e+00
1.069974975522300440e+02 8.237603744178212395e+00
1.049363536016313958e+02 4.632121674556046287e+00
1.028752096510327618e+02 3.953067940310960093e+00
1.008140657004341136e+02 6.403443924584004243e+00
9.875292174983545124e+01 5.282634485627624166e+00
9.669177779923681726e+01 6.896793105887160102e+00
9.463063384863816907e+01 7.313504572232892187e+00
9.256948989803953509e+01 6.524049191342602860e+00
9.050834594744088690e+01 5.553348813766701753e+00
8.844720199684225292e+01 6.474504028255145371e+00
8.638605804624361895e+01 6.399196021106025256e+00
8.432491409564497076e+01 6.428716722891542723e+00
8.226377014504633678e+01 4.946775654053679361e+00
8.020262619444768859e+01 3.918846765914690167e+00
7.814148224384905461e+01 5.459582997545836314e+00
7.608033829325040642e+01 5.670275551755501020e+00
7.401919434265177244e+01 8.964740266382927203e+00
7.195805039205313847e+01 3.079290747415684315e+00
6.989690644145449028e+01 7.498052831640660720e+00
6.783576249085585630e+01 4.658594717051450118e+00
6.577461854025720811e+01 4.436820096828715698e+00
6.371347458965856703e+01 4.782308689743504537e+00
6.165233063905992594e+01 5.657323691247448494e+00
5.959118668846128486e+01 5.872895043030410100e+00
5.753004273786264378e+01 3.480558797735573862e+00
5.546889878726400269e+01 6.280867676815585554e+00
5.340775483666536871e+01 7.690687271947288295e+00
5.134661088606672052e+01 6.691243971355606668e+00
4.928546693546807944e+01 5.990684251928182213e+00
4.722432298486943836e+01 5.599605261694043712e+00
4.516317903427079727e+01 6.217921879629815685e+00
4.310203508367215619e+01 5.661841887540294493e+00
4.104089113307352221e+01 5.926915532649254637e+00
3.897974718247488113e+01 6.371986712929019525e+00
3.691860323187624005e+01 5.571560313795573371e+00
3.485745928127759896e+01 7.718710759504472385e+00
3.279631533067895077e+01 4.565847614871953120e+00
3.073517138008031324e+01 7.263243576425631787e+00
2.867402742948167571e+01 1.022025536457232597e+01
2.661288347888303107e+01 5.452407930724092466e+00
2.455173952828439354e+01 8.284287183882730332e+00
2.249059557768575246e+01 1.007710972260843896e+01
2.042945162708711493e+01 1.048785898462632993e+01
1.836830767648847385e+01 9.245948205985317969e+00
1.630716372588983276e+01 1.108035295512431873e+01
1.424601977529118990e+01 1.520328155156016692e+01
1.218487582469255059e+01 1.708640319036546984e+01
1.012373187409390773e+01 2.148347671781667501e+01
8.062587923495268427e+00 2.824398283265975707e+01
6.001443972896627344e+00 3.875284861694668592e+01
3.940300022297985816e+00 4.834426965699336165e+01
1.879156071699345398e+00 5.303422662301192503e+01
-1.819878788992953522e-01 5.296658656398909670e+01
-2.243131829497936103e+00 5.337091112666590931e+01
-4.304275780096576298e+00 4.976200796598667608e+01
-6.365419730695217382e+00 4.465857565110949423e+01
-8.426563681293856689e+00 3.532223015185055459e+01
-1.048770763189249955e+01 3.195409894287040942e+01
-1.254885158249113886e+01 2.720987487613769673e+01
-1.460999553308977994e+01 2.536693486392552899e+01
-1.667113948368842102e+01 2.110712418500288123e+01
-1.873228343428706211e+01 1.993882710180576723e+01
-2.079342738488570319e+01 1.457391868078102526e+01
-2.285457133548434427e+01 1.762428584268817033e+01
-2.491571528608298536e+01 1.733295020179598112e+01
-2.697685923668162644e+01 1.421866859227055890e+01
-2.903800318728026753e+01 1.438036571770368788e+01
-3.109914713787891216e+01 1.299285109065764487e+01
-3.316029108847754969e+01 1.266541624813673295e+01
-3.522143503907619078e+01 1.120080274296263489e+01
-3.728257898967483186e+01 9.438404689377778212e+00
-3.934372294027347294e+01 9.705399226195812190e+00
-4.140486689087211403e+01 9.953256742251747724e+00
-4.346601084147074801e+01 7.859694164138352868e+00
-4.552715479206939619e+01 8.242152238634405492e+00
-4.758829874266803728e+01 8.616775602158336156e+00
-4.964944269326667836e+01 7.052540950411379406e+00
-5.171058664386531945e+01 5.234347730574133273e+00
-5.377173059446396053e+01 7.156101861480968829e+00
-5.583287454506259451e+01 8.328723401204696231e+00
-5.789401849566123559e+01 4.228693813545659097e+00
-5.995516244625987667e+01 6.684312999487164397e+00
-6.201630639685851776e+01 6.249181775066001698e+00
-6.407745034745715884e+01 6.284569048521819745e+00
-6.613859429805580703e+01 6.114795074540319675e+00
-6.819973824865444101e+01 6.456970005887082920e+00
-7.026088219925308920e+01 8.634868955802605939e+00
-7.232202614985172318e+01 8.494144323731724455e+00
-7.438317010045037136e+01 6.901526920542048416e+00
-7.644431405104900534e+01 7.195170008002059525e+00
-7.850545800164763932e+01 6.620324965725582267e+00
-8.056660195224628751e+01 5.775077857004446535e+00
-8.262774590284492149e+01 4.878393380320367179e+00
-8.468888985344356968e+01 6.712761137694722713e+00
-8.675003380404220366e+01 5.909774454439201463e+00
-8.881117775464085184e+01 4.597302311626498827e+00
-9.087232170523948582e+01 5.668207274103785664e+00
-9.293346565583811980e+01 7.299999558345684036e+00
-9.499460960643678220e+01 4.516871091008265893e+00
-9.705575355703541618e+01 4.852492156420940006e+00
-9.911689750763405016e+01 2.964492449857694556e+00
-1.011780414582326841e+02 2.974604350262362917e+00
-1.032391854088313323e+02 5.741187653138175584e+00
-1.053003293594299663e+02 4.124049459198713130e+00
-1.073614733100286145e+02 -3.405123705396442269e-01
-1.094226172606272485e+02 4.879778203498620570e+00
-1.114837612112258824e+02 5.150631397256096200e+00
-1.135449051618245306e+02 1.725940734903272045e+00
-1.156060491124231646e+02 5.053246176009092316e+00
-1.176671930630218128e+02 4.609523204159878595e+00
-1.197283370136204468e+02 3.659783072277320137e+00
-1.217894809642190950e+02 4.836958301605081445e+00
-1.238506249148177289e+02 1.038935876892768562e+00
-1.259117688654163629e+02 5.724826460916519366e+00
-1.279729128160150111e+02 5.399821816943040531e+00
-1.300340567666136451e+02 4.580913286073626800e+00
-1.320952007172122933e+02 3.226717973078408352e+00
-1.341563446678109415e+02 1.661416847742863245e+00
-1.362174886184095897e+02 3.415683367016389749e+00
-1.382786325690082094e+02 3.876147798304626413e+00
-1.403397765196068576e+02 2.153300093820498251e+00
-1.424009204702054774e+02 3.029377649058135002e+00
-1.444620644208041540e+02 2.389511738841612054e+00
-1.465232083714027738e+02 3.211028768809122358e+00
-1.485843523220014220e+02 2.842091410213429814e+00
-1.506454962726000417e+02 8.226319051774207969e-01
-1.527066402231986899e+02 3.836632446963875509e+00
-1.547677841737973665e+02 4.082842772370658402e+00
-1.568289281243959863e+02 1.099029675268463846e+00
-1.588900720749946345e+02 1.473118893298110521e+00
-1.609512160255932542e+02 1.445424417380209992e+00
-1.630123599761919309e+02 2.326034941942957956e-01
-1.650735039267905506e+02 2.071511023393805662e+00
-1.671346478773891988e+02 2.649180209568905653e+00
-1.691957918279878186e+02 2.123247489623448114e+00
-1.712569357785864668e+02 2.438569676789232421e+00
-1.733180797291851150e+02 2.565553735962507353e+00
-1.753792236797837631e+02 1.470614051232687736e+00
-1.774403676303823829e+02 3.112281352270870993e+00
-1.795015115809810311e+02 5.505328427492189647e+00
-1.815626555315796509e+02 6.365017153024027374e-01
-1.836237994821783275e+02 1.068783890691278549e+00
-1.856849434327769472e+02 2.988871279685762161e+00
-1.877460873833755954e+02 2.362940250797459285e+00
-1.898072313339742152e+02 2.382135944901008884e+00
-1.918683752845728918e+02 9.829048215592178783e-01
-1.939295192351715400e+02 4.249260628069661538e-01
-1.959906631857701598e+02 1.183485924461640248e+00
-1.980518071363688080e+02 3.016534228243962446e+00
-2.001129510869674561e+02 1.176251703178797126e+00
-2.021740950375661043e+02 -1.153673493461757626e+00
-2.042352389881647525e+02 5.521339115463155256e-01
-2.062963829387634007e+02 1.854923932389442864e+00
-2.083575268893620205e+02 -2.186571077384742434e-01
-2.104186708399606687e+02 6.717328618799041084e-01
-2.124798147905592884e+02 3.123870142653069504e+00
-2.145409587411579651e+02 6.161935925707500150e-01
-2.166021026917565848e+02 -8.027129607269926082e-01
-2.186632466423552330e+02 1.700072782135591876e+00
-2.207243905929538528e+02 8.202299351633496327e-01
-2.227855345435525010e+02 9.847526123344811921e-01
-2.248466784941511492e+02 -7.832056186849151169e-02
-2.269078224447497973e+02 6.182356026675206451e-01
-2.289689663953484455e+02 1.040232975228042811e+00
-2.310301103459470653e+02 1.096353084056373106e+00
-2.330912542965457419e+02 2.406013199633878052e+00
-2.351523982471443617e+02 3.695446387936296873e+00
-2.372135421977430099e+02 1.923081299584457726e+00
-2.392746861483416296e+02 2.939348732657613539e+00
-2.413358300989402778e+02 2.635798298406281770e+00
-2.433969740495389260e+02 1.752167831071010928e+00
-2.454581180001375742e+02 3.662800119933461218e+00
-2.475192619507361940e+02 1.196812442038606372e+00
-2.495804059013348422e+02 3.078552016495314625e+00
-2.516415498519334619e+02 3.060201986631878590e+00
-2.537026938025321385e+02 2.392422558713785286e+00
