2.677431006122881740e+02 -6.137576475176013124e-01
2.656819566616895827e+02 1.027147765913589250e+00
2.636208127110908777e+02 -1.205320817745627160e+00
2.615596687604922863e+02 -1.703505173343736745e-01
2.594985248098936381e+02 1.185467654855038244e+00
2.574373808592949899e+02 1.561972617637673144e+00
2.553762369086963417e+02 2.014631190709948783e+00
2.533150929580976936e+02 2.416196046719315316e+00
2.512539490074990738e+02 1.535121185670107691e+00
2.491928050569004256e+02 3.392621503845636433e+00
2.471316611063017774e+02 -1.080341991852425076e+00
2.450705171557031292e+02 8.448735852240386590e-01
2.430093732051045095e+02 2.390459527224066960e+00
2.409482292545058613e+02 1.109654279344904459e+00
2.388870853039072415e+02 4.373195179179114156e+00
2.368259413533085649e+02 2.663508351085556836e+00
2.347647974027099451e+02 4.645369482337352585e-01
2.327036534521112969e+02 3.912006127555257784e+00
2.306425095015126487e+02 3.511277787186373622e+00
2.285813655509140290e+02 4.513133277161618828e+00
2.265202216003153524e+02 3.669616591203471945e+00
2.244590776497167326e+02 4.525247111929943777e+00
2.223979336991180844e+02 -1.500189029079184166e+00
2.203367897485194646e+02 3.320425071750046087e+00
2.182756457979207880e+02 1.747268353623845805e+00
2.162145018473221683e+02 3.863679089750785778e+00
2.141533578967235201e+02 4.506260722469923152e+00
2.120922139461249003e+02 3.177589192282282315e+00
2.100310699955262521e+02 2.968025315662376595e+00
2.079699260449276039e+02 6.261526198724017611e+00
2.059087820943289557e+02 5.211515131392226330e+00
2.038476381437303360e+02 5.555856689999964182e+00
2.017864941931316878e+02 3.776688372813954420e+00
1.997253502425330680e+02 3.302775020093309255e+00
1.976642062919343914e+02 5.227999415082344115e+00
1.956030623413357716e+02 6.230206600447621312e+00
1.935419183907371234e+02 6.806982532004199449e+00
1.914807744401384753e+02 3.367391215963004836e+00
1.894196304895398271e+02 5.889458920671469144e+00
1.873584865389411789e+02 5.303187891761588446e+00
1.852973425883425591e+02 2.298607490810453680e+00
1.832361986377439109e+02 4.597876752075807261e+00
1.811750546871452912e+02 4.265862538699234818e+00
1.791139107365466145e+02 3.454738287474134584e+00
1.770527667859479948e+02 3.614252871619443752e+00
1.749916228353493466e+02 4.968755027778133382e+00
1.729304788847507268e+02 4.178074630904276887e+00
1.708693349341520786e+02 4.603998142973137142e+00
1.688081909835534304e+02 2.968119212619005243e+00
1.667470470329547823e+02 4.866118789578188775e+00
1.646859030823561625e+02 6.480113179576952653e+00
1.626247591317575143e+02 4.466452278134564580e+00
1.605636151811588661e+02 3.592338355720970711e+00
1.585024712305602179e+02 5.659138763427259633e+00
1.564413272799615697e+02 4.525967371377405790e+00
1.543801833293629500e+02 4.049512927559377751e+00
1.523190393787643018e+02 8.441250872660113203e+00
1.502578954281656536e+02 4.596018444634941247e+00
1.481967514775670054e+02 3.973600111803970769e+00
1.461356075269683856e+02 6.373662588386644678e+00
1.440744635763697374e+02 7.626412807772792846e+00
1.420133196257711177e+02 7.050585320022023872e+00
1.399521756751724411e+02 5.730485558382963696e+00
1.378910317245738213e+02 5.074812420067557284e+00
1.358298877739751731e+02 4.421127064827651942e+00
1.337687438233765533e+02 6.613610893552784198e+00
1.317075998727779051e+02 3.198333725813963024e+00
1.296464559221792570e+02 5.058853981805206956e+00
1.275853119715806088e+02 5.558518483405822330e+00
1.255241680209819748e+02 5.540094368022318250e+00
1.234630240703833266e+02 2.338827099556498812e+00
1.214018801197846926e+02 2.929433654050936919e+00
1.193407361691860444e+02 2.340983414724794542e+00
1.172795922185874105e+02 5.223315849701016589e+00
1.152184482679887765e+02 4.642217202478290616e+00
1.131573043173901283e+02 4.014010918201146971e+00
1.110961603667914943e+02 5.729451236238531919e+00
1.090350164161928461e+02 6.287837952729753432e+00
1.069738724655942121e+02 2.812799832614733209e+00
1.049127285149955640e+02 6.343534765955129551e+00
1.028515845643969300e+02 4.690169067034789308e+00
1.007904406137982960e+02 4.459773707276021071e+00
9.872929666319964781e+01 3.421248991475312362e+00
9.666815271260099962e+01 6.046498887202368167e+00
9.460700876200235143e+01 4.136161068479963454e+00
9.254586481140371745e+01 4.618585388778519984e+00
9.048472086080506926e+01 6.461515316833083666e+00
8.842357691020643529e+01 4.170619242813901728e+00
8.636243295960780131e+01 1.563622329975441261e+00
8.430128900900915312e+01 3.037899240279598789e+00
8.224014505841051914e+01 5.162416939745077649e+00
8.017900110781187095e+01 5.503145700857614564e+00
7.811785715721323697e+01 5.735824816737681076e+00
7.605671320661460300e+01 5.694506878277416639e+00
7.399556925601595481e+01 5.628957653399029759e+00
7.193442530541732083e+01 3.211460333841751780e+00
6.987328135481867264e+01 5.293183596247363454e+00
6.781213740422003866e+01 5.588672256648291814e+00
6.575099345362139047e+01 2.580378850142713176e+00
6.368984950302274939e+01 5.586611350862817460e+00
6.162870555242410830e+01 5.141316051425000033e+00
5.956756160182546722e+01 4.450054399311859754e+00
5.750641765122682614e+01 3.308692254271893507e+00
5.544527370062819216e+01 5.085801023085915418e+00
5.338412975002955108e+01 3.001524421978059021e+00
5.132298579943090999e+01 3.327837734774024891e+00
4.926184184883225470e+01 3.061326744911018416e+00
4.720069789823361361e+01 5.860277536886199456e+00
4.513955394763497964e+01 3.734351118938234126e+00
4.307840999703633855e+01 3.288859599685142410e+00
4.101726604643769747e+01 4.120851906514223728e+00
3.895612209583905639e+01 2.719151467466883521e+00
3.689497814524041530e+01 2.470180717564028683e+00
3.483383419464177422e+01 5.678195248695794284e+00
3.277269024404313313e+01 4.389447848558982734e+00
3.071154629344449205e+01 2.929556034760628869e+00
2.865040234284585097e+01 4.088199254332112176e+00
2.658925839224721344e+01 5.683799969773072114e+00
2.452811444164857235e+01 7.577718372143178449e+00
2.246697049104993127e+01 4.829405520101620830e+00
2.040582654045129019e+01 8.934864452824532677e+00
1.834468258985265265e+01 8.316436682373392841e+00
1.628353863925401157e+01 7.296298515614479285e+00
1.422239468865537049e+01 1.216601915682410606e+01
1.216125073805672585e+01 1.605675893721235781e+01
1.010010678745808654e+01 2.770768431887476169e+01
8.038962836859445460e+00 3.671034694266041498e+01
5.977818886260804376e+00 5.529821358121807862e+01
3.916674935662163737e+00 7.226449901107579876e+01
1.855530985063522875e+00 8.519969951618702453e+01
-2.056129655351178753e-01 9.386986417919008829e+01
-2.266756916133758626e+00 9.506979163133605937e+01
-4.327900866732400154e+00 9.237530123866750387e+01
-6.389044817331040349e+00 8.417686027896743894e+01
-8.450188767929681433e+00 7.976894756898909122e+01
-1.051133271852832252e+01 7.485056164771521026e+01
-1.257247666912696182e+01 7.045214324160377828e+01
-1.463362061972560113e+01 6.301750587440043461e+01
-1.669476457032424221e+01 5.684692196328981595e+01
-1.875590852092288330e+01 5.116913948720232241e+01
-2.081705247152152438e+01 4.969758168047164304e+01
-2.287819642212016547e+01 4.627582221341565116e+01
-2.493934037271881010e+01 3.989147295875331167e+01
-2.700048432331745119e+01 4.071331342107592377e+01
-2.906162827391608872e+01 3.527932248324392361e+01
-3.112277222451472980e+01 3.413929555475611011e+01
-3.318391617511337444e+01 3.245039869634841523e+01
-3.524506012571201552e+01 3.252495629215943751e+01
-3.730620407631065660e+01 3.310352061001448476e+01
-3.936734802690929058e+01 3.125376197056104743e+01
-4.142849197750793167e+01 3.162750645303220765e+01
-4.348963592810657275e+01 3.230312188562508169e+01
-4.555077987870521383e+01 3.076648394325347269e+01
-4.761192382930386202e+01 2.743679196894592565e+01
-4.967306777990249600e+01 3.205768070958581717e+01
-5.173421173050113708e+01 3.283389673874795989e+01
-5.379535568109977817e+01 3.370332667623969058e+01
-5.585649963169841214e+01 3.658975773291282962e+01
-5.791764358229705323e+01 4.136871124624646257e+01
-5.997878753289569431e+01 4.059551340315704948e+01
-6.203993148349433540e+01 4.758517628457270376e+01
-6.410107543409297648e+01 4.856491325818414850e+01
-6.616221938469162467e+01 4.970659458879027426e+01
-6.822336333529025865e+01 4.929204008880805787e+01
-7.028450728588890684e+01 4.677235647818346820e+01
-7.234565123648754081e+01 4.726498598096901560e+01
-7.440679518708618900e+01 3.839211734904763063e+01
-7.646793913768482298e+01 3.496197618432567111e+01
-7.852908308828345696e+01 3.447482000295778448e+01
-8.059022703888210515e+01 3.405836412775362732e+01
-8.265137098948073913e+01 3.100016758942106421e+01
-8.471251494007938732e+01 2.905631800864310321e+01
-8.677365889067802129e+01 2.955350212298989732e+01
-8.883480284127666948e+01 3.023409053822934922e+01
-9.089594679187530346e+01 3.337885591932539597e+01
-9.295709074247393744e+01 3.488381446851489187e+01
-9.501823469307258563e+01 3.536867328574466285e+01
-9.707937864367123382e+01 2.945112798149247624e+01
-9.914052259426988201e+01 2.767520443231079597e+01
-1.012016665448685160e+02 2.315021164604037907e+01
-1.032628104954671642e+02 2.293379784074046057e+01
-1.053239544460657982e+02 1.768076250516005388e+01
-1.073850983966644321e+02 1.409745010810811472e+01
-1.094462423472630803e+02 1.383559674464171430e+01
-1.115073862978617143e+02 1.236736489507896586e+01
-1.135685302484603625e+02 8.944937707900919577e+00
-1.156296741990589965e+02 6.662815547912237513e+00
-1.176908181496576304e+02 6.591882869488177477e+00
-1.197519621002562786e+02 8.345953980369598568e+00
-1.218131060508549126e+02 5.650872798256799889e+00
-1.238742500014535608e+02 2.538494353455332586e+00
-1.259353939520521948e+02 2.079358772608917771e+00
-1.279965379026508430e+02 3.224448303480806022e+00
-1.300576818532494769e+02 2.854595645886994770e+00
-1.321188258038481251e+02 6.916765303967423728e-01
-1.341799697544467733e+02 -9.869178741593933601e-01
-1.362411137050453931e+02 -1.127490902807027073e-01
-1.383022576556440413e+02 2.266761712650929628e+00
-1.403634016062426895e+02 1.280024994250404502e+00
-1.424245455568413377e+02 -2.655165206968117531e-01
-1.444856895074399574e+02 -1.800466153395311242e+00
-1.465468334580386056e+02 2.224753998047245274e-01
-1.486079774086372254e+02 -1.426191155379921582e+00
-1.506691213592359020e+02 -1.964698208036627092e+00
-1.527302653098345218e+02 -1.683957139255066737e+00
-1.547914092604331699e+02 -3.246662310239321947e+00
-1.568525532110318181e+02 -1.913076920803702841e+00
-1.589136971616304379e+02 -1.439020634953968036e+00
-1.609748411122291145e+02 -1.215669798748112429e+00
-1.630359850628277343e+02 -2.891486080686588522e+00
-1.650971290134263825e+02 -1.832398427778172856e+00
-1.671582729640250022e+02 -5.047710208224309714e-01
-1.692194169146236788e+02 -1.735324175195039453e+00
-1.712805608652222986e+02 -1.217711600426052421e+00
-1.733417048158209468e+02 -3.506500110292038119e+00
-1.754028487664195666e+02 -2.799365530563865612e+00
-1.774639927170182148e+02 -1.090145122797904209e+00
-1.795251366676168630e+02 -1.875270109129081098e+00
-1.815862806182155111e+02 -4.037787519139632297e-01
-1.836474245688141309e+02 -3.654932537500116929e+00
-1.857085685194127791e+02 -9.062885910139885093e-01
-1.877697124700113989e+02 -8.493644861222728881e-01
-1.898308564206100755e+02 -3.255251173488953764e+00
-1.918920003712087237e+02 -3.454851845871723115e-01
-1.939531443218073434e+02 -9.210664872372366085e-01
-1.960142882724059916e+02 -1.506997695451562702e+00
-1.980754322230046398e+02 -2.413155686420290547e+00
-2.001365761736032880e+02 -1.752382446304387109e+00
-2.021977201242019078e+02 -5.249098509374344745e-01
-2.042588640748005560e+02 -2.610873552933623554e+00
-2.063200080253991757e+02 -2.050068331026301482e+00
-2.083811519759978523e+02 -6.561997882228417511e-01
-2.104422959265964721e+02 -4.406448378764957319e+00
-2.125034398771951203e+02 -3.121376481060844643e+00
-2.145645838277937401e+02 -3.376501008586571539e-01
-2.166257277783923882e+02 -1.126044616073443194e+00
-2.186868717289910364e+02 -1.965048065121548504e+00
-2.207480156795896846e+02 -8.461944732842852090e-01
-2.228091596301883044e+02 -1.341521186403875410e+00
-2.248703035807869526e+02 -2.796696654089743994e+00
-2.269314475313856008e+02 -2.663702357117213371e+00
-2.289925914819842490e+02 -2.316314644489672059e+00
-2.310537354325828971e+02 -2.019586424902135136e+00
-2.331148793831815169e+02 -1.618335124728059959e+00
-2.351760233337801651e+02 -2.142562441037065391e+00
-2.372371672843788133e+02 -2.358649945559728067e+00
-2.392983112349774615e+02 -9.342678950280450811e-01
-2.413594551855760812e+02 -1.180743338766784722e+00
-2.434205991361747294e+02 -3.333438430884901660e+00
-2.454817430867733492e+02 -3.406232397210766649e+00
-2.475428870373720258e+02 -2.250732487354527134e+00
-2.496040309879706456e+02 -1.193841349776576105e-01
-2.516651749385692938e+02 -9.541823655674458449e-01
-2.537263188891679135e+02 -1.991799968387904185e+00
-2.557874628397665617e+02 -1.547138549687698372e+00
-2.578486067903652383e+02 -1.756270036311145200e+00
