2.689682535521617979e+02 1.682024040713257618e+00
2.669071096015632065e+02 5.971349707097094672e+00
2.648459656509645583e+02 6.520068846084202008e+00
2.627848217003659101e+02 5.897405347789887564e+00
2.607236777497672620e+02 5.689237789521858879e+00
2.586625337991686138e+02 6.218032079096160736e+00
2.566013898485699656e+02 6.057054249335755536e+00
2.545402458979713458e+02 6.634509673197010571e+00
2.524791019473726976e+02 8.064533788614458132e+00
2.504179579967740494e+02 6.997323564383793659e+00
2.483568140461754297e+02 6.981256116539327650e+00
2.462956700955767531e+02 6.854829414055116033e+00
2.442345261449781333e+02 5.853078224218922543e+00
2.421733821943794851e+02 7.640951657720211010e+00
2.401122382437808653e+02 5.617432788079613104e+00
2.380510942931822171e+02 8.508420450560258530e+00
2.359899503425835690e+02 7.528564484431829129e+00
2.339288063919849208e+02 5.864499503223169263e+00
2.318676624413863010e+02 8.524060254687810811e+00
2.298065184907876528e+02 8.655270827988205795e+00
2.277453745401890046e+02 7.691589053621660454e+00
2.256842305895903564e+02 7.022975964866314591e+00
2.236230866389917367e+02 7.669777894381444305e+00
2.215619426883930885e+02 8.047091794550286892e+00
2.195007987377944687e+02 8.991533272249212061e+00
2.174396547871957921e+02 7.159762415473463371e+00
2.153785108365971723e+02 8.623018934984242989e+00
2.133173668859985241e+02 6.545419668902394683e+00
2.112562229353998760e+02 8.026857529605536001e+00
2.091950789848012562e+02 7.667443028564053797e+00
2.071339350342025796e+02 6.478358587353447717e+00
2.050727910836039598e+02 8.138701181987714861e+00
2.030116471330053116e+02 7.882546449422616064e+00
2.009505031824066918e+02 8.261203949152973181e+00
1.988893592318080152e+02 9.546587282654147799e+00
1.968282152812093955e+02 8.126240737233327849e+00
1.947670713306107473e+02 8.073644636904406369e+00
1.927059273800121275e+02 7.717818708277518702e+00
1.906447834294134793e+02 8.280357675018358066e+00
1.885836394788148311e+02 8.971255716750020426e+00
1.865224955282161829e+02 7.318598621491982037e+00
1.844613515776175632e+02 8.038058980405253351e+00
1.824002076270189150e+02 7.821609034351299172e+00
1.803390636764202952e+02 6.509551698485874560e+00
1.782779197258216186e+02 7.449633379586546589e+00
1.762167757752229704e+02 7.147734672736644868e+00
1.741556318246243507e+02 6.503541632052448840e+00
1.720944878740257025e+02 7.815814967772460875e+00
1.700333439234270543e+02 8.299962312294667299e+00
1.679721999728284061e+02 7.730495246569334178e+00
1.659110560222297863e+02 8.517477767573351954e+00
1.638499120716311381e+02 7.099384613484321704e+00
1.617887681210325184e+02 8.980066884405546901e+00
1.597276241704338418e+02 7.148491846787507598e+00
1.576664802198352220e+02 7.242106229116984650e+00
1.556053362692365738e+02 7.800381440544479794e+00
1.535441923186379540e+02 8.502163445798766261e+00
1.514830483680393058e+02 8.413069321420891811e+00
1.494219044174406577e+02 8.146051851533110622e+00
1.473607604668420095e+02 8.661396086533292404e+00
1.452996165162433897e+02 8.166689843778168978e+00
1.432384725656447415e+02 8.040762442448221137e+00
1.411773286150461217e+02 9.970610553477156301e+00
1.391161846644474451e+02 9.080209068062517375e+00
1.370550407138487969e+02 9.232743640037204713e+00
1.349938967632501772e+02 7.226620508080996430e+00
1.329327528126515290e+02 7.720778527704723615e+00
1.308716088620528808e+02 7.657918992478561115e+00
1.288104649114542326e+02 7.403840907927325077e+00
1.267493209608556128e+02 9.353416892343689781e+00
1.246881770102569789e+02 1.015799617360280571e+01
1.226270330596583307e+02 8.905455345799882849e+00
1.205658891090596967e+02 7.352641203786935975e+00
1.185047451584610485e+02 6.863412794973218212e+00
1.164436012078624003e+02 7.987878959660534406e+00
1.143824572572637663e+02 8.891802107644117825e+00
1.123213133066651181e+02 6.457624251381053782e+00
1.102601693560664842e+02 8.534754160884649110e+00
1.081990254054678360e+02 7.331424951164437154e+00
1.061378814548692020e+02 8.587885422281523518e+00
1.040767375042705538e+02 7.506838658104891593e+00
1.020155935536719198e+02 7.588662855358745851e+00
9.995444960307328586e+01 8.931549403036147083e+00
9.789330565247462346e+01 6.401162436985594617e+00
9.583216170187598948e+01 9.122337361150012924e+00
9.377101775127734129e+01 8.629898003780128946e+00
9.170987380067870731e+01 8.974898651203913502e+00
8.964872985008007333e+01 9.704633128325767188e+00
8.758758589948142514e+01 8.157776220940052170e+00
8.552644194888279117e+01 6.712843183102142675e+00
8.346529799828414298e+01 8.102269101454760758e+00
8.140415404768550900e+01 7.721908917325679411e+00
7.934301009708686081e+01 6.990867413276475872e+00
7.728186614648821262e+01 7.669535714466043430e+00
7.522072219588957864e+01 9.095164775320125017e+00
7.315957824529093045e+01 8.054016774980942373e+00
7.109843429469229648e+01 8.567700536501648756e+00
6.903729034409364829e+01 8.099301606501507322e+00
6.697614639349501431e+01 8.621366206171526159e+00
6.491500244289638033e+01 9.779867300463939372e+00
6.285385849229773214e+01 8.273530330889833806e+00
6.079271454169909106e+01 6.040100689132704481e+00
5.873157059110045708e+01 7.311121721565201348e+00
5.667042664050181600e+01 8.035715264962602689e+00
5.460928268990317491e+01 1.019331298016469489e+01
5.254813873930453383e+01 9.912831907197125147e+00
5.048699478870588564e+01 1.198343299300469056e+01
4.842585083810724456e+01 1.237592559485583088e+01
4.636470688750860347e+01 1.364165913694139576e+01
4.430356293690996949e+01 1.629512372214855276e+01
4.224241898631132841e+01 1.790228889055200057e+01
4.018127503571268733e+01 2.083799811058279872e+01
3.812013108511404624e+01 2.100108403090066744e+01
3.605898713451540516e+01 2.408072201314107730e+01
3.399784318391676408e+01 2.876065056369611739e+01
3.193669923331812299e+01 3.107051287866446287e+01
2.987555528271948191e+01 3.418416019650534565e+01
2.781441133212084438e+01 3.901365063336627514e+01
2.575326738152219974e+01 4.209554347956960640e+01
2.369212343092355866e+01 4.483263183903595461e+01
2.163097948032491757e+01 4.547670696976020821e+01
1.956983552972628004e+01 4.889329752356650971e+01
1.750869157912763896e+01 5.213960246623833683e+01
1.544754762852899788e+01 5.350069099814503204e+01
1.338640367793035502e+01 5.288730411460984726e+01
1.132525972733171571e+01 5.539211406154082340e+01
9.264115776733072849e+00 6.077617767953135086e+01
7.202971826134433542e+00 6.148977951819916399e+01
5.141827875535793346e+00 5.256604631275456541e+01
3.080683924937152263e+00 4.957106815987255999e+01
1.019539974338511623e+00 4.323450653727029902e+01
-1.041603976260129016e+00 3.530775481135462002e+01
-3.102747926858769656e+00 3.206862007119906366e+01
-5.163891877457410295e+00 3.158678473884479843e+01
-7.225035828056052267e+00 2.948773894703395726e+01
-9.286179778654691575e+00 2.642245433464683657e+01
-1.134732372925333443e+01 2.181736165144982920e+01
-1.340846767985197374e+01 1.694535992967434623e+01
-1.546961163045061483e+01 1.473535929722831916e+01
-1.753075558104925591e+01 1.269313043980946887e+01
-1.959189953164789699e+01 8.998365117639131938e+00
-2.165304348224653808e+01 1.039726890398817716e+01
-2.371418743284517916e+01 8.937994349131095362e+00
-2.577533138344382024e+01 7.216058435702184859e+00
-2.783647533404245777e+01 8.313525741018542803e+00
-2.989761928464109886e+01 8.327445292479616512e+00
-3.195876323523974349e+01 8.149044522459607975e+00
-3.401990718583838458e+01 7.981068894842098693e+00
-3.608105113643702566e+01 6.591166616801546141e+00
-3.814219508703565964e+01 5.606967310343147659e+00
-4.020333903763430072e+01 7.934215440313585610e+00
-4.226448298823294181e+01 6.989954356953351322e+00
-4.432562693883158289e+01 6.498605300965034637e+00
-4.638677088943023108e+01 6.603170553913255247e+00
-4.844791484002887216e+01 5.832628620859289015e+00
-5.050905879062751325e+01 5.956678837617279676e+00
-5.257020274122614723e+01 5.956660823193364429e+00
-5.463134669182478831e+01 4.684647373314673402e+00
-5.669249064242342939e+01 5.996643737569044674e+00
-5.875363459302207048e+01 6.403348249283745020e+00
-6.081477854362071156e+01 6.149249716184574943e+00
-6.287592249421935264e+01 4.554046091474018176e+00
-6.493706644481800083e+01 4.952524068743813679e+00
-6.699821039541663481e+01 4.692864561523776956e+00
-6.905935434601526879e+01 5.454538164476743667e+00
-7.112049829661391698e+01 7.397832482598768244e+00
-7.318164224721255096e+01 4.701108497194279146e+00
-7.524278619781119914e+01 3.782955287484917495e+00
-7.730393014840984733e+01 2.824364046034428810e+00
-7.936507409900848131e+01 4.256659190257638059e+00
-8.142621804960712950e+01 4.518491678619189322e+00
-8.348736200020576348e+01 3.554868182108578356e+00
-8.554850595080441167e+01 3.532687515330044103e+00
-8.760964990140304565e+01 3.514162641261537878e+00
-8.967079385200167962e+01 3.718906003335390231e+00
-9.173193780260032781e+01 3.507658158755038613e+00
-9.379308175319896179e+01 4.403410855606030516e+00
-9.585422570379760998e+01 2.568183954302081684e+00
-9.791536965439624396e+01 2.626251192835592718e+00
-9.997651360499487794e+01 4.044159448688077418e+00
-1.020376575555935119e+02 3.828324940289690392e+00
-1.040988015061921601e+02 2.857364054192753855e+00
-1.061599454567907941e+02 2.391096903586572786e+00
-1.082210894073894281e+02 2.681932067409280585e+00
-1.102822333579880762e+02 2.869350042203837603e+00
-1.123433773085867102e+02 3.243313613082621227e+00
-1.144045212591853726e+02 4.022840268163682786e+00
-1.164656652097840066e+02 4.727330491272709878e+00
-1.185268091603826548e+02 2.130375061093006117e+00
-1.205879531109812888e+02 4.320563607481585855e+00
-1.226490970615799228e+02 2.787237341606175089e+00
-1.247102410121785709e+02 2.671843007431858208e+00
-1.267713849627772049e+02 3.760378121666705820e+00
-1.288325289133758531e+02 3.516959753434834912e+00
-1.308936728639744729e+02 3.780591281585161223e+00
-1.329548168145731211e+02 2.755381033906306953e+00
-1.350159607651717693e+02 4.077479060052439763e+00
-1.370771047157704174e+02 2.377813138371517976e+00
-1.391382486663690372e+02 3.415430815779440188e+00
-1.411993926169677138e+02 3.311967629634296806e+00
-1.432605365675663336e+02 1.868092110630632963e+00
-1.453216805181649818e+02 2.418927788054193506e+00
-1.473828244687636015e+02 2.790537640365464256e+00
-1.494439684193622497e+02 3.487127696689917844e+00
-1.515051123699608979e+02 3.189205882062829289e+00
-1.535662563205595461e+02 3.155179185832166500e+00
-1.556274002711581659e+02 2.598106903534103562e+00
-1.576885442217568141e+02 2.821781792497366936e+00
-1.597496881723554623e+02 2.535448237527829995e+00
-1.618108321229541104e+02 1.129429980112091725e+00
-1.638719760735527302e+02 2.724800721787364655e+00
-1.659331200241513784e+02 1.934646358517626563e+00
-1.679942639747499982e+02 1.676278661093807409e+00
-1.700554079253486748e+02 2.654802979400078922e+00
-1.721165518759473230e+02 2.930969449522183634e+00
-1.741776958265459427e+02 1.252915429642234013e+00
-1.762388397771445909e+02 1.987423369392611994e+00
-1.782999837277432107e+02 1.755638356003303979e+00
-1.803611276783418873e+02 1.422168285198792903e+00
-1.824222716289405071e+02 2.652133079799328108e+00
-1.844834155795391553e+02 2.221148849935061786e+00
-1.865445595301377750e+02 1.200008280113362247e+00
-1.886057034807364516e+02 1.401943303667471774e+00
-1.906668474313350714e+02 2.166710599707596607e+00
-1.927279913819337196e+02 3.466430782087102092e+00
-1.947891353325323394e+02 2.229450330663395707e+00
-1.968502792831309876e+02 1.128340370168812834e+00
-1.989114232337296357e+02 1.784454726765319021e+00
-2.009725671843282839e+02 -5.803263735100627763e-01
-2.030337111349269037e+02 1.411419646500571501e+00
-2.050948550855255519e+02 1.383033121989041270e+00
-2.071559990361241717e+02 1.892950827846923811e+00
-2.092171429867228483e+02 2.054923644216737788e+00
-2.112782869373214965e+02 1.549936355421691614e+00
-2.133394308879201162e+02 1.599451947899341420e+00
-2.154005748385187644e+02 1.877331678685155436e-01
-2.174617187891173842e+02 1.176464243517247432e+00
-2.195228627397160608e+02 4.778150948229826778e-01
-2.215840066903146806e+02 1.235113264336279437e+00
-2.236451506409133287e+02 1.720883591766340648e-01
-2.257062945915119485e+02 -4.687993106626176520e-01
-2.277674385421106251e+02 1.362338874515839571e+00
-2.298285824927092449e+02 9.045892992799746679e-01
-2.318897264433078931e+02 2.159848599883965381e+00
-2.339508703939065128e+02 1.243146259537032838e+00
-2.360120143445051610e+02 6.963375184256944683e-01
-2.380731582951038092e+02 6.375626890275913894e-01
-2.401343022457024574e+02 1.347515380752805747e+00
-2.421954461963010772e+02 1.144202902101189245e+00
-2.442565901468997254e+02 3.944296760246022160e-01
-2.463177340974983451e+02 2.757518938001896736e+00
-2.483788780480970217e+02 6.413982500123066588e-01
-2.504400219986956699e+02 5.908010829434322542e-01
-2.525011659492942897e+02 4.231296454634875026e+00
-2.545623098998929379e+02 2.283286708011152744e+00
-2.566234538504916145e+02 4.132874773457086093e+00
