2.480481498533829097e+02 1.247012641068785621e+00
2.459870059027842615e+02 4.066515397633756912e+00
2.439258619521856133e+02 3.418251915129078444e+00
2.418647180015869651e+02 2.211159861815676475e+00
2.398035740509883453e+02 2.894172302366601723e+00
2.377424301003896971e+02 3.379117117523495750e+00
2.356812861497910490e+02 5.976608000555456712e+00
2.336201421991924008e+02 4.632812014010615265e+00
2.315589982485937810e+02 5.031063436634987340e+00
2.294978542979951328e+02 5.366335289207500914e+00
2.274367103473965130e+02 2.329363272728391276e+00
2.253755663967978364e+02 7.878786793775386599e+00
2.233144224461992167e+02 5.552120929831174223e+00
2.212532784956005685e+02 5.386788101156853692e+00
2.191921345450019203e+02 6.102492103073429597e+00
2.171309905944033005e+02 5.676351382131359813e+00
2.150698466438046239e+02 6.811146353498935824e+00
2.130087026932060041e+02 4.109432533832868550e+00
2.109475587426073560e+02 5.637017411152564605e+00
2.088864147920087362e+02 5.651175026996253514e+00
2.068252708414100596e+02 5.118814086465986790e+00
2.047641268908114398e+02 6.701165522315752021e+00
2.027029829402127916e+02 3.288303322056568945e+00
2.006418389896141719e+02 3.354004166381143293e+00
1.985806950390155237e+02 4.930178938483543050e+00
1.965195510884168755e+02 6.826242910318039314e+00
1.944584071378182273e+02 4.852400261561044204e+00
1.923972631872196075e+02 5.640305015960964674e+00
1.903361192366209593e+02 4.044288587399374357e+00
1.882749752860223396e+02 2.667501800168622594e+00
1.862138313354236629e+02 4.567121328276142478e+00
1.841526873848250432e+02 5.836027670057490901e+00
1.820915434342263950e+02 5.108122451530238806e+00
1.800303994836277468e+02 7.317231720106639692e+00
1.779692555330291270e+02 6.252371721315484798e+00
1.759081115824304504e+02 4.960908590766230475e+00
1.738469676318318307e+02 9.321552621416410389e+00
1.717858236812331825e+02 5.271683542861604010e+00
1.697246797306345627e+02 5.872517621509237173e+00
1.676635357800358861e+02 5.983272664690483467e+00
1.656023918294372663e+02 7.354827536263949916e+00
1.635412478788386181e+02 7.466276369743471975e+00
1.614801039282399984e+02 8.613279846618960178e+00
1.594189599776413502e+02 6.362138618791433942e+00
1.573578160270427020e+02 5.176668549894186455e+00
1.552966720764440538e+02 6.191015006419893218e+00
1.532355281258454340e+02 8.234690453025363510e+00
1.511743841752467858e+02 9.168152356178335793e+00
1.491132402246481661e+02 7.488761289338518701e+00
1.470520962740494895e+02 6.960414270357490274e+00
1.449909523234508413e+02 5.001926068453142804e+00
1.429298083728522215e+02 4.932131194507022975e+00
1.408686644222535733e+02 6.952176578571521048e+00
1.388075204716549251e+02 5.703768892575429739e+00
1.367463765210562769e+02 4.945216439781527917e+00
1.346852325704576572e+02 5.243869114322072811e+00
1.326240886198590090e+02 5.211427171827727634e+00
1.305629446692603608e+02 6.048921813097377864e+00
1.285018007186617410e+02 5.857891591357111238e+00
1.264406567680630928e+02 6.870216799012339948e+00
1.243795128174644447e+02 3.145625319618798432e+00
1.223183688668658107e+02 6.524429657650482994e+00
1.202572249162671625e+02 5.870076503180685634e+00
1.181960809656685285e+02 4.595544631089843790e+00
1.161349370150698803e+02 6.559982581875817509e+00
1.140737930644712463e+02 3.446452110300748828e+00
1.120126491138725982e+02 2.376877928627864733e+00
1.099515051632739642e+02 5.954952968396693969e+00
1.078903612126753302e+02 5.707926701191003538e+00
1.058292172620766820e+02 6.576347988103958819e+00
1.037680733114780480e+02 7.038436684662472409e+00
1.017069293608793998e+02 7.040657998329013623e+00
9.964578541028076586e+01 4.425714979787525927e+00
9.758464145968211767e+01 5.413189575833054157e+00
9.552349750908346948e+01 4.524810332850889516e+00
9.346235355848483550e+01 3.908688341530014654e+00
9.140120960788618731e+01 6.928447096765081525e+00
8.934006565728755334e+01 5.194066778865760625e+00
8.727892170668891936e+01 7.581724623564782384e+00
8.521777775609025696e+01 4.853932726196276803e+00
8.315663380549162298e+01 6.220804197624010712e+00
8.109548985489297479e+01 5.624954164656464251e+00
7.903434590429434081e+01 5.183937552497825507e+00
7.697320195369569262e+01 5.368803081713933167e+00
7.491205800309705864e+01 5.201517043908857829e+00
7.285091405249842467e+01 7.072726475333912965e+00
7.078977010189977648e+01 6.882160245382564767e+00
6.872862615130114250e+01 6.714647329285821087e+00
6.666748220070249431e+01 8.002209413884976641e+00
6.460633825010386033e+01 4.510076174086756318e+00
6.254519429950521925e+01 5.055191403388399785e+00
6.048405034890657817e+01 5.252465417133894476e+00
5.842290639830792998e+01 4.637569705065327952e+00
5.636176244770928889e+01 5.574959922086923036e+00
5.430061849711064781e+01 5.556349538937646493e+00
5.223947454651201383e+01 4.699686565319134424e+00
5.017833059591337275e+01 5.336307605171718649e+00
4.811718664531473166e+01 6.765293103709678846e+00
4.605604269471609058e+01 4.331979420196321762e+00
4.399489874411744950e+01 3.706770476381898938e+00
4.193375479351880841e+01 5.392665666784719036e+00
3.987261084292016733e+01 6.429353198826751381e+00
3.781146689232152625e+01 1.913018961998799616e+00
3.575032294172288516e+01 4.096663023698169148e+00
3.368917899112424408e+01 6.032664311522448308e+00
3.162803504052560299e+01 2.373604749521841306e+00
2.956689108992696191e+01 3.508109267291590783e+00
2.750574713932832438e+01 6.198948322430181790e+00
2.544460318872968330e+01 5.097675857472790284e+00
2.338345923813103866e+01 7.555118640865178925e+00
2.132231528753240113e+01 7.179545693419307817e+00
1.926117133693376005e+01 8.958172898033096132e+00
1.720002738633511896e+01 1.269004500357962328e+01
1.513888343573647788e+01 1.720682046012866806e+01
1.307773948513783857e+01 2.299165611104747242e+01
1.101659553453919571e+01 2.808123045123581818e+01
8.955451583940556404e+00 3.058168545333436938e+01
6.894307633341915320e+00 3.492442793862969097e+01
4.833163682743274236e+00 3.660401457778785073e+01
2.772019732144633597e+00 2.964284128649833505e+01
7.108757815459928464e-01 2.067894184231806776e+01
-1.350268169052648126e+00 1.489158894295417745e+01
-3.411412119651288766e+00 1.385613153398008990e+01
-5.472556070249929405e+00 9.727571409806786917e+00
-7.533700020848570489e+00 9.671549457482010226e+00
-9.594843971447211572e+00 7.973427767304851699e+00
-1.165598792204585088e+01 9.543199205826507381e+00
-1.371713187264449374e+01 5.988735297282436143e+00
-1.577827582324313305e+01 8.136590417664315567e+00
-1.783941977384177591e+01 5.727616625350945512e+00
-1.990056372444041344e+01 6.373584362281366822e+00
-2.196170767503905452e+01 9.058605700185438536e+00
-2.402285162563769916e+01 5.994195674646589644e+00
-2.608399557623634024e+01 8.019460074844309005e+00
-2.814513952683497777e+01 7.800129760735253548e+00
-3.020628347743361886e+01 8.231482966435018866e+00
-3.226742742803226349e+01 2.382059808063635487e+00
-3.432857137863089747e+01 6.248581501854633125e+00
-3.638971532922953855e+01 6.802617483298440071e+00
-3.845085927982818674e+01 3.622828663442757335e+00
-4.051200323042682783e+01 6.421497031551795409e+00
-4.257314718102546891e+01 4.389631893680026486e+00
-4.463429113162410289e+01 3.224310515384439135e+00
-4.669543508222274397e+01 4.085770028381890739e+00
-4.875657903282138506e+01 3.862525183935586082e+00
-5.081772298342002614e+01 4.456553444090338267e+00
-5.287886693401866722e+01 2.424345926074348512e+00
-5.494001088461730831e+01 3.692193586278192274e+00
-5.700115483521594939e+01 3.906943124882050089e+00
-5.906229878581459047e+01 3.097072145044009961e+00
-6.112344273641323156e+01 3.407305283712514399e+00
-6.318458668701187264e+01 2.970743878931341619e+00
-6.524573063761050662e+01 3.884236488043715241e+00
-6.730687458820914060e+01 2.174419216559008383e+00
-6.936801853880780300e+01 3.297692800761427012e+00
-7.142916248940643698e+01 3.681323793786315246e+00
-7.349030644000508516e+01 2.213708268449344985e+00
-7.555145039060371914e+01 2.336121960658285701e+00
-7.761259434120236733e+01 1.614948869090813588e+00
-7.967373829180100131e+01 1.984312919826852095e+00
-8.173488224239963529e+01 1.178390273688908918e+00
-8.379602619299828348e+01 2.789288067310969677e+00
-8.585717014359691746e+01 2.677791158170382602e+00
-8.791831409419556564e+01 3.377545195222254826e+00
-8.997945804479419962e+01 3.160832938033922623e+00
-9.204060199539283360e+01 1.705655767079832019e+00
-9.410174594599148179e+01 1.287734784412236877e+00
-9.616288989659011577e+01 8.544320416125321671e-01
-9.822403384718876396e+01 3.460229443682093731e+00
-1.002851777977873837e+02 1.689944193723169397e+00
-1.023463217483860319e+02 -1.681918611289365262e-02
-1.044074656989846659e+02 8.782645010952357945e-01
-1.064686096495833141e+02 8.649704669398269319e-01
-1.085297536001819623e+02 -1.609040246029033450e-01
-1.105908975507806105e+02 4.121163840628002006e+00
-1.126520415013792444e+02 6.558783152879039680e-01
-1.147131854519778784e+02 1.219736825427296445e+00
-1.167743294025765266e+02 2.403609036158854018e+00
-1.188354733531751606e+02 1.760604131319224996e-01
-1.208966173037738088e+02 -1.426768923698826241e-01
-1.229577612543724427e+02 9.243649058847120958e-01
-1.250189052049710909e+02 1.472950806254072598e+00
-1.270800491555697249e+02 2.011627800867087590e+00
-1.291411931061683731e+02 7.282126607896066695e-01
-1.312023370567669929e+02 9.839097353859137529e-01
-1.332634810073656695e+02 7.228781733597833270e-01
-1.353246249579642893e+02 6.524576380496995009e-02
-1.373857689085629374e+02 -9.397298419835492522e-01
-1.394469128591615572e+02 6.143534702692318161e-01
-1.415080568097602054e+02 2.566087102733159986e-01
-1.435692007603588536e+02 -2.582789362153466772e+00
-1.456303447109575018e+02 6.110101595498333982e-01
-1.476914886615561215e+02 3.190057105792670211e-01
-1.497526326121547697e+02 -1.980969072398930608e+00
-1.518137765627534179e+02 -2.058085983698228483e-01
-1.538749205133520661e+02 -9.309605699619271091e-01
-1.559360644639506859e+02 7.092366876986299085e-01
-1.579972084145493341e+02 1.872547457362742973e+00
-1.600583523651479538e+02 1.759826981654111500e-01
-1.621194963157466304e+02 -3.299549734515245802e-01
-1.641806402663452502e+02 -6.136572895252615512e-01
-1.662417842169438984e+02 -3.770313710694270792e-01
-1.683029281675425466e+02 -9.800708089839499371e-01
-1.703640721181411664e+02 -3.061973785761438749e-01
-1.724252160687398430e+02 -1.225454618990012567e-01
-1.744863600193384627e+02 -4.296034972724367962e-01
-1.765475039699371109e+02 -5.428238271039965701e-01
-1.786086479205357307e+02 -6.179579873935545642e-01
-1.806697918711344073e+02 -2.179840699653861069e+00
-1.827309358217330271e+02 -1.599605192439548518e-01
-1.847920797723316753e+02 -1.105873722591056207e+00
-1.868532237229302950e+02 2.472892084565006809e-01
-1.889143676735289432e+02 -7.264837211912602566e-01
-1.909755116241275914e+02 1.039359787325808693e-01
-1.930366555747262396e+02 2.243530901721687343e+00
-1.950977995253248594e+02 1.736160172400247337e-01
-1.971589434759235075e+02 -1.597076300188043918e+00
-1.992200874265221273e+02 -2.190800804505116162e+00
-2.012812313771208039e+02 -1.004286310012846156e-01
-2.033423753277194521e+02 -3.244749630303333188e+00
-2.054035192783180719e+02 -1.028529378526337190e+00
-2.074646632289167201e+02 1.682436565079795665e+00
-2.095258071795153398e+02 1.629014825179117443e+00
-2.115869511301140165e+02 -1.301943170062565436e+00
-2.136480950807126362e+02 -2.184441712182150663e+00
-2.157092390313112844e+02 -1.144042358749275179e+00
-2.177703829819099042e+02 -1.767394678051554147e+00
-2.198315269325085808e+02 -1.305823409820533909e+00
-2.218926708831072006e+02 -3.044322602683549484e+00
-2.239538148337058487e+02 -2.150178117007352618e+00
-2.260149587843044685e+02 2.053830775246608467e-02
-2.280761027349031167e+02 -5.581897547777060486e-01
-2.301372466855017649e+02 -1.804674572594948456e+00
-2.321983906361004131e+02 -1.151407024710564331e+00
-2.342595345866990328e+02 -6.362643283222695345e-01
-2.363206785372976810e+02 -1.378542825237791591e+00
-2.383818224878963008e+02 -1.525180207359035478e+00
-2.404429664384949774e+02 -2.455919856497785325e+00
-2.425041103890936256e+02 -2.241039954042097992e+00
-2.445652543396922454e+02 -1.056134596802790204e+00
-2.466263982902908936e+02 -1.583406660072600669e+00
-2.486875422408895417e+02 -1.275275536906859353e+00
-2.507486861914881899e+02 -1.731397769733945546e+00
-2.528098301420868097e+02 -1.925009304101610086e+00
-2.548709740926854579e+02 -2.180767016971617345e+00
-2.569321180432841061e+02 -1.397511924054826826e+00
-2.589932619938827543e+02 -2.298020966814977140e+00
-2.610544059444814025e+02 -8.283396287289461757e-01
-2.631155498950800506e+02 -1.493693648598489299e+00
-2.651766938456786420e+02 -1.036702564105705715e+00
-2.672378377962772902e+02 7.870466551712002046e-01
-2.692989817468759384e+02 1.399199797963000869e+00
-2.713601256974745866e+02 -7.351576155915747757e-01
-2.734212696480732347e+02 2.784697203243731156e-01
-2.754824135986718261e+02 4.560444817646600590e-01
-2.775435575492705311e+02 1.860811816477072833e+00
