2.632239081251863695e+02 6.869534745050597246e-01
2.611627641745876645e+02 -3.476040049396897924e-01
2.591016202239890731e+02 8.849363192423960189e-01
2.570404762733904249e+02 2.333980975508564981e+00
2.549793323227917767e+02 2.301602026051843275e+00
2.529181883721931001e+02 1.755139400835124874e+00
2.508570444215944804e+02 2.948626897382176537e+00
2.487959004709958322e+02 3.486674347759413539e+00
2.467347565203972124e+02 3.141195475903803214e+00
2.446736125697985642e+02 3.605778141369192280e+00
2.426124686191999160e+02 3.227489600516292967e+00
2.405513246686012678e+02 3.663305803403729133e+00
2.384901807180026481e+02 3.168480917898090610e+00
2.364290367674039999e+02 4.349247417513036673e+00
2.343678928168053801e+02 4.263174000725611812e+00
2.323067488662067035e+02 2.763747473283160172e+00
2.302456049156080837e+02 2.341038783643544008e+00
2.281844609650094355e+02 4.481466621340840284e+00
2.261233170144108158e+02 2.776662547652067214e+00
2.240621730638121392e+02 4.791528596124646100e+00
2.220010291132135194e+02 4.601525270778623167e+00
2.199398851626148712e+02 4.726130860796388333e+00
2.178787412120162514e+02 3.538785027743547751e+00
2.158175972614176032e+02 5.257005487521996479e+00
2.137564533108189266e+02 3.741719892978562445e+00
2.116953093602203069e+02 3.928106881598374844e+00
2.096341654096216587e+02 4.397188903092605905e+00
2.075730214590230389e+02 4.570250509503569702e+00
2.055118775084243907e+02 4.703162584117479561e+00
2.034507335578257425e+02 4.627078995887376145e+00
2.013895896072270943e+02 4.826731291554763992e+00
1.993284456566284746e+02 3.480013157949132463e+00
1.972673017060298264e+02 2.780499396376335142e+00
1.952061577554311782e+02 4.130494229587636568e+00
1.931450138048325300e+02 6.058715275716436643e+00
1.910838698542339102e+02 5.762243634309940354e+00
1.890227259036352621e+02 4.571083989140025672e+00
1.869615819530366423e+02 5.767154310097751591e+00
1.849004380024379657e+02 3.089202442354377798e+00
1.828392940518393459e+02 3.803162487889420351e+00
1.807781501012406977e+02 5.472443945642911700e+00
1.787170061506420780e+02 5.329343449293718393e+00
1.766558622000434298e+02 5.864553573252041296e+00
1.745947182494447532e+02 3.842323654340536354e+00
1.725335742988461334e+02 3.299182136439834157e+00
1.704724303482474852e+02 4.575613605119520422e+00
1.684112863976488654e+02 2.721596821113775988e+00
1.663501424470502172e+02 2.770725203176351403e+00
1.642889984964515691e+02 3.736658069921517278e+00
1.622278545458529209e+02 2.766149026771572483e+00
1.601667105952543011e+02 6.088728202647023302e+00
1.581055666446556529e+02 4.874328323175496358e+00
1.560444226940570047e+02 4.239349513926145896e+00
1.539832787434583565e+02 3.163494327096786574e+00
1.519221347928597368e+02 3.193648805410361113e+00
1.498609908422610886e+02 2.997700798342762596e+00
1.477998468916624688e+02 5.393872617826889204e+00
1.457387029410637922e+02 4.503171256364395525e+00
1.436775589904651724e+02 4.574574753727288723e+00
1.416164150398665242e+02 2.863676295360863655e+00
1.395552710892679045e+02 4.438922965935272025e+00
1.374941271386692563e+02 5.358785571012001370e+00
1.354329831880705797e+02 3.935547450899523181e+00
1.333718392374719599e+02 6.370109199680711320e+00
1.313106952868733117e+02 3.563123234928937677e+00
1.292495513362746635e+02 5.178605122528559868e+00
1.271884073856760438e+02 4.316070471559570798e+00
1.251272634350773956e+02 2.428485168057471721e+00
1.230661194844787616e+02 4.268567032022832386e+00
1.210049755338801276e+02 4.241446102362503190e+00
1.189438315832814652e+02 4.578106446407957719e+00
1.168826876326828312e+02 4.610757446097233370e+00
1.148215436820841830e+02 5.048634498140698312e+00
1.127603997314855491e+02 2.956882445338740339e+00
1.106992557808869151e+02 4.398730646999517546e+00
1.086381118302882669e+02 4.963540308860458161e+00
1.065769678796896329e+02 2.926511521202940003e+00
1.045158239290909847e+02 3.667583683030926078e+00
1.024546799784923508e+02 3.396152178153152956e+00
1.003935360278937026e+02 3.942031786646941427e+00
9.833239207729505438e+01 5.015728916175210550e+00
9.627124812669642040e+01 4.547623179152719075e+00
9.421010417609777221e+01 3.618384346367308879e+00
9.214896022549913823e+01 3.353846208744523327e+00
9.008781627490050425e+01 3.262055123039580007e+00
8.802667232430185607e+01 4.196715692005152931e+00
8.596552837370322209e+01 4.214399897804317341e+00
8.390438442310457390e+01 2.477858351959232763e+00
8.184324047250593992e+01 2.444976532849425066e+00
7.978209652190727752e+01 3.536665836616612157e+00
7.772095257130864354e+01 2.352003185399843321e+00
7.565980862071000956e+01 3.734374267992836227e+00
7.359866467011136137e+01 4.890811654429294997e+00
7.153752071951272740e+01 3.862593027328177442e+00
6.947637676891407921e+01 3.626863716514724612e+00
6.741523281831544523e+01 3.029406983877490411e+00
6.535408886771681125e+01 3.930446174137601112e+00
6.329294491711816306e+01 3.015136758972118525e+00
6.123180096651952198e+01 3.281825422929323555e+00
5.917065701592088089e+01 3.554478907478938687e+00
5.710951306532223981e+01 1.848958385428652873e+00
5.504836911472360583e+01 3.814434922924308857e+00
5.298722516412496475e+01 3.134078545042500608e+00
5.092608121352631656e+01 2.582779816705697673e+00
4.886493726292768258e+01 5.171911265099068622e+00
4.680379331232904150e+01 4.655010194531316259e+00
4.474264936173040041e+01 3.374180537840411276e+00
4.268150541113175933e+01 3.643930802089454524e+00
4.062036146053311825e+01 3.375469875186290380e+00
3.855921750993447716e+01 1.877257001254397206e+00
3.649807355933584319e+01 4.406461368502038844e+00
3.443692960873720210e+01 4.780239291246828337e+00
3.237578565813855391e+01 4.161580537906939270e+00
3.031464170753991638e+01 4.476806526535608732e+00
2.825349775694127530e+01 4.122825186879893522e+00
2.619235380634263421e+01 2.182857323606957944e+00
2.413120985574399313e+01 5.583519477458731117e+00
2.207006590514535205e+01 8.528595982026560662e+00
2.000892195454671452e+01 8.534336442907735076e+00
1.794777800394806988e+01 1.155989995995153130e+01
1.588663405334943235e+01 1.877714808702407012e+01
1.382549010275078949e+01 2.446369455602902931e+01
1.176434615215215018e+01 3.930730875503585509e+01
9.703202201553507322e+00 6.194839073702343768e+01
7.642058250954868015e+00 7.707230336546201954e+01
5.580914300356226043e+00 8.232534548374179906e+01
3.519770349757585404e+00 8.769416283395950984e+01
1.458626399158944764e+00 8.858426837671979115e+01
-6.025175514396960974e-01 8.352785209700283531e+01
-2.663661502038336959e+00 8.257389818653308566e+01
-4.724805452636977599e+00 7.405211128612548066e+01
-6.785949403235617794e+00 6.582540351937048229e+01
-8.847093353834258878e+00 6.106622489735576664e+01
-1.090823730443289996e+01 5.526326934115046186e+01
-1.296938125503153927e+01 4.661070298742265550e+01
-1.503052520563018213e+01 4.084637174787934555e+01
-1.709166915622882144e+01 3.590696405848051853e+01
-1.915281310682746252e+01 3.158312315703646078e+01
-2.121395705742610360e+01 2.802131327834293373e+01
-2.327510100802474469e+01 2.525967983505943337e+01
-2.533624495862338577e+01 1.939187084324854737e+01
-2.739738890922202330e+01 1.638669025553957326e+01
-2.945853285982066438e+01 1.458213445078871828e+01
-3.151967681041930902e+01 1.279701515746381446e+01
-3.358082076101794655e+01 1.133791098851518520e+01
-3.564196471161658764e+01 1.004021854113827494e+01
-3.770310866221522872e+01 9.020823899676475577e+00
-3.976425261281386980e+01 7.011151359567104890e+00
-4.182539656341251089e+01 5.403121811363127414e+00
-4.388654051401115197e+01 4.660865784960807723e+00
-4.594768446460979305e+01 4.173494827610123359e+00
-4.800882841520843414e+01 4.025016521685311766e+00
-5.006997236580708233e+01 4.411018369606173550e+00
-5.213111631640572341e+01 3.973464508894725800e+00
-5.419226026700436449e+01 1.424023003954295152e+00
-5.625340421760299847e+01 1.819284781719822996e+00
-5.831454816820163956e+01 8.553684029748201967e-01
-6.037569211880028064e+01 9.268048062314184765e-01
-6.243683606939892172e+01 2.164443907484117358e-01
-6.449798001999756991e+01 2.272177617053200649e+00
-6.655912397059620389e+01 1.059054750912162168e+00
-6.862026792119483787e+01 7.053020260860740631e-01
-7.068141187179348606e+01 2.401321441920884148e+00
-7.274255582239212004e+01 2.264611915750222249e+00
-7.480369977299078244e+01 4.184062538758913874e+00
-7.686484372358941641e+01 -4.950499814620669681e-01
-7.892598767418805039e+01 -5.854866836843146682e-01
-8.098713162478669858e+01 6.952554151580426778e-01
-8.304827557538533256e+01 1.595159630650812899e+00
-8.510941952598398075e+01 1.082854809790765982e+00
-8.717056347658261473e+01 1.474908457539541029e+00
-8.923170742718126291e+01 1.846001581895998722e+00
-9.129285137777989689e+01 9.183626170024180579e-01
-9.335399532837853087e+01 -5.367813617269057147e-01
-9.541513927897717906e+01 4.039701604615125174e-01
-9.747628322957581304e+01 -5.581199556301480458e-01
-9.953742718017444702e+01 -2.991690211794881815e-01
-1.015985711307730810e+02 -2.725272211608809614e-01
-1.036597150813717292e+02 3.523477035663970525e-01
-1.057208590319703632e+02 1.000274320862782895e+00
-1.077820029825690114e+02 6.786849122400653300e-01
-1.098431469331676453e+02 1.468978069430086908e+00
-1.119042908837662793e+02 -8.380112263800900685e-01
-1.139654348343649417e+02 -7.847749590823391852e-01
-1.160265787849635757e+02 -8.611100048321436162e-01
-1.180877227355622239e+02 -9.295450275569344667e-01
-1.201488666861608579e+02 -1.362904483825750246e+00
-1.222100106367595060e+02 -5.266311301772327313e-01
-1.242711545873581400e+02 -5.789129915967232698e-01
-1.263322985379567740e+02 -6.355749174865535922e-01
-1.283934424885554222e+02 -9.046544206449409486e-01
-1.304545864391540420e+02 -2.316872351336804581e+00
-1.325157303897526901e+02 -1.114170261062513018e-01
-1.345768743403513668e+02 7.133694057500089558e-01
-1.366380182909499865e+02 -1.756221304204949041e+00
-1.386991622415486347e+02 -1.202387149375608866e+00
-1.407603061921472545e+02 -1.217381654438804528e+00
-1.428214501427459027e+02 -1.748756927225749935e+00
-1.448825940933445509e+02 -1.414166372108404568e+00
-1.469437380439431990e+02 -2.245857698792393276e+00
-1.490048819945418188e+02 2.921079102215730638e-01
-1.510660259451404670e+02 -2.164697696628644863e+00
-1.531271698957390868e+02 -1.690375412885086970e+00
-1.551883138463377634e+02 -3.249079449540797637e-01
-1.572494577969363831e+02 -2.092626181661978890e+00
-1.593106017475350313e+02 -2.563530918823351712e+00
-1.613717456981336511e+02 -8.985137713835449347e-01
-1.634328896487323277e+02 -1.189048279276469167e+00
-1.654940335993309475e+02 -1.990615663641207345e+00
-1.675551775499295957e+02 -1.509999253623954818e+00
-1.696163215005282154e+02 -2.715595329692153559e+00
-1.716774654511268636e+02 7.204083738472884246e-02
-1.737386094017255402e+02 -7.689589510571993580e-01
-1.757997533523241600e+02 -3.040388543919868347e+00
-1.778608973029228082e+02 -1.588395723415288119e+00
-1.799220412535214280e+02 -1.830241848570710816e+00
-1.819831852041200762e+02 -1.390293191597730571e+00
-1.840443291547187243e+02 -1.084627614639019244e+00
-1.861054731053173725e+02 -2.086288759192972631e+00
-1.881666170559159923e+02 -2.923853737504047423e+00
-1.902277610065146405e+02 -1.915864096563092867e+00
-1.922889049571132887e+02 -5.712022849384261747e-01
-1.943500489077119369e+02 -9.558365955293344207e-01
-1.964111928583105566e+02 -2.904045998904051906e+00
-1.984723368089092048e+02 -2.662340508959017082e+00
-2.005334807595078246e+02 -2.154239841598009075e+00
-2.025946247101065012e+02 -3.821598084759195935e+00
-2.046557686607051210e+02 -2.411461729218352890e+00
-2.067169126113037692e+02 -7.192882915857079507e-01
-2.087780565619023889e+02 -2.731870441828312401e+00
-2.108392005125010371e+02 -9.625642768739142152e-01
-2.129003444630997137e+02 -3.319945596018027523e+00
-2.149614884136983335e+02 -1.757163408978159591e+00
-2.170226323642969817e+02 -1.549302417355055805e+00
-2.190837763148956014e+02 -2.163855653255729372e+00
-2.211449202654942496e+02 -6.573565903814494460e-01
-2.232060642160928978e+02 -2.504907300079449062e+00
-2.252672081666915460e+02 -1.784786788948232727e+00
-2.273283521172901658e+02 -8.655440734931882929e-01
-2.293894960678888140e+02 -2.518588005354664094e+00
-2.314506400184874622e+02 -3.466409721857895310e+00
-2.335117839690861103e+02 -2.845098986294946730e+00
-2.355729279196847301e+02 -5.729959089321478016e-01
-2.376340718702833783e+02 -1.442292817304352992e+00
-2.396952158208819981e+02 -1.996859128503503333e+00
-2.417563597714806747e+02 -1.570445491312773001e+00
-2.438175037220792944e+02 -2.343427421174892000e+00
-2.458786476726779426e+02 -1.921039262678142734e+00
-2.479397916232765624e+02 -2.752035948467675741e+00
-2.500009355738752106e+02 -2.561719782213285779e+00
-2.520620795244738872e+02 -5.524922832826402175e-01
-2.541232234750725070e+02 -4.545469772695370780e-01
-2.561843674256711552e+02 5.785442720228736180e-01
-2.582455113762698033e+02 -1.380462708396530624e+00
-2.603066553268684515e+02 1.073975334256795033e+00
-2.623677992774670997e+02 1.289407728140974818e+00
