2.624385425963845364e+02 2.255007931469861504e-01
2.603773986457858882e+02 3.105058109732672933e-01
2.583162546951872969e+02 6.032669937520881431e-01
2.562551107445886487e+02 2.511388140606215291e+00
2.541939667939899721e+02 1.503266482042199925e+00
2.521328228433913239e+02 2.529573146069596490e+00
2.500716788927927041e+02 3.467623684581361054e+00
2.480105349421940559e+02 5.579725006883079708e+00
2.459493909915954362e+02 3.521138887879601054e+00
2.438882470409967596e+02 4.437760149368269680e+00
2.418271030903981398e+02 3.657560520685697369e+00
2.397659591397994916e+02 3.197269944398235531e+00
2.377048151892008718e+02 4.382621185845436251e+00
2.356436712386022236e+02 4.750729351454043403e+00
2.335825272880035754e+02 3.400782774150710619e+00
2.315213833374049273e+02 4.927686050301674392e+00
2.294602393868063075e+02 4.316545447572861960e+00
2.273990954362076593e+02 5.246527199983279210e+00
2.253379514856090395e+02 3.659498457993858533e+00
2.232768075350103629e+02 5.034632822920059425e+00
2.212156635844117432e+02 3.869519861084012469e+00
2.191545196338130950e+02 3.969695180324781081e+00
2.170933756832144752e+02 1.183192193690799865e+00
2.150322317326157986e+02 2.117624300046027308e+00
2.129710877820171504e+02 4.956616778851338445e+00
2.109099438314185306e+02 4.101579980677688475e+00
2.088487998808198824e+02 6.316055260241435043e+00
2.067876559302212627e+02 3.337362559392766492e+00
2.047265119796225861e+02 5.083686212016793604e+00
2.026653680290239663e+02 4.586291855744579316e+00
2.006042240784253181e+02 4.281270054307077189e+00
1.985430801278266983e+02 4.786541698425018865e+00
1.964819361772280502e+02 4.084943676550061298e+00
1.944207922266294304e+02 3.903910774816303331e+00
1.923596482760307822e+02 5.082539039994869334e+00
1.902985043254321624e+02 5.436229749335791617e+00
1.882373603748334858e+02 4.676744858050560616e+00
1.861762164242348661e+02 7.052844485230392202e+00
1.841150724736362179e+02 5.964847073059145188e+00
1.820539285230375981e+02 4.869096110449111059e+00
1.799927845724389499e+02 6.493513585684662637e+00
1.779316406218403017e+02 5.997745872192493444e+00
1.758704966712416535e+02 4.578892674150536024e+00
1.738093527206430053e+02 4.613130574126636851e+00
1.717482087700443856e+02 6.138704685997800503e+00
1.696870648194457374e+02 4.104202404827958617e+00
1.676259208688470892e+02 3.607492555839068693e+00
1.655647769182484410e+02 5.920565804408313149e+00
1.635036329676498212e+02 5.661790388530550722e+00
1.614424890170511731e+02 5.295062962924859562e+00
1.593813450664525249e+02 5.056868210982859324e+00
1.573202011158538767e+02 6.015836444996680576e+00
1.552590571652552569e+02 5.225616132434167227e+00
1.531979132146566087e+02 3.355127440393763649e+00
1.511367692640579889e+02 4.823640126812759554e+00
1.490756253134593123e+02 5.200381022652335261e+00
1.470144813628606926e+02 5.349017450523941619e+00
1.449533374122620444e+02 6.449803929570086858e+00
1.428921934616634246e+02 5.789752708635550249e+00
1.408310495110647764e+02 5.066049981821765691e+00
1.387699055604661282e+02 4.530980033351187153e+00
1.367087616098674800e+02 4.791673452752608142e+00
1.346476176592688319e+02 6.147165622605288426e+00
1.325864737086702121e+02 5.923048876256281403e+00
1.305253297580715639e+02 5.004936786616807076e+00
1.284641858074729157e+02 5.609608781624466189e+00
1.264030418568742817e+02 3.505514575294653490e+00
1.243418979062756478e+02 4.870492906671360700e+00
1.222807539556769996e+02 3.601733101573781681e+00
1.202196100050783656e+02 5.138830069331674189e+00
1.181584660544797174e+02 4.404803840197051734e+00
1.160973221038810692e+02 4.677215627725009206e+00
1.140361781532824352e+02 4.790610608056074859e+00
1.119750342026837870e+02 5.076415286542339089e+00
1.099138902520851531e+02 4.856247398639834678e+00
1.078527463014865049e+02 3.362929866741156015e+00
1.057916023508878709e+02 4.127408539527539055e+00
1.037304584002892227e+02 5.141476416489512147e+00
1.016693144496905887e+02 3.968423358036697657e+00
9.960817049909195475e+01 5.669040625934400168e+00
9.754702654849330656e+01 5.032023677470969680e+00
9.548588259789467259e+01 3.978598758276417069e+00
9.342473864729602440e+01 4.105828573679875859e+00
9.136359469669739042e+01 4.728536792439043346e+00
8.930245074609874223e+01 6.503040820280579837e+00
8.724130679550010825e+01 5.047743467987713117e+00
8.518016284490147427e+01 5.069594852958777764e+00
8.311901889430282608e+01 4.762222040840831561e+00
8.105787494370419211e+01 4.211543469914471594e+00
7.899673099310552971e+01 3.630144625170236949e+00
7.693558704250689573e+01 5.396513979155454166e+00
7.487444309190824754e+01 3.561922651351097979e+00
7.281329914130961356e+01 4.878990080436498289e+00
7.075215519071097958e+01 3.568165349941458064e+00
6.869101124011233139e+01 4.556560900227724531e+00
6.662986728951369741e+01 2.571357081914434239e+00
6.456872333891506344e+01 3.604357273272879691e+00
6.250757938831641525e+01 3.613032222023492501e+00
6.044643543771777416e+01 3.414047516939286542e+00
5.838529148711913308e+01 3.411815522902305720e+00
5.632414753652049200e+01 2.614313343170984183e+00
5.426300358592185091e+01 5.382812752062387851e+00
5.220185963532321693e+01 5.099089864192072774e+00
5.014071568472457585e+01 4.343012509364647222e+00
4.807957173412592766e+01 7.456671625044109852e+00
4.601842778352728658e+01 6.604618404107407414e+00
4.395728383292864550e+01 7.773313109809336652e+00
4.189613988233000441e+01 7.232286642959345535e+00
3.983499593173136333e+01 6.476834782307206773e+00
3.777385198113272935e+01 8.054485401275266909e+00
3.571270803053408827e+01 1.076432772445038566e+01
3.365156407993544718e+01 1.364358883399929923e+01
3.159042012933680255e+01 1.328155312686388179e+01
2.952927617873816146e+01 1.611674397345845478e+01
2.746813222813952393e+01 2.189179425057229622e+01
2.540698827754087930e+01 2.807326287186694458e+01
2.334584432694223821e+01 3.561987338379474721e+01
2.128470037634359713e+01 4.526117354425905859e+01
1.922355642574495604e+01 5.492125850923135744e+01
1.716241247514631496e+01 6.618580267272589879e+01
1.510126852454767388e+01 7.735986439295494677e+01
1.304012457394903279e+01 9.105819425814915746e+01
1.097898062335039349e+01 1.084101073827069399e+02
8.917836672751754179e+00 1.177370935797173530e+02
6.856692722153112207e+00 1.222040754302327770e+02
4.795548771554471124e+00 1.203123033012040963e+02
2.734404820955830484e+00 1.088978511448217006e+02
6.732608703571900666e-01 9.588507369990284701e+01
-1.387883080241451017e+00 7.509224359225881074e+01
-3.449027030840091435e+00 6.010083920636606081e+01
-5.510170981438732518e+00 4.473048494080900639e+01
-7.571314932037372714e+00 3.371686431812192808e+01
-9.632458882636013797e+00 2.773077042940859727e+01
-1.169360283323465488e+01 2.096149284005698732e+01
-1.375474678383329596e+01 1.714349170520635113e+01
-1.581589073443193882e+01 1.396214125688237573e+01
-1.787703468503057991e+01 1.077382462536259311e+01
-1.993817863562921744e+01 9.938186227747554113e+00
-2.199932258622785852e+01 7.491774094953477459e+00
-2.406046653682650316e+01 7.561491980699802440e+00
-2.612161048742514069e+01 7.253201059989125454e+00
-2.818275443802377822e+01 6.330219537341849723e+00
-3.024389838862241930e+01 5.852493942631203261e+00
-3.230504233922106039e+01 4.827123948484824290e+00
-3.436618628981970147e+01 4.732474011402904246e+00
-3.642733024041834256e+01 4.526044977871244157e+00
-3.848847419101698364e+01 3.986694536370199327e+00
-4.054961814161562472e+01 3.427920616044855873e+00
-4.261076209221426581e+01 2.988111307596339916e+00
-4.467190604281289978e+01 3.990033806526946947e+00
-4.673304999341154087e+01 2.872894299335254864e+00
-4.879419394401018906e+01 2.301753977455962996e+00
-5.085533789460883014e+01 2.352083266676494588e+00
-5.291648184520747122e+01 2.081984285498439835e+00
-5.497762579580611231e+01 2.336951610290297410e+00
-5.703876974640475339e+01 8.450430249345780576e-01
-5.909991369700338737e+01 1.954011261547841771e+00
-6.116105764760202845e+01 3.156425610574772556e+00
-6.322220159820066954e+01 2.085878981049614111e+00
-6.528334554879931773e+01 3.859208536539623147e+00
-6.734448949939795170e+01 1.543690158098332876e+00
-6.940563344999658568e+01 1.685456105194129695e+00
-7.146677740059523387e+01 4.749943266092020444e-01
-7.352792135119386785e+01 2.304931329744240642e+00
-7.558906530179251604e+01 9.305693052820513955e-01
-7.765020925239116423e+01 1.884789461435697699e+00
-7.971135320298979821e+01 3.238962682325587483e+00
-8.177249715358844639e+01 1.840722147567327660e+00
-8.383364110418708037e+01 3.804524817738927367e-01
-8.589478505478572856e+01 1.060500535795375399e+00
-8.795592900538436254e+01 2.087869705943104393e+00
-9.001707295598301073e+01 1.212999450094685461e+00
-9.207821690658164471e+01 2.499889676734669219e+00
-9.413936085718027869e+01 1.969384667143814882e+00
-9.620050480777892687e+01 1.479350252398282883e+00
-9.826164875837756085e+01 1.606100416394908192e+00
-1.003227927089762090e+02 1.300527216691843790e+00
-1.023839366595748430e+02 1.844195876508436749e+00
-1.044450806101734912e+02 9.790874107565371576e-01
-1.065062245607721252e+02 1.281292352156163217e+00
-1.085673685113707592e+02 -2.057402010522347835e-01
-1.106285124619694074e+02 1.073924971178577964e-01
-1.126896564125680413e+02 1.236307798796465240e+00
-1.147508003631667037e+02 -1.670303943094213706e+00
-1.168119443137653377e+02 6.444659297463229963e-01
-1.188730882643639859e+02 6.074579606050478642e-01
-1.209342322149626199e+02 6.593607298286531249e-01
-1.229953761655612539e+02 -5.335800828971379861e-01
-1.250565201161599020e+02 4.954826026947836692e-01
-1.271176640667585360e+02 -8.229020759573124622e-02
-1.291788080173571700e+02 -8.770808820041671172e-01
-1.312399519679558182e+02 -1.147777169490244553e+00
-1.333010959185544664e+02 7.428826228350057237e-01
-1.353622398691531146e+02 -4.625191997310224012e-01
-1.374233838197517343e+02 -2.092053790192401341e-01
-1.394845277703503825e+02 -2.053837302834770617e-01
-1.415456717209490307e+02 -1.225228606068577530e+00
-1.436068156715476789e+02 -1.969085281389937880e-01
-1.456679596221462987e+02 4.384527341587176469e-02
-1.477291035727449469e+02 -6.729460736352134431e-02
-1.497902475233435666e+02 8.539437825999035558e-01
-1.518513914739422432e+02 -1.327425272493916619e+00
-1.539125354245408630e+02 -4.675571161364606154e-01
-1.559736793751395112e+02 -8.729655809745257011e-01
-1.580348233257381310e+02 -8.311656096893372814e-01
-1.600959672763368076e+02 -1.905790802479294666e+00
-1.621571112269354273e+02 -1.157758176264891414e+00
-1.642182551775340755e+02 -8.509529090632628190e-01
-1.662793991281326953e+02 -2.481727832137536893e+00
-1.683405430787313435e+02 -1.259195991148570837e+00
-1.704016870293299917e+02 -9.339808606512093325e-01
-1.724628309799286399e+02 -1.305840511356918032e+00
-1.745239749305272881e+02 -3.137502397926566822e+00
-1.765851188811259078e+02 -1.775430694739893178e-01
-1.786462628317245560e+02 -1.193931850833443997e-01
-1.807074067823232042e+02 -6.380241314096711802e-01
-1.827685507329218524e+02 -1.022528000656870883e+00
-1.848296946835204722e+02 -6.296327174732671561e-02
-1.868908386341191203e+02 -1.084502793630658823e+00
-1.889519825847177685e+02 -1.591036964543109944e+00
-1.910131265353164167e+02 -2.001759835886673944e+00
-1.930742704859150365e+02 -3.946293295108069255e-01
-1.951354144365136847e+02 -1.903931498435854408e+00
-1.971965583871123044e+02 -1.639880610989064236e+00
-1.992577023377109811e+02 -1.894826612346215411e-01
-2.013188462883096292e+02 -1.992566383663070484e+00
-2.033799902389082774e+02 -1.619978508893753721e+00
-2.054411341895068972e+02 -1.745259411361516300e+00
-2.075022781401055454e+02 -8.745359088010741244e-01
-2.095634220907041652e+02 -2.790717936807097788e-01
-2.116245660413028418e+02 -2.076899146985698330e+00
-2.136857099919014900e+02 -7.252293554533988107e-02
-2.157468539425001097e+02 -1.820961183924516558e+00
-2.178079978930987579e+02 -1.407174208227217171e+00
-2.198691418436973777e+02 -1.010679078196481617e+00
-2.219302857942960543e+02 -1.976284117430812781e+00
-2.239914297448946741e+02 -1.839241366153896884e+00
-2.260525736954933222e+02 -5.263902267906397370e-01
-2.281137176460919420e+02 -1.845331896170857133e+00
-2.301748615966906186e+02 -3.013959618107393545e+00
-2.322360055472892384e+02 -6.052259540575206653e-01
-2.342971494978878866e+02 -6.897450914112384091e-01
-2.363582934484865063e+02 -2.007666485849101345e+00
-2.384194373990851545e+02 -2.099894730888749450e+00
-2.404805813496838027e+02 -1.693052567679739662e+00
-2.425417253002824509e+02 -7.677377891236132346e-01
-2.446028692508810707e+02 -9.255131553314730475e-01
-2.466640132014797189e+02 -2.251944049478982190e+00
-2.487251571520783386e+02 -8.326345685530264218e-01
-2.507863011026770153e+02 -1.457769311332663076e+00
-2.528474450532756634e+02 -7.842861268733662961e-01
-2.549085890038742832e+02 -4.199525929137346014e-01
-2.569697329544729314e+02 -1.115904576506696610e+00
-2.590308769050715796e+02 7.378962181222106231e-01
-2.610920208556702278e+02 -3.514500746662954089e-01
-2.631531648062688191e+02 8.835501126803412264e-01
