2.657809665182058438e+02 3.452485866547840399e+00
2.637198225676071957e+02 4.194071501096260590e+00
2.616586786170085475e+02 5.198726394597479761e+00
2.595975346664098993e+02 7.407813779145725697e+00
2.575363907158113079e+02 5.353689118840942562e+00
2.554752467652126597e+02 5.566825253905735238e+00
2.534141028146140115e+02 5.926129423863618406e+00
2.513529588640153634e+02 6.213923993419052216e+00
2.492918149134167152e+02 5.454203030296451260e+00
2.472306709628180954e+02 6.103653173924877606e+00
2.451695270122194472e+02 6.002021730868828620e+00
2.431083830616208274e+02 7.786724546357878474e+00
2.410472391110221508e+02 7.082504272457444294e+00
2.389860951604235311e+02 9.420867952820350055e+00
2.369249512098248829e+02 5.821509179274777068e+00
2.348638072592262631e+02 7.670900447427517754e+00
2.328026633086276149e+02 5.868120394834094533e+00
2.307415193580289667e+02 1.015878031578698781e+01
2.286803754074303185e+02 1.019818363725308430e+01
2.266192314568316704e+02 8.237403322339467593e+00
2.245580875062330506e+02 1.007394712369709566e+01
2.224969435556343740e+02 7.509721910538962319e+00
2.204357996050357542e+02 7.781768111595401827e+00
2.183746556544371060e+02 6.687520035943094854e+00
2.163135117038384863e+02 9.377292282464646078e+00
2.142523677532398381e+02 8.033377091928345592e+00
2.121912238026411899e+02 1.002899441600139951e+01
2.101300798520425417e+02 8.729545809422264213e+00
2.080689359014439219e+02 8.680712400253948857e+00
2.060077919508452737e+02 5.752429244471150227e+00
2.039466480002466540e+02 7.097009888043324111e+00
2.018855040496479774e+02 7.858337535236465499e+00
1.998243600990493576e+02 5.246122558719442885e+00
1.977632161484507378e+02 8.503719202400219501e+00
1.957020721978520896e+02 7.852715064358281261e+00
1.936409282472534414e+02 5.611007767922902900e+00
1.915797842966548217e+02 6.581545356355485765e+00
1.895186403460561735e+02 7.549875432800155828e+00
1.874574963954575537e+02 7.505055876557598538e+00
1.853963524448588771e+02 8.621568597381530807e+00
1.833352084942602289e+02 9.441128401915239721e+00
1.812740645436616092e+02 6.624642366167888596e+00
1.792129205930629610e+02 5.904201739615020372e+00
1.771517766424643412e+02 7.081116828217075110e+00
1.750906326918656646e+02 7.332314677041141593e+00
1.730294887412670448e+02 7.540166003937316397e+00
1.709683447906683966e+02 1.049024311280007460e+01
1.689072008400697769e+02 9.092272489797736057e+00
1.668460568894711002e+02 8.837507862607715481e+00
1.647849129388724805e+02 1.011080851668244485e+01
1.627237689882738323e+02 9.158438695307291155e+00
1.606626250376752125e+02 8.288680147486562788e+00
1.586014810870765643e+02 7.699486853582961920e+00
1.565403371364779161e+02 8.923677370315022728e+00
1.544791931858792680e+02 6.858377166392076063e+00
1.524180492352806482e+02 6.760460174258542843e+00
1.503569052846820000e+02 7.557963783680509806e+00
1.482957613340833802e+02 9.270466444445215615e+00
1.462346173834847036e+02 8.746005534895754607e+00
1.441734734328860554e+02 8.779900183359824695e+00
1.421123294822874357e+02 7.499700625144924970e+00
1.400511855316887875e+02 7.720100932499015300e+00
1.379900415810901393e+02 9.499435384298696050e+00
1.359288976304914911e+02 7.500863339066794033e+00
1.338677536798928713e+02 1.047100059024266550e+01
1.318066097292942231e+02 7.643425493510348723e+00
1.297454657786955750e+02 5.750403908620530302e+00
1.276843218280969410e+02 1.033708228712949229e+01
1.256231778774982928e+02 9.318420214842447535e+00
1.235620339268996588e+02 6.582711004083825479e+00
1.215008899763010248e+02 6.825816448340331632e+00
1.194397460257023766e+02 9.554039942693821175e+00
1.173786020751037427e+02 6.523807656282595957e+00
1.153174581245050945e+02 6.900804052522200749e+00
1.132563141739064605e+02 9.072966473408047960e+00
1.111951702233078123e+02 6.389459286697026563e+00
1.091340262727091783e+02 7.352405253333361479e+00
1.070728823221105444e+02 7.137063005786868253e+00
1.050117383715118962e+02 9.122574909477652483e+00
1.029505944209132622e+02 9.611216117271906612e+00
1.008894504703146140e+02 6.775787872329901873e+00
9.882830651971598002e+01 5.842392094967905791e+00
9.676716256911733183e+01 9.824866269564369148e+00
9.470601861851869785e+01 9.136834220071708756e+00
9.264487466792006387e+01 8.246392815305998880e+00
9.058373071732141568e+01 8.601822218187864522e+00
8.852258676672276749e+01 1.028785249504541532e+01
8.646144281612411930e+01 7.855091272489143961e+00
8.440029886552548533e+01 8.498151838115150625e+00
8.233915491492683714e+01 6.897869045434664947e+00
8.027801096432820316e+01 8.147252402338425625e+00
7.821686701372956918e+01 8.316329900476006287e+00
7.615572306313092099e+01 8.047353248252893110e+00
7.409457911253228701e+01 9.578584062808603861e+00
7.203343516193363882e+01 8.123042128101875647e+00
6.997229121133500485e+01 7.280120945333687033e+00
6.791114726073637087e+01 8.735840961359510715e+00
6.585000331013772268e+01 6.420944640802824566e+00
6.378885935953908159e+01 8.173285928072113293e+00
6.172771540894044051e+01 7.510322646196913254e+00
5.966657145834179943e+01 8.345372429266213032e+00
5.760542750774315834e+01 7.524106477328201592e+00
5.554428355714451726e+01 1.027162790430996786e+01
5.348313960654587618e+01 8.728474974756407434e+00
5.142199565594723509e+01 5.871032170327182165e+00
4.936085170534859401e+01 8.168230730138519746e+00
4.729970775474996003e+01 6.072515351586837085e+00
4.523856380415131895e+01 9.187676278277402631e+00
4.317741985355267786e+01 6.136441610906993027e+00
4.111627590295402968e+01 8.045447652677767181e+00
3.905513195235538859e+01 8.679458821974252558e+00
3.699398800175674751e+01 1.085599984495022952e+01
3.493284405115810642e+01 1.085247849787502439e+01
3.287170010055947245e+01 1.293890858965219515e+01
3.081055614996082781e+01 1.699293833081616256e+01
2.874941219936219028e+01 1.877123286032251315e+01
2.668826824876354564e+01 2.374840726725470930e+01
2.462712429816490456e+01 3.522950391481673194e+01
2.256598034756626348e+01 4.213720647785113727e+01
2.050483639696762239e+01 5.506268527663190326e+01
1.844369244636898131e+01 7.446221577109751877e+01
1.638254849577034022e+01 9.123985429649299306e+01
1.432140454517169914e+01 1.073640576769094821e+02
1.226026059457305983e+01 1.252253158227378549e+02
1.019911664397441697e+01 1.377745193739912679e+02
8.137972693375777666e+00 1.420732366744405510e+02
6.076828742777136583e+00 1.462068650670594820e+02
4.015684792178495499e+00 1.431755048239744497e+02
1.954540841579855526e+00 1.327782362634588367e+02
-1.066031090187854607e-01 1.234604791863163484e+02
-2.167747059617426419e+00 1.071379230336711572e+02
-4.228891010216067059e+00 9.147351907652496550e+01
-6.290034960814708143e+00 7.358574127164281720e+01
-8.351178911413347450e+00 5.579077907460276009e+01
-1.041232286201199031e+01 3.935137228123527109e+01
-1.247346681261062962e+01 3.314444700274196265e+01
-1.453461076320927248e+01 2.349439970846973935e+01
-1.659575471380791001e+01 2.181332860826355002e+01
-1.865689866440655109e+01 1.750721768997009775e+01
-2.071804261500519218e+01 1.526644666319511856e+01
-2.277918656560383681e+01 1.138935928262726627e+01
-2.484033051620247434e+01 9.434751718956130517e+00
-2.690147446680111187e+01 9.389747285768473617e+00
-2.896261841739975296e+01 8.028619279255980956e+00
-3.102376236799839759e+01 8.464424544211690105e+00
-3.308490631859703512e+01 6.512959764685369635e+00
-3.514605026919567621e+01 5.320122756172663614e+00
-3.720719421979431729e+01 5.688844005676648052e+00
-3.926833817039295838e+01 4.051182232209640688e+00
-4.132948212099159946e+01 5.384449136505718769e+00
-4.339062607159024054e+01 7.997310085066227536e+00
-4.545177002218888163e+01 7.001091439636078384e+00
-4.751291397278752271e+01 7.432564796983958111e+00
-4.957405792338615669e+01 5.763340039868960041e+00
-5.163520187398479777e+01 5.639695736227500866e+00
-5.369634582458343885e+01 3.842871858623519987e+00
-5.575748977518208704e+01 4.540747686624673207e+00
-5.781863372578072813e+01 4.074097763192645161e+00
-5.987977767637936921e+01 1.932130136241516416e+00
-6.194092162697801029e+01 4.766153973344978034e+00
-6.400206557757664427e+01 4.201722942415484496e+00
-6.606320952817529246e+01 4.422650647109671596e+00
-6.812435347877394065e+01 3.882161054538513234e+00
-7.018549742937257463e+01 3.164742775192290303e+00
-7.224664137997120861e+01 5.441006017953369245e+00
-7.430778533056985680e+01 5.251749188712434346e+00
-7.636892928116849077e+01 2.142490656573357022e+00
-7.843007323176713896e+01 3.123607841482674452e+00
-8.049121718236577294e+01 3.594133546873067520e+00
-8.255236113296442113e+01 4.207350317815928165e+00
-8.461350508356305511e+01 5.635963153412479443e+00
-8.667464903416168909e+01 3.455260404625596582e+00
-8.873579298476033728e+01 1.365423600180564634e+00
-9.079693693535897125e+01 2.964781191393988102e+00
-9.285808088595761944e+01 5.130552461060175595e+00
-9.491922483655625342e+01 7.027542765349292786e+00
-9.698036878715490161e+01 3.369077976484952330e+00
-9.904151273775353559e+01 4.007278357876656649e+00
-1.011026566883521696e+02 1.473253408354371796e+00
-1.031638006389508320e+02 3.307589255389760563e+00
-1.052249445895494659e+02 4.328547957764647514e+00
-1.072860885401481141e+02 3.977922041408563203e+00
-1.093472324907467481e+02 2.666851697597099502e+00
-1.114083764413453963e+02 2.221456076087852338e+00
-1.134695203919440303e+02 4.898630628705371137e+00
-1.155306643425426643e+02 7.711210913141922640e-01
-1.175918082931413124e+02 1.560394360193952945e+00
-1.196529522437399464e+02 2.277227636598514238e+00
-1.217140961943385946e+02 1.661621515733685550e+00
-1.237752401449372286e+02 1.990454713751868443e+00
-1.258363840955358626e+02 1.577364294219005814e+00
-1.278975280461345108e+02 3.968803436238381721e+00
-1.299586719967331589e+02 4.258281283156645003e+00
-1.320198159473317787e+02 2.697366286561911686e+00
-1.340809598979304553e+02 1.380322838841384847e+00
-1.361421038485290751e+02 1.994727215424317857e+00
-1.382032477991277233e+02 2.483560952040737568e+00
-1.402643917497263431e+02 1.825992169664769182e+00
-1.423255357003249912e+02 1.764966876660116979e+00
-1.443866796509236394e+02 1.056532724374521726e+00
-1.464478236015222876e+02 1.391258233848890580e+00
-1.485089675521209074e+02 1.753965589007487891e+00
-1.505701115027195556e+02 1.856514266086531251e+00
-1.526312554533182038e+02 2.068316398230997333e+00
-1.546923994039168520e+02 3.453566427360682756e+00
-1.567535433545154717e+02 -5.872847125256708267e-01
-1.588146873051141199e+02 3.771702784497798500e-01
-1.608758312557127397e+02 1.738210776310201933e+00
-1.629369752063114163e+02 3.241818723259725754e+00
-1.649981191569100645e+02 1.685988435054138312e+00
-1.670592631075086842e+02 2.176587662070650075e-01
-1.691204070581073324e+02 -1.100700619846511241e+00
-1.711815510087059522e+02 1.066360643705767552e+00
-1.732426949593046288e+02 2.281160488167448985e+00
-1.753038389099032486e+02 6.537672081072705144e-01
-1.773649828605018968e+02 3.334273152579845245e+00
-1.794261268111005165e+02 2.232199092691691256e+00
-1.814872707616991647e+02 3.675017365522633472e+00
-1.835484147122978129e+02 -9.426173172244611820e-01
-1.856095586628964611e+02 1.457940919165897409e+00
-1.876707026134950809e+02 1.893510271696178693e+00
-1.897318465640937291e+02 9.418883576220091758e-01
-1.917929905146923772e+02 1.134481412496637587e+00
-1.938541344652910254e+02 3.386190828561316923e+00
-1.959152784158896452e+02 6.947708796832696709e-02
-1.979764223664882934e+02 -5.933934071106745645e-01
-2.000375663170869700e+02 3.025996221680583798e+00
-2.020987102676855898e+02 -1.437535184314055803e+00
-2.041598542182842664e+02 1.083158551008820192e+00
-2.062209981688828861e+02 1.649329330793777526e+00
-2.082821421194815343e+02 2.104936082458191748e+00
-2.103432860700801541e+02 2.131977637846866003e+00
-2.124044300206788023e+02 3.100177440505500037e+00
-2.144655739712774505e+02 -4.544909433598830206e-02
-2.165267179218760987e+02 4.249653312493797408e+00
-2.185878618724747184e+02 2.531562727490849429e+00
-2.206490058230733666e+02 -3.519173640122386787e-02
-2.227101497736719864e+02 -4.234630032957106133e-02
-2.247712937242706630e+02 3.995933542838679964e-01
-2.268324376748692828e+02 2.343533226304298278e+00
-2.288935816254679310e+02 2.447652730255826192e+00
-2.309547255760665507e+02 -2.417734792697774360e+00
-2.330158695266652273e+02 -2.284885719708870777e+00
-2.350770134772638471e+02 2.588235733702285213e+00
-2.371381574278624953e+02 1.387055377446502868e+00
-2.391993013784611435e+02 1.721641960084063783e+00
-2.412604453290597633e+02 1.958695463661742853e+00
-2.433215892796584399e+02 3.191414432401931123e+00
-2.453827332302570596e+02 2.008267639601839960e+00
-2.474438771808557078e+02 1.274109133301168928e+00
-2.495050211314543276e+02 1.628897453992601774e+00
-2.515661650820529758e+02 2.799084929259010313e+00
-2.536273090326516240e+02 3.346553658593172553e+00
-2.556884529832502722e+02 3.307937733784529932e+00
-2.577495969338489203e+02 1.923966128042147172e-01
-2.598107408844475117e+02 2.157105273494559494e+00
