2.557550700954763556e+02 1.235540237298268229e+00
2.536939261448777074e+02 4.950443545592050576e+00
2.516327821942790877e+02 3.170152634862383412e+00
2.495716382436804395e+02 4.852313634026137912e+00
2.475104942930817913e+02 4.590140325502012786e+00
2.454493503424831431e+02 5.272996117906281199e+00
2.433882063918845233e+02 4.703196594743090486e+00
2.413270624412858751e+02 4.754445982444043928e+00
2.392659184906872269e+02 5.462298123723597243e+00
2.372047745400885788e+02 5.515714770740510531e+00
2.351436305894899590e+02 5.023584276395540726e+00
2.330824866388913108e+02 5.931093927903703822e+00
2.310213426882926910e+02 7.557664286584719449e+00
2.289601987376940144e+02 5.715179451428359592e+00
2.268990547870953662e+02 6.677609295742652940e+00
2.248379108364967465e+02 7.153949869599018463e+00
2.227767668858980983e+02 5.416171419317188374e+00
2.207156229352994785e+02 6.151462929335639096e+00
2.186544789847008019e+02 7.463567058254191977e+00
2.165933350341021821e+02 5.154090744238976285e+00
2.145321910835035339e+02 6.259208130688172389e+00
2.124710471329049142e+02 7.720956208809406363e+00
2.104099031823062376e+02 6.355190027338315062e+00
2.083487592317076178e+02 5.634074116178122260e+00
2.062876152811089696e+02 8.455761946286335373e+00
2.042264713305103498e+02 6.915271144689576488e+00
2.021653273799117017e+02 5.997605343290518753e+00
2.001041834293130535e+02 5.886305410052933951e+00
1.980430394787144053e+02 6.408333262797768271e+00
1.959818955281157855e+02 6.191761670601395373e+00
1.939207515775171373e+02 7.794801068201669736e+00
1.918596076269185176e+02 6.682667431319773144e+00
1.897984636763198409e+02 5.999732007452540650e+00
1.877373197257211928e+02 5.344166552999690900e+00
1.856761757751225730e+02 7.408023775652709197e+00
1.836150318245239248e+02 5.583745358993290608e+00
1.815538878739252766e+02 6.419452766009305478e+00
1.794927439233266284e+02 7.624633447241550677e+00
1.774315999727280087e+02 8.257789953181681852e+00
1.753704560221293605e+02 6.508379512608216011e+00
1.733093120715307407e+02 7.248241861730182478e+00
1.712481681209320641e+02 6.345400576100535872e+00
1.691870241703334443e+02 8.020819467172284334e+00
1.671258802197347961e+02 6.488481148640921070e+00
1.650647362691361764e+02 5.666633646725729889e+00
1.630035923185375282e+02 6.137868392844508136e+00
1.609424483679388800e+02 7.289106232414392927e+00
1.588813044173402318e+02 7.955485945097977130e+00
1.568201604667416120e+02 5.846261472937483994e+00
1.547590165161429638e+02 6.177358374211343595e+00
1.526978725655443441e+02 7.378925907018430763e+00
1.506367286149456675e+02 6.306840866121051548e+00
1.485755846643470193e+02 6.306242153592680921e+00
1.465144407137483995e+02 5.655949478422662047e+00
1.444532967631497513e+02 6.081333761035350172e+00
1.423921528125511031e+02 5.286284305408863737e+00
1.403310088619524549e+02 5.877488847645299330e+00
1.382698649113538352e+02 6.104602265607470990e+00
1.362087209607551870e+02 6.626503838194685692e+00
1.341475770101565672e+02 7.824558152409040623e+00
1.320864330595578906e+02 6.003211997174966896e+00
1.300252891089592708e+02 7.238036159185692320e+00
1.279641451583606226e+02 7.644846054499078392e+00
1.259030012077619745e+02 5.831080156061274167e+00
1.238418572571633405e+02 6.230084720075928395e+00
1.217807133065647065e+02 6.908324630218874773e+00
1.197195693559660583e+02 5.251518441070690990e+00
1.176584254053674243e+02 6.062655769719527576e+00
1.155972814547687761e+02 5.640634813013470250e+00
1.135361375041701422e+02 6.256640763784468540e+00
1.114749935535715082e+02 5.226725825502820832e+00
1.094138496029728600e+02 6.006323160229266378e+00
1.073527056523742260e+02 5.781617716507186699e+00
1.052915617017755778e+02 4.740725380601765515e+00
1.032304177511769439e+02 7.252482621969370769e+00
1.011692738005782957e+02 6.709345798551934692e+00
9.910812984997966169e+01 4.355644419044697457e+00
9.704698589938101350e+01 4.694238698835281554e+00
9.498584194878235110e+01 6.183554991780763288e+00
9.292469799818371712e+01 7.073200492915122872e+00
9.086355404758508314e+01 6.403163386223248210e+00
8.880241009698643495e+01 6.331898964256382989e+00
8.674126614638780097e+01 7.113653234509270895e+00
8.468012219578915278e+01 6.328308900986377772e+00
8.261897824519051881e+01 5.019853506095451223e+00
8.055783429459187062e+01 6.260803050516409840e+00
7.849669034399323664e+01 6.655741781260013923e+00
7.643554639339460266e+01 6.056965447357773868e+00
7.437440244279595447e+01 5.948761513402360812e+00
7.231325849219732049e+01 6.070652767440506636e+00
7.025211454159867230e+01 6.730813300237991292e+00
6.819097059100003833e+01 4.724361174462829993e+00
6.612982664040139014e+01 5.828130372225532874e+00
6.406868268980275616e+01 6.593851202933270983e+00
6.200753873920410797e+01 6.201787381256447240e+00
5.994639478860546689e+01 5.949649013635976758e+00
5.788525083800682580e+01 5.681348206559856173e+00
5.582410688740819182e+01 4.995269228500321290e+00
5.376296293680955074e+01 6.765548068155882611e+00
5.170181898621090966e+01 6.660412892649863359e+00
4.964067503561226857e+01 6.391117056302428878e+00
4.757953108501362038e+01 9.783558065276281468e+00
4.551838713441497930e+01 7.248698856078957142e+00
4.345724318381633822e+01 7.030915778322665233e+00
4.139609923321770424e+01 7.824721017172269200e+00
3.933495528261906315e+01 8.960266262515133917e+00
3.727381133202042207e+01 9.171650925486233064e+00
3.521266738142178099e+01 7.676446409976597884e+00
3.315152343082313990e+01 8.750614913044335808e+00
3.109037948022449882e+01 1.095453789007738798e+01
2.902923552962585774e+01 1.129969979303996475e+01
2.696809157902721665e+01 1.186043129445457289e+01
2.490694762842857912e+01 1.442941678499922986e+01
2.284580367782993804e+01 1.556391316106572198e+01
2.078465972723129696e+01 1.740368485487259420e+01
1.872351577663265587e+01 1.998991439688619920e+01
1.666237182603401479e+01 2.448550300546776981e+01
1.460122787543537548e+01 2.828206534765921276e+01
1.254008392483673440e+01 3.859909583831540658e+01
1.047893997423809331e+01 5.260509986673373817e+01
8.417796023639452230e+00 6.252330126494117479e+01
6.356652073040812034e+00 6.830565237344126217e+01
4.295508122442170063e+00 7.498888272566395585e+01
2.234364171843530311e+00 7.065471214848008685e+01
1.732202212448893386e-01 5.513575569872732984e+01
-1.887923729353751412e+00 3.700810198403988949e+01
-3.949067679952392496e+00 2.461103552246042270e+01
-6.010211630551033579e+00 1.896137329167635599e+01
-8.071355581149672886e+00 1.285415661242996066e+01
-1.013249953174831397e+01 1.165133194074055289e+01
-1.219364348234695505e+01 1.135689194747394382e+01
-1.425478743294559614e+01 1.027543151237430585e+01
-1.631593138354423544e+01 9.567101668900834355e+00
-1.837707533414287653e+01 9.337173555225019683e+00
-2.043821928474151761e+01 9.294203537778885860e+00
-2.249936323534015870e+01 8.253855082215132200e+00
-2.456050718593879978e+01 8.852651804755939935e+00
-2.662165113653744442e+01 7.340733175214659845e+00
-2.868279508713608550e+01 6.776499935848709022e+00
-3.074393903773472303e+01 7.971663160842076046e+00
-3.280508298833336767e+01 4.992330701464748444e+00
-3.486622693893200875e+01 7.472137137163689324e+00
-3.692737088953064983e+01 5.064639254614777819e+00
-3.898851484012929092e+01 4.698388625974227573e+00
-4.104965879072792490e+01 5.568466655788239628e+00
-4.311080274132656598e+01 4.091582957331914017e+00
-4.517194669192520706e+01 4.439649113959254656e+00
-4.723309064252384815e+01 5.533000202824143621e+00
-4.929423459312249634e+01 6.159240154030918291e+00
-5.135537854372113742e+01 5.503073929580463819e+00
-5.341652249431977850e+01 5.204252422353031093e+00
-5.547766644491841248e+01 6.287095354708265305e+00
-5.753881039551705356e+01 3.169750323225589472e+00
-5.959995434611569465e+01 5.554825409160208061e+00
-6.166109829671433573e+01 4.458349270097397010e+00
-6.372224224731297682e+01 2.977070490784726964e+00
-6.578338619791162500e+01 4.241221915138774001e+00
-6.784453014851025898e+01 5.829155961562472399e+00
-6.990567409910890717e+01 4.543341102173791057e+00
-7.196681804970754115e+01 4.685701968072718770e+00
-7.402796200030618934e+01 2.201712678087858865e+00
-7.608910595090482332e+01 3.254426163069997990e+00
-7.815024990150345729e+01 3.857012318092771341e+00
-8.021139385210210548e+01 5.241571826556173264e+00
-8.227253780270073946e+01 4.172926008795260877e+00
-8.433368175329938765e+01 4.372323554872503237e+00
-8.639482570389802163e+01 3.336231129790254268e+00
-8.845596965449666982e+01 3.311797839862167692e+00
-9.051711360509530380e+01 3.230971291069622886e+00
-9.257825755569393777e+01 3.441436013926769899e+00
-9.463940150629258596e+01 3.983465317060498556e+00
-9.670054545689121994e+01 3.617431826341535483e+00
-9.876168940748988234e+01 3.915266522769575541e+00
-1.008228333580885021e+02 5.068516637751903531e+00
-1.028839773086871503e+02 1.828159557925308931e+00
-1.049451212592857843e+02 1.354551359261174648e+00
-1.070062652098844325e+02 2.864464465366292956e+00
-1.090674091604830664e+02 3.181936626019113756e+00
-1.111285531110817004e+02 2.928269450657619899e+00
-1.131896970616803486e+02 2.680735561449738569e+00
-1.152508410122789826e+02 2.657415560267663235e+00
-1.173119849628776308e+02 4.425860922573052747e+00
-1.193731289134762648e+02 3.232439004801928029e+00
-1.214342728640749129e+02 2.193868584523753107e+00
-1.234954168146735469e+02 2.144980939879804538e+00
-1.255565607652721809e+02 2.690360681770474827e+00
-1.276177047158708291e+02 2.892616981659084097e+00
-1.296788486664694631e+02 2.060451315983805820e+00
-1.317399926170681113e+02 1.130141461669847525e+00
-1.338011365676667594e+02 1.945191459999577654e+00
-1.358622805182653792e+02 2.545988109777029162e+00
-1.379234244688640274e+02 2.218062074033898323e+00
-1.399845684194626756e+02 1.720011773384015008e+00
-1.420457123700613238e+02 1.958002333829609531e+00
-1.441068563206599435e+02 2.214213342958405661e+00
-1.461680002712585917e+02 2.312328603638294400e+00
-1.482291442218572399e+02 3.749225390584870476e-01
-1.502902881724558881e+02 1.976242006078350544e+00
-1.523514321230545079e+02 1.930028022252598952e+00
-1.544125760736531561e+02 1.121077607126984788e+00
-1.564737200242517758e+02 1.273684380213407907e+00
-1.585348639748504525e+02 2.654465463237459133e+00
-1.605960079254491006e+02 4.558788215571830116e-01
-1.626571518760477204e+02 4.258831557464406448e-01
-1.647182958266463686e+02 1.823335644238110564e+00
-1.667794397772449884e+02 -3.815341966052855915e-01
-1.688405837278436650e+02 2.567416037802983109e-01
-1.709017276784422847e+02 -2.085971144581445225e-01
-1.729628716290409329e+02 1.964324604926369622e-01
-1.750240155796395527e+02 1.210144135875634852e+00
-1.770851595302382293e+02 1.269646735281080074e+00
-1.791463034808368491e+02 4.787682770550755196e-01
-1.812074474314354973e+02 1.231435691615543337e+00
-1.832685913820341170e+02 1.954026301476101679e+00
-1.853297353326327652e+02 4.179488445487549719e-01
-1.873908792832314134e+02 1.415809433009076246e+00
-1.894520232338300616e+02 7.150168365957070282e-01
-1.915131671844286814e+02 1.656377310663372571e+00
-1.935743111350273296e+02 1.021049611509673993e-01
-1.956354550856259493e+02 9.850326528842409113e-01
-1.976965990362246259e+02 2.179163125924624023e+00
-1.997577429868232741e+02 1.966440651063507294e+00
-2.018188869374218939e+02 1.438075033288446658e+00
-2.038800308880205421e+02 2.077859388788845241e+00
-2.059411748386191903e+02 1.627552342078169678e+00
-2.080023187892178385e+02 6.370206160794401884e-02
-2.100634627398164582e+02 1.834465057329819571e+00
-2.121246066904151064e+02 1.081413194117291976e+00
-2.141857506410137262e+02 9.300167561280984208e-01
-2.162468945916124028e+02 1.434263686641937374e+00
-2.183080385422110226e+02 1.922299937438899375e+00
-2.203691824928096707e+02 3.050106276554246376e-01
-2.224303264434082905e+02 6.834644782355318027e-01
-2.244914703940069387e+02 2.504511863446403086e-01
-2.265526143446055869e+02 5.674861474197021582e-01
-2.286137582952042351e+02 -2.186188901793569284e-01
-2.306749022458028548e+02 1.127796674918525976e+00
-2.327360461964015030e+02 1.853937177011970805e+00
-2.347971901470001228e+02 -8.896061963950160356e-01
-2.368583340975987994e+02 1.150390084997847048e-02
-2.389194780481974476e+02 8.054775351243911308e-01
-2.409806219987960674e+02 7.544336519320380408e-01
-2.430417659493947156e+02 2.466826527954734338e+00
-2.451029098999933638e+02 1.321244260466783560e+00
-2.471640538505920119e+02 1.133183331593139886e+00
-2.492251978011906317e+02 8.499368759448452382e-01
-2.512863417517892799e+02 -1.161578649619789072e+00
-2.533474857023878997e+02 2.813227369341367856e-01
-2.554086296529865763e+02 -4.878713852357012826e-01
-2.574697736035852245e+02 2.155443272224820905e+00
-2.595309175541838158e+02 2.633784777309878145e+00
-2.615920615047824640e+02 2.389481434091638601e+00
-2.636532054553811122e+02 2.375837339448485075e+00
-2.657143494059797604e+02 1.341819836649861264e+00
-2.677754933565784086e+02 2.670103731945498104e+00
-2.698366373071770568e+02 3.545627320650437397e+00
