2.507912469978359411e+02 4.283000967896020583e+00
2.487301030472372645e+02 4.806552682305433422e+00
2.466689590966386447e+02 4.474365687677098080e+00
2.446078151460399965e+02 2.955087668886307917e+00
2.425466711954413768e+02 4.780090723691542642e+00
2.404855272448427002e+02 8.956999740273149158e+00
2.384243832942440804e+02 7.191743630355700745e+00
2.363632393436454322e+02 4.578513788810739449e+00
2.343020953930468124e+02 4.699501418168288147e+00
2.322409514424481642e+02 8.574215082533722665e+00
2.301798074918494876e+02 6.022552424163828633e+00
2.281186635412508679e+02 5.620126926965494540e+00
2.260575195906522197e+02 5.175737856839287332e+00
2.239963756400535999e+02 6.955084877607548677e+00
2.219352316894549517e+02 8.986536059998702086e+00
2.198740877388563035e+02 7.638620078773119104e+00
2.178129437882576553e+02 7.160873284674703854e+00
2.157517998376590356e+02 6.572908063400470624e+00
2.136906558870603874e+02 1.194886088686958558e+01
2.116295119364617392e+02 7.800782278864577535e+00
2.095683679858630910e+02 8.584893995659971466e+00
2.075072240352644712e+02 6.434688451491349603e+00
2.054460800846658231e+02 7.228696355752680880e+00
2.033849361340672033e+02 9.024909001911021633e+00
2.013237921834685267e+02 7.108622533704265223e+00
1.992626482328699069e+02 8.967230205056811343e+00
1.972015042822712303e+02 6.582328242469398738e+00
1.951403603316726105e+02 9.058951454376769519e+00
1.930792163810739623e+02 7.019367023281128937e+00
1.910180724304753141e+02 3.908764314531462780e+00
1.889569284798766660e+02 6.986750125648285348e+00
1.868957845292780178e+02 9.113567228244022544e+00
1.848346405786793980e+02 5.453879359669872251e+00
1.827734966280807498e+02 8.395125836871059732e+00
1.807123526774821300e+02 6.693492123720537812e+00
1.786512087268834534e+02 8.137675573899587178e+00
1.765900647762848337e+02 6.656577781843190600e+00
1.745289208256861855e+02 8.789149455844597725e+00
1.724677768750875657e+02 9.693821522538298652e+00
1.704066329244888891e+02 6.326736540256520769e+00
1.683454889738902693e+02 9.629917132781507405e+00
1.662843450232916211e+02 7.670958856075826837e+00
1.642232010726930014e+02 1.087481737133267146e+01
1.621620571220943532e+02 8.848713649248573176e+00
1.601009131714957050e+02 9.406476496026087375e+00
1.580397692208970568e+02 5.823984597169409305e+00
1.559786252702984370e+02 5.101234469851188891e+00
1.539174813196997889e+02 6.166729779242299259e+00
1.518563373691011407e+02 7.778614381819059176e+00
1.497951934185024925e+02 7.668083526259459326e+00
1.477340494679038443e+02 9.926508193209652831e+00
1.456729055173052245e+02 1.089274038106253073e+01
1.436117615667065763e+02 9.985713735688321435e+00
1.415506176161079566e+02 1.006841278264622908e+01
1.394894736655092800e+02 6.456516572450692770e+00
1.374283297149106602e+02 8.214590751723603645e+00
1.353671857643120120e+02 9.227440426434348808e+00
1.333060418137133922e+02 6.670675833962815382e+00
1.312448978631147156e+02 9.124559428934247762e+00
1.291837539125160959e+02 8.862136603257184220e+00
1.271226099619174477e+02 1.082254757434490067e+01
1.250614660113188137e+02 9.694934552897818136e+00
1.230003220607201655e+02 7.824902738204571051e+00
1.209391781101215315e+02 6.964125501006622976e+00
1.188780341595228833e+02 9.526281910311164225e+00
1.168168902089242494e+02 9.585244130497311943e+00
1.147557462583256012e+02 6.437554719697219596e+00
1.126946023077269672e+02 7.842049791101961098e+00
1.106334583571283332e+02 8.642723033485561146e+00
1.085723144065296850e+02 7.712158429092537126e+00
1.065111704559310510e+02 1.033201332392227556e+01
1.044500265053324028e+02 4.353773963673601699e+00
1.023888825547337689e+02 9.434737637220482753e+00
1.003277386041351207e+02 8.689670404558540895e+00
9.826659465353648670e+01 8.562882434015179456e+00
9.620545070293785272e+01 1.152978147407986143e+01
9.414430675233919033e+01 6.813632513244415101e+00
9.208316280174055635e+01 5.291742056360875246e+00
9.002201885114190816e+01 4.920415552725196484e+00
8.796087490054327418e+01 8.850067970552712993e+00
8.589973094994464020e+01 8.525857708448176808e+00
8.383858699934599201e+01 7.827018072155116357e+00
8.177744304874735803e+01 6.220477626737779708e+00
7.971629909814870985e+01 8.486247899528057914e+00
7.765515514755007587e+01 1.075621224786011787e+01
7.559401119695142768e+01 3.999379035341382949e+00
7.353286724635279370e+01 9.518456419529663037e+00
7.147172329575415972e+01 6.123785352515476177e+00
6.941057934515551153e+01 7.846483827893365515e+00
6.734943539455687755e+01 5.883197301335772345e+00
6.528829144395822937e+01 9.059783440828342194e+00
6.322714749335958828e+01 9.128968223613489030e+00
6.116600354276094720e+01 7.867061691982879523e+00
5.910485959216230611e+01 8.786339848224477223e+00
5.704371564156366503e+01 1.064106027661216380e+01
5.498257169096502395e+01 8.354161960601745207e+00
5.292142774036638286e+01 6.399701006273864401e+00
5.086028378976774889e+01 1.092326651891298361e+01
4.879913983916910780e+01 8.410912645447936598e+00
4.673799588857045961e+01 4.839151209728682623e+00
4.467685193797181853e+01 5.577992013815569194e+00
4.261570798737317745e+01 5.400788513991444439e+00
4.055456403677453636e+01 5.950382817571195915e+00
3.849342008617589528e+01 5.455502116811181246e+00
3.643227613557726130e+01 5.508512106015075460e+00
3.437113218497862022e+01 5.985507917603982264e+00
3.230998823437997913e+01 6.299881702947913276e+00
3.024884428378133450e+01 6.462373029424603565e+00
2.818770033318269341e+01 5.622248212462928940e+00
2.612655638258405588e+01 8.826916369888742508e+00
2.406541243198541835e+01 1.127443302000170000e+01
2.200426848138677371e+01 8.110940637726905322e+00
1.994312453078813263e+01 1.233689200002303288e+01
1.788198058018949510e+01 1.695436703217416152e+01
1.582083662959085224e+01 1.785130772397959831e+01
1.375969267899221293e+01 2.087882766838452397e+01
1.169854872839357007e+01 2.610359063770223642e+01
9.637404777794928989e+00 2.954740570755487283e+01
7.576260827196287906e+00 3.113651972625824271e+01
5.515116876597647710e+00 3.079717655673004373e+01
3.453972925999006627e+00 3.118495000016300622e+01
1.392828975400365987e+00 2.628547663979768245e+01
-6.683149751982746523e-01 2.208611174132612476e+01
-2.729458925796915736e+00 2.022364808933950542e+01
-4.790602876395556819e+00 1.752251956789312359e+01
-6.851746826994197903e+00 1.830137913361632229e+01
-8.912890777592838987e+00 1.576396521000939188e+01
-1.097403472819147829e+01 1.371099086513827636e+01
-1.303517867879011938e+01 1.465559971910448844e+01
-1.509632262938875868e+01 1.173287930005784219e+01
-1.715746657998739977e+01 1.219772630404047931e+01
-1.921861053058604085e+01 1.285094861811376532e+01
-2.127975448118468194e+01 9.817766257967063481e+00
-2.334089843178331947e+01 1.000728991799770284e+01
-2.540204238238196766e+01 8.240137848162607526e+00
-2.746318633298060874e+01 9.834800785306445192e+00
-2.952433028357924627e+01 8.020450832415708220e+00
-3.158547423417788735e+01 8.055048271443483898e+00
-3.364661818477652844e+01 7.804383187187638349e+00
-3.570776213537516952e+01 8.332232396392656781e+00
-3.776890608597381060e+01 6.047944976017488372e+00
-3.983005003657245169e+01 6.636794745806148477e+00
-4.189119398717109277e+01 7.906913796147485129e+00
-4.395233793776973386e+01 7.797111394725269484e+00
-4.601348188836836783e+01 6.857023238323580294e+00
-4.807462583896700892e+01 9.557096780539223957e+00
-5.013576978956565711e+01 3.551724087281420417e+00
-5.219691374016429819e+01 6.563113320100995018e+00
-5.425805769076293927e+01 6.636558817840206181e+00
-5.631920164136158036e+01 2.977921274292784304e+00
-5.838034559196022144e+01 6.093062667527513909e+00
-6.044148954255885542e+01 4.418662946348641540e+00
-6.250263349315749650e+01 6.775795439407253262e+00
-6.456377744375613759e+01 5.546438114306660339e+00
-6.662492139435478578e+01 2.476768758701780815e+00
-6.868606534495341975e+01 3.135362344882792307e+00
-7.074720929555206794e+01 1.223633757676209521e+00
-7.280835324615070192e+01 8.047982940086090053e+00
-7.486949719674935011e+01 4.298818001681031120e+00
-7.693064114734798409e+01 3.797060554969315493e+00
-7.899178509794663228e+01 4.816997920732346117e+00
-8.105292904854526626e+01 5.263133057868780718e+00
-8.311407299914390023e+01 6.067114532242366742e+00
-8.517521694974254842e+01 6.628539895210650457e+00
-8.723636090034118240e+01 2.508510127286730729e+00
-8.929750485093983059e+01 3.219962943500312313e+00
-9.135864880153846457e+01 5.814339174581256486e+00
-9.341979275213709855e+01 7.225817111602817810e+00
-9.548093670273574674e+01 3.722838384164551595e+00
-9.754208065333438071e+01 1.616650258598719248e+00
-9.960322460393304311e+01 4.236081808501580781e+00
-1.016643685545316771e+02 4.711664808802019877e+00
-1.037255125051303253e+02 1.982712886963326371e+00
-1.057866564557289593e+02 2.805477562119796708e+00
-1.078478004063275932e+02 1.271819344721408784e+00
-1.099089443569262414e+02 3.234998877743874068e+00
-1.119700883075248754e+02 9.878896906708675152e-01
-1.140312322581235236e+02 1.575981704097382030e+00
-1.160923762087221576e+02 5.357721460867165497e+00
-1.181535201593208058e+02 1.815263096057785130e+00
-1.202146641099194397e+02 5.181083302518260325e+00
-1.222758080605180737e+02 4.287590323866789177e+00
-1.243369520111167219e+02 2.995933235843116993e+00
-1.263980959617153559e+02 5.952999687345169377e+00
-1.284592399123140183e+02 3.119958069420401436e+00
-1.305203838629126381e+02 2.356130586655249548e+00
-1.325815278135112862e+02 3.313731929735302728e+00
-1.346426717641099344e+02 -7.107640271759307904e-02
-1.367038157147085542e+02 4.938523915002677178e+00
-1.387649596653072024e+02 2.424599959969519158e+00
-1.408261036159058506e+02 3.243534647884118716e+00
-1.428872475665044988e+02 9.144598972548287907e-01
-1.449483915171031185e+02 5.927421504283270082e+00
-1.470095354677017667e+02 5.144391680583922266e+00
-1.490706794183003865e+02 3.702859778494322462e+00
-1.511318233688990631e+02 4.075957135660052799e+00
-1.531929673194976829e+02 1.771074559215104705e+00
-1.552541112700963311e+02 4.237579649758761668e+00
-1.573152552206949792e+02 4.301471055353304429e+00
-1.593763991712936274e+02 7.891993013516253042e-01
-1.614375431218922756e+02 9.708023662209734894e-01
-1.634986870724908954e+02 3.021785059726108003e+00
-1.655598310230895436e+02 1.563797770247670860e+00
-1.676209749736881633e+02 -3.928185077943896486e-01
-1.696821189242868400e+02 1.258329448982971943e+00
-1.717432628748854597e+02 3.107884622217565340e+00
-1.738044068254841079e+02 4.308461529335271045e+00
-1.758655507760827277e+02 6.215849793668778434e-01
-1.779266947266813759e+02 1.005532191749864301e+00
-1.799878386772800241e+02 1.689961446666519151e+00
-1.820489826278786722e+02 -1.090945129470059505e-01
-1.841101265784772920e+02 3.276814835861337372e+00
-1.861712705290759402e+02 6.741134747707456576e+00
-1.882324144796745884e+02 1.250805051253047973e+00
-1.902935584302732366e+02 7.683225574289915816e-01
-1.923547023808718563e+02 3.399138439000656042e+00
-1.944158463314705045e+02 2.151898972813379718e+00
-1.964769902820691527e+02 -4.158929462108956754e-01
-1.985381342326677725e+02 1.068002201474824497e+00
-2.005992781832664207e+02 2.071105815659050720e+00
-2.026604221338650405e+02 -1.324196634790176241e-01
-2.047215660844636886e+02 1.921867690138001183e+00
-2.067827100350623368e+02 -1.647346452779481774e-01
-2.088438539856609850e+02 3.415401484028279366e+00
-2.109049979362596048e+02 2.865765151291118862e+00
-2.129661418868582530e+02 1.920829683657471476e-01
-2.150272858374569012e+02 -1.447811758794393944e+00
-2.170884297880555494e+02 -7.171675276797394583e-01
-2.191495737386541691e+02 1.650194885904066933e+00
-2.212107176892528173e+02 1.980171352991352052e+00
-2.232718616398514371e+02 1.459567465622600313e+00
-2.253330055904501137e+02 7.138431744408579860e-01
-2.273941495410487335e+02 1.987413631530930536e+00
-2.294552934916473816e+02 -1.238923892146098327e+00
-2.315164374422460014e+02 -3.170509237208569697e-01
-2.335775813928446496e+02 1.362631167512220243e+00
-2.356387253434433262e+02 2.891095776199673395e+00
-2.376998692940419460e+02 -9.912059242516837454e-01
-2.397610132446405942e+02 2.581466295908366515e+00
-2.418221571952392139e+02 1.569851485430675986e+00
-2.438833011458378905e+02 -8.096310422489456649e-01
-2.459444450964365103e+02 9.468936989514997737e-01
-2.480055890470351585e+02 1.006071449214132274e+00
-2.500667329976337783e+02 1.947120995402535026e+00
-2.521278769482324265e+02 6.898388055823303500e-01
-2.541890208988310746e+02 -1.220182260153635401e+00
-2.562501648494297228e+02 3.789200632485452136e+00
-2.583113088000283710e+02 3.648007697294003204e+00
-2.603724527506269624e+02 2.403227362440836234e+00
-2.624335967012256106e+02 2.572330314480856917e+00
-2.644947406518242587e+02 1.156619593519556455e+00
-2.665558846024229069e+02 -5.479756516714430203e-01
-2.686170285530215551e+02 1.955065972730989365e+00
-2.706781725036202033e+02 1.895343517016486068e+00
-2.727393164542187947e+02 9.488850081782940205e-01
-2.748004604048174997e+02 3.884324307594170023e+00
