2.508162815689284457e+02 1.757672886227981568e+00
2.487551376183298260e+02 3.991208948441410609e+00
2.466939936677311778e+02 3.045303942584498991e+00
2.446328497171325580e+02 5.310034757314984866e+00
2.425717057665338814e+02 5.445615318467630139e+00
2.405105618159352616e+02 5.106697146186131242e+00
2.384494178653366134e+02 5.846462982321201984e+00
2.363882739147379937e+02 5.972189033617805620e+00
2.343271299641393455e+02 6.263044637068226450e+00
2.322659860135406689e+02 6.181988736532384898e+00
2.302048420629420491e+02 6.212673344103395223e+00
2.281436981123434009e+02 6.987367397597539664e+00
2.260825541617447811e+02 6.791527356294008833e+00
2.240214102111461330e+02 6.674891813265002583e+00
2.219602662605474848e+02 6.630502864986985045e+00
2.198991223099488366e+02 7.020895422583810053e+00
2.178379783593502168e+02 6.557413766644935471e+00
2.157768344087515686e+02 7.795331028410295460e+00
2.137156904581529204e+02 6.839553407834206844e+00
2.116545465075542722e+02 6.332956392898820397e+00
2.095934025569556525e+02 7.918486997641030811e+00
2.075322586063570043e+02 6.418620152595686079e+00
2.054711146557583845e+02 7.039879098960009962e+00
2.034099707051597079e+02 5.462965455125758929e+00
2.013488267545610881e+02 7.251428643769994409e+00
1.992876828039624399e+02 6.195955930728962002e+00
1.972265388533638202e+02 7.540639650638864211e+00
1.951653949027651720e+02 6.730093524042002784e+00
1.931042509521664954e+02 6.814219227004635115e+00
1.910431070015678756e+02 7.477816073420582299e+00
1.889819630509692274e+02 6.736909113807361571e+00
1.869208191003706077e+02 7.442798875363299871e+00
1.848596751497719310e+02 6.436004793980974803e+00
1.827985311991733113e+02 6.915399400902415117e+00
1.807373872485746631e+02 6.871105240041483597e+00
1.786762432979760433e+02 6.802366011820684122e+00
1.766150993473773951e+02 6.891750069345058627e+00
1.745539553967787469e+02 7.069839778903028282e+00
1.724928114461800988e+02 7.602672661123241582e+00
1.704316674955814790e+02 7.884887262615258408e+00
1.683705235449828308e+02 7.866552773212749372e+00
1.663093795943842110e+02 6.608813214678568748e+00
1.642482356437855344e+02 7.685605654727812208e+00
1.621870916931869147e+02 6.656728691738703851e+00
1.601259477425882665e+02 7.487429108961576318e+00
1.580648037919896467e+02 6.774538438574431609e+00
1.560036598413909701e+02 6.635091594420794436e+00
1.539425158907923219e+02 6.800217358442488091e+00
1.518813719401937021e+02 6.161012702897338045e+00
1.498202279895950539e+02 6.830041884869488378e+00
1.477590840389964342e+02 6.207488572660777137e+00
1.456979400883977576e+02 6.730324934656914060e+00
1.436367961377991378e+02 6.932655889762521895e+00
1.415756521872004896e+02 7.207122725805986008e+00
1.395145082366018698e+02 6.511448544054546872e+00
1.374533642860032217e+02 6.850997523801097167e+00
1.353922203354045735e+02 7.021280390606715827e+00
1.333310763848059253e+02 7.033367790335963932e+00
1.312699324342073055e+02 6.983129122890403551e+00
1.292087884836086573e+02 7.628153531815025978e+00
1.271476445330100091e+02 7.471681927772908516e+00
1.250865005824113751e+02 5.761426939505547296e+00
1.230253566318127270e+02 5.756586082338337462e+00
1.209642126812140930e+02 6.985978053499752427e+00
1.189030687306154448e+02 6.766864140036110697e+00
1.168419247800168108e+02 5.443742659359101843e+00
1.147807808294181626e+02 7.068021065123898161e+00
1.127196368788195286e+02 6.577859526106487387e+00
1.106584929282208947e+02 6.073597454429375375e+00
1.085973489776222465e+02 6.012140072801352986e+00
1.065362050270236125e+02 6.683698645890590484e+00
1.044750610764249643e+02 6.957630208956385509e+00
1.024139171258263303e+02 5.481998695142794809e+00
1.003527731752276821e+02 6.651245302893484812e+00
9.829162922462906238e+01 6.366255983741099023e+00
9.623048527403039998e+01 6.406660203535809117e+00
9.416934132343176600e+01 6.316902262697269066e+00
9.210819737283313202e+01 5.372392920275389727e+00
9.004705342223448383e+01 6.177521904956597254e+00
8.798590947163584985e+01 7.291327971405507036e+00
8.592476552103720167e+01 6.638604460615598057e+00
8.386362157043856769e+01 6.311802143510878871e+00
8.180247761983991950e+01 5.919889880538831584e+00
7.974133366924128552e+01 8.024621829225011993e+00
7.768018971864265154e+01 5.911442230148961308e+00
7.561904576804400335e+01 5.829946191596636851e+00
7.355790181744536937e+01 6.239013221229389394e+00
7.149675786684672119e+01 6.677218465083974763e+00
6.943561391624808721e+01 7.147776224429120973e+00
6.737446996564943902e+01 7.061179161180230146e+00
6.531332601505080504e+01 7.506325592817047365e+00
6.325218206445215685e+01 5.878328227175272147e+00
6.119103811385351577e+01 5.977322788645897056e+00
5.912989416325487468e+01 5.777811096137029701e+00
5.706875021265624071e+01 6.237146526305997085e+00
5.500760626205759962e+01 5.890611930606747038e+00
5.294646231145895854e+01 6.016974770423141550e+00
5.088531836086031745e+01 5.591384247025843024e+00
4.882417441026166927e+01 5.352798106177397486e+00
4.676303045966302818e+01 6.361829461287313414e+00
4.470188650906438710e+01 5.747530300552790905e+00
4.264074255846574601e+01 6.338014034071044911e+00
4.057959860786710493e+01 6.559449117035743626e+00
3.851845465726846385e+01 5.499912794260964688e+00
3.645731070666982276e+01 5.573385060040076944e+00
3.439616675607118879e+01 5.339933120139120248e+00
3.233502280547254060e+01 5.470550852053471580e+00
3.027387885487390307e+01 6.000445770436805937e+00
2.821273490427526198e+01 7.543974361902721526e+00
2.615159095367662090e+01 7.240959100575035556e+00
2.409044700307797982e+01 9.111600269683499675e+00
2.202930305247933873e+01 9.834045202197067681e+00
1.996815910188069765e+01 1.149627675746130784e+01
1.790701515128205656e+01 1.379493645721420059e+01
1.584587120068341548e+01 1.600557272731091629e+01
1.378472725008477617e+01 1.943070936776305047e+01
1.172358329948613509e+01 2.407429805592359173e+01
9.662439348887494006e+00 2.711203863328271169e+01
7.601295398288853811e+00 2.973494381493532757e+01
5.540151447690212727e+00 3.272657345347376889e+01
3.479007497091572088e+00 3.115332100292555495e+01
1.417863546492931448e+00 2.545898486250285586e+01
-6.432804041057094135e-01 2.006915940045662694e+01
-2.704424354704350275e+00 1.884759414803728816e+01
-4.765568305302990915e+00 1.706602516856521490e+01
-6.826712255901631998e+00 1.496206825123721984e+01
-8.887856206500272194e+00 1.270698210574091469e+01
-1.094900015709891328e+01 1.300392453474024279e+01
-1.301014410769755436e+01 1.033908413131491599e+01
-1.507128805829619544e+01 1.069202468051632948e+01
-1.713243200889483830e+01 1.032127565217331444e+01
-1.919357595949347584e+01 1.000892012263361686e+01
-2.125471991009211692e+01 9.017062735408639895e+00
-2.331586386069075800e+01 9.809683701078945717e+00
-2.537700781128939909e+01 8.994626970114783404e+00
-2.743815176188804017e+01 8.671769785408546483e+00
-2.949929571248668125e+01 7.862002987542925148e+00
-3.156043966308531878e+01 7.782128236427482193e+00
-3.362158361368396697e+01 6.365972796119699240e+00
-3.568272756428260095e+01 6.482297574106922866e+00
-3.774387151488124204e+01 6.567522670505393734e+00
-3.980501546547988312e+01 5.818431851944554367e+00
-4.186615941607852420e+01 4.655031728172503769e+00
-4.392730336667716529e+01 5.857618625672463608e+00
-4.598844731727580637e+01 4.070118808461276494e+00
-4.804959126787444745e+01 4.425884833822743225e+00
-5.011073521847308854e+01 4.648536217120076586e+00
-5.217187916907172252e+01 4.224657140766367114e+00
-5.423302311967036360e+01 5.437302768785792217e+00
-5.629416707026900468e+01 4.318263905185752982e+00
-5.835531102086764577e+01 4.913028733794938319e+00
-6.041645497146628685e+01 4.345268435007187513e+00
-6.247759892206492793e+01 5.014535632855945835e+00
-6.453874287266357612e+01 4.805586395077026118e+00
-6.659988682326221010e+01 4.317353279726356519e+00
-6.866103077386085829e+01 4.815018180921882163e+00
-7.072217472445949227e+01 3.172701976449823658e+00
-7.278331867505812625e+01 4.017916276477488502e+00
-7.484446262565677443e+01 4.135782236601588835e+00
-7.690560657625540841e+01 3.432031127413328608e+00
-7.896675052685405660e+01 4.556272914806170249e+00
-8.102789447745269058e+01 3.619603858472246749e+00
-8.308903842805133877e+01 3.502334394920467719e+00
-8.515018237864997275e+01 3.851035993853345385e+00
-8.721132632924860673e+01 3.075019761050704403e+00
-8.927247027984725491e+01 3.010006166172368047e+00
-9.133361423044588889e+01 4.695397002981408718e+00
-9.339475818104453708e+01 2.938543305607133949e+00
-9.545590213164317106e+01 2.394148690831932491e+00
-9.751704608224183346e+01 4.088856900820962537e+00
-9.957819003284048165e+01 2.443507262767987687e+00
-1.016393339834391156e+02 3.394031222375560208e+00
-1.037004779340377638e+02 2.814340171113990152e+00
-1.057616218846363978e+02 2.984552275798877830e+00
-1.078227658352350318e+02 4.209915121444552710e+00
-1.098839097858336800e+02 1.759722886930536578e+00
-1.119450537364323139e+02 1.947844572131800955e+00
-1.140061976870309621e+02 2.046918980577779212e+00
-1.160673416376295961e+02 2.955263205436840401e+00
-1.181284855882282443e+02 2.466692457640173863e+00
-1.201896295388268783e+02 2.333068419912104119e+00
-1.222507734894255123e+02 2.120160332261334712e+00
-1.243119174400241604e+02 1.506731374627019004e+00
-1.263730613906227944e+02 2.732226978437890974e+00
-1.284342053412214568e+02 1.205444957846038667e+00
-1.304953492918200766e+02 1.281476210460092968e+00
-1.325564932424187248e+02 1.694393493173866005e+00
-1.346176371930173730e+02 1.950552324775469692e+00
-1.366787811436160212e+02 1.320036085303116336e+00
-1.387399250942146409e+02 1.683306329202734819e+00
-1.408010690448132891e+02 1.921340817712603899e+00
-1.428622129954119089e+02 2.384899005122448568e+00
-1.449233569460105855e+02 1.865411753153769503e+00
-1.469845008966092053e+02 9.374598558823471484e-01
-1.490456448472078534e+02 1.614549876210381152e+00
-1.511067887978064732e+02 2.601274286365389266e+00
-1.531679327484051214e+02 2.125339037814579335e+00
-1.552290766990037980e+02 1.472248364237429774e+00
-1.572902206496024178e+02 1.091654850904395735e+00
-1.593513646002010660e+02 1.563678204501413926e+00
-1.614125085507996857e+02 2.416572864204271198e+00
-1.634736525013983339e+02 2.344441846995591661e+00
-1.655347964519969821e+02 2.020405421998721973e+00
-1.675959404025956303e+02 3.431517755172771023e-01
-1.696570843531942501e+02 5.788626370840190827e-01
-1.717182283037928983e+02 4.703420217173820417e-02
-1.737793722543915464e+02 1.387592794077914693e+00
-1.758405162049901946e+02 1.533154295420806168e+00
-1.779016601555888144e+02 9.132219951873632446e-01
-1.799628041061874626e+02 1.456313435967573788e+00
-1.820239480567860824e+02 4.533489731850832150e-01
-1.840850920073847590e+02 1.444621258301385547e+00
-1.861462359579833787e+02 3.657502735404239980e-01
-1.882073799085820269e+02 7.251555098985993375e-01
-1.902685238591806467e+02 9.540915810528923791e-01
-1.923296678097792949e+02 7.747073556739378919e-01
-1.943908117603779715e+02 2.493619955978547409e-01
-1.964519557109765913e+02 7.815024727196354659e-01
-1.985130996615752395e+02 -3.385668497023266443e-01
-2.005742436121738592e+02 -1.491164451879986586e-01
-2.026353875627725358e+02 1.608563412479009358e+00
-2.046965315133711556e+02 7.407617395892401868e-01
-2.067576754639698038e+02 1.593659588110754866e-01
-2.088188194145684236e+02 -1.069156704415646919e-01
-2.108799633651670717e+02 6.796444116267180702e-01
-2.129411073157657199e+02 5.578786128597246208e-01
-2.150022512663643681e+02 2.305216430703407315e+00
-2.170633952169629879e+02 4.453545396758450403e-01
-2.191245391675616361e+02 -2.812427248174890204e-01
-2.211856831181602558e+02 9.942039107459670344e-01
-2.232468270687589325e+02 1.109677615322524957e+00
-2.253079710193575522e+02 5.284565607575368862e-01
-2.273691149699562004e+02 5.559353351833058038e-02
-2.294302589205548202e+02 1.333979216217610619e-01
-2.314914028711534968e+02 6.416002678189959285e-01
-2.335525468217521450e+02 4.092176275069714930e-01
-2.356136907723507647e+02 -2.861565718609790920e-01
-2.376748347229494129e+02 4.589640681295820146e-01
-2.397359786735480327e+02 -2.980221887076094367e-01
-2.417971226241467093e+02 6.519470598327888888e-01
-2.438582665747453291e+02 1.049305975582285555e+00
-2.459194105253439773e+02 -3.440102264621224676e-02
-2.479805544759425970e+02 4.354372022596290637e-01
-2.500416984265412452e+02 3.585245803015421617e-01
-2.521028423771398934e+02 3.375804882206998592e-01
-2.541639863277385416e+02 1.555051820929849393e+00
-2.562251302783371898e+02 2.591285730197090409e-01
-2.582862742289357811e+02 5.915877911755742513e-01
-2.603474181795344293e+02 1.298693782704342103e+00
-2.624085621301330775e+02 9.645990081559986384e-01
-2.644697060807317257e+02 1.366560764151766749e+00
-2.665308500313303739e+02 1.523731882255290104e+00
-2.685919939819290221e+02 2.410409315227310056e+00
-2.706531379325276134e+02 8.529037539795092382e-01
-2.727142818831263185e+02 1.859742553575054025e+00
-2.747754258337249098e+02 3.051216143822042426e+00
