2.479789982997803008e+02 3.266918225636327389e+00
2.459178543491816811e+02 6.087720319393893575e+00
2.438567103985830329e+02 5.268476345620031864e+00
2.417955664479844131e+02 6.244361075637711700e+00
2.397344224973857365e+02 6.499817623966173130e+00
2.376732785467871167e+02 6.550678648305239271e+00
2.356121345961884685e+02 6.967014565779305890e+00
2.335509906455898488e+02 8.465161916062511338e+00
2.314898466949912006e+02 8.271016661171923801e+00
2.294287027443925240e+02 8.314567911226792063e+00
2.273675587937939042e+02 8.730969222880963443e+00
2.253064148431952560e+02 8.643335341472146993e+00
2.232452708925966363e+02 8.475497584512028837e+00
2.211841269419979881e+02 8.783556638428644092e+00
2.191229829913993399e+02 8.416353858774328955e+00
2.170618390408006917e+02 8.828285250185802013e+00
2.150006950902020719e+02 9.067078473031802588e+00
2.129395511396034237e+02 8.765232170948243251e+00
2.108784071890047755e+02 9.469708016111823667e+00
2.088172632384061274e+02 9.688825202089040189e+00
2.067561192878075076e+02 8.770670800351565433e+00
2.046949753372088594e+02 8.204052284296547981e+00
2.026338313866102396e+02 8.241046194885674581e+00
2.005726874360115630e+02 8.012178868477628058e+00
1.985115434854129433e+02 9.340998979454621320e+00
1.964503995348142951e+02 8.483208256376041589e+00
1.943892555842156753e+02 9.259234947198972776e+00
1.923281116336170271e+02 8.500405143444652367e+00
1.902669676830183505e+02 8.452357574889779457e+00
1.882058237324197307e+02 8.830472988807260393e+00
1.861446797818210825e+02 9.480740839490826133e+00
1.840835358312224628e+02 9.570323439407479427e+00
1.820223918806238146e+02 8.986465184710516141e+00
1.799612479300251664e+02 8.803156469544763496e+00
1.779001039794265182e+02 1.051133335790226830e+01
1.758389600288278984e+02 9.872680462904954268e+00
1.737778160782292503e+02 8.960830683158086174e+00
1.717166721276306021e+02 8.676315473642747023e+00
1.696555281770319539e+02 9.632789900651149040e+00
1.675943842264333341e+02 8.823912280353290782e+00
1.655332402758346859e+02 9.378784044092638439e+00
1.634720963252360661e+02 8.886920675549301762e+00
1.614109523746373895e+02 9.631726625783484153e+00
1.593498084240387698e+02 9.459315052330383722e+00
1.572886644734401216e+02 9.476513230967279711e+00
1.552275205228415018e+02 9.896362816433825316e+00
1.531663765722428536e+02 8.269183707889254720e+00
1.511052326216441770e+02 9.996870339861054333e+00
1.490440886710455572e+02 8.913824028766645924e+00
1.469829447204469091e+02 8.817627488623152487e+00
1.449218007698482893e+02 9.147240805177412781e+00
1.428606568192496127e+02 9.401584902522783338e+00
1.407995128686509929e+02 9.248583254267435549e+00
1.387383689180523447e+02 8.548445762126528180e+00
1.366772249674537250e+02 9.593295572013756711e+00
1.346160810168550768e+02 7.982992244146021044e+00
1.325549370662564286e+02 8.396346235287309057e+00
1.304937931156577804e+02 9.219840226300332731e+00
1.284326491650591606e+02 8.069820576704438864e+00
1.263715052144605124e+02 8.843903231095447737e+00
1.243103612638618642e+02 9.013356416042983099e+00
1.222492173132632303e+02 9.908450527513211981e+00
1.201880733626645821e+02 7.933211810567509126e+00
1.181269294120659481e+02 9.222497642209731339e+00
1.160657854614672999e+02 9.292575723357934692e+00
1.140046415108686659e+02 8.393468792758605801e+00
1.119434975602700320e+02 8.771523738409962689e+00
1.098823536096713838e+02 8.339313301525113076e+00
1.078212096590727498e+02 9.272961849134043533e+00
1.057600657084741016e+02 8.306342211229386763e+00
1.036989217578754676e+02 9.278168539388575553e+00
1.016377778072768194e+02 8.990707356863628874e+00
9.957663385667818545e+01 8.620542449276122454e+00
9.751548990607955147e+01 9.604213229531183060e+00
9.545434595548088907e+01 9.400561433557374613e+00
9.339320200488225510e+01 9.392995187487766628e+00
9.133205805428360691e+01 7.947424172172340207e+00
8.927091410368497293e+01 8.651144421037610499e+00
8.720977015308632474e+01 8.053657472135347106e+00
8.514862620248769076e+01 9.264377688940950151e+00
8.308748225188905678e+01 8.693684563929483744e+00
8.102633830129040859e+01 9.236694926154099150e+00
7.896519435069177462e+01 9.114285021465995840e+00
7.690405040009312643e+01 9.888904773408588866e+00
7.484290644949449245e+01 9.822983195216966834e+00
7.278176249889584426e+01 8.748365490289222279e+00
7.072061854829721028e+01 8.528081921565330958e+00
6.865947459769857630e+01 8.511770144661426230e+00
6.659833064709992811e+01 8.974824974430116953e+00
6.453718669650129414e+01 8.785538038961611562e+00
6.247604274590264595e+01 9.289656620643331308e+00
6.041489879530400486e+01 7.201050420123271678e+00
5.835375484470536378e+01 8.096735660359371423e+00
5.629261089410672270e+01 8.542595078940580677e+00
5.423146694350808161e+01 8.207966962823602941e+00
5.217032299290944053e+01 8.381586752120888661e+00
5.010917904231080655e+01 7.639986754383853551e+00
4.804803509171216547e+01 7.959901691755940867e+00
4.598689114111351728e+01 7.611696432553607394e+00
4.392574719051487619e+01 8.766822885828764456e+00
4.186460323991623511e+01 8.352454440445857387e+00
3.980345928931759403e+01 8.350213285785310191e+00
3.774231533871895294e+01 8.082309355366071202e+00
3.568117138812031897e+01 7.960672065179780432e+00
3.362002743752167788e+01 8.669718397706144941e+00
3.155888348692303325e+01 6.678027496484506997e+00
2.949773953632439216e+01 8.920891470164612258e+00
2.743659558572575108e+01 8.901838616430062245e+00
2.537545163512711355e+01 8.855108239345824472e+00
2.331430768452847602e+01 1.023494384208100882e+01
2.125316373392983138e+01 1.200159437242133187e+01
1.919201978333119030e+01 1.407721068489103722e+01
1.713087583273255277e+01 1.612926510274388292e+01
1.506973188213390991e+01 1.989950518787379607e+01
1.300858793153527060e+01 2.463732856290331341e+01
1.094744398093662952e+01 2.873087988539636939e+01
8.886300030337988431e+00 2.769400587308986061e+01
6.825156079739348236e+00 3.013243587403854562e+01
4.764012129140706264e+00 3.169759932441739281e+01
2.702868178542066069e+00 2.665347271658591310e+01
6.417242279434249852e-01 2.062679751074870538e+01
-1.419419722655216098e+00 1.637351823757465752e+01
-3.480563673253857182e+00 1.440608150356676198e+01
-5.541707623852498266e+00 1.321743694271953729e+01
-7.602851574451137573e+00 1.345608438028775744e+01
-9.663995525049779545e+00 1.342004645515824457e+01
-1.172513947564841885e+01 1.137682230878318279e+01
-1.378628342624706171e+01 1.065074821557663931e+01
-1.584742737684570102e+01 9.893487163151329256e+00
-1.790857132744434210e+01 1.087583295771385572e+01
-1.996971527804298319e+01 1.129733116017822070e+01
-2.203085922864162427e+01 1.159976798260012032e+01
-2.409200317924026180e+01 1.148482078190946964e+01
-2.615314712983890999e+01 9.650363780748184794e+00
-2.821429108043754752e+01 1.053126865356241737e+01
-3.027543503103618860e+01 9.064828741094020259e+00
-3.233657898163482969e+01 9.545618825437225397e+00
-3.439772293223347077e+01 9.999417991762751257e+00
-3.645886688283211186e+01 8.940223460475962725e+00
-3.852001083343075294e+01 8.523912646949600713e+00
-4.058115478402939402e+01 7.573678321787901346e+00
-4.264229873462803511e+01 7.925338429268262708e+00
-4.470344268522667619e+01 7.027901893955426971e+00
-4.676458663582531017e+01 8.194478211893462927e+00
-4.882573058642395125e+01 7.365388889244958825e+00
-5.088687453702259944e+01 6.978372476383674972e+00
-5.294801848762124052e+01 7.444600367205123526e+00
-5.500916243821988161e+01 7.120206018557227345e+00
-5.707030638881852269e+01 6.393980287931684714e+00
-5.913145033941715667e+01 6.607658884033599023e+00
-6.119259429001579775e+01 7.140082389804416785e+00
-6.325373824061443884e+01 6.541636289423553130e+00
-6.531488219121308703e+01 6.788690313496810624e+00
-6.737602614181172100e+01 6.672949299331838446e+00
-6.943717009241036919e+01 5.759567131061970713e+00
-7.149831404300900317e+01 6.138144809168659677e+00
-7.355945799360765136e+01 4.314256918005931141e+00
-7.562060194420628534e+01 6.060795837804653807e+00
-7.768174589480493353e+01 6.531054714164687525e+00
-7.974288984540356751e+01 6.225102564713740350e+00
-8.180403379600220148e+01 5.408144137547500563e+00
-8.386517774660084967e+01 5.712132981933043752e+00
-8.592632169719948365e+01 5.848383130715468781e+00
-8.798746564779813184e+01 5.774274105626959752e+00
-9.004860959839676582e+01 5.247209910884152784e+00
-9.210975354899541401e+01 5.746472908691895753e+00
-9.417089749959404799e+01 5.595395523755472666e+00
-9.623204145019268196e+01 4.706929462548672838e+00
-9.829318540079134436e+01 5.339719269397668278e+00
-1.003543293513899783e+02 5.301335322922430038e+00
-1.024154733019886265e+02 3.771610911830052704e+00
-1.044766172525872605e+02 4.357223066268503864e+00
-1.065377612031859087e+02 4.521825929950969325e+00
-1.085989051537845427e+02 4.345568242576873352e+00
-1.106600491043831767e+02 4.971051746971628660e+00
-1.127211930549818248e+02 4.568629223308276366e+00
-1.147823370055804588e+02 4.048454954220742863e+00
-1.168434809561791070e+02 4.077777623700043819e+00
-1.189046249067777410e+02 4.057622722825471762e+00
-1.209657688573763892e+02 3.487216881670008650e+00
-1.230269128079750232e+02 3.969379022686704950e+00
-1.250880567585736571e+02 4.216619555154982990e+00
-1.271492007091723053e+02 4.030754846066448849e+00
-1.292103446597709535e+02 4.265929214824567772e+00
-1.312714886103696017e+02 2.931071914630785979e+00
-1.333326325609682215e+02 2.438105155657540379e+00
-1.353937765115668697e+02 3.368409365711113601e+00
-1.374549204621654894e+02 4.733975416276028803e+00
-1.395160644127641660e+02 4.522402134375548499e+00
-1.415772083633627858e+02 3.541571149748466318e+00
-1.436383523139614340e+02 4.004499749567369093e+00
-1.456994962645600538e+02 3.554597148929460992e+00
-1.477606402151587304e+02 3.867647609367217854e+00
-1.498217841657573501e+02 2.070626537639070008e+00
-1.518829281163559983e+02 2.719340645177377169e+00
-1.539440720669546181e+02 4.262268550632560604e+00
-1.560052160175532663e+02 3.232597201396402831e+00
-1.580663599681519429e+02 3.227022650822227945e+00
-1.601275039187505627e+02 3.820789835403092916e+00
-1.621886478693492109e+02 4.041324837914007873e+00
-1.642497918199478306e+02 2.927663506910345159e+00
-1.663109357705464788e+02 2.995745481378866870e+00
-1.683720797211451270e+02 2.662897766722220894e+00
-1.704332236717437752e+02 3.507800004838698804e+00
-1.724943676223423950e+02 3.133045263519014689e+00
-1.745555115729410431e+02 2.858592992727407633e+00
-1.766166555235396913e+02 3.297605648362210040e+00
-1.786777994741383395e+02 2.668157390988165734e+00
-1.807389434247369593e+02 2.705162374559671346e+00
-1.828000873753356075e+02 2.470706901814019751e+00
-1.848612313259342272e+02 3.889230792774177381e+00
-1.869223752765329039e+02 3.213489603590090837e+00
-1.889835192271315236e+02 2.347760728641852257e+00
-1.910446631777301718e+02 3.321034590633302752e+00
-1.931058071283287916e+02 2.266733775078676238e+00
-1.951669510789274398e+02 1.537031061315711211e+00
-1.972280950295261164e+02 2.120222550995099819e+00
-1.992892389801247361e+02 3.129533861734082656e+00
-2.013503829307233843e+02 2.281266825328069903e+00
-2.034115268813220041e+02 2.843712552775804259e+00
-2.054726708319206523e+02 3.057687438837274119e+00
-2.075338147825193005e+02 2.637919556488077077e+00
-2.095949587331179487e+02 3.024382957001750860e+00
-2.116561026837165684e+02 2.287044692690483494e+00
-2.137172466343152166e+02 2.359614316330540085e+00
-2.157783905849138648e+02 2.139724864828805639e+00
-2.178395345355125130e+02 1.633725186930601536e+00
-2.199006784861111328e+02 2.172524339373385960e+00
-2.219618224367097810e+02 2.439971447356694245e+00
-2.240229663873084007e+02 2.442937211181066992e+00
-2.260841103379070773e+02 2.534580971774406333e+00
-2.281452542885056971e+02 2.279890795722653962e+00
-2.302063982391043453e+02 2.286639712527053447e+00
-2.322675421897029651e+02 2.898545174307314287e+00
-2.343286861403016132e+02 2.092695524957974396e+00
-2.363898300909002899e+02 1.807048053485071692e+00
-2.384509740414989096e+02 1.873423042060563981e+00
-2.405121179920975578e+02 8.491709838052460269e-01
-2.425732619426961776e+02 2.977218751180237266e+00
-2.446344058932948542e+02 1.991145044058325819e+00
-2.466955498438934740e+02 2.576176829017627679e+00
-2.487566937944921222e+02 3.122448438641389323e+00
-2.508178377450907419e+02 1.788240110976037744e+00
-2.528789816956893901e+02 1.470889034191236178e+00
-2.549401256462880383e+02 3.105631697713499673e+00
-2.570012695968866865e+02 2.585192644310021048e+00
-2.590624135474853347e+02 2.202097462083404622e+00
-2.611235574980839260e+02 3.060258665121919019e+00
-2.631847014486825742e+02 2.839237040242346133e+00
-2.652458453992812224e+02 1.951703533662773271e+00
-2.673069893498798706e+02 2.863169743507518739e+00
-2.693681333004785188e+02 2.450306090159955374e+00
-2.714292772510771670e+02 3.290323714297661351e+00
-2.734904212016758152e+02 3.375212018219703403e+00
-2.755515651522744633e+02 2.617971183401067048e+00
-2.776127091028730547e+02 5.271681255826659473e+00
