2.501113810958277099e+02 4.169015475777941404e+00
2.480502371452290618e+02 7.213795300345820394e+00
2.459890931946304420e+02 5.278855906006697296e+00
2.439279492440317938e+02 5.463130234812449970e+00
2.418668052934331740e+02 7.678205251433364964e+00
2.398056613428344974e+02 5.398576072110300217e+00
2.377445173922358777e+02 6.801803648222849219e+00
2.356833734416372295e+02 8.337624840049953079e+00
2.336222294910386097e+02 5.509424673032048858e+00
2.315610855404399331e+02 7.690477745290374756e+00
2.294999415898413133e+02 7.161194567655884136e+00
2.274387976392426651e+02 6.111302796573473195e+00
2.253776536886440454e+02 7.640070992242140591e+00
2.233165097380453972e+02 9.185191614696496032e+00
2.212553657874467490e+02 9.209109414799678817e+00
2.191942218368481008e+02 7.625204086247436841e+00
2.171330778862494810e+02 6.957996111560550645e+00
2.150719339356508328e+02 8.779809422239559069e+00
2.130107899850521846e+02 7.760397543588014813e+00
2.109496460344535365e+02 8.413241268404721751e+00
2.088885020838548883e+02 9.422995819447040233e+00
2.068273581332562685e+02 8.501099868364139667e+00
2.047662141826576203e+02 7.048661667836965350e+00
2.027050702320589721e+02 8.125940471376122076e+00
2.006439262814603239e+02 8.880328291182834732e+00
1.985827823308617042e+02 8.833564042578860409e+00
1.965216383802630560e+02 1.006363370744607977e+01
1.944604944296644362e+02 9.981142875804708936e+00
1.923993504790657596e+02 8.141607926608802615e+00
1.903382065284671398e+02 8.604728580172853469e+00
1.882770625778684916e+02 9.508235071011041484e+00
1.862159186272698719e+02 8.968208495696032401e+00
1.841547746766712237e+02 9.572566819389502157e+00
1.820936307260725755e+02 1.007660574999244929e+01
1.800324867754739273e+02 8.594689336826675685e+00
1.779713428248753075e+02 7.606927424459422049e+00
1.759101988742766594e+02 8.771369455975808194e+00
1.738490549236780112e+02 8.073003899849359399e+00
1.717879109730793630e+02 8.984882325517313362e+00
1.697267670224807148e+02 8.435539945375667870e+00
1.676656230718820950e+02 9.567066127457115599e+00
1.656044791212834468e+02 7.672329912453409229e+00
1.635433351706847986e+02 8.119053793095924121e+00
1.614821912200861505e+02 7.565607930872380038e+00
1.594210472694875307e+02 9.155298868349861507e+00
1.573599033188888825e+02 9.676258629751327334e+00
1.552987593682902627e+02 7.622833742021011716e+00
1.532376154176915861e+02 1.018522498190831094e+01
1.511764714670929663e+02 8.856003328706577804e+00
1.491153275164943182e+02 8.022800341201620000e+00
1.470541835658956984e+02 8.402110010793263584e+00
1.449930396152970502e+02 7.886796686993911898e+00
1.429318956646984020e+02 8.660870280825285761e+00
1.408707517140997538e+02 8.504611736152680734e+00
1.388096077635011341e+02 1.089904956958092264e+01
1.367484638129024859e+02 8.344738842846975757e+00
1.346873198623038093e+02 9.139051425424382202e+00
1.326261759117051895e+02 9.917743186949026679e+00
1.305650319611065413e+02 1.085598078397471511e+01
1.285038880105079215e+02 1.032293160148302391e+01
1.264427440599092733e+02 7.437073941004142874e+00
1.243816001093106394e+02 9.986708457090990976e+00
1.223204561587119912e+02 8.660434852199429656e+00
1.202593122081133572e+02 1.088177587052184059e+01
1.181981682575147090e+02 8.754585476849015890e+00
1.161370243069160608e+02 9.507247572962507220e+00
1.140758803563174268e+02 9.678905277548340180e+00
1.120147364057187787e+02 9.498122916880809896e+00
1.099535924551201447e+02 7.913895449601776377e+00
1.078924485045214965e+02 8.522122245765435977e+00
1.058313045539228625e+02 1.005675562115114019e+01
1.037701606033242285e+02 8.244459706155673473e+00
1.017090166527255803e+02 8.183661065977227977e+00
9.964787270212694636e+01 9.459835543009360137e+00
9.758672875152829818e+01 7.445881611144012702e+00
9.552558480092964999e+01 8.206099277474612208e+00
9.346444085033101601e+01 9.916517485827281320e+00
9.140329689973236782e+01 1.035028621899490631e+01
8.934215294913373384e+01 7.746696287333469932e+00
8.728100899853508565e+01 7.182343033284798395e+00
8.521986504793645167e+01 6.669188544725068724e+00
8.315872109733781770e+01 9.396491573569070610e+00
8.109757714673915530e+01 8.496211210713394024e+00
7.903643319614052132e+01 9.832169194211507701e+00
7.697528924554187313e+01 1.021119334222441921e+01
7.491414529494323915e+01 7.930649124853732523e+00
7.285300134434459096e+01 8.592855866645964014e+00
7.079185739374595698e+01 7.837588144505878596e+00
6.873071344314732301e+01 8.612824860881442390e+00
6.666956949254867482e+01 7.248537638126650862e+00
6.460842554195004084e+01 7.391156417986108451e+00
6.254728159135139975e+01 8.097343157718784212e+00
6.048613764075275867e+01 6.774500055889777883e+00
5.842499369015411759e+01 8.063549212310578085e+00
5.636384973955547650e+01 8.041713941669474508e+00
5.430270578895683542e+01 7.728920790446090372e+00
5.224156183835818723e+01 7.981710647874080244e+00
5.018041788775954615e+01 6.527000145319962421e+00
4.811927393716091217e+01 1.027013902098872222e+01
4.605812998656227109e+01 8.413373327653536293e+00
4.399698603596363000e+01 7.217394872044665455e+00
4.193584208536498892e+01 7.956848019534263905e+00
3.987469813476634783e+01 8.728515915698311645e+00
3.781355418416770675e+01 5.506650166899130561e+00
3.575241023356906567e+01 8.155925933028688846e+00
3.369126628297043169e+01 8.174618597152196742e+00
3.163012233237178705e+01 9.163490861225250583e+00
2.956897838177314597e+01 8.191580146907925908e+00
2.750783443117450133e+01 9.575629505077214887e+00
2.544669048057586025e+01 9.263592395642771038e+00
2.338554652997722272e+01 6.797379213219382876e+00
2.132440257937858163e+01 1.164429828830482094e+01
1.926325862877994055e+01 9.812167487749839268e+00
1.720211467818129947e+01 1.230648644815268788e+01
1.514097072758265838e+01 1.380434448538865588e+01
1.307982677698401730e+01 1.577843194999084275e+01
1.101868282638537622e+01 1.798418598498173893e+01
8.957538875786736909e+00 2.311210310065125029e+01
6.896394925188094938e+00 3.400726334200378176e+01
4.835250974589454742e+00 3.658518296579098461e+01
2.774107023990814103e+00 3.135300988370505593e+01
7.129630733921734631e-01 2.462604290812199181e+01
-1.348180877206467176e+00 2.015122829734077570e+01
-3.409324827805107816e+00 1.870623274266654334e+01
-5.470468778403748900e+00 1.592273839454991347e+01
-7.531612729002389983e+00 1.357066161012751060e+01
-9.592756679601031067e+00 1.178731458259071019e+01
-1.165390063019967037e+01 1.148185095821190593e+01
-1.371504458079831323e+01 8.301709599174934340e+00
-1.577618853139695254e+01 9.734863967500865911e+00
-1.783733248199559185e+01 1.005272417021767772e+01
-1.989847643259423293e+01 9.597406513738194533e+00
-2.195962038319287757e+01 1.042454546786710168e+01
-2.402076433379151510e+01 1.130411906803842292e+01
-2.608190828439015618e+01 1.050327119385989683e+01
-2.814305223498879727e+01 7.843002171442636339e+00
-3.020419618558744190e+01 8.327542278739928250e+00
-3.226534013618607588e+01 8.658872988450763586e+00
-3.432648408678471696e+01 8.803880864657966043e+00
-3.638762803738335805e+01 8.918332810868461635e+00
-3.844877198798199913e+01 8.252657102379721721e+00
-4.050991593858064022e+01 7.326695238057705062e+00
-4.257105988917928130e+01 6.915432533735977216e+00
-4.463220383977792949e+01 6.237306723517686002e+00
-4.669334779037657057e+01 8.319725465132318476e+00
-4.875449174097520455e+01 6.674260116426984801e+00
-5.081563569157384563e+01 7.640598950488788788e+00
-5.287677964217248672e+01 5.070994849392196357e+00
-5.493792359277112780e+01 7.563576212844242974e+00
-5.699906754336976888e+01 6.246089663502901956e+00
-5.906021149396840997e+01 7.451562787832223478e+00
-6.112135544456705105e+01 7.157970072873418133e+00
-6.318249939516568503e+01 7.232336331651215922e+00
-6.524364334576432611e+01 7.226305603261522492e+00
-6.730478729636297430e+01 6.373618643693282237e+00
-6.936593124696160828e+01 6.072285236930625274e+00
-7.142707519756024226e+01 6.164617947296246570e+00
-7.348821914815890466e+01 6.772907818744027253e+00
-7.554936309875753864e+01 7.668548134420369422e+00
-7.761050704935618683e+01 5.913589833278766861e+00
-7.967165099995482080e+01 4.475723451762052996e+00
-8.173279495055346899e+01 6.010402852103589488e+00
-8.379393890115210297e+01 5.373234757156999386e+00
-8.585508285175073695e+01 6.388251875758075293e+00
-8.791622680234938514e+01 3.434173009796827269e+00
-8.997737075294801912e+01 6.694143078023233606e+00
-9.203851470354666731e+01 6.340934668755655146e+00
-9.409965865414530128e+01 5.114764724203241464e+00
-9.616080260474393526e+01 4.913334400367020294e+00
-9.822194655534258345e+01 5.318900435912480518e+00
-1.002830905059412174e+02 6.606516531852151708e+00
-1.023442344565398514e+02 3.014394028386813140e+00
-1.044053784071384854e+02 4.434310218872772325e+00
-1.064665223577371336e+02 3.047166425986241212e+00
-1.085276663083357676e+02 4.472333373262879164e+00
-1.105888102589344157e+02 4.547632193360641395e+00
-1.126499542095330497e+02 2.516012621939896388e+00
-1.147110981601317121e+02 2.945094697407048212e+00
-1.167722421107303461e+02 4.969661364628281675e+00
-1.188333860613289801e+02 5.306899110940250353e+00
-1.208945300119276283e+02 3.169780970261058872e+00
-1.229556739625262622e+02 3.499225166136296306e+00
-1.250168179131249104e+02 4.329139614853668938e+00
-1.270779618637235444e+02 3.385755417102084053e+00
-1.291391058143221926e+02 3.246066586489971595e+00
-1.312002497649208124e+02 2.749091499786682213e+00
-1.332613937155194606e+02 4.521693486361628267e+00
-1.353225376661181087e+02 3.070681288224910155e+00
-1.373836816167167569e+02 3.723408217004552156e+00
-1.394448255673154051e+02 2.714667641840323054e+00
-1.415059695179140249e+02 4.669572719469710087e+00
-1.435671134685126731e+02 1.798715816135961765e+00
-1.456282574191112928e+02 3.905346377560952043e+00
-1.476894013697099695e+02 4.549044705202574868e+00
-1.497505453203085892e+02 1.806769461636354102e+00
-1.518116892709072374e+02 2.564059059547163066e+00
-1.538728332215058572e+02 2.967903374252089499e+00
-1.559339771721045338e+02 2.459490473426377832e+00
-1.579951211227031536e+02 3.081561818485269111e+00
-1.600562650733018017e+02 3.916753903235639100e+00
-1.621174090239004215e+02 3.428614323843429457e+00
-1.641785529744990697e+02 4.136735472063550745e+00
-1.662396969250977179e+02 3.297659094237322286e+00
-1.683008408756963661e+02 2.378901206725541062e+00
-1.703619848262949859e+02 2.279308625699638213e+00
-1.724231287768936340e+02 2.411324534390451024e+00
-1.744842727274922822e+02 3.238463876175859735e+00
-1.765454166780909304e+02 4.385375153239072787e+00
-1.786065606286895786e+02 3.922212767106083575e+00
-1.806677045792881984e+02 3.649908796332387517e+00
-1.827288485298868466e+02 3.136616135691820961e+00
-1.847899924804854948e+02 1.897941341961902895e+00
-1.868511364310841429e+02 3.727926999173751810e+00
-1.889122803816827627e+02 5.098167372515641560e+00
-1.909734243322814109e+02 3.610620095473883406e+00
-1.930345682828800307e+02 3.208574758068487132e+00
-1.950957122334787073e+02 1.377550494776284218e+00
-1.971568561840773270e+02 4.051618986982926884e+00
-1.992180001346759752e+02 2.643278803009372790e+00
-2.012791440852745950e+02 3.980395452046749938e+00
-2.033402880358732432e+02 1.567442200149891773e+00
-2.054014319864718914e+02 1.563944368148043829e+00
-2.074625759370705396e+02 1.485313768935606626e+00
-2.095237198876691593e+02 8.743750909207483879e-01
-2.115848638382678075e+02 2.747538281107443137e+00
-2.136460077888664557e+02 2.811397925173305890e+00
-2.157071517394651039e+02 2.392311612762871020e-01
-2.177682956900637521e+02 1.275028149852478476e+00
-2.198294396406623719e+02 1.818662519227629781e+00
-2.218905835912610200e+02 1.312868770704582966e+00
-2.239517275418596682e+02 2.420944137271861862e+00
-2.260128714924583164e+02 2.776104096273755317e+00
-2.280740154430569362e+02 3.526655398383619744e+00
-2.301351593936555844e+02 2.195079591217642623e+00
-2.321963033442542041e+02 1.901993699883897326e+00
-2.342574472948528808e+02 5.897238889120509642e-01
-2.363185912454515005e+02 1.536445821348064733e-01
-2.383797351960501487e+02 9.602681231543986895e-01
-2.404408791466487685e+02 2.691428904121779375e+00
-2.425020230972474167e+02 3.352042317623593615e+00
-2.445631670478460649e+02 1.184390476331006470e+00
-2.466243109984447131e+02 4.871645061590459264e-02
-2.486854549490433612e+02 2.883838558239882666e+00
-2.507465988996419810e+02 2.321963330258735247e+00
-2.528077428502406576e+02 1.785087798980625751e+00
-2.548688868008392774e+02 1.761262472763806208e+00
-2.569300307514379256e+02 1.312557008486293197e+00
-2.589911747020365738e+02 2.857061101812032433e+00
-2.610523186526351651e+02 3.013028962999811711e+00
-2.631134626032338133e+02 3.435738585780360843e+00
-2.651746065538324615e+02 3.714430739653944435e+00
-2.672357505044311665e+02 2.333491114281205370e+00
-2.692968944550297579e+02 2.960176402263870354e+00
-2.713580384056284061e+02 2.486261914155991626e+00
-2.734191823562269974e+02 3.758175723277077385e+00
-2.754803263068257024e+02 5.691214691245806812e+00
