2.622987344937475882e+02 3.698070896262705354e+00
2.602375905431489400e+02 9.649601078723842207e+00
2.581764465925502918e+02 8.460295939602007209e+00
2.561153026419516436e+02 9.559506068378416543e+00
2.540541586913529954e+02 8.964935223471663051e+00
2.519930147407543473e+02 1.064752282314647580e+01
2.499318707901557275e+02 9.420767794997161104e+00
2.478707268395570793e+02 9.890752363833371419e+00
2.458095828889584311e+02 1.036725754240489827e+01
2.437484389383597829e+02 1.047886269215989508e+01
2.416872949877611632e+02 1.065474559190215054e+01
2.396261510371625150e+02 9.858102417825037378e+00
2.375650070865638668e+02 1.113594979189637257e+01
2.355038631359652186e+02 1.052104540219501416e+01
2.334427191853665988e+02 1.053751881116104983e+01
2.313815752347679506e+02 1.292697998534698911e+01
2.293204312841693309e+02 9.563572710016481793e+00
2.272592873335706543e+02 1.223677710759245585e+01
2.251981433829720345e+02 1.146230214513484569e+01
2.231369994323733863e+02 1.074602796974367536e+01
2.210758554817747665e+02 1.055039106884036570e+01
2.190147115311761183e+02 1.151790009078305665e+01
2.169535675805774702e+02 1.091398108738265549e+01
2.148924236299788220e+02 1.085924602656906757e+01
2.128312796793801738e+02 1.278146193106554307e+01
2.107701357287815540e+02 1.127557911242815969e+01
2.087089917781828774e+02 1.112832178948933048e+01
2.066478478275842576e+02 1.007468842174997015e+01
2.045867038769856094e+02 1.112053482928229542e+01
2.025255599263869897e+02 1.168810964656224982e+01
2.004644159757883415e+02 1.085065048862493953e+01
1.984032720251896933e+02 1.107424861932435967e+01
1.963421280745910167e+02 1.167133438820592595e+01
1.942809841239923969e+02 1.096398474054545424e+01
1.922198401733937487e+02 1.258173522197762573e+01
1.901586962227951290e+02 1.079927734273653250e+01
1.880975522721964808e+02 1.095019540767522770e+01
1.860364083215978326e+02 1.116012805645770278e+01
1.839752643709991844e+02 1.243830725932127557e+01
1.819141204204005646e+02 1.129272441665376725e+01
1.798529764698019164e+02 1.046847026756152133e+01
1.777918325192032967e+02 1.080919293404595827e+01
1.757306885686046201e+02 1.414074518015168458e+01
1.736695446180059719e+02 1.069436865817275617e+01
1.716084006674073521e+02 1.014639717897300031e+01
1.695472567168087039e+02 1.270421890897872608e+01
1.674861127662100557e+02 1.318510264932564624e+01
1.654249688156114075e+02 1.127813324303129505e+01
1.633638248650127878e+02 1.109299601638329236e+01
1.613026809144141396e+02 1.135388730144413216e+01
1.592415369638155198e+02 1.197777322512924236e+01
1.571803930132168432e+02 9.783779002974153371e+00
1.551192490626182234e+02 1.050383613512804004e+01
1.530581051120195752e+02 1.065971426089877738e+01
1.509969611614209555e+02 1.051842206547702219e+01
1.489358172108223073e+02 1.164455835132529593e+01
1.468746732602236591e+02 1.232571019524949563e+01
1.448135293096250109e+02 1.074580273953289122e+01
1.427523853590263911e+02 1.016357133728561024e+01
1.406912414084277430e+02 1.111740288231362150e+01
1.386300974578290663e+02 1.056817503946687786e+01
1.365689535072304466e+02 1.045437734780437289e+01
1.345078095566317984e+02 1.122270865615353763e+01
1.324466656060331786e+02 1.044089231420059072e+01
1.303855216554345304e+02 1.153784748327607268e+01
1.283243777048358822e+02 1.071949851446115964e+01
1.262632337542372483e+02 1.234984670345344426e+01
1.242020898036386143e+02 1.147309912964617595e+01
1.221409458530399803e+02 1.110366849812871415e+01
1.200798019024413179e+02 1.223964656852859356e+01
1.180186579518426839e+02 1.217619869863867699e+01
1.159575140012440357e+02 1.268902485402757030e+01
1.138963700506454018e+02 1.182000964721787994e+01
1.118352261000467536e+02 1.119830873771249635e+01
1.097740821494481196e+02 1.120219863998109133e+01
1.077129381988494856e+02 1.072228396679800255e+01
1.056517942482508374e+02 1.107935894441641800e+01
1.035906502976522034e+02 8.841547672480968956e+00
1.015295063470535553e+02 1.289911431400930120e+01
9.946836239645492128e+01 1.095891111988974309e+01
9.740721844585628730e+01 9.531572148738320038e+00
9.534607449525765333e+01 1.037433295699083935e+01
9.328493054465900514e+01 1.023985138582203902e+01
9.122378659406037116e+01 1.126789659199794080e+01
8.916264264346173718e+01 1.067636780724611967e+01
8.710149869286308899e+01 1.261388401184808217e+01
8.504035474226445501e+01 1.007580921559059561e+01
8.297921079166580682e+01 1.063631722616574038e+01
8.091806684106717285e+01 1.159209036971943441e+01
7.885692289046851045e+01 1.182317602820560687e+01
7.679577893986987647e+01 1.069984953803811578e+01
7.473463498927124249e+01 9.145378785145981126e+00
7.267349103867259430e+01 9.772824368432482700e+00
7.061234708807396032e+01 1.100673007829269601e+01
6.855120313747531213e+01 1.156437779739266603e+01
6.649005918687667815e+01 1.094608171333886126e+01
6.442891523627804418e+01 1.261300085233622958e+01
6.236777128567939599e+01 1.233212499818776564e+01
6.030662733508075490e+01 1.480830684927778051e+01
5.824548338448211382e+01 1.585445827466418223e+01
5.618433943388347274e+01 1.589734251443144686e+01
5.412319548328483876e+01 1.873767833558938278e+01
5.206205153268619767e+01 2.257355463161150411e+01
5.000090758208754949e+01 2.480828439476557534e+01
4.793976363148890840e+01 3.167311861418341223e+01
4.587861968089026732e+01 3.472857161986524233e+01
4.381747573029162623e+01 4.022106784001988444e+01
4.175633177969298515e+01 4.538267864959686193e+01
3.969518782909435117e+01 4.899514427740171385e+01
3.763404387849571009e+01 5.128645275084961952e+01
3.557289992789706901e+01 5.543155634857592418e+01
3.351175597729842792e+01 5.426702196572678361e+01
3.145061202669978329e+01 5.270848524174826366e+01
2.938946807610114575e+01 5.324935734500262186e+01
2.732832412550250112e+01 5.314549053593416517e+01
2.526718017490386003e+01 5.452187133033326916e+01
2.320603622430522250e+01 5.873887834775143801e+01
2.114489227370658142e+01 6.324745343375187900e+01
1.908374832310794034e+01 6.939748852617945829e+01
1.702260437250929925e+01 7.864681786666234586e+01
1.496146042191065817e+01 9.048384461943524570e+01
1.290031647131201709e+01 1.017697950033086727e+02
1.083917252071337600e+01 1.116175424333153785e+02
8.778028570114734919e+00 1.111393665526361474e+02
6.716884619516093835e+00 1.082237702734429803e+02
4.655740668917454528e+00 9.264080788399212452e+01
2.594596718318813000e+00 7.427276972274320599e+01
5.334527677201720275e-01 5.143996607932579224e+01
-1.527691182878468723e+00 3.850288323858839590e+01
-3.588835133477109363e+00 3.121975548134774314e+01
-5.649979084075750002e+00 2.389952118196294251e+01
-7.711123034674391974e+00 2.016412252960773088e+01
-9.772266985273033058e+00 1.732545059233435936e+01
-1.183341093587167236e+01 1.479239490344503771e+01
-1.389455488647031345e+01 1.544506469986823127e+01
-1.595569883706895276e+01 1.312715789863617388e+01
-1.801684278766759206e+01 1.173985206134927850e+01
-2.007798673826623315e+01 1.242118169558621510e+01
-2.213913068886487778e+01 1.195716147318606914e+01
-2.420027463946351531e+01 1.170047695554858613e+01
-2.626141859006215640e+01 1.128356857492918586e+01
-2.832256254066079748e+01 1.029857672563182369e+01
-3.038370649125943856e+01 1.134176649721026386e+01
-3.244485044185807965e+01 9.075167911438390078e+00
-3.450599439245672073e+01 9.465376465758550850e+00
-3.656713834305536182e+01 1.116118661357069897e+01
-3.862828229365400290e+01 1.063866490691654398e+01
-4.068942624425264398e+01 9.692433399515369530e+00
-4.275057019485127796e+01 1.024891297503858922e+01
-4.481171414544991904e+01 9.381924559378699513e+00
-4.687285809604856723e+01 1.002808996304636580e+01
-4.893400204664720832e+01 8.286776127736226627e+00
-5.099514599724584940e+01 6.760333998520492216e+00
-5.305628994784449048e+01 1.019914345764507146e+01
-5.511743389844313157e+01 7.912085073149858871e+00
-5.717857784904176555e+01 8.004754633952700260e+00
-5.923972179964040663e+01 7.994605741831636969e+00
-6.130086575023904771e+01 8.629663934001809977e+00
-6.336200970083768880e+01 8.133682714332010733e+00
-6.542315365143633699e+01 8.821758730208934196e+00
-6.748429760203497096e+01 8.208846502501057074e+00
-6.954544155263360494e+01 7.324331829233022617e+00
-7.160658550323225313e+01 7.229700454129220688e+00
-7.366772945383088711e+01 9.171056651944709870e+00
-7.572887340442954951e+01 8.556933631746099778e+00
-7.779001735502818349e+01 8.567891730967200914e+00
-7.985116130562681747e+01 7.532949865354043872e+00
-8.191230525622546566e+01 6.385203338864486433e+00
-8.397344920682409963e+01 7.519696910824224645e+00
-8.603459315742274782e+01 8.837525411902088734e+00
-8.809573710802138180e+01 6.796900293980606023e+00
-9.015688105862001578e+01 6.367046212491883850e+00
-9.221802500921866397e+01 7.261855255034512346e+00
-9.427916895981729795e+01 6.862861124940683233e+00
-9.634031291041594613e+01 8.144786784286701220e+00
-9.840145686101458011e+01 7.867397558296125304e+00
-1.004626008116132283e+02 8.458826573990688047e+00
-1.025237447622118765e+02 6.885551631565685504e+00
-1.045848887128105105e+02 7.627837988343725506e+00
-1.066460326634091587e+02 7.459501373282018122e+00
-1.087071766140077926e+02 6.284011813207892594e+00
-1.107683205646064266e+02 6.296833511399671401e+00
-1.128294645152050890e+02 6.782968160166205962e+00
-1.148906084658037230e+02 8.133162777228275075e+00
-1.169517524164023712e+02 6.354465279835970648e+00
-1.190128963670010052e+02 6.139624175904603298e+00
-1.210740403175996533e+02 6.130483600280104639e+00
-1.231351842681982873e+02 5.956693150905175038e+00
-1.251963282187969213e+02 5.777184442326984026e+00
-1.272574721693955695e+02 5.381250639012466586e+00
-1.293186161199942035e+02 6.600374409122974129e+00
-1.313797600705928232e+02 6.421129390072928267e+00
-1.334409040211914999e+02 5.058823621257173997e+00
-1.355020479717901480e+02 6.845557007323098020e+00
-1.375631919223887678e+02 6.369721470883939141e+00
-1.396243358729874160e+02 5.415407195519393646e+00
-1.416854798235860358e+02 6.404404935937765941e+00
-1.437466237741847124e+02 5.967841022582637933e+00
-1.458077677247833321e+02 6.011666497059420244e+00
-1.478689116753819803e+02 4.427375465439530977e+00
-1.499300556259806001e+02 3.978189288902326037e+00
-1.519911995765792767e+02 6.800834816888896128e+00
-1.540523435271778965e+02 5.915874860577623018e+00
-1.561134874777765447e+02 5.136866177630459163e+00
-1.581746314283751644e+02 5.282964571945568899e+00
-1.602357753789738126e+02 4.607775528848489621e+00
-1.622969193295724608e+02 5.357728903033677881e+00
-1.643580632801711090e+02 6.741013260738993651e+00
-1.664192072307697288e+02 4.922062471940844119e+00
-1.684803511813683770e+02 5.458876268627487427e+00
-1.705414951319669967e+02 4.582529134773683843e+00
-1.726026390825656733e+02 4.683289315750553961e+00
-1.746637830331643215e+02 5.261015211284995274e+00
-1.767249269837629413e+02 5.581254076304808187e+00
-1.787860709343615895e+02 5.303568287694666594e+00
-1.808472148849602092e+02 6.202574838587016082e+00
-1.829083588355588859e+02 6.054245578226275626e+00
-1.849695027861575056e+02 5.297811432725917591e+00
-1.870306467367561538e+02 5.211269322405206239e+00
-1.890917906873547736e+02 5.674897289332623274e+00
-1.911529346379534502e+02 4.737933677089110951e+00
-1.932140785885520700e+02 4.065547410801147343e+00
-1.952752225391507181e+02 4.849667802219355117e+00
-1.973363664897493379e+02 6.070635350004590869e+00
-1.993975104403479861e+02 3.768547086670900992e+00
-2.014586543909466059e+02 4.759807009943608946e+00
-2.035197983415452541e+02 4.005632745801540828e+00
-2.055809422921438738e+02 3.659375402311457748e+00
-2.076420862427425220e+02 4.486845239492805781e+00
-2.097032301933411702e+02 4.147414555952742887e+00
-2.117643741439398184e+02 4.812772909200966787e+00
-2.138255180945384666e+02 5.088599687062799859e+00
-2.158866620451370864e+02 3.890532991956831665e+00
-2.179478059957357630e+02 3.524003285250217221e+00
-2.200089499463343827e+02 6.500121232345908773e+00
-2.220700938969330309e+02 6.855280770381630084e+00
-2.241312378475316507e+02 4.920091186361154278e+00
-2.261923817981302989e+02 3.258379583695249604e+00
-2.282535257487289471e+02 3.849280400116452672e+00
-2.303146696993275953e+02 4.924187310243035576e+00
-2.323758136499262150e+02 6.821310447024024448e+00
-2.344369576005248632e+02 5.469700603209259882e+00
-2.364981015511234830e+02 3.402920022886955831e+00
-2.385592455017221596e+02 3.775836801677612709e+00
-2.406203894523207794e+02 4.081234819979139949e+00
-2.426815334029194275e+02 5.240055272510590001e+00
-2.447426773535180473e+02 4.350760171644889596e+00
-2.468038213041167239e+02 5.400531102746272794e+00
-2.488649652547153721e+02 6.280163355511442447e+00
-2.509261092053139919e+02 5.707182707234768060e+00
-2.529872531559126401e+02 5.325861195024426564e+00
-2.550483971065112598e+02 7.839389054904479792e+00
-2.571095410571099364e+02 7.556041747260138663e+00
-2.591706850077085846e+02 8.001243050993616990e+00
-2.612318289583071760e+02 7.677690550194903096e+00
-2.632929729089058242e+02 8.537347445742014429e+00
