2.590283727938610809e+02 1.736949480013269653e+00
2.569672288432624327e+02 3.946397945529645845e+00
2.549060848926638130e+02 3.069947475108526280e+00
2.528449409420651648e+02 5.634908004105779966e+00
2.507837969914665166e+02 5.802050274477844383e+00
2.487226530408678968e+02 5.459910564392000509e+00
2.466615090902692486e+02 6.152609008756132702e+00
2.446003651396706289e+02 7.826169975517638377e+00
2.425392211890719523e+02 4.901603381828024908e+00
2.404780772384733325e+02 7.257496198205329208e+00
2.384169332878746843e+02 6.951904484449986654e+00
2.363557893372760361e+02 6.912841632185561025e+00
2.342946453866773879e+02 8.022027166834821088e+00
2.322335014360787397e+02 6.773150488522415635e+00
2.301723574854801200e+02 6.988624266142460684e+00
2.281112135348814718e+02 6.611305339636247780e+00
2.260500695842828520e+02 7.392976240415992883e+00
2.239889256336841754e+02 8.136126470570641089e+00
2.219277816830855556e+02 6.788202984381722871e+00
2.198666377324869075e+02 7.484068857284804643e+00
2.178054937818882877e+02 7.185061021470515286e+00
2.157443498312896395e+02 7.381287368314364272e+00
2.136832058806909913e+02 5.524364754137449651e+00
2.116220619300923431e+02 6.734576409880578041e+00
2.095609179794937234e+02 7.742355814998479246e+00
2.074997740288950752e+02 6.487871813231636864e+00
2.054386300782964270e+02 7.809450225377658761e+00
2.033774861276977788e+02 7.306610948315476861e+00
2.013163421770991590e+02 6.015124986481627190e+00
1.992551982265005108e+02 6.445872874508440376e+00
1.971940542759018342e+02 7.192203115686669257e+00
1.951329103253032144e+02 7.440628147998505248e+00
1.930717663747045378e+02 5.959389788484164008e+00
1.910106224241059181e+02 6.674944569716320331e+00
1.889494784735072699e+02 7.366049172853183613e+00
1.868883345229086501e+02 6.694617077919152948e+00
1.848271905723100019e+02 8.763490112088753392e+00
1.827660466217113537e+02 8.290121605656807446e+00
1.807049026711127055e+02 7.783764472810339896e+00
1.786437587205140858e+02 8.401143740349045430e+00
1.765826147699154376e+02 7.883793965177482654e+00
1.745214708193168178e+02 5.944958847351771603e+00
1.724603268687181412e+02 8.549704548188024944e+00
1.703991829181195214e+02 7.495713090434970027e+00
1.683380389675208733e+02 7.906113375815596811e+00
1.662768950169222535e+02 7.529667637683973958e+00
1.642157510663235769e+02 8.005719785302904512e+00
1.621546071157249287e+02 6.437864422203648296e+00
1.600934631651263089e+02 7.297737344089853195e+00
1.580323192145276607e+02 7.775887972750526345e+00
1.559711752639290410e+02 7.658102897978379175e+00
1.539100313133303644e+02 6.470247849656614925e+00
1.518488873627317446e+02 7.598473698439065060e+00
1.497877434121330964e+02 7.999926973613072256e+00
1.477265994615344766e+02 8.064801741986036276e+00
1.456654555109358284e+02 7.444031112115519377e+00
1.436043115603371803e+02 8.125779527192952045e+00
1.415431676097385321e+02 7.586278165895284253e+00
1.394820236591399123e+02 9.577168476865844937e+00
1.374208797085412641e+02 7.540528974618496250e+00
1.353597357579426443e+02 7.332907781515211276e+00
1.332985918073439677e+02 7.220517810387071300e+00
1.312374478567453480e+02 7.187390801763032577e+00
1.291763039061466998e+02 7.185186268053032954e+00
1.271151599555480516e+02 7.410437554549747396e+00
1.250540160049494176e+02 5.703724456491052308e+00
1.229928720543507694e+02 8.089095353249568632e+00
1.209317281037521354e+02 7.465754227842821500e+00
1.188705841531535015e+02 7.252059036210442677e+00
1.168094402025548533e+02 8.314756624801669105e+00
1.147482962519562193e+02 6.706331565206017586e+00
1.126871523013575711e+02 6.759645376716547638e+00
1.106260083507589371e+02 6.899370676852906392e+00
1.085648644001602889e+02 6.979557482570771576e+00
1.065037204495616550e+02 6.198716269034153292e+00
1.044425764989630068e+02 8.294130226826716523e+00
1.023814325483643586e+02 5.874559093901202900e+00
1.003202885977657246e+02 8.149342771695355481e+00
9.825914464716709062e+01 7.980435489830065343e+00
9.619800069656845665e+01 6.404329574250306578e+00
9.413685674596980846e+01 6.795443803432785757e+00
9.207571279537117448e+01 5.024887226581680189e+00
9.001456884477252629e+01 7.729313580828236496e+00
8.795342489417389231e+01 6.981218529301191467e+00
8.589228094357525833e+01 7.217474108392458731e+00
8.383113699297661014e+01 6.571771383653675969e+00
8.176999304237797617e+01 7.880841554742956667e+00
7.970884909177932798e+01 8.591387192540224760e+00
7.764770514118069400e+01 7.016725131489478962e+00
7.558656119058204581e+01 6.045277344416667198e+00
7.352541723998341183e+01 5.356307317688676406e+00
7.146427328938477785e+01 5.409354667625533963e+00
6.940312933878612967e+01 6.813008939759088278e+00
6.734198538818749569e+01 5.389692526611153056e+00
6.528084143758884750e+01 5.988205901012261023e+00
6.321969748699020641e+01 6.887009840196357757e+00
6.115855353639156533e+01 7.255702588464362890e+00
5.909740958579292425e+01 6.154235236004188536e+00
5.703626563519428316e+01 9.214166747572784644e+00
5.497512168459563497e+01 6.262164596641480507e+00
5.291397773399699389e+01 9.034221520324392074e+00
5.085283378339835991e+01 9.376465549236257857e+00
4.879168983279971883e+01 1.126481315424133633e+01
4.673054588220107775e+01 1.247736545630534089e+01
4.466940193160243666e+01 1.172815856457994954e+01
4.260825798100379558e+01 1.440166334579697427e+01
4.054711403040515449e+01 1.331090833999343737e+01
3.848597007980652052e+01 1.656716970555275026e+01
3.642482612920787233e+01 1.720762362165227444e+01
3.436368217860923124e+01 1.978495306245160990e+01
3.230253822801059016e+01 2.031056588040181055e+01
3.024139427741194908e+01 2.095428891717144282e+01
2.818025032681331155e+01 2.159383328654589818e+01
2.611910637621467046e+01 2.201065046977014106e+01
2.405796242561602938e+01 2.259030536314812565e+01
2.199681847501738474e+01 2.630282233223255517e+01
1.993567452441874721e+01 3.192134931536829967e+01
1.787453057382010613e+01 3.747355837351614838e+01
1.581338662322146682e+01 4.368247999754892419e+01
1.375224267262282396e+01 6.030211823839552920e+01
1.169109872202418465e+01 7.640810762989454474e+01
9.629954771425541793e+00 9.052367472281871130e+01
7.568810820826902486e+00 9.738128199667600882e+01
5.507666870228261402e+00 9.267032290078078915e+01
3.446522919629619874e+00 7.203575293073524222e+01
1.385378969030979457e+00 5.418698102139868666e+01
-6.757649815676612937e-01 4.014598938779214876e+01
-2.736908932166302044e+00 3.218824870359216561e+01
-4.798052882764943128e+00 2.413150810816106784e+01
-6.859196833363583323e+00 1.980643672578027292e+01
-8.920340783962222631e+00 1.639555085326007955e+01
-1.098148473456086549e+01 1.414922627369904440e+01
-1.304262868515950480e+01 1.312614632640675083e+01
-1.510377263575814588e+01 1.192097393831958030e+01
-1.716491658635678874e+01 1.012970285905909051e+01
-1.922606053695542982e+01 1.141618278141460685e+01
-2.128720448755406736e+01 8.375412627926047904e+00
-2.334834843815270844e+01 1.100011786452567009e+01
-2.540949238875134952e+01 1.019378095972107623e+01
-2.747063633934999061e+01 9.027964443839932684e+00
-2.953178028994863169e+01 7.508054547079911600e+00
-3.159292424054727277e+01 6.366639123826064228e+00
-3.365406819114591030e+01 5.579257052036102671e+00
-3.571521214174455139e+01 5.880180027487046601e+00
-3.777635609234319247e+01 5.932661373838311825e+00
-3.983750004294183356e+01 4.289363377469053162e+00
-4.189864399354048174e+01 5.591897845023693137e+00
-4.395978794413912283e+01 5.784963348513946890e+00
-4.602093189473775681e+01 5.485791574986897068e+00
-4.808207584533639789e+01 5.798557419157786441e+00
-5.014321979593503897e+01 4.799058627331434401e+00
-5.220436374653368006e+01 4.784703401818686253e+00
-5.426550769713232114e+01 4.426364661042412330e+00
-5.632665164773096222e+01 3.711888568627263574e+00
-5.838779559832959620e+01 3.709546168954027223e+00
-6.044893954892824439e+01 3.626992232357949764e+00
-6.251008349952688548e+01 5.225146724536750220e+00
-6.457122745012551945e+01 3.966489155914398879e+00
-6.663237140072416764e+01 2.723926895764646083e+00
-6.869351535132280162e+01 4.285860661918071912e+00
-7.075465930192144981e+01 2.217485999547832431e+00
-7.281580325252008379e+01 4.960594862209140032e+00
-7.487694720311873198e+01 4.038650963263740401e+00
-7.693809115371736596e+01 4.236692557673292114e+00
-7.899923510431599993e+01 3.043250804544965771e+00
-8.106037905491464812e+01 2.622462201891585742e+00
-8.312152300551328210e+01 2.449711402706983066e+00
-8.518266695611193029e+01 4.017703668092952540e+00
-8.724381090671056427e+01 3.181867313421349763e+00
-8.930495485730922667e+01 2.817411977919094923e+00
-9.136609880790786065e+01 1.515235610893408413e+00
-9.342724275850649462e+01 2.982452876279070519e+00
-9.548838670910514281e+01 3.052835432498349100e+00
-9.754953065970377679e+01 2.621781740490747747e+00
-9.961067461030243919e+01 2.377503665560292134e+00
-1.016718185609010732e+02 1.026110241108258769e+00
-1.037329625114997071e+02 2.540164957997573136e+00
-1.057941064620983553e+02 1.418114026386697590e+00
-1.078552504126969893e+02 2.487618992137375251e+00
-1.099163943632956375e+02 3.150770568812964800e+00
-1.119775383138942715e+02 1.876732482547380565e+00
-1.140386822644929055e+02 8.446065386210774850e-01
-1.160998262150915536e+02 2.586578024030751877e+00
-1.181609701656901876e+02 2.958172694355217569e+00
-1.202221141162888358e+02 1.882778439424321659e+00
-1.222832580668874698e+02 2.278915423020158482e+00
-1.243444020174861180e+02 1.064525639188422357e+00
-1.264055459680847520e+02 2.599137452100610091e+00
-1.284666899186833859e+02 8.486662114515477473e-01
-1.305278338692820341e+02 2.448990205668607700e+00
-1.325889778198806823e+02 1.544151966399547549e+00
-1.346501217704793021e+02 1.615061713602934157e+00
-1.367112657210779787e+02 3.584037674280076136e+00
-1.387724096716765985e+02 1.917515608607363253e+00
-1.408335536222752467e+02 2.681959745265122042e+00
-1.428946975728738664e+02 3.002811283422110566e+00
-1.449558415234725146e+02 1.029797220358922072e+00
-1.470169854740711912e+02 2.222154407774205254e+00
-1.490781294246698110e+02 3.703763159597612820e-01
-1.511392733752684592e+02 4.461177039644338649e+00
-1.532004173258670789e+02 1.643767542618775668e+00
-1.552615612764657271e+02 2.332743238511620909e+00
-1.573227052270643753e+02 1.992549006880297346e+00
-1.593838491776630235e+02 9.374737585219138358e-01
-1.614449931282616433e+02 1.548323997916919881e+00
-1.635061370788602915e+02 9.946013343701720633e-01
-1.655672810294589397e+02 2.501600751346972351e-01
-1.676284249800575878e+02 -4.821675705403870027e-01
-1.696895689306562076e+02 8.783049625950940520e-01
-1.717507128812548558e+02 1.740629314222925439e+00
-1.738118568318534756e+02 1.981539005594461500e+00
-1.758730007824521522e+02 4.421309743723257912e-01
-1.779341447330507719e+02 2.028333304289996697e+00
-1.799952886836494201e+02 1.996873552547106856e+00
-1.820564326342480399e+02 1.185997265779103582e+00
-1.841175765848466881e+02 1.654205099157313175e+00
-1.861787205354453647e+02 5.956605377975349169e-01
-1.882398644860439845e+02 1.497904165233714835e+00
-1.903010084366426327e+02 2.536061839683259045e+00
-1.923621523872412524e+02 1.661632680029284881e+00
-1.944232963378399290e+02 2.639721808188169927e+00
-1.964844402884385488e+02 8.388826866605517685e-01
-1.985455842390371686e+02 7.849423155040767819e-01
-2.006067281896357883e+02 2.607464721166729671e+00
-2.026678721402344650e+02 1.612705760445548586e-01
-2.047290160908330847e+02 -3.556916961911780195e-01
-2.067901600414317329e+02 5.927391611274300809e-01
-2.088513039920303527e+02 1.909501225054706985e+00
-2.109124479426290009e+02 6.407801389671431425e-01
-2.129735918932276491e+02 4.478769572217271566e-01
-2.150347358438262972e+02 -9.212567432757635955e-02
-2.170958797944249170e+02 8.415066663110470913e-01
-2.191570237450235652e+02 9.819608181138996805e-01
-2.212181676956222134e+02 -2.732021945247802702e-02
-2.232793116462208616e+02 5.652014761428083567e-01
-2.253404555968195098e+02 -3.619935246252029559e-01
-2.274015995474181295e+02 -1.114362260313050967e+00
-2.294627434980167777e+02 -2.139953678996644737e-01
-2.315238874486154259e+02 -4.885524798672613023e-01
-2.335850313992140741e+02 4.631481827824326936e-01
-2.356461753498126939e+02 1.287518467308477632e+00
-2.377073193004113421e+02 6.589732867483749645e-01
-2.397684632510099618e+02 -1.676126367530844652e+00
-2.418296072016086384e+02 -9.557595697472009988e-01
-2.438907511522072582e+02 -3.255173168325798394e-01
-2.459518951028059064e+02 9.959490933698539328e-01
-2.480130390534045262e+02 2.112450915945525073e-02
-2.500741830040032028e+02 -9.679953360662840733e-01
-2.521353269546018225e+02 1.858201391352978460e+00
-2.541964709052004707e+02 1.300792797019940661e+00
-2.562576148557990905e+02 7.565927835429205883e-01
-2.583187588063977387e+02 4.872089013405512259e-01
-2.603799027569963869e+02 1.389030501071020662e+00
-2.624410467075949782e+02 2.013525586614047125e+00
-2.645021906581936832e+02 2.400994808964076910e+00
-2.665633346087923314e+02 3.098105204295445336e+00
