2.508493728829097051e+02 2.852690605992655115e+00
2.487882289323110285e+02 5.241740691810418795e+00
2.467270849817124088e+02 4.345164634293047889e+00
2.446659410311137606e+02 5.370120289839808159e+00
2.426047970805151408e+02 5.932404994072670412e+00
2.405436531299164926e+02 6.410747328736753126e+00
2.384825091793178444e+02 6.315330468247857709e+00
2.364213652287191962e+02 7.803130087719481800e+00
2.343602212781205765e+02 7.771857476269661724e+00
2.322990773275219283e+02 8.174622727023123758e+00
2.302379333769232801e+02 7.177174421948484984e+00
2.281767894263246319e+02 7.383593072129770007e+00
2.261156454757259837e+02 7.428120429634686772e+00
2.240545015251273639e+02 9.379549779411298971e+00
2.219933575745287158e+02 9.344233313591859158e+00
2.199322136239300676e+02 8.695537434112740272e+00
2.178710696733314194e+02 8.906322849669306763e+00
2.158099257227327996e+02 8.972175997025372496e+00
2.137487817721341514e+02 8.447283681702337788e+00
2.116876378215355317e+02 8.673664765850416458e+00
2.096264938709368550e+02 7.987010007452758131e+00
2.075653499203382353e+02 8.516422403934901908e+00
2.055042059697395871e+02 7.924514039871528581e+00
2.034430620191409673e+02 8.725213757232632261e+00
2.013819180685422907e+02 8.566307125566142489e+00
1.993207741179436709e+02 7.906278906291463571e+00
1.972596301673450228e+02 9.356313867697526376e+00
1.951984862167464030e+02 8.384249571814951452e+00
1.931373422661477548e+02 7.972072885714426072e+00
1.910761983155491066e+02 8.113650280992427355e+00
1.890150543649504584e+02 7.675060341016762600e+00
1.869539104143518102e+02 8.854714229001659831e+00
1.848927664637531905e+02 8.117632474163157141e+00
1.828316225131545423e+02 8.551320597939508161e+00
1.807704785625558941e+02 1.063856862258397662e+01
1.787093346119572459e+02 8.716744882968601615e+00
1.766481906613586261e+02 7.997095097464369751e+00
1.745870467107599779e+02 9.087540025972778324e+00
1.725259027601613582e+02 8.814280457634394494e+00
1.704647588095626816e+02 9.283674443737462312e+00
1.684036148589640618e+02 8.623116714378340930e+00
1.663424709083654136e+02 8.858351539697356003e+00
1.642813269577667938e+02 8.645439561110917381e+00
1.622201830071681172e+02 8.956086052399427899e+00
1.601590390565694975e+02 9.279865271577623531e+00
1.580978951059708493e+02 8.760538948310673035e+00
1.560367511553722295e+02 8.052693823338426427e+00
1.539756072047735813e+02 9.521849141368281977e+00
1.519144632541749331e+02 9.545663568998373094e+00
1.498533193035762849e+02 8.578598918284708219e+00
1.477921753529776367e+02 7.902880012025248035e+00
1.457310314023790170e+02 9.092409210094933414e+00
1.436698874517803688e+02 7.995892808138225227e+00
1.416087435011817206e+02 7.921612670889297547e+00
1.395475995505830724e+02 9.170397089117395595e+00
1.374864555999844526e+02 9.045617646880030449e+00
1.354253116493858045e+02 7.806129734099156892e+00
1.333641676987871563e+02 8.882096209380508256e+00
1.313030237481885081e+02 8.239313814874538622e+00
1.292418797975898883e+02 7.678335387876022544e+00
1.271807358469912401e+02 8.084181058014490162e+00
1.251195918963925919e+02 8.614785160040435485e+00
1.230584479457939580e+02 8.773511883781113241e+00
1.209973039951953098e+02 8.863731250992850974e+00
1.189361600445966758e+02 8.475011853782346449e+00
1.168750160939980418e+02 9.321830409280607910e+00
1.148138721433993936e+02 8.146055596690896294e+00
1.127527281928007596e+02 8.394188241477325008e+00
1.106915842422021115e+02 9.568927536719680660e+00
1.086304402916034775e+02 8.608547582674841436e+00
1.065692963410048293e+02 7.761468550535355782e+00
1.045081523904061953e+02 7.839368052372374329e+00
1.024470084398075613e+02 8.589209384008428927e+00
1.003858644892089131e+02 8.013052567220615430e+00
9.832472053861027916e+01 7.041765872734455201e+00
9.626357658801163097e+01 8.201976108813967770e+00
9.420243263741299700e+01 8.043011398814373436e+00
9.214128868681433460e+01 8.191946111059658975e+00
9.008014473621570062e+01 8.099164204933700262e+00
8.801900078561706664e+01 9.317526482400319665e+00
8.595785683501841845e+01 7.486572309152407456e+00
8.389671288441978447e+01 8.716708689714286251e+00
8.183556893382113628e+01 8.335736293479435233e+00
7.977442498322250231e+01 8.289709553503156414e+00
7.771328103262385412e+01 9.017680339529771771e+00
7.565213708202522014e+01 7.707005181680896655e+00
7.359099313142658616e+01 7.749407301899490896e+00
7.152984918082793797e+01 7.561536769659257473e+00
6.946870523022930399e+01 8.379232787402994376e+00
6.740756127963065580e+01 8.275027476759666101e+00
6.534641732903202183e+01 8.368733067068960807e+00
6.328527337843338074e+01 7.239027626589818354e+00
6.122412942783473255e+01 7.644440832118367446e+00
5.916298547723609147e+01 7.235853212345276120e+00
5.710184152663745039e+01 7.993655344984410327e+00
5.504069757603881641e+01 7.353853596203172138e+00
5.297955362544017532e+01 7.369423263583885664e+00
5.091840967484153424e+01 7.093632629825501468e+00
4.885726572424289316e+01 7.082877325464282059e+00
4.679612177364425207e+01 6.227342509084306421e+00
4.473497782304561099e+01 7.649235980531233103e+00
4.267383387244696280e+01 8.070577834701227360e+00
4.061268992184832882e+01 7.083608029130209260e+00
3.855154597124968774e+01 8.222711174763773556e+00
3.649040202065104666e+01 7.767526227767420188e+00
3.442925807005240557e+01 6.748120607473856225e+00
3.236811411945376449e+01 7.297226770173203647e+00
3.030697016885512696e+01 7.717338457188812839e+00
2.824582621825648232e+01 8.141908512585533941e+00
2.618468226765784124e+01 9.699737604048097595e+00
2.412353831705920371e+01 9.575596515454293467e+00
2.206239436646056262e+01 1.123562168663093352e+01
2.000125041586192154e+01 1.250287466192134289e+01
1.794010646526327690e+01 1.390263740515007562e+01
1.587896251466463760e+01 1.743732675512060837e+01
1.381781856406599829e+01 1.975826194051493090e+01
1.175667461346735720e+01 2.330084049149760617e+01
9.695530662868716121e+00 2.817764015055134763e+01
7.634386712270075925e+00 3.764802663447134279e+01
5.573242761671435730e+00 3.913921659379607831e+01
3.512098811072794646e+00 2.859898355369271528e+01
1.450954860474153785e+00 2.339113648089477593e+01
-6.101890901244870768e-01 1.894334465761449593e+01
-2.671333040723127716e+00 1.919460591979915165e+01
-4.732476991321768800e+00 1.688579591915951639e+01
-6.793620941920409884e+00 1.519669762454138784e+01
-8.854764892519050079e+00 1.357512648028678370e+01
-1.091590884311769116e+01 1.252487934658696744e+01
-1.297705279371633225e+01 1.211397935701780781e+01
-1.503819674431497333e+01 1.158127783631366547e+01
-1.709934069491361441e+01 1.082995944872414462e+01
-1.916048464551225550e+01 9.528494927099021794e+00
-2.122162859611089658e+01 1.124423518210710249e+01
-2.328277254670953766e+01 1.081783319703681556e+01
-2.534391649730817520e+01 9.802568989742589167e+00
-2.740506044790681628e+01 1.036532007855472770e+01
-2.946620439850546092e+01 9.236311600994397963e+00
-3.152734834910409845e+01 8.721295125669021431e+00
-3.358849229970273598e+01 8.936733599891248048e+00
-3.564963625030138417e+01 8.070515666813358635e+00
-3.771078020090002525e+01 6.771791222705572544e+00
-3.977192415149866633e+01 7.376598909752039468e+00
-4.183306810209730031e+01 6.995222577907858508e+00
-4.389421205269594140e+01 6.302702543968305093e+00
-4.595535600329458248e+01 6.257101003319965216e+00
-4.801649995389322356e+01 6.346174371274358350e+00
-5.007764390449186465e+01 7.259294314975314855e+00
-5.213878785509050573e+01 6.020453163265330865e+00
-5.419993180568915392e+01 6.998629094181513466e+00
-5.626107575628778790e+01 6.378278515634677959e+00
-5.832221970688642898e+01 6.074087672272582950e+00
-6.038336365748507006e+01 6.167814680714142739e+00
-6.244450760808371115e+01 6.552438975385284081e+00
-6.450565155868235934e+01 4.624327025618706344e+00
-6.656679550928099331e+01 5.851145166270633524e+00
-6.862793945987964150e+01 6.769633968369013211e+00
-7.068908341047827548e+01 5.349541258467183091e+00
-7.275022736107692367e+01 6.823671650559548496e+00
-7.481137131167555765e+01 4.681054115995844533e+00
-7.687251526227419163e+01 4.657817202411104418e+00
-7.893365921287283982e+01 5.571543355950612231e+00
-8.099480316347147379e+01 4.417107337344916118e+00
-8.305594711407012198e+01 6.590446584383973239e+00
-8.511709106466875596e+01 5.803322742860445693e+00
-8.717823501526740415e+01 4.282961565599811671e+00
-8.923937896586603813e+01 4.277565115915705540e+00
-9.130052291646467211e+01 4.544718792738326130e+00
-9.336166686706332030e+01 4.316306039913055947e+00
-9.542281081766195427e+01 4.584875843617299829e+00
-9.748395476826060246e+01 4.607737380145304762e+00
-9.954509871885923644e+01 4.467896610473550467e+00
-1.016062426694578988e+02 5.011314122705646135e+00
-1.036673866200565328e+02 5.087474769773433714e+00
-1.057285305706551668e+02 4.047715595872150907e+00
-1.077896745212538150e+02 3.332846494895683964e+00
-1.098508184718524490e+02 4.039628750148363423e+00
-1.119119624224510972e+02 3.876176659750635523e+00
-1.139731063730497311e+02 3.652899685835823362e+00
-1.160342503236483793e+02 2.897698246041624515e+00
-1.180953942742470133e+02 5.004084593447638341e+00
-1.201565382248456473e+02 4.201290420636909495e+00
-1.222176821754442955e+02 2.955681812824299648e+00
-1.242788261260429294e+02 3.415862586210040686e+00
-1.263399700766415776e+02 3.661172418840080045e+00
-1.284011140272402258e+02 4.563783115648426758e+00
-1.304622579778388740e+02 2.882567811158476712e+00
-1.325234019284374938e+02 3.151921157279745866e+00
-1.345845458790361420e+02 3.304518167406867768e+00
-1.366456898296347617e+02 2.848878342296822908e+00
-1.387068337802334383e+02 3.935927007614349105e+00
-1.407679777308320581e+02 2.814842965119479068e+00
-1.428291216814307063e+02 2.876740761172482230e+00
-1.448902656320293261e+02 2.997452892780400280e+00
-1.469514095826279743e+02 3.006615623463432474e+00
-1.490125535332266224e+02 4.165791317782209013e+00
-1.510736974838252706e+02 1.849986893213882544e+00
-1.531348414344238904e+02 3.689207566611015565e+00
-1.551959853850225386e+02 3.224130117300716414e+00
-1.572571293356211868e+02 3.895644285209619362e+00
-1.593182732862198350e+02 2.966492633558635017e+00
-1.613794172368184832e+02 2.807308227805305201e+00
-1.634405611874171029e+02 2.691809921514551895e+00
-1.655017051380157511e+02 2.688818695413548010e+00
-1.675628490886143993e+02 2.443701673670590324e+00
-1.696239930392130475e+02 3.012161104331219974e+00
-1.716851369898116673e+02 3.107052936873753168e+00
-1.737462809404103155e+02 3.053174899381069896e+00
-1.758074248910089352e+02 2.864150066402443962e+00
-1.778685688416076118e+02 2.813081431403750887e+00
-1.799297127922062316e+02 2.481944677019196632e+00
-1.819908567428048798e+02 2.166127927881964066e+00
-1.840520006934034996e+02 2.604185717247765819e+00
-1.861131446440021762e+02 3.506498785967814502e+00
-1.881742885946007959e+02 2.709438361564970865e+00
-1.902354325451994441e+02 2.693720961964342742e+00
-1.922965764957980639e+02 2.978121305622014159e+00
-1.943577204463967121e+02 5.330329101899994315e-01
-1.964188643969953603e+02 2.246031177362479703e+00
-1.984800083475940085e+02 2.725349955268497659e+00
-2.005411522981926566e+02 2.103423241454390968e+00
-2.026022962487912764e+02 2.689680819162878933e+00
-2.046634401993899246e+02 2.060063560238732716e+00
-2.067245841499885728e+02 2.070555052677279573e+00
-2.087857281005872210e+02 1.149788837044253498e+00
-2.108468720511858407e+02 2.096377785726072585e+00
-2.129080160017844889e+02 2.679397734213715854e+00
-2.149691599523831087e+02 2.623684587812498581e+00
-2.170303039029817853e+02 2.274661716389641875e+00
-2.190914478535804051e+02 7.423357888210069255e-01
-2.211525918041790533e+02 2.278758874519872801e+00
-2.232137357547776730e+02 1.616292573626502582e+00
-2.252748797053763496e+02 2.258044427033329082e+00
-2.273360236559749694e+02 2.165198929152658547e+00
-2.293971676065736176e+02 1.727157393311299360e+00
-2.314583115571722374e+02 2.089114041725998128e+00
-2.335194555077708856e+02 2.754803196844294977e+00
-2.355805994583695337e+02 1.430978303567609800e+00
-2.376417434089681819e+02 2.220260199022613179e+00
-2.397028873595668301e+02 1.833895126686878818e+00
-2.417640313101654499e+02 2.112051159626934460e+00
-2.438251752607640981e+02 1.621649521864051868e+00
-2.458863192113627463e+02 2.371851286347966603e+00
-2.479474631619613945e+02 2.158730880936000407e+00
-2.500086071125600142e+02 2.331001096856829768e+00
-2.520697510631586624e+02 2.753689449809029632e+00
-2.541308950137573106e+02 1.494984315380504913e+00
-2.561920389643559588e+02 2.222128432033823486e+00
-2.582531829149546070e+02 2.112120381302832417e+00
-2.603143268655531983e+02 1.631264678049350048e+00
-2.623754708161519034e+02 3.270742558837789193e+00
-2.644366147667504947e+02 2.831487400214949712e+00
-2.664977587173491429e+02 3.347159668811984456e+00
-2.685589026679477911e+02 2.794058747101361373e+00
-2.706200466185464393e+02 4.079664110881666694e+00
-2.726811905691450875e+02 3.590664184455314434e+00
-2.747423345197436788e+02 5.026486702636141501e+00
