2.589881834297414116e+02 1.480500831363847247e+00
2.569270394791427634e+02 3.787648495009146021e+00
2.548658955285441152e+02 3.987402679439500996e+00
2.528047515779454955e+02 6.509860397724088088e+00
2.507436076273468473e+02 6.315784226072413077e+00
2.486824636767482275e+02 5.746879833778223201e+00
2.466213197261495509e+02 6.417948045378883748e+00
2.445601757755509311e+02 5.869746073832371458e+00
2.424990318249522829e+02 6.467746796563518252e+00
2.404378878743536632e+02 7.784191385164443311e+00
2.383767439237550150e+02 8.480725505241862194e+00
2.363155999731563668e+02 7.466116574702537534e+00
2.342544560225577186e+02 5.027411468290543084e+00
2.321933120719590988e+02 8.013948962593193670e+00
2.301321681213604506e+02 8.837090258494269435e+00
2.280710241707618025e+02 8.443913845838055821e+00
2.260098802201631543e+02 6.876655233346147256e+00
2.239487362695645061e+02 7.053917547226700613e+00
2.218875923189658863e+02 7.385847448514209823e+00
2.198264483683672381e+02 8.703227645415164915e+00
2.177653044177686184e+02 7.670267822559683424e+00
2.157041604671699417e+02 8.424817377780701833e+00
2.136430165165713220e+02 7.751348530321689800e+00
2.115818725659726738e+02 6.703126545636627576e+00
2.095207286153740540e+02 8.873725203470780087e+00
2.074595846647753774e+02 8.922277991649270490e+00
2.053984407141767576e+02 7.942639521672526293e+00
2.033372967635781094e+02 7.425458159219417098e+00
2.012761528129794897e+02 7.243291781839964472e+00
1.992150088623808415e+02 7.869147092075161609e+00
1.971538649117822217e+02 1.039508321259533830e+01
1.950927209611835735e+02 7.036334179355488772e+00
1.930315770105849538e+02 7.039987978538002622e+00
1.909704330599863056e+02 8.729974848075915617e+00
1.889092891093876290e+02 7.834786186743751379e+00
1.868481451587890092e+02 7.950020562601324947e+00
1.847870012081903610e+02 6.895295072747793519e+00
1.827258572575917412e+02 7.315128991275582138e+00
1.806647133069930646e+02 7.184748195908515989e+00
1.786035693563944449e+02 8.566177746273773153e+00
1.765424254057957967e+02 8.762050156490294839e+00
1.744812814551971769e+02 7.925009633878753235e+00
1.724201375045985287e+02 6.779703113877634912e+00
1.703589935539998805e+02 6.824720520563084314e+00
1.682978496034012323e+02 8.246047016682293673e+00
1.662367056528026126e+02 7.907790004244512616e+00
1.641755617022039644e+02 7.404088532596134087e+00
1.621144177516053446e+02 6.558310304009953740e+00
1.600532738010066680e+02 8.223482945197668315e+00
1.579921298504080482e+02 8.313779762586458233e+00
1.559309858998094001e+02 7.095732362976397312e+00
1.538698419492107803e+02 8.852117987421909362e+00
1.518086979986121037e+02 7.865373466155709536e+00
1.497475540480134555e+02 7.785257278179867235e+00
1.476864100974148357e+02 8.111020047048357995e+00
1.456252661468161875e+02 7.636680648342260902e+00
1.435641221962175678e+02 8.810875615803864136e+00
1.415029782456188912e+02 6.897602868709050483e+00
1.394418342950202714e+02 8.186859016454164362e+00
1.373806903444216232e+02 8.964613298685941700e+00
1.353195463938230034e+02 6.443591528118687073e+00
1.332584024432243552e+02 5.337879768182108187e+00
1.311972584926257070e+02 8.878997862812992636e+00
1.291361145420270589e+02 7.799355862021048580e+00
1.270749705914284249e+02 5.842553700896323754e+00
1.250138266408297767e+02 7.531455981404332256e+00
1.229526826902311427e+02 8.308838898990394739e+00
1.208915387396325087e+02 9.180344565849168248e+00
1.188303947890338605e+02 9.786302777944158038e+00
1.167692508384352266e+02 8.066160000693685106e+00
1.147081068878365784e+02 8.013485819662028220e+00
1.126469629372379444e+02 9.572683562930404122e+00
1.105858189866392962e+02 8.144287595561531035e+00
1.085246750360406622e+02 7.723080228187083840e+00
1.064635310854420283e+02 6.680956458977548529e+00
1.044023871348433801e+02 7.471210849359447792e+00
1.023412431842447461e+02 7.713404694667626238e+00
1.002800992336460979e+02 9.755094339258445046e+00
9.821895528304746392e+01 6.288977421851760674e+00
9.615781133244881573e+01 6.864297379337729765e+00
9.409666738185018175e+01 8.034117184849916882e+00
9.203552343125153357e+01 7.683454478485702843e+00
8.997437948065288538e+01 8.607522690329419746e+00
8.791323553005425140e+01 6.479022774430204024e+00
8.585209157945560321e+01 7.403228417548641360e+00
8.379094762885696923e+01 8.304907797312004902e+00
8.172980367825832104e+01 5.869491939432949223e+00
7.966865972765968706e+01 7.404779985023778544e+00
7.760751577706105309e+01 6.533347701812151520e+00
7.554637182646240490e+01 8.381544556149069791e+00
7.348522787586377092e+01 6.684261943569254072e+00
7.142408392526512273e+01 7.766685613009074451e+00
6.936293997466648875e+01 8.658912372959765236e+00
6.730179602406784056e+01 8.864553494084416840e+00
6.524065207346920658e+01 8.018573324898143895e+00
6.317950812287055840e+01 8.163599702680578218e+00
6.111836417227191731e+01 9.685957415254371483e+00
5.905722022167328333e+01 8.126013559632051297e+00
5.699607627107464225e+01 9.977048833593350707e+00
5.493493232047600117e+01 1.195087561172194235e+01
5.287378836987736008e+01 9.945140581028566018e+00
5.081264441927871900e+01 1.193230689570851411e+01
4.875150046868007792e+01 1.248076015608888767e+01
4.669035651808143683e+01 1.398486642257491042e+01
4.462921256748280285e+01 1.575449820292616643e+01
4.256806861688415466e+01 1.590950403678220049e+01
4.050692466628551358e+01 1.841880824569129160e+01
3.844578071568687250e+01 1.965703381261100446e+01
3.638463676508823141e+01 1.989574955035434556e+01
3.432349281448959033e+01 2.002467736444480195e+01
3.226234886389094925e+01 2.044859322800936141e+01
3.020120491329231172e+01 2.088700866410350798e+01
2.814006096269367063e+01 2.266142333079777771e+01
2.607891701209502955e+01 2.433580922303415051e+01
2.401777306149638846e+01 2.615746861746880114e+01
2.195662911089774738e+01 2.776433520353585038e+01
1.989548516029910630e+01 3.247965053735676833e+01
1.783434120970046521e+01 3.724542595643273302e+01
1.577319725910182591e+01 4.711078316633984286e+01
1.371205330850318482e+01 5.851111442145183617e+01
1.165090935790454196e+01 7.499734773447285363e+01
9.589765407305902656e+00 8.503164201978843550e+01
7.528621456707261572e+00 8.473641941201188388e+01
5.467477506108620489e+00 7.784315440875718650e+01
3.406333555509979405e+00 6.605878522253730978e+01
1.345189604911338543e+00 5.042429696828382646e+01
-7.159543456873019851e-01 3.722836378552651837e+01
-2.777098296285942958e+00 2.572538092439890534e+01
-4.838242246884583153e+00 1.845074794720978062e+01
-6.899386197483224237e+00 1.546928905814463562e+01
-8.960530148081865320e+00 1.232275987720960586e+01
-1.102167409868050463e+01 1.043959187891277551e+01
-1.308281804927914571e+01 9.971744821222923605e+00
-1.514396199987778502e+01 8.984039393313418387e+00
-1.720510595047642610e+01 1.008934126758901328e+01
-1.926624990107507074e+01 9.083862517695004968e+00
-2.132739385167370827e+01 9.610054657875837236e+00
-2.338853780227234935e+01 8.123408729200214395e+00
-2.544968175287099044e+01 8.574833004644482060e+00
-2.751082570346962797e+01 8.122914593112167125e+00
-2.957196965406827260e+01 6.547751506489658091e+00
-3.163311360466691369e+01 7.439228571107330268e+00
-3.369425755526555832e+01 7.246583768910078049e+00
-3.575540150586419941e+01 6.030375761574995330e+00
-3.781654545646283339e+01 5.134068265689877286e+00
-3.987768940706147447e+01 4.965100722774777431e+00
-4.193883335766011555e+01 5.757767930794810418e+00
-4.399997730825875664e+01 5.421751330096765464e+00
-4.606112125885739772e+01 5.987483584142850646e+00
-4.812226520945603880e+01 5.334909089001689253e+00
-5.018340916005467989e+01 5.935310337353505439e+00
-5.224455311065331387e+01 6.419014221029939016e+00
-5.430569706125196205e+01 6.411668809286045878e+00
-5.636684101185060314e+01 4.083775088994617164e+00
-5.842798496244924422e+01 5.402862852138802019e+00
-6.048912891304788531e+01 4.898288175386547927e+00
-6.255027286364652639e+01 6.062865841903973596e+00
-6.461141681424517458e+01 4.102166368301789490e+00
-6.667256076484380856e+01 3.389641044408386428e+00
-6.873370471544245675e+01 6.219648887496905587e+00
-7.079484866604109072e+01 3.764749207954267263e+00
-7.285599261663972470e+01 4.101459924097836662e+00
-7.491713656723837289e+01 5.033207417723575716e+00
-7.697828051783700687e+01 5.149712115555836078e+00
-7.903942446843565506e+01 4.125341416600891264e+00
-8.110056841903428904e+01 5.009714851928294799e+00
-8.316171236963293723e+01 4.622246871439591231e+00
-8.522285632023157120e+01 3.846104101394483443e+00
-8.728400027083020518e+01 3.449192753934999800e+00
-8.934514422142885337e+01 2.877192572050510044e+00
-9.140628817202748735e+01 2.891669976231881378e+00
-9.346743212262613554e+01 1.536901323684254139e+00
-9.552857607322476952e+01 3.397337000623533054e+00
-9.758972002382341770e+01 3.730078680042064665e+00
-9.965086397442205168e+01 3.179482090137233374e+00
-1.017120079250206999e+02 2.566525604629226187e+00
-1.037731518756193481e+02 3.269305576807068014e+00
-1.058342958262179820e+02 1.768293004152724057e+00
-1.078954397768166302e+02 3.717650639699401793e+00
-1.099565837274152642e+02 2.203191910238211815e+00
-1.120177276780139124e+02 4.227383162203294908e+00
-1.140788716286125464e+02 2.727634482441337216e+00
-1.161400155792111804e+02 2.487737759804983462e+00
-1.182011595298098285e+02 2.883675685194138971e+00
-1.202623034804084625e+02 2.717724853559729592e+00
-1.223234474310071107e+02 3.482046435764210468e+00
-1.243845913816057447e+02 3.320753703106746446e+00
-1.264457353322043929e+02 3.460263496582626885e+00
-1.285068792828030269e+02 3.460487564495491331e+00
-1.305680232334016750e+02 2.837101905989853456e+00
-1.326291671840003232e+02 3.965623163881336843e+00
-1.346903111345989430e+02 2.350340329377753168e+00
-1.367514550851975912e+02 2.398069287172497788e+00
-1.388125990357962394e+02 3.169140175502934031e+00
-1.408737429863948876e+02 1.243742649726532035e+00
-1.429348869369935073e+02 2.516370814072768081e+00
-1.449960308875921555e+02 2.536610879252109374e+00
-1.470571748381907753e+02 3.055340919980953363e+00
-1.491183187887894519e+02 1.894563560342058972e+00
-1.511794627393880717e+02 3.215188927422117704e+00
-1.532406066899867199e+02 3.039082862504360882e+00
-1.553017506405853396e+02 2.208831001342706823e+00
-1.573628945911839878e+02 2.480643357218887957e+00
-1.594240385417826644e+02 2.715909807790931385e+00
-1.614851824923812842e+02 1.087834396805017478e+00
-1.635463264429799324e+02 1.016732185586886494e+00
-1.656074703935785521e+02 7.699480246714930365e-01
-1.676686143441772288e+02 1.578588828573310288e+00
-1.697297582947758485e+02 2.460059485410124758e+00
-1.717909022453744967e+02 1.078243363102261654e+00
-1.738520461959731165e+02 3.105562652135298141e+00
-1.759131901465717647e+02 2.556123563348396743e+00
-1.779743340971704129e+02 3.278367439231963498e+00
-1.800354780477690610e+02 2.085330630976324873e+00
-1.820966219983676808e+02 1.920591422987937724e+00
-1.841577659489663290e+02 1.379109521369429769e+00
-1.862189098995649488e+02 2.488612024183509686e+00
-1.882800538501636254e+02 1.888217900928056192e+00
-1.903411978007622452e+02 1.875148444451167018e+00
-1.924023417513608933e+02 1.606075396541894351e+00
-1.944634857019595131e+02 1.442328537256909904e+00
-1.965246296525581613e+02 2.721143428952224941e+00
-1.985857736031568379e+02 1.772455322123745125e+00
-2.006469175537554861e+02 2.688197890442642013e+00
-2.027080615043541343e+02 9.577190847341693347e-01
-2.047692054549527541e+02 2.227214793084222766e+00
-2.068303494055514022e+02 6.213223264052299966e-01
-2.088914933561500504e+02 5.345507794165337279e-01
-2.109526373067486986e+02 2.150772737438161553e+00
-2.130137812573473184e+02 9.516029417418233605e-01
-2.150749252079459666e+02 2.266330737063164236e+00
-2.171360691585445863e+02 2.177408726334077560e+00
-2.191972131091432630e+02 4.171076817407284865e-01
-2.212583570597418827e+02 1.186949798919431753e+00
-2.233195010103405309e+02 1.745044043862333361e+00
-2.253806449609391507e+02 8.446679650954840302e-01
-2.274417889115377989e+02 1.620891972143188253e+00
-2.295029328621364471e+02 2.388364040629511909e+00
-2.315640768127350952e+02 -7.991001282946582629e-01
-2.336252207633337150e+02 1.842777067673977642e+00
-2.356863647139323632e+02 5.050243473411043515e-01
-2.377475086645310398e+02 1.819723957986096596e-01
-2.398086526151296596e+02 1.073319356915053202e+00
-2.418697965657283078e+02 5.212406355834454663e-01
-2.439309405163269275e+02 5.922169596367496958e-01
-2.459920844669255757e+02 1.599854547377936642e+00
-2.480532284175242239e+02 1.422361588402893728e+00
-2.501143723681228721e+02 1.539512155657805748e+00
-2.521755163187214919e+02 1.470950823451213862e+00
-2.542366602693201401e+02 1.778327888672127433e+00
-2.562978042199187598e+02 3.712803198082025080e+00
-2.583589481705174080e+02 1.001352152229523645e-01
-2.604200921211160562e+02 1.707040195869492738e+00
-2.624812360717147044e+02 2.135593776373537533e+00
-2.645423800223133526e+02 1.488461578299066668e+00
-2.666035239729120008e+02 5.180489366307688748e+00
