2.507979967164078801e+02 2.831634494721627870e+00
2.487368527658092319e+02 4.853129864363237012e+00
2.466757088152105837e+02 2.134219618336380631e+00
2.446145648646119639e+02 5.771130063832162982e+00
2.425534209140133157e+02 3.047732274720567958e+00
2.404922769634146960e+02 4.417205155900860269e+00
2.384311330128160193e+02 5.400693595723314644e+00
2.363699890622173996e+02 4.046309455050094428e+00
2.343088451116187514e+02 5.923445185957432635e+00
2.322477011610201316e+02 6.043242745319216347e+00
2.301865572104214834e+02 6.131306245945954636e+00
2.281254132598228352e+02 6.032070503999567457e+00
2.260642693092241871e+02 4.806656018068747649e+00
2.240031253586255389e+02 7.104279416720387985e+00
2.219419814080269191e+02 6.574889698694291518e+00
2.198808374574282425e+02 7.091675674999176060e+00
2.178196935068296227e+02 6.791388284423731214e+00
2.157585495562309745e+02 6.414426849571423617e+00
2.136974056056323548e+02 6.243591267657965460e+00
2.116362616550337066e+02 7.628150039129745430e+00
2.095751177044350584e+02 6.047540795460554897e+00
2.075139737538364102e+02 7.040779980198490939e+00
2.054528298032377904e+02 6.822511214445738048e+00
2.033916858526391422e+02 5.659593508975445886e+00
2.013305419020405225e+02 6.106660847507692225e+00
1.992693979514418459e+02 6.146625880593885149e+00
1.972082540008432545e+02 6.761444681997015316e+00
1.951471100502446063e+02 6.412571462829087743e+00
1.930859660996459581e+02 5.615019109919141549e+00
1.910248221490473099e+02 7.396948617603880116e+00
1.889636781984486902e+02 7.595746399623371836e+00
1.869025342478500420e+02 7.023691953265562837e+00
1.848413902972514222e+02 6.511759373091380532e+00
1.827802463466527456e+02 7.867130283202897090e+00
1.807191023960540974e+02 6.120384331412300760e+00
1.786579584454554777e+02 6.785760014655854100e+00
1.765968144948568295e+02 6.545395011904902027e+00
1.745356705442582097e+02 9.165244771520441702e+00
1.724745265936595331e+02 6.433201311503520259e+00
1.704133826430609133e+02 5.357642590328939747e+00
1.683522386924622651e+02 6.248930579137135233e+00
1.662910947418636454e+02 5.184474583372446155e+00
1.642299507912649688e+02 7.263300017194563196e+00
1.621688068406663490e+02 6.670374811269135229e+00
1.601076628900677008e+02 7.118242042830776661e+00
1.580465189394690810e+02 5.617949425144355580e+00
1.559853749888704328e+02 7.390169664609946842e+00
1.539242310382717847e+02 7.555206791018046708e+00
1.518630870876731365e+02 7.501313117682647302e+00
1.498019431370745167e+02 7.166270955241400564e+00
1.477407991864758685e+02 7.630037702116077902e+00
1.456796552358772203e+02 6.221431689202799653e+00
1.436185112852785721e+02 6.607009040402704869e+00
1.415573673346799239e+02 5.218755560924345005e+00
1.394962233840813042e+02 8.866406554048978705e+00
1.374350794334826560e+02 6.910162259117063499e+00
1.353739354828840078e+02 5.043853092350156331e+00
1.333127915322853596e+02 8.078935299625898736e+00
1.312516475816867398e+02 7.163426660447006711e+00
1.291905036310880917e+02 5.698942036833002156e+00
1.271293596804894435e+02 6.181956930386682814e+00
1.250682157298908095e+02 5.723601139991395748e+00
1.230070717792921613e+02 7.127881829167119321e+00
1.209459278286935273e+02 6.941872276839598399e+00
1.188847838780948933e+02 6.216956269754403408e+00
1.168236399274962451e+02 6.043741312339985683e+00
1.147624959768976112e+02 5.044686272829793872e+00
1.127013520262989630e+02 6.629185744367734223e+00
1.106402080757003290e+02 5.142538931092766497e+00
1.085790641251016808e+02 5.662545384010447158e+00
1.065179201745030468e+02 6.838209597046530419e+00
1.044567762239044129e+02 5.257408132180944271e+00
1.023956322733057647e+02 7.411565777044117453e+00
1.003344883227071307e+02 5.764934818748812084e+00
9.827334437210848250e+01 6.339818133170600056e+00
9.621220042150984852e+01 7.044212365188482039e+00
9.415105647091120034e+01 5.871395325485344152e+00
9.208991252031256636e+01 6.647111495727036967e+00
9.002876856971393238e+01 6.118928774954486727e+00
8.796762461911526998e+01 5.051794076115133869e+00
8.590648066851663600e+01 5.737773399681024955e+00
8.384533671791798781e+01 7.248279118034378854e+00
8.178419276731935383e+01 5.680772519965200829e+00
7.972304881672070564e+01 6.108465717992059396e+00
7.766190486612207167e+01 5.973824773293840096e+00
7.560076091552343769e+01 7.877202824878485110e+00
7.353961696492478950e+01 7.304592447186569970e+00
7.147847301432615552e+01 6.045704300022798350e+00
6.941732906372750733e+01 6.573353312784677271e+00
6.735618511312887335e+01 5.167682994239421568e+00
6.529504116253022517e+01 5.203801889745012232e+00
6.323389721193159119e+01 5.784604607041920588e+00
6.117275326133295010e+01 6.500287496026735390e+00
5.911160931073430191e+01 5.365496101562100328e+00
5.705046536013566794e+01 6.018471278615304954e+00
5.498932140953702685e+01 4.114204242772504294e+00
5.292817745893838577e+01 6.165465346422132953e+00
5.086703350833974469e+01 5.881132469984378552e+00
4.880588955774110360e+01 4.340675700658590763e+00
4.674474560714246252e+01 6.104595092694190761e+00
4.468360165654382143e+01 4.897067774325857492e+00
4.262245770594518746e+01 7.202320059742306491e+00
4.056131375534654637e+01 5.549111324655770616e+00
3.850016980474789818e+01 6.836496394770140483e+00
3.643902585414925710e+01 5.104752484032100135e+00
3.437788190355061602e+01 5.736298935802079058e+00
3.231673795295198204e+01 5.799062520572089596e+00
3.025559400235333740e+01 7.565246337577568703e+00
2.819445005175469632e+01 7.512756512778188345e+00
2.613330610115605879e+01 6.248410357297460749e+00
2.407216215055741060e+01 8.290206922739972839e+00
2.201101819995876951e+01 7.868242823939929131e+00
1.994987424936013198e+01 1.055622914511403465e+01
1.788873029876149090e+01 1.423062232893417622e+01
1.582758634816284982e+01 1.666227985398415967e+01
1.376644239756420873e+01 1.903823717797028792e+01
1.170529844696556943e+01 2.398266103243788194e+01
9.644154496366928342e+00 2.696792070448642775e+01
7.583010545768288146e+00 3.125869328083939180e+01
5.521866595169647063e+00 3.125639712680790439e+01
3.460722644571005979e+00 2.834799476217996528e+01
1.399578693972364674e+00 2.501051604722819732e+01
-6.615652566262759660e-01 2.163002035028612369e+01
-2.722709207224917272e+00 1.746000372616316554e+01
-4.783853157823557467e+00 1.742783787001317464e+01
-6.844997108422197662e+00 1.378510652895019994e+01
-8.906141059020837858e+00 1.274229866001692280e+01
-1.096728500961948072e+01 1.104659493220678534e+01
-1.302842896021812180e+01 1.178069270014354153e+01
-1.508957291081676111e+01 1.134814318046446147e+01
-1.715071686141540397e+01 9.718802082497678185e+00
-1.921186081201404505e+01 7.131684601149163250e+00
-2.127300476261268258e+01 8.426076278693971133e+00
-2.333414871321132722e+01 8.730470331058878486e+00
-2.539529266380996475e+01 7.215392869399615883e+00
-2.745643661440860583e+01 6.308116312865587716e+00
-2.951758056500724337e+01 7.159467424535070457e+00
-3.157872451560588445e+01 7.328948398075486814e+00
-3.363986846620452553e+01 6.630380839566711870e+00
-3.570101241680316662e+01 6.160015964768823515e+00
-3.776215636740181480e+01 5.686532007255455490e+00
-3.982330031800044878e+01 6.627339948011937487e+00
-4.188444426859908987e+01 4.834916262053595482e+00
-4.394558821919773095e+01 4.084217002552533948e+00
-4.600673216979637203e+01 5.280501639487144239e+00
-4.806787612039501312e+01 4.790877873183571722e+00
-5.012902007099365420e+01 4.395093096940594357e+00
-5.219016402159229528e+01 5.481895469331053761e+00
-5.425130797219092926e+01 4.182156961404837503e+00
-5.631245192278957035e+01 5.501462774193828231e+00
-5.837359587338821854e+01 3.657134703326749836e+00
-6.043473982398685962e+01 5.496101803844855915e+00
-6.249588377458550070e+01 5.446063063306314511e+00
-6.455702772518414179e+01 3.174913633877126440e+00
-6.661817167578278998e+01 3.850101509388187626e+00
-6.867931562638142395e+01 3.617832322304159742e+00
-7.074045957698007214e+01 4.760161752323424977e+00
-7.280160352757870612e+01 4.080633756942079415e+00
-7.486274747817734010e+01 3.680553270845443592e+00
-7.692389142877598829e+01 2.331612789332721203e+00
-7.898503537937462227e+01 3.332424950187286683e+00
-8.104617932997327046e+01 2.251347722734160950e+00
-8.310732328057190443e+01 4.016303984436414787e+00
-8.516846723117055262e+01 4.723672755636115994e+00
-8.722961118176918660e+01 2.925842636479933478e+00
-8.929075513236782058e+01 3.347773656914707630e+00
-9.135189908296646877e+01 2.327964616746443394e+00
-9.341304303356510275e+01 2.411462445973222124e+00
-9.547418698416375094e+01 3.595237833737561672e+00
-9.753533093476238491e+01 2.579814167397043612e+00
-9.959647488536103310e+01 1.342606970255362464e+00
-1.016576188359596671e+02 2.912146614397122857e+00
-1.037187627865583011e+02 4.610759149878775887e-01
-1.057799067371569635e+02 3.756861155208723879e+00
-1.078410506877555974e+02 2.163225931026348192e+00
-1.099021946383542456e+02 3.224019783118589277e+00
-1.119633385889528796e+02 2.646583011183935241e+00
-1.140244825395515278e+02 1.620405851527261243e+00
-1.160856264901501618e+02 2.939019789737118860e+00
-1.181467704407487957e+02 6.221683232536137087e-01
-1.202079143913474439e+02 9.969035013504269349e-01
-1.222690583419460779e+02 1.853604586252092012e+00
-1.243302022925447261e+02 3.088893393311801905e+00
-1.263913462431433601e+02 2.398211761849889267e+00
-1.284524901937420225e+02 -9.959494154942725996e-02
-1.305136341443406423e+02 6.651122996115284014e-01
-1.325747780949392904e+02 1.141785260419830861e+00
-1.346359220455379102e+02 2.101523621452686896e+00
-1.366970659961365868e+02 1.216862967245963656e+00
-1.387582099467352066e+02 1.652846951418031951e+00
-1.408193538973338548e+02 2.168939038378780992e+00
-1.428804978479324745e+02 2.843142764980929882e-01
-1.449416417985311227e+02 2.172500347854429137e-01
-1.470027857491297709e+02 1.058651189733440079e+00
-1.490639296997284191e+02 2.051486415575056732e+00
-1.511250736503270389e+02 3.372891749619401636e-01
-1.531862176009256871e+02 3.081077469213038711e+00
-1.552473615515243353e+02 1.097602024784045227e+00
-1.573085055021229834e+02 -4.250694604468689686e-03
-1.593696494527216032e+02 8.337782353930479617e-01
-1.614307934033202514e+02 8.588717299737896882e-03
-1.634919373539188712e+02 -2.381744643180859489e-01
-1.655530813045175478e+02 -6.287419975354927582e-01
-1.676142252551161960e+02 -6.863825684784956582e-01
-1.696753692057148157e+02 5.457708564428543491e-02
-1.717365131563134639e+02 2.728351215809231012e-01
-1.737976571069120837e+02 6.265581893887930409e-01
-1.758588010575107603e+02 3.275935147167245542e+00
-1.779199450081093801e+02 1.113746257104604592e-01
-1.799810889587080283e+02 1.118378209636548437e+00
-1.820422329093066480e+02 1.485225062576488175e-01
-1.841033768599053246e+02 4.478036319636474749e-02
-1.861645208105039444e+02 5.742829600009452529e-01
-1.882256647611025926e+02 -2.402204225969576612e+00
-1.902868087117012124e+02 3.158736415039209433e-01
-1.923479526622998605e+02 2.127682080416859467e+00
-1.944090966128985087e+02 1.136583490561555720e+00
-1.964702405634971569e+02 -1.114438485443368876e+00
-1.985313845140958051e+02 9.295147290322488542e-01
-2.005925284646944533e+02 1.148676768167579132e-01
-2.026536724152931015e+02 4.095483889286385959e-01
-2.047148163658917213e+02 -1.511386981842079535e+00
-2.067759603164903979e+02 5.351487788938714685e-01
-2.088371042670890176e+02 3.201943541926577375e-01
-2.108982482176876658e+02 -1.409601208036093123e+00
-2.129593921682862856e+02 -4.954599668545709434e-01
-2.150205361188849338e+02 -8.438539298321898752e-01
-2.170816800694835820e+02 1.197814580349821023e+00
-2.191428240200822302e+02 8.117269413978259740e-01
-2.212039679706808499e+02 5.943923098707315500e-01
-2.232651119212794981e+02 1.600769613247869927e+00
-2.253262558718781463e+02 2.049245624830515200e-01
-2.273873998224767945e+02 -2.066426564338176952e+00
-2.294485437730754143e+02 -1.279826959989944113e+00
-2.315096877236740625e+02 -1.421689413683822956e+00
-2.335708316742726822e+02 -5.281884942452234055e-01
-2.356319756248713588e+02 -1.052817919883472841e+00
-2.376931195754699786e+02 2.953702782354258871e-01
-2.397542635260686268e+02 -7.553797825436860958e-01
-2.418154074766672750e+02 3.988144384030857248e-01
-2.438765514272658947e+02 5.591868896560903135e-01
-2.459376953778645714e+02 -8.664125712179215899e-01
-2.479988393284631911e+02 9.934897843915678761e-01
-2.500599832790618393e+02 -1.010326959696250526e+00
-2.521211272296604591e+02 -1.681220444853084306e-01
-2.541822711802591073e+02 -6.044374808032829671e-01
-2.562434151308577839e+02 1.001997189537153554e+00
-2.583045590814563752e+02 -4.788170843796385467e-01
-2.603657030320550234e+02 -4.697625590439553633e-01
-2.624268469826536716e+02 6.995566319097931141e-01
-2.644879909332523198e+02 5.780645475784490506e-01
-2.665491348838509111e+02 -6.974358351866395411e-01
-2.686102788344496162e+02 1.481292277516350619e+00
-2.706714227850482644e+02 1.185977741084648374e+00
-2.727325667356468557e+02 1.953195287518238343e+00
-2.747937106862455039e+02 3.215870742289517192e+00
