# BEGINHEADER
# This file contains data from the SALSA 2m radio telescope.
# DATE=2021-11-27T22:30:0020
# GLON and GLAT given in degrees
# GLON=108.85091088920467
# GLAT=-0.05487758962281731
# DATA in two columns below. Col. 1 is velocity relative to LSR [km/s]. Col. 2 is uncalibrated antenna temperature [K].
# ENDHEADER
265.4639902258105 0.5724512207736776
263.4028462752119 3.051383685930215
261.3417023246132 5.695915457088372
259.2805583740146 4.493580712816049
257.21941442341597 4.385203400844843
255.1582704728173 4.174560588023969
253.09712652221867 5.687905644347332
251.03598257162002 5.014333016516336
248.9748386210214 4.0510614385678085
246.91369467042276 5.608219145180031
244.8525507198241 2.1163004407929638
242.79140676922546 3.4163449614984076
240.73026281862684 7.6167388081567955
238.6691188680282 5.967468128735843
236.60797491742957 6.967602861753806
234.5468309668309 6.401247448750522
232.48568701623228 5.429812576550471
230.42454306563363 6.581181134000067
228.363399115035 6.979877843270841
226.30225516443636 6.442332264511819
224.24111121383768 5.552186635220608
222.17996726323906 4.650346204577017
220.11882331264042 6.100249223091167
218.0576793620418 5.340857619339286
215.99653541144312 6.057209895872675
213.9353914608445 6.3829519889851385
211.87424751024585 7.057108863221299
209.81310355964723 6.720913665068736
207.75195960904858 6.015677126423131
205.69081565844994 6.400826604485548
203.6296717078513 6.95641500414295
201.56852775725267 6.120412911351776
199.50738380665402 5.5415854928821995
197.4462398560554 6.0186743710841775
195.38509590545672 6.567753324252613
193.3239519548581 6.601603049222757
191.26280800425945 5.98823008187895
189.20166405366083 7.146571891642012
187.14052010306216 6.12355580783612
185.0793761524635 6.552030532663883
183.0182322018649 7.074629290577323
180.95708825126624 7.338612506020571
178.89594430066762 6.40000717217786
176.83480035006895 5.131679788885078
174.77365639947033 6.2730582908905514
172.71251244887168 5.588043711136014
170.65136849827306 5.8443524729832745
168.5902245476744 6.498716396771248
166.52908059707576 5.2339180946979
164.4679366464771 7.112234918240312
162.4067926958785 6.847024569708362
160.34564874527985 6.3444526050411
158.2845047946812 5.8080214289601
156.22336084408255 5.713149574295841
154.16221689348393 5.680227265384699
152.10107294288528 4.359928509248156
150.03992899228666 5.717025181831834
147.97878504168798 7.576028970804544
145.91764109108934 8.026319919852147
143.85649714049072 7.0996927603096385
141.79535318989207 5.832457219935639
139.73420923929345 5.563604316331359
137.67306528869477 6.417871766348503
135.61192133809615 5.569946675446898
133.5507773874975 5.953200062327885
131.48963343689888 5.47070368588121
129.42848948630024 4.591328363153754
127.36734553570159 6.866529125119003
125.30620158510294 5.406317631195234
123.2450576345043 6.779318660904954
121.18391368390566 6.029957372092424
119.12276973330702 5.932275285108069
117.06162578270838 6.493001293503108
115.00048183210974 6.087700157386098
112.93933788151111 6.0702315082630935
110.87819393091246 6.452437959720725
108.81704998031383 4.992871553394743
106.75590602971518 6.669635132131878
104.69476207911654 5.858933735528178
102.63361812851791 6.415468252544797
100.57247417791926 5.275375758187034
98.51133022732063 4.735081769636384
96.45018627672198 7.455787812765408
94.38904232612335 7.103327868835414
92.3278983755247 5.997973949482562
90.26675442492605 6.409754211954274
88.20561047432741 6.133415416855848
86.14446652372877 6.6803297007789215
84.08332257313013 6.497224368621342
82.02217862253148 5.70035381593041
79.96103467193285 5.792233942724938
77.8998907213342 6.737171580791224
75.83874677073557 4.824037979581114
73.77760282013693 5.006573435639628
71.71645886953829 5.791428661824622
69.65531491893965 5.377664265335144
67.594170968341 6.38609032452616
65.53302701774237 5.93847816958292
63.47188306714373 5.9340408059564735
61.41073911654508 7.2471644595860445
59.34959516594644 5.169654403632602
57.2884512153478 6.14820714371208
55.22730726474916 5.582750477615311
53.16616331415052 5.177659596453565
51.10501936355188 5.753269441886682
49.04387541295324 4.152609280898355
46.9827314623546 5.793527592527488
44.92158751175596 6.899184408845124
42.86044356115731 6.4851729580044974
40.79929961055867 6.199903171752615
38.738155659960036 6.556074417523467
36.677011709361395 5.949374098569936
34.615867758762754 5.961875935375642
32.55472380816411 6.586331363484942
30.49357985756547 5.710342040617694
28.432435906966834 6.157604520555528
26.37129195636819 6.088719335260773
24.31014800576955 7.8112749875377085
22.249004055170907 8.34541201185062
20.187860104572266 7.550129445886069
18.12671615397362 9.181424628048383
16.065572203374984 9.966515288220778
14.004428252776343 10.72491986550032
11.943284302177705 15.014510696792142
9.882140351579062 20.167266295025794
7.820996400980421 29.058094855391364
5.759852450381781 41.81588892729319
3.69870849978314 57.44026644327361
1.6375645491844995 72.71364119647703
-0.4235794014141414 91.15487162794194
-2.4847233520127823 94.1359979270176
-4.545867302611423 88.4100437035047
-6.607011253210063 86.56674363595188
-8.668155203808706 79.59596278793492
-10.729299154407345 73.52518699087558
-12.790443105005988 67.10746385672482
-14.851587055604627 55.49802715059594
-16.912731006203266 47.040849194525016
-18.973874956801907 36.898974240959234
-21.035018907400552 33.83481515167446
-23.096162857999193 30.21826339274239
-25.15730680859783 30.907091229211012
-27.218450759196468 32.88746222750138
-29.27959470979511 36.11379423907955
-31.340738660393754 38.88129686604615
-33.40188261099239 41.59023576387749
-35.463026561591036 46.280449068940136
-37.52417051218968 49.76466298741886
-39.58531446278832 51.181644325801926
-41.64645841338696 57.09569919050258
-43.70760236398559 64.50486660238225
-45.768746314584234 72.62045441322874
-47.829890265182875 78.21668612820072
-49.89103421578152 81.5432040409171
-51.95217816638016 80.65277107117373
-54.013322116978806 77.50486177777302
-56.07446606757745 71.05244858068225
-58.13561001817608 63.85690012890671
-60.19675396877472 56.84086449936422
-62.25789791937336 50.43683843643504
-64.31904186997201 49.893473390207724
-66.38018582057065 47.08215562149657
-68.4413297711693 43.980268023558146
-70.50247372176793 38.297330363984365
-72.56361767236658 36.01589069481183
-74.62476162296521 30.240455205615252
-76.68590557356386 25.22522753950396
-78.74704952416249 21.875389675690588
-80.80819347476113 18.450752176271607
-82.86933742535977 16.235401880292947
-84.93048137595841 16.662629004694015
-86.99162532655706 15.887481976154834
-89.05276927715569 16.212756659042878
-91.11391322775432 17.38842947640077
-93.17505717835297 20.19735574931912
-95.2362011289516 22.562879018314426
-97.29734507955025 23.7788571051206
-99.35848903014889 23.062336914054857
-101.41963298074754 21.77263541111892
-103.48077693134618 18.90471235992899
-105.54192088194482 15.23010571839877
-107.60306483254347 12.812417755594215
-109.6642087831421 11.280321668635619
-111.72535273374075 9.868938476969388
-113.78649668433938 9.490643110963513
-115.84764063493803 7.989515935085601
-117.90878458553667 7.355961704927846
-119.9699285361353 6.785086107582004
-122.03107248673395 7.1838824792798155
-124.09221643733258 6.12535899363988
-126.15336038793123 6.09176039985036
-128.21450433852988 5.479751337307137
-130.27564828912853 3.888259600186524
-132.33679223972717 3.667270368188056
-134.3979361903258 4.1087590953652535
-136.45908014092444 5.2958976891798475
-138.52022409152306 2.6597335668897197
-140.5813680421217 4.51807882727454
-142.64251199272036 2.89549575505493
-144.703655943319 3.1545295589473903
-146.76479989391763 2.9718823670354153
-148.82594384451627 2.17251796179015
-150.8870877951149 4.0111432165191685
-152.94823174571357 2.744618092733119
-155.0093756963122 1.7573833316484373
-157.07051964691084 2.5620269919164036
-159.13166359750946 3.1942763142932526
-161.1928075481081 2.65333474316083
-163.25395149870678 2.1815628362150536
-165.3150954493054 1.678894698579206
-167.37623939990405 2.580208192237179
-169.43738335050267 1.3234092553413046
-171.49852730110135 3.189225427038831
-173.55967125169997 2.0102439394678058
-175.62081520229862 2.8582353623901087
-177.68195915289724 2.3184327445823123
-179.74310310349588 1.180799067839679
-181.80424705409453 1.6577964462948138
-183.86539100469318 2.56371113858743
-185.9265349552918 1.3332523365883475
-187.98767890589045 1.8280695171913435
-190.04882285648907 1.8589824049209
-192.10996680708774 1.033393814525013
-194.17111075768636 2.4780059329944577
-196.232254708285 2.1067980361151797
-198.29339865888363 2.3191861871627255
-200.3545426094823 1.1553525629460912
-202.41568656008096 2.7471744080285654
-204.47683051067958 2.1887952398309753
-206.53797446127822 1.4585684048678893
-208.59911841187684 1.0517683228418488
-210.66026236247552 0.6934171698065626
-212.72140631307414 1.0550438044506603
-214.7825502636728 -0.4242943090918939
-216.8436942142714 1.3869035335019604
-218.90483816487006 2.068958570031494
-220.9659821154687 2.7998127851157895
-223.02712606606735 1.688571627521028
-225.08827001666597 1.2014913733486132
-227.14941396726462 0.7101152848041922
-229.21055791786324 1.3224524588170863
-231.27170186846192 1.5122948253979307
-233.33284581906054 0.26600738074863695
-235.39398976965919 1.0036650864722731
-237.4551337202578 1.113491222787712
-239.51627767085648 0.7110307763953991
-241.57742162145513 1.2993784572996505
-243.63856557205375 1.700917368629349
-245.6997095226524 1.9674704426754133
-247.76085347325102 1.38696573788279
-249.8219974238497 3.158730694396269
-251.88314137444831 2.1766437053938112
-253.94428532504696 2.5893619982617544
-256.0054292756456 3.118821352951407
-258.0665732262442 2.350600224386619
-260.1277171768429 3.145893521129607
