# BEGINHEADER
# This file contains data from the SALSA 2m radio telescope.
# DATE=2021-12-04T07:13:0001
# GLON and GLAT given in degrees
# GLON=83.87692377785685
# GLAT=0.0234640179942809
# DATA in two columns below. Col. 1 is velocity relative to LSR [km/s]. Col. 2 is uncalibrated antenna temperature [K].
# ENDHEADER
265.3846449425175 1.9438408005156271
263.32350099191893 4.017822021150441
261.26235704132023 3.8141793437593865
259.20121309072164 5.81308830816436
257.140069140123 4.388132366189188
255.0789251895243 5.595875177801365
253.01778123892566 7.425212740723896
250.95663728832704 6.062795692975914
248.8954933377284 6.06947164006518
246.83434938712978 6.016303009020735
244.7732054365311 4.54444656173016
242.71206148593248 5.527137778378312
240.65091753533383 5.325861941909579
238.5897735847352 6.903578123035487
236.52862963413654 7.714120237564166
234.46748568353792 6.663530294901965
232.40634173293927 5.239165039084313
230.34519778234065 6.75599398093378
228.284053831742 6.705255485972935
226.22290988114335 5.889633120241807
224.1617659305447 6.652673654622334
222.10062197994608 5.4540602435444665
220.03947802934744 7.977994809286628
217.97833407874882 4.272070351285889
215.91719012815014 6.442063383453114
213.8560461775515 5.177078417446251
211.79490222695287 7.0254095343602465
209.73375827635422 6.883042943568083
207.6726143257556 4.584230567792678
205.61147037515693 6.127338711946294
203.5503264245583 8.602489440739573
201.48918247395966 7.1162396176733145
199.42803852336104 6.014816145871364
197.36689457276236 6.647835999963753
195.30575062216374 7.799743397670541
193.2446066715651 6.912202428882135
191.18346272096647 5.506839219458206
189.12231877036783 6.568340609183898
187.06117481976918 6.566452884046923
185.00003086917053 6.406315411272578
182.9388869185719 6.944105629227054
180.87774296797326 6.421981378100787
178.81659901737464 7.816715276598959
176.75545506677597 6.426734208272781
174.69431111617732 7.880399231954698
172.6331671655787 7.453742153268565
170.57202321498005 5.4892646195278765
168.5108792643814 6.079992014841789
166.44973531378275 7.660998591044589
164.38859136318413 7.199773257903309
162.32744741258549 7.063208583078795
160.26630346198687 7.220242731757465
158.2051595113882 7.1740908628275974
156.14401556078957 7.546293285847682
154.08287161019092 7.145476134869678
152.0217276595923 6.92192622405688
149.96058370899365 7.192409430002041
147.899439758395 5.702586161074304
145.83829580779636 6.47448480034345
143.77715185719774 8.080915403265656
141.7160079065991 7.061908278054878
139.6548639560004 5.711690608435399
137.5937200054018 8.069069160156412
135.53257605480314 6.7934334718530875
133.47143210420452 6.692579511761784
131.41028815360588 6.431892307264094
129.34914420300723 6.26472671141121
127.2880002524086 5.938999716639857
125.22685630180996 4.2778628565893735
123.16571235121133 9.171239264413433
121.10456840061268 6.776286900165713
119.04342445001403 6.018755099969947
116.98228049941538 7.506675076467188
114.92113654881675 6.803642307495705
112.8599925982181 7.605574665966279
110.79884864761947 7.020761600088414
108.73770469702083 6.261771365613304
106.67656074642218 5.2749981144764
104.61541679582355 5.176582656718935
102.5542728452249 7.824577683075385
100.49312889462627 8.359959617800511
98.43198494402762 5.459860822716848
96.37084099342898 6.282847736060798
94.30969704283035 6.075943515211395
92.2485530922317 6.679715544305418
90.18740914163307 5.15045601461381
88.12626519103442 5.695516964715704
86.06512124043579 5.7574518570800395
84.00397728983715 6.005022098873692
81.9428333392385 5.52444422382389
79.88168938863986 5.7675106874068565
77.82054543804121 7.73983653973226
75.75940148744257 7.222833888155486
73.69825753684393 7.546922356853342
71.63711358624529 4.962172765948844
69.57596963564666 6.040698365801844
67.51482568504801 6.059137182294925
65.45368173444938 7.3138904709488886
63.392537783850734 5.740352060063869
61.33139383325209 6.116529549980503
59.27024988265345 6.09117272525998
57.20910593205481 6.509358675148499
55.14796198145617 5.335281778320758
53.08681803085753 5.406330364435817
51.02567408025888 6.489929829604928
48.96453012966024 6.555115780927213
46.9033861790616 5.231875014261983
44.84224222846296 4.367309267903116
42.78109827786432 7.8628660757310325
40.719954327265675 7.191482568295379
38.65881037666704 6.510128793188851
36.5976664260684 5.874084048137612
34.53652247546976 4.6372700358717225
32.47537852487111 5.699153757977266
30.414234574272474 7.126153514500622
28.353090623673836 7.557858736712743
26.29194667307519 7.438318468797899
24.23080272247655 9.550084814529788
22.16965877187791 13.861986227119138
20.10851482127927 18.699910025241866
18.047370870680627 24.223335093473338
15.986226920081988 32.24563360245002
13.925082969483347 44.71360142835897
11.863939018884707 59.19914650437902
9.802795068286065 72.36947983772895
7.741651117687425 80.46036247217762
5.680507167088785 83.97679929261024
3.6193632164901444 85.84182675097739
1.5582192658915028 80.61794162666536
-0.5029246847071378 87.77207599418065
-2.5640686353057784 87.92380966952922
-4.6252125859044195 83.8596649114214
-6.68635653650306 82.73767042481528
-8.747500487101702 78.59598436870166
-10.808644437700343 74.71030709559204
-12.869788388298982 68.92626619012174
-14.930932338897623 62.18348372184376
-16.992076289496264 51.61448730647612
-19.053220240094905 47.473838835499194
-21.114364190693546 37.685477892347365
-23.175508141292188 32.64391682488917
-25.23665209189083 30.673777304790832
-27.297796042489466 26.927681419862246
-29.358939993088107 28.60008482352878
-31.420083943686752 28.037132757461528
-33.48122789428539 31.719267337608745
-35.54237184488403 37.80891565027022
-37.60351579548267 42.257270071409
-39.66465974608131 45.57667644045794
-41.725803696679954 48.28790939473214
-43.786947647278595 51.30400104939684
-45.848091597877236 48.127707673871654
-47.90923554847588 43.49149834601976
-49.97037949907451 40.07753907118095
-52.03152344967315 35.29630213530748
-54.09266740027179 32.114616731972795
-56.153811350870434 26.93660637860806
-58.214955301469075 25.49993145242972
-60.276099252067716 23.908513930901382
-62.33724320266635 25.097685265134274
-64.39838715326499 30.505417628209972
-66.45953110386364 30.087811293480684
-68.52067505446227 34.52829598068368
-70.58181900506091 38.01626609831544
-72.64296295565956 41.526645341602006
-74.7041069062582 41.56192438437168
-76.76525085685685 42.324801133989695
-78.82639480745549 44.46708582301004
-80.88753875805413 38.899438509150876
-82.94868270865277 35.29178349811445
-85.0098266592514 32.67916246773642
-87.07097060985005 28.523395060164052
-89.13211456044868 25.72843934001003
-91.19325851104733 23.56977186903432
-93.25440246164597 22.682333314364392
-95.31554641224461 19.946979084472904
-97.37669036284325 16.402149790181515
-99.43783431344188 16.67740590108415
-101.49897826404053 9.741314326088485
-103.56012221463916 11.94079315649082
-105.62126616523781 10.264322861259323
-107.68241011583645 8.714544791136156
-109.74355406643508 7.616703595368301
-111.80469801703373 7.8766632129951155
-113.86584196763238 6.632617460094535
-115.92698591823103 4.797839504795392
-117.98812986882966 5.400790174764518
-120.04927381942831 4.198746909171193
-122.11041777002694 4.443745308912055
-124.17156172062558 2.578543417288196
-126.23270567122422 5.788571406436765
-128.29384962182286 4.883820136219569
-130.3549935724215 2.4948213283477116
-132.41613752302015 3.9953476586672383
-134.4772814736188 3.9441173839208408
-136.53842542421742 3.753650569371138
-138.59956937481607 2.429388184414585
-140.6607133254147 3.565995783541486
-142.72185727601337 3.888728878148168
-144.783001226612 3.6440063600443655
-146.84414517721063 4.226522015609893
-148.90528912780925 1.6280770726771865
-150.9664330784079 3.5529446040590864
-153.02757702900655 3.6813623510205074
-155.0887209796052 2.100434822101038
-157.14986493020382 3.2644630816793976
-159.21100888080247 3.3614906411425296
-161.27215283140112 3.974535299210216
-163.33329678199976 2.5192938956792674
-165.39444073259838 3.357242760291898
-167.45558468319703 3.0448475622430524
-169.51672863379565 0.7795940646923522
-171.57787258439433 1.6356803265954154
-173.63901653499298 2.7576272663755668
-175.7001604855916 2.9358162904973164
-177.76130443619024 1.991415447614072
-179.82244838678886 1.8418990144647098
-181.88359233738754 3.6112395839590694
-183.94473628798616 4.339864416615776
-186.0058802385848 2.0639503625718993
-188.06702418918343 0.6155400757436247
-190.1281681397821 4.34542032391079
-192.18931209038072 2.052578162652293
-194.25045604097937 2.318168304659225
-196.311599991578 1.9040623299401525
-198.37274394217664 1.1401735271112423
-200.4338878927753 3.6254103204315222
-202.49503184337394 2.7628902460182028
-204.55617579397256 1.102058801428734
-206.6173197445712 1.8364977672569014
-208.67846369516982 1.5521180847360552
-210.7396076457685 1.7929639105267559
-212.80075159636715 4.00654614012222
-214.86189554696577 2.654179647560255
-216.92303949756442 2.9685141809288393
-218.98418344816307 1.450952092673029
-221.0453273987617 1.8861308128813603
-223.10647134936033 4.188172384775778
-225.16761529995898 3.6348594448990914
-227.2287592505576 1.6786240890087614
-229.28990320115628 3.5226046054211593
-231.3510471517549 1.9865498015481418
-233.41219110235355 2.3387058799002802
-235.47333505295217 1.7081345054525232
-237.5344790035508 1.3640097005766112
-239.59562295414946 2.42436447999901
-241.6567669047481 2.850892189729453
-243.71791085534673 2.3040453058342174
-245.77905480594538 3.761032388583647
-247.840198756544 3.760938556889763
-249.90134270714267 1.4193462681700941
-251.96248665774132 3.255133177880685
-254.02363060833994 2.9422810025867974
-256.0847745589386 2.218612777227212
-258.14591850953724 3.6649263156963063
-260.2070624601359 3.683621749337398
