# BEGINHEADER
# This file contains data from the SALSA 2m radio telescope.
# DATE=2021-12-04T08:04:0043
# GLON and GLAT given in degrees
# GLON=66.91211478768821
# GLAT=5.146504033507853
# DATA in two columns below. Col. 1 is velocity relative to LSR [km/s]. Col. 2 is uncalibrated antenna temperature [K].
# ENDHEADER
269.0695659002064 6.291294741471192
267.0084219496078 12.361096222687083
264.94727799900915 13.09821326592384
262.8861340484105 14.12541441204433
260.82499009781185 12.946632277046096
258.7638461472132 12.435422520037951
256.7027021966146 13.952262278030197
254.64155824601593 16.124466531664158
252.58041429541728 14.095151057120335
250.51927034481866 16.570644954275725
248.45812639422002 17.5762753757945
246.3969824436214 13.487207743786563
244.33583849302272 15.557583874791671
242.2746945424241 15.372029317343118
240.21355059182545 17.328142179562402
238.15240664122683 15.452868683198723
236.09126269062818 15.89949625463045
234.0301187400295 16.036794867991908
231.9689747894309 17.063651348789264
229.90783083883224 15.91685233230823
227.84668688823362 15.928013368909015
225.78554293763494 17.285218538974853
223.72439898703632 15.590497577698253
221.66325503643768 17.993958305288057
219.60211108583906 16.997975784374646
217.5409671352404 17.507332296865222
215.47982318464176 14.64342016992697
213.4186792340431 14.149994894900042
211.3575352834445 16.061330643592683
209.29639133284584 15.988963618330864
207.23524738224722 16.553934289593723
205.17410343164855 16.96458705688753
203.11295948104993 18.168800992557347
201.05181553045128 15.271952521364826
198.99067157985266 16.28623883500722
196.929527629254 16.66444057118221
194.86838367865533 16.163306291490066
192.80723972805671 17.1013923679345
190.74609577745807 16.103944752859952
188.68495182685945 17.004689272302635
186.62380787626077 16.756298608225453
184.56266392566215 18.714800717216246
182.5015199750635 16.92909972148437
180.44037602446488 18.592834777935163
178.37923207386623 17.111012974223367
176.3180881232676 16.088012540259367
174.25694417266894 16.897494470061112
172.19580022207032 15.14564186339346
170.13465627147167 16.793040899455452
168.07351232087305 15.969433331002351
166.01236837027437 17.068635992536144
163.95122441967575 16.696070359290687
161.8900804690771 16.252461934374036
159.82893651847849 15.795580052692259
157.7677925678798 14.997395627366734
155.70664861728116 14.661582392550597
153.64550466668254 15.715489632075052
151.5843607160839 13.661694384739945
149.52321676548527 15.946206204528501
147.4620728148866 15.627369308079222
145.40092886428798 16.218069966510924
143.33978491368933 17.507169110362046
141.2786409630907 15.533401817094527
139.21749701249206 13.994203250764155
137.1563530618934 16.290953911605563
135.09520911129476 15.62397039060057
133.03406516069614 12.924665095074378
130.9729212100975 16.375388178894028
128.91177725949885 16.38527532349458
126.85063330890021 17.414522327677084
124.78948935830157 16.354121882306693
122.72834540770293 15.451677314315388
120.66720145710428 15.324402055436517
118.60605750650565 16.546151680404538
116.544913555907 15.529207086634534
114.48376960530837 15.309843009128903
112.42262565470973 15.391834389066846
110.36148170411109 14.191202996951965
108.30033775351245 15.757279646888476
106.2391938029138 16.59974415004523
104.17804985231517 15.879734102660914
102.11690590171652 16.07456331624459
100.05576195111789 16.504007100526536
97.99461800051922 14.275451616720703
95.93347404992058 14.673977624792359
93.87233009932194 17.131495489664438
91.81118614872331 16.32860381682462
89.75004219812466 16.160638353848544
87.68889824752603 15.496699115024848
85.62775429692738 14.921084085495883
83.56661034632874 15.849212824876453
81.5054663957301 15.814134185669852
79.44432244513146 13.299905697950576
77.38317849453283 13.9761311235976
75.32203454393418 14.17827973322682
73.26089059333555 15.258189839700947
71.1997466427369 14.144745864753164
69.13860269213826 12.914705543706862
67.07745874153962 16.68485489363724
65.01631479094098 13.857528348895563
62.95517084034233 14.202657900961531
60.89402688974369 14.277685344348173
58.83288293914505 14.504450583552906
56.77173898854642 15.854472375778855
54.710595037947776 15.272696925396138
52.649451087349135 15.90851299810608
50.58830713675049 15.805757825294645
48.52716318615185 13.68050425463541
46.46601923555321 15.31286435009017
44.40487528495457 16.96047704762804
42.34373133435593 16.990775370583105
40.282587383757296 17.12530739468714
38.221443433158655 17.72622257561928
36.16029948256001 20.887390263486772
34.09915553196137 24.66999918015362
32.03801158136273 23.09341784681019
29.97686763076409 26.127348248053767
27.91572368016545 27.15020430463513
25.854579729566805 32.544080359861276
23.793435778968167 37.01779589510524
21.732291828369526 40.48352149847322
19.671147877770885 47.60237195341248
17.610003927172244 53.40676642029279
15.548859976573603 59.28271962668129
13.487716025974962 67.49242092975257
11.426572075376322 68.68270371343193
9.36542812477768 74.94789463298275
7.30428417417904 72.61007648407191
5.243140223580398 66.75402438520894
3.1819962729817575 69.75510467804462
1.120852322383117 64.43766305021235
-0.9402916282155237 59.03542653278585
-3.0014355788141645 55.31664096016466
-5.0625795294128055 48.79234456135843
-7.123723480011446 44.11349007398667
-9.184867430610085 37.61480601245393
-11.246011381208728 32.89629658277714
-13.307155331807367 32.02933723457343
-15.36829928240601 29.621887818773097
-17.429443233004648 28.184840269735773
-19.49058718360329 24.091022057207983
-21.551731134201933 24.335033157695182
-23.612875084800574 23.748569284909138
-25.674019035399212 21.58400383754638
-27.735162985997853 22.205660326267495
-29.796306936596494 19.213499344639843
-31.857450887195135 18.649893771803313
-33.918594837793776 18.135248948484783
-35.97973878839242 17.812548961986433
-38.04088273899106 17.44647617110761
-40.1020266895897 17.240935562647543
-42.16317064018833 17.333738346578986
-44.224314590786975 17.54699019973297
-46.28545854138562 18.146209176271036
-48.346602491984264 20.023364211935082
-50.40774644258291 19.81305912107691
-52.468890393181546 21.666376261298296
-54.53003434378019 20.557824577304288
-56.59117829437883 21.965547372770523
-58.65232224497747 26.542496091303214
-60.71346619557611 26.895497140358735
-62.77461014617475 28.452994358600897
-64.8357540967734 29.74029850653055
-66.89689804737203 30.321565074326333
-68.95804199797068 29.302332518444146
-71.01918594856932 29.039371108583016
-73.08032989916795 25.35649357331687
-75.1414738497666 26.062505233166927
-77.20261780036523 22.88511088943104
-79.26376175096388 21.546997024309285
-81.32490570156251 20.920224634521798
-83.38604965216116 20.62055662681922
-85.4471936027598 20.987489170426816
-87.50833755335843 20.241364389576468
-89.56948150395708 18.08901142488128
-91.63062545455571 17.89752826838036
-93.69176940515437 18.07560205106034
-95.75291335575301 16.73475770417175
-97.81405730635166 17.11136242278992
-99.87520125695028 17.008414864676663
-101.93634520754892 16.693438155012583
-103.99748915814756 18.023043852384447
-106.0586331087462 17.306573373299525
-108.11977705934484 17.768182713693616
-110.18092100994348 17.078416935796493
-112.24206496054212 14.93049077254931
-114.30320891114076 13.913863902045515
-116.3643528617394 12.444172352630943
-118.42549681233804 10.441779010492864
-120.48664076293669 11.584033239796911
-122.54778471353532 10.234528039054487
-124.60892866413396 11.430955720651534
-126.6700726147326 7.80546033258058
-128.73121656533124 9.038159162750802
-130.7923605159299 9.703810150490554
-132.85350446652853 9.675004649464451
-134.91464841712718 9.695404485235654
-136.9757923677258 8.989908156837105
-139.03693631832445 8.678316277790348
-141.09808026892307 9.363350496355888
-143.15922421952175 9.924622562598561
-145.22036817012037 9.806281871202884
-147.28151212071901 8.633789078714242
-149.34265607131763 9.410030283858307
-151.40380002191628 9.944865232662554
-153.46494397251496 9.006748882282091
-155.52608792311358 9.377003634339816
-157.58723187371223 8.947956038350721
-159.64837582431085 8.788224559014948
-161.70951977490952 10.395166180076808
-163.77066372550814 8.883902702786616
-165.8318076761068 9.888647172773632
-167.8929516267054 9.619306360509691
-169.95409557730406 10.417803591055833
-172.0152395279027 10.332473256442062
-174.07638347850136 9.096846356425257
-176.13752742909998 8.195940350217278
-178.19867137969862 9.070079125870716
-180.25981533029724 9.944065158903605
-182.32095928089592 10.098580880572328
-184.38210323149454 10.597598542734298
-186.4432471820932 9.909058611175253
-188.5043911326918 9.497499597943085
-190.56553508329046 10.672528992839444
-192.62667903388913 7.21389757421266
-194.68782298448775 8.007519687893376
-196.7489669350864 9.775201789522562
-198.81011088568502 7.361734384597802
-200.8712548362837 9.219067681718998
-202.93239878688232 8.838500511364828
-204.99354273748096 10.819454278564512
-207.05468668807958 8.496529343658263
-209.11583063867823 6.633077123202388
-211.17697458927688 8.090104123188484
-213.23811853987553 7.791801037927224
-215.29926249047415 9.23227177939145
-217.3604064410728 9.95313330780665
-219.42155039167142 10.889845788345596
-221.4826943422701 9.390975868122565
-223.5438382928687 9.964562931541813
-225.60498224346736 10.900504831496857
-227.66612619406598 8.688273088801989
-229.72727014466466 9.415912109022203
-231.7884140952633 9.946205540775175
-233.84955804586193 10.139167981020368
-235.91070199646057 10.583759303266799
-237.9718459470592 8.9935403275132
-240.03298989765787 10.211002541665392
-242.0941338482565 8.04295616296773
-244.15527779885514 9.03696038858395
-246.21642174945376 9.553715175847307
-248.2775657000524 9.701549634267847
-250.33870965065105 9.86978362721059
-252.3998536012497 9.948428575169855
-254.46099755184832 7.9886970667171235
-256.52214150244697 11.608495974331968
