# BEGINHEADER
# This file contains data from the SALSA 2m radio telescope.
# DATE=2021-12-04T08:55:0045
# GLON and GLAT given in degrees
# GLON=359.8376472854643
# GLAT=25.315697472178524
# DATA in two columns below. Col. 1 is velocity relative to LSR [km/s]. Col. 2 is uncalibrated antenna temperature [K].
# ENDHEADER
281.49335259268224 4.564065797202399
279.43220864208365 8.96649723156272
277.37106469148495 9.143475860965031
275.3099207408863 9.41922061962539
273.2487767902877 9.033448735967633
271.18763283968906 11.30997206688484
269.1264888890904 11.336696445927698
267.06534493849176 12.17710359696848
265.0042009878931 11.29685262863602
262.9430570372945 12.096886617012022
260.8819130866958 12.328323993373772
258.8207691360972 13.796082006382672
256.7596251854986 14.246242241996733
254.69848123489993 9.916203801340728
252.63733728430125 12.146486711515763
250.57619333370263 13.464000182376074
248.51504938310399 13.332620967216094
246.45390543250537 13.700952257977887
244.39276148190672 13.640087553606753
242.33161753130807 14.776698930402592
240.27047358070942 13.954716286426798
238.2093296301108 12.175006595698154
236.14818567951215 13.610018696832483
234.08704172891353 10.469535336936989
232.02589777831486 14.740027354791128
229.96475382771624 12.641632297103133
227.9036098771176 11.733995474423702
225.84246592651897 12.711258992306433
223.78132197592032 12.29160621746974
221.72017802532167 13.751673126969397
219.65903407472302 13.340604497049126
217.5978901241244 12.102087709263833
215.53674617352576 11.32926551899891
213.47560222292708 12.956520650283062
211.41445827232846 11.93251311676947
209.3533143217298 15.129867907357879
207.2921703711312 10.717402140650655
205.23102642053254 14.234787831379881
203.1698824699339 14.169213617837444
201.10873851933525 11.00394488781882
199.04759456873663 12.114523981201588
196.98645061813798 15.03448497049508
194.92530666753936 14.50108639266196
192.86416271694068 12.348098370222935
190.80301876634206 14.684864177249628
188.74187481574342 13.623951065078705
186.6807308651448 12.691904204673715
184.61958691454612 14.315768978990143
182.5584429639475 13.754173601374069
180.49729901334885 13.42123634395346
178.43615506275023 13.329690426269426
176.37501111215158 15.93728239393725
174.3138671615529 14.07506112789656
172.2527232109543 14.212550162957433
170.19157926035564 12.44583059800891
168.13043530975702 12.940404630218012
166.06929135915837 15.069906148627096
164.00814740855972 16.234320790350278
161.94700345796107 12.430791316250712
159.88585950736245 14.05557716246721
157.8247155567638 11.642392940864974
155.76357160616516 11.825313669755271
153.7024276555665 12.433891743330133
151.6412837049679 13.605128121115914
149.58013975436924 13.939022781055177
147.51899580377062 13.389356986487869
145.45785185317195 15.13644465987554
143.39670790257333 14.234146822579007
141.33556395197468 14.691374858917996
139.27442000137606 14.426616169779278
137.2132760507774 12.032660441289181
135.15213210017873 11.30123486790068
133.0909881495801 12.386003939897465
131.02984419898146 12.303461947021034
128.96870024838282 11.948013459048761
126.9075562977842 13.794645917225035
124.84641234718556 10.342151703225872
122.78526839658691 12.167436206364723
120.72412444598828 15.444813296678328
118.66298049538963 11.687512607658219
116.601836544791 11.769345288604981
114.54069259419234 11.016389586980441
112.4795486435937 13.497652536927117
110.41840469299507 12.973583608645097
108.35726074239642 15.421072931505416
106.29611679179779 13.650815191782847
104.23497284119914 12.772274139435778
102.1738288906005 13.087408592677544
100.11268494000187 11.120487202837735
98.05154098940322 12.108596639521227
95.99039703880459 13.84525764433457
93.92925308820594 13.961381347723208
91.8681091376073 10.640205900972155
89.80696518700866 13.541811646422612
87.74582123641002 11.226415119894668
85.68467728581139 12.268678445073835
83.62353333521274 12.778741014054038
81.56238938461411 14.590622639705591
79.50124543401546 9.81925358652894
77.44010148341681 11.835848127012518
75.37895753281816 13.112412577006525
73.31781358221953 11.238574954806737
71.2566696316209 14.454515023394645
69.19552568102225 11.54379511727991
67.13438173042361 10.600291272086798
65.07323777982498 11.294390683634756
63.01209382922633 12.687475180914445
60.95094987862769 13.051462953643577
58.88980592802905 9.74441296380761
56.82866197743041 12.734490341904051
54.767518026831766 10.377693137559605
52.706374076233125 11.561820656857213
50.64523012563449 10.91712455652826
48.58408617503585 11.261977619200204
46.52294222443721 13.624504563720079
44.46179827383857 11.62726378970995
42.40065432323993 12.31478779524682
40.339510372641286 11.995366390162475
38.278366422042645 12.691041328935432
36.217222471444 12.86942040915327
34.15607852084537 13.704993584716464
32.09493457024672 11.379970928474023
30.033790619648084 13.07655589572412
27.972646669049443 12.663680049825878
25.9115027184508 15.545685425226239
23.85035876785216 14.481112196548162
21.78921481725352 13.645742691733224
19.72807086665488 15.690186237955409
17.666926916056237 16.177341525192304
15.605782965457596 15.746381892117276
13.544639014858957 20.155339538745118
11.483495064260314 21.16056915126222
9.422351113661675 22.491714894720864
7.361207163063033 28.18574002286653
5.3000632124643925 36.02698502007649
3.2389192618657523 43.05374455081526
1.177775311267111 47.083739972490086
-0.8833686393315299 40.3701373200017
-2.9445125899301705 33.76209828083836
-5.005656540528811 27.230353891353705
-7.066800491127452 22.020589818933697
-9.127944441726093 18.38342677145137
-11.189088392324734 15.126647977692462
-13.250232342923374 15.38171184571746
-15.311376293522015 15.059756292724021
-17.372520244120654 14.74107971551422
-19.433664194719295 14.411172292214546
-21.494808145317936 11.1365100986396
-23.555952095916577 8.008250404169404
-25.61709604651522 11.129411572425708
-27.67823999711386 11.462335517103696
-29.7393839477125 13.159782005116178
-31.800527898311138 9.153345656403092
-33.861671848909786 8.705751109286712
-35.92281579950842 8.194008663562348
-37.98395975010706 9.016675935752625
-40.0451037007057 7.259743253929719
-42.10624765130434 10.18931555192753
-44.167391601902985 10.256845652366106
-46.228535552501626 6.681379056160815
-48.289679503100274 11.7220074976428
-50.350823453698915 7.519281516042005
-52.411967404297556 6.558233560055592
-54.4731113548962 8.799318039755631
-56.53425530549484 9.36199073942422
-58.59539925609348 5.5793263771704416
-60.65654320669211 6.755048188381569
-62.717687157290754 9.025952988516382
-64.7788311078894 6.850455629082998
-66.83997505848804 8.755123367796172
-68.90111900908667 6.761080832437879
-70.96226295968532 6.940708494781945
-73.02340691028395 6.797397312531336
-75.0845508608826 8.794001716565926
-77.14569481148123 6.619831098748725
-79.2068387620799 6.051477214478869
-81.26798271267853 7.452737522501047
-83.32912666327717 5.642292579316349
-85.39027061387581 7.7262608905233945
-87.45141456447445 6.551691624608297
-89.5125585150731 5.495177275068088
-91.57370246567173 5.973392627274937
-93.63484641627036 6.044311956756439
-95.69599036686901 7.618514084765005
-97.75713431746765 8.954197113834102
-99.8182782680663 6.244375318734467
-101.87942221866493 5.114645540787885
-103.94056616926358 4.773383938744633
-106.00171011986221 5.283840181019385
-108.06285407046084 6.475716501241359
-110.12399802105949 4.974960580283422
-112.18514197165813 6.945031581408486
-114.24628592225677 8.238159447831432
-116.30742987285542 8.060060748458351
-118.36857382345407 4.977491955775446
-120.4297177740527 8.275645432489778
-122.49086172465134 5.84303874559025
-124.55200567524999 6.455728797410442
-126.61314962584862 3.5440492076860846
-128.67429357644727 5.637381619502355
-130.7354375270459 7.240047006615032
-132.79658147764454 7.443046355345976
-134.8577254282432 5.179551020832527
-136.91886937884183 6.342976613794462
-138.98001332944048 7.332618447379379
-141.0411572800391 6.373121485267626
-143.10230123063775 5.197104663821678
-145.1634451812364 5.656477983113413
-147.22458913183505 6.6756731631584625
-149.28573308243367 8.056093951813983
-151.3468770330323 6.671594723431726
-153.40802098363093 7.386024778144567
-155.4691649342296 6.620151705943227
-157.53030888482823 3.8574101454055665
-159.59145283542688 5.656733662371715
-161.6525967860255 5.787655867614948
-163.71374073662415 5.484982714760166
-165.7748846872228 7.331440911505118
-167.83602863782144 6.052691774061497
-169.89717258842006 6.496618146774063
-171.9583165390187 4.632735057390075
-174.0194604896174 5.5497037990345905
-176.080604440216 6.948100414642799
-178.14174839081466 7.143963960238632
-180.20289234141327 5.79447814622326
-182.26403629201192 6.950128831172487
-184.32518024261057 5.21281933930936
-186.38632419320922 6.226611412967356
-188.44746814380784 7.753637367066118
-190.5086120944065 4.782546831880446
-192.5697560450051 5.920609502313919
-194.63089999560378 4.677222625230392
-196.6920439462024 5.759531311068056
-198.75318789680105 4.80069188319283
-200.81433184739967 4.872875396145275
-202.87547579799835 3.2553021120355563
-204.93661974859697 2.94800145116537
-206.99776369919562 6.500399049311142
-209.05890764979424 4.9950725739232436
-211.12005160039288 6.465160097900302
-213.18119555099156 6.622304882944308
-215.24233950159018 7.030131600809918
-217.30348345218883 6.383587242694743
-219.36462740278745 3.6945027902724545
-221.4257713533861 5.729777657284307
-223.48691530398474 8.451373339468791
-225.5480592545834 4.474236682623291
-227.609203205182 5.159436413901951
-229.67034715578066 5.965398721049539
-231.7314911063793 6.248918900060928
-233.79263505697796 6.36458455804942
-235.85377900757658 6.340335663345553
-237.91492295817523 8.024717969987124
-239.97606690877384 6.039719926602315
-242.03721085937252 8.46259214215824
-244.09835480997114 10.423099584866845
