# BEGINHEADER
# This file contains data from the SALSA 2m radio telescope.
# DATE=2021-12-04T07:49:0059
# GLON and GLAT given in degrees
# GLON=45.86677513397572
# GLAT=5.211862832601976
# DATA in two columns below. Col. 1 is velocity relative to LSR [km/s]. Col. 2 is uncalibrated antenna temperature [K].
# ENDHEADER
269.90758039638314 2.6974384385745065
267.84643644578455 6.696086449852795
265.78529249518584 5.312943829589417
263.72414854458725 7.731996955935111
261.6630045939886 7.230727472897857
259.60186064338995 8.712783201056965
257.5407166927913 9.827278125222714
255.47957274219266 7.3475770722879785
253.41842879159404 8.927285759611307
251.3572848409954 10.439260568071747
249.29614089039677 9.698057927765074
247.2349969397981 9.904605714997812
245.17385298919945 10.201131280472682
243.11270903860083 10.90021066484411
241.05156508800218 10.365259151848763
238.99042113740353 7.325591391018796
236.92927718680488 10.21752661615838
234.86813323620626 11.518434240241298
232.8069892856076 11.19171638184854
230.745845335009 10.002277564116673
228.68470138441032 12.712688612335556
226.6235574338117 10.967714242544556
224.56241348321305 9.093022082859347
222.50126953261443 9.470760277943802
220.44012558201578 10.113221545533976
218.37898163141713 10.894275127590609
216.31783768081849 8.910010858897868
214.25669373021987 9.6154190885671
212.19554977962122 11.232379595286226
210.13440582902257 11.052870137936875
208.07326187842392 10.323638266731624
206.01211792782527 10.505036373748394
203.95097397722665 10.504021804089565
201.889830026628 9.450456680980478
199.82868607602936 11.30358717309189
197.76754212543068 10.063084374335807
195.70639817483206 10.161704268142588
193.6452542242334 10.482793357039542
191.5841102736348 9.332817789738327
189.52296632303614 8.774904559795742
187.4618223724375 10.621322085711041
185.40067842183885 9.337865763396657
183.33953447124023 10.89489434128375
181.27839052064158 9.825947214938324
179.21724657004296 9.519657167929962
177.15610261944428 12.214311323514718
175.09495866884566 7.931309796771218
173.03381471824702 7.083003669079658
170.9726707676484 10.013054471171458
168.91152681704972 9.170727575483838
166.85038286645107 8.842463376999747
164.78923891585245 9.045148023741879
162.7280949652538 8.145409518368682
160.66695101465518 9.107426593823835
158.6058070640565 8.209360715912288
156.5446631134579 9.017112493530332
154.48351916285924 9.397408799976965
152.42237521226062 9.935893447278497
150.36123126166197 6.29203862607559
148.30008731106332 7.770894479325133
146.23894336046467 6.4083748986407425
144.17779940986605 5.832086720678294
142.1166554592674 7.631977812221282
140.05551150866876 7.334973173993664
137.9943675580701 7.871793187908165
135.9332236074715 7.397202024121174
133.87207965687284 5.78557280767407
131.81093570627422 6.066739854057312
129.74979175567555 6.350389529410395
127.68864780507691 5.8486949640425205
125.62750385447828 4.971635056516227
123.56635990387964 4.9084626596484116
121.505215953281 7.264708845992674
119.44407200268236 6.1364523580811285
117.38292805208371 6.1998196893485575
115.32178410148508 6.242362730924776
113.26064015088643 2.1902596839891424
111.19949620028778 4.781190547482823
109.13835224968915 5.708884201808294
107.0772082990905 6.121371403862777
105.01606434849187 6.424682579482254
102.95492039789322 6.618955053661248
100.89377644729458 4.6960844617616075
98.83263249669594 5.280827464415745
96.7714885460973 8.049728713534115
94.71034459549867 5.7498963088735096
92.64920064490002 4.937237309376976
90.58805669430139 5.768095491438917
88.52691274370274 6.165760206245293
86.4657687931041 5.432144088288109
84.40462484250546 5.766334612494456
82.34348089190682 6.14901321708028
80.28233694130819 7.745656333644686
78.22119299070954 7.342032564151931
76.1600490401109 6.396095028053602
74.09890508951226 8.36586163249369
72.03776113891361 9.2771597402088
69.97661718831498 10.821600857203912
67.91547323771633 12.365674267241513
65.8543292871177 11.850806564978857
63.79318533651905 13.76881846786837
61.73204138592041 15.232986264886204
59.67089743532177 14.918311605551771
57.60975348472313 15.911100268667571
55.54860953412449 16.687050262468986
53.48746558352585 18.202594962271174
51.426321632927205 18.006263497010167
49.365177682328564 17.547946457153806
47.30403373172993 17.96736938989475
45.24288978113129 17.201893920149377
43.18174583053264 22.304749370730885
41.120601879934 20.292561151940657
39.05945792933536 24.405367195336147
36.99831397873672 24.42064470409481
34.937170028138084 28.29292965962602
32.87602607753944 30.944806576547215
30.8148821269408 31.42804965702112
28.753738176342157 31.822208431373983
26.692594225743516 30.570588489079228
24.63145027514488 31.529521267404608
22.570306324546237 31.513312163239434
20.509162373947596 32.23179325609501
18.44801842334895 30.752377798705787
16.386874472750314 33.365626035629916
14.325730522151673 34.309763785166
12.264586571553032 37.097615326645716
10.203442620954391 39.908276897345736
8.142298670355752 41.180014250892064
6.08115471975711 42.04658000995088
4.020010769158469 46.61356124788917
1.9588668185598286 43.47729059954492
-0.10227713203881218 34.083179859858554
-2.163421082637453 22.991908321243933
-4.224565033236094 16.546303225375336
-6.285708983834735 11.639035250936951
-8.346852934433375 7.590807488191977
-10.407996885032016 4.84673484339122
-12.469140835630657 3.7961926117987455
-14.530284786229299 4.703397231334078
-16.591428736827936 3.9982089044576496
-18.652572687426577 5.354178522314127
-20.713716638025222 5.288288739440866
-22.774860588623863 5.6101384563560694
-24.8360045392225 6.809962325475333
-26.89714848982114 5.565607759504464
-28.958292440419786 6.086813739450431
-31.019436391018424 5.119628884524517
-33.080580341617065 5.050489171134212
-35.141724292215706 6.5301493595020235
-37.20286824281435 7.014842324894417
-39.26401219341299 6.900264562784048
-41.32515614401163 7.380271719837595
-43.38630009461027 7.688196166728759
-45.44744404520891 7.496403412844331
-47.508587995807545 8.431957002300637
-49.569731946406186 10.550036063825388
-51.63087589700483 8.857113211444618
-53.692019847603476 8.701604923167507
-55.75316379820212 6.815584985585908
-57.81430774880076 7.59506902181756
-59.8754516993994 6.4945042003791755
-61.93659564999803 6.78828939185376
-63.997739600596674 8.35275159198326
-66.05888355119532 11.466557406323494
-68.12002750179396 11.470324449945261
-70.18117145239259 9.192042140048171
-72.24231540299124 8.947645469016127
-74.30345935358987 10.114426006210417
-76.36460330418852 8.907323304345132
-78.42574725478715 6.753938080622107
-80.4868912053858 6.936980013963583
-82.54803515598445 6.703322427728547
-84.60917910658308 3.842289209831129
-86.67032305718173 4.782262594264462
-88.73146700778037 3.419865221989792
-90.79261095837902 2.8160379608894752
-92.85375490897765 3.1034878359632674
-94.9148988595763 3.6000777483137054
-96.97604281017493 3.171400812915924
-99.03718676077357 2.822049071407377
-101.09833071137221 3.32995280311473
-103.15947466197085 3.3272056371736682
-105.2206186125695 4.1469882829624325
-107.28176256316813 0.5559259452176593
-109.34290651376678 1.4811731993855968
-111.40405046436541 1.6138269399334395
-113.46519441496405 2.1515826763976102
-115.5263383655627 3.1792333032062783
-117.58748231616133 2.21789080242344
-119.64862626675998 2.5432557002444716
-121.70977021735862 1.6209111489087045
-123.77091416795726 3.1979267147785158
-125.8320581185559 3.1570517824732787
-127.89320206915454 3.4792882897746953
-129.9543460197532 0.6171477035870095
-132.01548997035184 1.530886772243947
-134.07663392095046 0.818834643802521
-136.1377778715491 0.75866412993061
-138.19892182214772 3.401012521358003
-140.26006577274637 3.2758483272577434
-142.32120972334505 2.252977353932577
-144.38235367394367 1.7951499634155128
-146.44349762454232 1.5426404853434312
-148.50464157514094 2.1818037802267463
-150.5657855257396 0.9137924786006556
-152.62692947633823 2.154846790467744
-154.68807342693688 1.783236973907974
-156.7492173775355 0.8212487855411393
-158.81036132813415 2.046880620046742
-160.8715052787328 -0.5434607468515166
-162.93264922933145 -0.4462728044647476
-164.99379317993007 2.450150644383247
-167.0549371305287 0.38750388995570395
-169.11608108112733 1.6215094911057124
-171.177225031726 1.3162599275430704
-173.23836898232463 -0.7304395504266944
-175.29951293292328 -0.07547602163043583
-177.3606568835219 1.4790513896884319
-179.42180083412055 0.5269925206199942
-181.48294478471922 1.3268281113770826
-183.54408873531784 2.392331863721807
-185.6052326859165 2.422590664695774
-187.6663766365151 0.9127303000347877
-189.7275205871138 2.006363506956657
-191.7886645377124 0.3358824031357584
-193.84980848831106 1.6261616174639535
-195.91095243890967 1.0696609259223355
-197.97209638950832 2.3971703852035544
-200.03324034010694 2.2760964664831493
-202.0943842907056 1.5421625989058831
-204.1555282413042 0.8811545361163655
-206.21667219190286 0.7899204627355414
-208.2778161425015 0.8369567441477422
-210.33896009310016 0.4640527538713558
-212.40010404369878 0.0564297756986338
-214.46124799429742 0.278711309434011
-216.52239194489607 0.3138136081228447
-218.58353589549472 0.4378726593152112
-220.64467984609337 -0.05749636208721731
-222.705823796692 1.575606628288688
-224.76696774729064 -0.08447481906945402
-226.82811169788928 -0.5033161133687779
-228.88925564848793 -0.04059429674467918
-230.95039959908655 1.6229904032619131
-233.0115435496852 1.0834450776298494
-235.07268750028382 -0.588005226208129
-237.1338314508825 -0.0814205193796142
-239.19497540148112 1.5207102746964851
-241.25611935207976 1.0862783680847534
-243.31726330267838 -0.12780150831470305
-245.37840725327706 1.3200834402378558
-247.43955120387568 2.1130401893601
-249.50069515447433 3.352043592889557
-251.56183910507295 2.927725470893753
-253.6229830556716 4.770910471214927
-255.68412700627024 4.626206970146672
