# BEGINHEADER
# This file contains data from the SALSA 2m radio telescope.
# DATE=2021-12-04T08:35:0052
# GLON and GLAT given in degrees
# GLON=150.87140051314017
# GLAT=4.772554027640589
# DATA in two columns below. Col. 1 is velocity relative to LSR [km/s]. Col. 2 is uncalibrated antenna temperature [K].
# ENDHEADER
265.43996038731507 0.3664431829326624
263.3788164367165 3.6216689028021762
261.31767248611783 3.6462039260342705
259.2565285355192 3.0264475126404635
257.19538458492053 3.7301442793214927
255.1342406343219 4.355565870709335
253.07309668372324 5.131015705651932
251.01195273312462 4.895178952985917
248.95080878252597 5.6673054339526985
246.88966483192735 4.0380806486809595
244.82852088132867 5.715531675344004
242.76737693073005 5.130723448381421
240.7062329801314 5.583083308904165
238.64508902953278 5.097058288796215
236.58394507893414 4.340512714881961
234.5228011283355 5.7875429513652765
232.46165717773684 5.319380662524869
230.40051322713822 7.501586375775798
228.33936927653957 6.546210374990616
226.27822532594095 4.753487283372352
224.21708137534227 4.524778863651329
222.15593742474363 6.991668055079546
220.094793474145 5.898604242004157
218.03364952354636 5.7651932618886566
215.9725055729477 8.70571637615632
213.91136162234906 5.044665749752934
211.85021767175044 4.818588459738764
209.7890737211518 5.873025722901128
207.72792977055317 4.6835903555035525
205.6667858199545 5.602249238742447
203.60564186935588 5.768202474890506
201.54449791875723 4.181582375583878
199.4833539681586 6.280809233046284
197.42221001755996 5.967660170912633
195.3610660669613 7.580071519686041
193.29992211636267 7.254810741182586
191.23877816576405 5.640834117407007
189.1776342151654 3.9042153901601044
187.11649026456678 4.4334623694174216
185.0553463139681 7.015475549963984
182.99420236336945 5.7118444565650845
180.93305841277083 6.363633215111595
178.87191446217219 6.805382223655652
176.81077051157354 7.025085368590704
174.7496265609749 4.83934541394558
172.68848261037627 5.906380045922823
170.62733865977762 5.8235621578277295
168.566194709179 5.442075705717834
166.50505075858032 5.928019227810546
164.4439068079817 5.794703205222955
162.38276285738306 6.38563217602442
160.32161890678444 5.6927448702068855
158.2604749561858 5.141934112991407
156.19933100558714 6.044075957122446
154.1381870549885 5.974519828454113
152.07704310438987 5.644456949042129
150.01589915379122 5.371706624328247
147.95475520319258 5.896543793549748
145.89361125259393 5.7865629612316765
143.83246730199528 5.5368658341946
141.77132335139666 3.916421678413051
139.710179400798 5.187832502349591
137.64903545019936 6.125772947513458
135.58789149960072 4.844997967201201
133.5267475490021 5.639323897739701
131.46560359840345 6.172379382195742
129.4044596478048 5.866459916984859
127.34331569720617 5.6418861790441195
125.28217174660752 5.522942258361985
123.22102779600888 4.903845679783779
121.15988384541023 5.9359870839973095
119.0987398948116 4.314659376195888
117.03759594421297 4.267359921781218
114.97645199361432 5.920336291325812
112.91530804301568 4.473173923064677
110.85416409241704 4.512282846789426
108.7930201418184 6.914818280609807
106.73187619121975 5.404059615521559
104.67073224062112 4.583349750399979
102.60958829002249 4.426614479230892
100.54844433942384 6.045092207413598
98.48730038882519 5.305996748450132
96.42615643822656 4.922981660536674
94.36501248762791 4.764443070620123
92.30386853702927 5.277537590428481
90.24272458643063 4.37992685421422
88.18158063583198 5.839378080326048
86.12043668523333 5.8048023824186235
84.0592927346347 5.207672847731101
81.99814878403606 5.033728431821102
79.93700483343741 5.512199262896116
77.87586088283878 5.171662109544517
75.81471693224013 4.428209252591572
73.7535729816415 5.112876522387531
71.69242903104285 2.1619553311197204
69.63128508044421 3.5858642770594242
67.57014112984558 4.526050244032198
65.50899717924693 5.560807999346491
63.4478532286483 4.6838746897550525
61.38670927804966 5.41807451152527
59.32556532745101 7.0714100170439504
57.26442137685237 4.097859215174092
55.20327742625373 5.656817345717344
53.142133475655086 4.9645611891649715
51.080989525056445 4.217613661951949
49.01984557445781 4.404212466793239
46.95870162385917 3.693989627106226
44.897557673260536 3.7290390395629696
42.836413722661895 3.6925214456455953
40.77526977206325 3.9619461497900783
38.714125821464606 4.843710190239192
36.652981870865965 5.243510023117645
34.591837920267324 4.356036921096178
32.53069396966869 3.7324209839325926
30.469550019070045 4.785487033238023
28.408406068471407 1.427178508723912
26.347262117872763 2.645625334026537
24.286118167274118 3.0336925513667605
22.22497421667548 3.1295952880647255
20.16383026607684 5.196733484152519
18.1026863154782 4.607423557113868
16.041542364879557 5.548461545449824
13.980398414280916 5.014694138201477
11.919254463682275 10.336920794477834
9.858110513083636 14.330370746728333
7.796966562484994 21.41529869370706
5.735822611886353 34.401232800461436
3.6746786612877127 44.13135357180217
1.6135347106890725 50.85716781553741
-0.4476092399095684 57.52672070410746
-2.508753190508209 63.933431818366806
-4.569897141106851 69.45682782977958
-6.631041091705491 73.2228428569602
-8.692185042304132 71.36301555245582
-10.753328992902773 66.09367114754477
-12.814472943501412 60.45882393639339
-14.875616894100055 50.202616432455464
-16.936760844698696 42.52844191460001
-18.997904795297334 35.74520874876642
-21.059048745895975 33.918104155676104
-23.12019269649462 34.37472685776174
-25.181336647093257 32.76199603533439
-27.242480597691895 38.1256184348828
-29.303624548290536 41.54446504153836
-31.364768498889177 47.22445022379885
-33.42591244948782 50.35718956436875
-35.48705640008646 48.02037602032037
-37.5482003506851 48.21148153273013
-39.60934430128374 49.384503891012706
-41.67048825188238 50.08499433204105
-43.73163220248102 42.6447319047746
-45.792776153079664 37.69606742626362
-47.853920103678306 33.643714601581195
-49.91506405427695 28.932922824792072
-51.97620800487559 26.004711428143818
-54.03735195547423 21.06263678487262
-56.09849590607288 18.46212184935503
-58.15963985667152 14.090459580596498
-60.22078380727016 11.374500749654572
-62.28192775786879 7.662131175456573
-64.34307170846743 9.672944544949148
-66.40421565906608 8.317868106651776
-68.46535960966472 5.6884877265572795
-70.52650356026336 5.875980457082083
-72.587647510862 7.054466482229014
-74.64879146146065 5.215389981152575
-76.70993541205928 5.218182024195453
-78.77107936265793 4.500409178010733
-80.83222331325656 4.9523848224392335
-82.8933672638552 2.773548630445894
-84.95451121445385 1.948882638752672
-87.01565516505248 4.496919778344525
-89.07679911565113 2.9991177157015123
-91.13794306624976 1.7304435782500667
-93.19908701684841 3.6073093479755847
-95.26023096744704 2.14616109783892
-97.32137491804568 2.9382110298409416
-99.38251886864431 1.694281963982305
-101.44366281924296 1.9896196238653021
-103.5048067698416 3.54976650771229
-105.56595072044024 1.0848919329053117
-107.62709467103889 1.7111777468165554
-109.68823862163752 3.0814689261747987
-111.74938257223617 0.5340675355123005
-113.8105265228348 0.7266375946227114
-115.87167047343345 0.9590168521094518
-117.93281442403209 1.8513543970218749
-119.99395837463072 1.6249163067090662
-122.05510232522937 0.6455625064396969
-124.116246275828 2.797455247055971
-126.17739022642665 0.4744359649875767
-128.2385341770253 1.3501419620818937
-130.29967812762393 0.4326738585028694
-132.36082207822255 2.113787171558244
-134.42196602882123 0.9168472160727901
-136.48310997941985 2.2469208234684994
-138.5442539300185 2.876984630923503
-140.60539788061712 -0.46706976260735966
-142.6665418312158 0.33462505143490756
-144.72768578181442 1.5816227711914324
-146.78882973241306 -0.4452893173938748
-148.84997368301168 -0.9973009636244532
-150.91111763361033 0.21430960228551632
-152.97226158420898 -0.13098541824275953
-155.03340553480763 1.3714606924336
-157.09454948540625 0.2570286770029274
-159.1556934360049 -0.5383805250322612
-161.21683738660352 0.06692311606768764
-163.2779813372022 0.9379192369971603
-165.33912528780084 0.4728625699830176
-167.40026923839946 0.30720398602437976
-169.4614131889981 -0.9213232940264949
-171.52255713959673 0.6696318985849647
-173.5837010901954 -0.6730062727021892
-175.64484504079402 0.29088569260138003
-177.70598899139267 -0.07066868060422708
-179.7671329419913 -2.263562283037126
-181.82827689258997 -0.12468120328388416
-183.8894208431886 0.392679741123164
-185.95056479378724 -1.0345498496187486
-188.01170874438586 0.26182101693649146
-190.0728526949845 0.0853248478248415
-192.13399664558315 0.5868211918505858
-194.1951405961818 -0.2726806493406128
-196.25628454678042 -1.0110706738321857
-198.31742849737907 0.32770710096105443
-200.3785724479777 -0.931575264422564
-202.43971639857637 1.4002542264551014
-204.500860349175 -0.3851549584020689
-206.56200429977363 -1.509067377983497
-208.62314825037228 -1.1441025661505484
-210.68429220097093 -1.330957581917545
-212.74543615156958 -0.3809991043972412
-214.8065801021682 0.6443788444267889
-216.86772405276685 0.8502749045709673
-218.92886800336547 0.02788757939926938
-220.99001195396414 -0.770839442952596
-223.05115590456276 -0.24196568371594326
-225.1122998551614 -1.2717443489159683
-227.17344380576003 0.48562925587530154
-229.23458775635868 -0.44690784495029967
-231.29573170695733 1.8689085726057986
-233.35687565755597 -0.5124455154807659
-235.4180196081546 0.36242784264866107
-237.47916355875324 -0.048367684020387054
-239.54030750935192 -0.826077176188417
-241.60145145995054 0.4086678756636731
-243.6625954105492 0.7027344524134093
-245.7237393611478 0.2829889034091689
-247.78488331174646 -1.2937134964549435
-249.8460272623451 -0.6385673053761399
-251.90717121294375 -0.02041287292011452
-253.96831516354237 0.40593231797442714
-256.029459114141 1.8748075558312838
-258.09060306473964 2.6775164105863523
-260.1517470153383 3.9874895042211933
