# BEGINHEADER
# This file contains data from the SALSA 2m radio telescope.
# DATE=2021-11-27T23:58:0003
# GLON and GLAT given in degrees
# GLON=122.88546755932086
# GLAT=-0.10057814585182676
# DATA in two columns below. Col. 1 is velocity relative to LSR [km/s]. Col. 2 is uncalibrated antenna temperature [K].
# ENDHEADER
265.5036162955421 2.0900910900465943
263.4424723449435 7.290813266703847
261.38132839434485 5.859215334922811
259.3201844437462 5.885000751567353
257.25904049314755 5.02368041860883
255.19789654254893 6.9980726206578145
253.13675259195028 7.51458901909877
251.07560864135164 5.261878705425396
249.01446469075302 4.117716536645679
246.95332074015437 9.213914337164576
244.89217678955572 4.754079361001131
242.83103283895707 4.255488546643303
240.76988888835842 10.022827905725986
238.7087449377598 5.443491996420482
236.64760098716116 8.369066167926366
234.5864570365625 7.092908919806289
232.52531308596386 9.578439415908063
230.46416913536524 7.119870183433306
228.4030251847666 9.058697908907192
226.34188123416797 8.83001195975846
224.2807372835693 6.408274490003361
222.21959333297067 4.233689218270211
220.15844938237203 5.044668211628946
218.0973054317734 9.843291777338893
216.03616148117476 10.416657333613257
213.9750175305761 8.116167578259128
211.91387357997746 8.114134777815144
209.85272962937884 7.750574194642958
207.7915856787802 6.421772404008125
205.73044172818155 10.561141847866667
203.6692977775829 7.257943728244641
201.60815382698425 6.138410699541866
199.54700987638563 6.994944045972438
197.48586592578695 8.155152907040984
195.42472197518833 7.929525441421336
193.36357802458966 10.833322815755944
191.30243407399104 9.164304982177926
189.2412901233924 8.460188387127838
187.18014617279377 8.131942328446678
185.11900222219512 4.33516044421527
183.05785827159647 5.473271069506695
180.99671432099782 10.551749923567817
178.9355703703992 7.1567890221465795
176.87442641980056 6.615686704916594
174.81328246920194 8.99011969022638
172.75213851860326 6.699090775027517
170.6909945680046 11.448250902998165
168.629850617406 10.552631193403585
166.56870666680734 9.457792406412086
164.5075627162087 9.784628144366472
162.44641876561005 9.709667707810679
160.38527481501143 9.181719327995067
158.32413086441278 10.01801370660938
156.26298691381416 9.995730090021551
154.20184296321548 4.312303188227506
152.14069901261686 8.192949224514587
150.07955506201822 10.23719773651635
148.0184111114196 7.614925375148293
145.95726716082095 11.09720725059093
143.8961232102223 9.360620503200598
141.83497925962365 8.653410110603492
139.77383530902503 9.583193413698778
137.71269135842638 9.124132687972853
135.65154740782776 8.946793822727491
133.5904034572291 8.906826693848828
131.52925950663044 8.041210536903069
129.46811555603182 9.59744171473087
127.40697160543317 11.538818711096534
125.34582765483454 7.748818494668069
123.28468370423589 8.79258117607336
121.22353975363725 10.03170646484657
119.16239580303862 6.270126156412232
117.10125185243997 7.4725261866321615
115.04010790184134 7.256499850740274
112.97896395124268 8.114795093674989
110.91782000064404 9.441890166480306
108.8566760500454 10.578337087100346
106.79553209944676 8.621793441676797
104.73438814884813 9.71022519253279
102.67324419824948 7.9942699142377736
100.61210024765084 11.864313987527218
98.55095629705221 8.95212842519986
96.48981234645358 5.958152151363941
94.42866839585493 7.7523421298426305
92.3675244452563 6.441996864637956
90.30638049465765 10.071425866052632
88.24523654405901 9.727736562235723
86.18409259346038 11.416649439220826
84.12294864286173 11.518916442609859
82.0618046922631 10.196992655377054
80.00066074166445 8.277669546972891
77.93951679106581 7.78978559445714
75.87837284046716 7.242509293286249
73.81722888986852 11.605014956778431
71.75608493926988 8.860504780818614
69.69494098867123 8.499434534646943
67.6337970380726 7.837319078703501
65.57265308747395 9.084834689101857
63.51150913687532 7.087575118786849
61.45036518627668 5.68545941836291
59.389221235678036 6.539739918868166
57.328077285079395 7.389049440032994
55.266933334480754 11.208916629259777
53.20578938388212 7.779157708320513
51.14464543328348 6.924291099314889
49.08350148268483 7.515477329420351
47.02235753208619 10.290355283059968
44.96121358148754 10.085861540522137
42.90006963088891 9.396581321508839
40.83892568029027 8.654493703268033
38.777781729691625 9.766170915249283
36.716637779092984 11.040757075274199
34.65549382849434 9.489071352260398
32.5943498778957 4.814727638832188
30.53320592729706 4.58699524163442
28.47206197669842 6.538767353601243
26.41091802609978 6.554178197906734
24.34977407550114 6.185769344877334
22.2886301249025 6.011356021903625
20.227486174303856 10.657803888607116
18.166342223705218 12.387897475536182
16.105198273106577 9.586836815594605
14.044054322507934 9.803138720359003
11.982910371909295 14.947201378846538
9.921766421310656 16.39407084102973
7.860622470712013 17.37971060887665
5.7994785201133725 33.13884288704987
3.7383345695147323 55.969416430898534
1.6771906189160912 72.09317474259868
-0.38395333168254947 83.50086373312521
-2.4450972822811905 78.56974136641902
-4.506241232879831 86.00686704846775
-6.567385183478472 84.38050266234053
-8.628529134077112 81.6672288801022
-10.689673084675754 83.34058914505592
-12.750817035274395 81.54782436516254
-14.811960985873036 75.19321786779709
-16.873104936471673 62.61952131151767
-18.934248887070318 57.074887805957204
-20.99539283766896 50.82656056335045
-23.056536788267596 35.66492380606397
-25.117680738866238 33.672378837480146
-27.178824689464882 30.660559788604242
-29.239968640063523 36.34862273411209
-31.30111259066216 41.48480706202677
-33.362256541260805 45.06847596689007
-35.42340049185945 51.337818547486826
-37.48454444245809 52.319701950728486
-39.54568839305673 62.92935221781654
-41.60683234365536 63.5547743775775
-43.667976294254004 61.50575612015659
-45.729120244852645 65.47511327675322
-47.790264195451286 63.53894299050633
-49.85140814604992 65.72674722375757
-51.91255209664857 68.37897435184182
-53.97369604724721 70.60577555991732
-56.03483999784585 71.40730658604781
-58.095983948444484 65.7589159088391
-60.157127899043125 68.5684558390436
-62.218271849641766 63.557371799599665
-64.27941580024041 60.65528327461196
-66.34055975083905 48.68090876935344
-68.40170370143768 47.39109572523884
-70.46284765203633 41.78214576812252
-72.52399160263496 37.06904523838488
-74.58513555323361 29.577287190051283
-76.64627950383225 25.976567584043313
-78.70742345443088 21.31544732610154
-80.76856740502954 24.31616264673662
-82.82971135562818 20.885475223154074
-84.89085530622683 19.915080253923758
-86.95199925682546 20.686562739405748
-89.01314320742411 21.589985324017334
-91.07428715802274 20.95897463395866
-93.13543110862138 22.27731902979247
-95.19657505922002 23.738769181688458
-97.25771900981866 23.878073690016393
-99.3188629604173 23.290486366352937
-101.38000691101595 24.042082431550774
-103.44115086161459 21.18826946905166
-105.50229481221324 21.572935516162662
-107.56343876281187 17.914361695884576
-109.62458271341052 14.99628993993894
-111.68572666400915 12.957451180744325
-113.74687061460779 9.598574932316033
-115.80801456520643 7.508888159486561
-117.86915851580507 4.390762888190112
-119.93030246640373 8.31450756498136
-121.99144641700236 7.565847324036196
-124.05259036760101 5.7164807681519125
-126.11373431819965 7.076448076195153
-128.17487826879827 6.185779833764107
-130.23602221939692 4.941172612501604
-132.29716616999556 5.075758387999048
-134.35831012059418 2.5845252344579075
-136.41945407119286 5.684103011998973
-138.4805980217915 5.010751194331643
-140.54174197239013 7.53248658731593
-142.60288592298878 6.667246599010432
-144.6640298735874 6.7081911046646026
-146.72517382418607 4.317210811307429
-148.7863177747847 5.670003297029515
-150.84746172538334 4.611068376428021
-152.90860567598196 0.48740847522124536
-154.9697496265806 4.096193466121499
-157.03089357717926 2.7992351075266053
-159.0920375277779 3.4409899537867146
-161.15318147837652 2.0726289980213606
-163.21432542897517 1.1979808592171077
-165.27546937957382 6.1517003140203945
-167.33661333017247 4.1356141633945205
-169.3977572807711 0.728511616266149
-171.45890123136974 4.565455406717351
-173.52004518196836 3.7473271977646867
-175.58118913256703 7.20735419041044
-177.64233308316568 2.6122985007982007
-179.7034770337643 4.403791233979586
-181.76462098436295 3.973527201982372
-183.82576493496157 1.4055449053750015
-185.88690888556025 4.518589023260762
-187.94805283615887 3.946425900898159
-190.0091967867575 4.459491533616075
-192.07034073735613 6.335046244982773
-194.1314846879548 2.467432373246332
-196.19262863855343 0.25584937898502663
-198.25377258915205 0.8693896475422566
-200.31491653975067 1.3153892947542711
-202.37606049034935 1.2908320529534218
-204.43720444094797 3.0085471991321335
-206.4983483915466 4.268599261429493
-208.55949234214523 6.980344840631639
-210.62063629274388 4.140812042479794
-212.68178024334253 4.294967051726189
-214.74292419394118 2.9506159088561956
-216.80406814453983 1.9601095788044554
-218.86521209513845 3.8772956246102037
-220.92635604573712 2.3859486001169965
-222.98749999633574 3.4452442539371324
-225.0486439469344 1.0679955711056837
-227.109787897533 1.7002919480651872
-229.17093184813166 3.1963678215519162
-231.2320757987303 3.6792501239970723
-233.29321974932896 4.527670356227672
-235.35436369992757 5.356318130724886
-237.41550765052622 7.201815187253316
-239.47665160112484 0.945360307996334
-241.53779555172352 3.883541973380005
-243.59893950232214 3.6961969745910186
-245.6600834529208 6.54178129213279
-247.7212274035194 1.8963023193138777
-249.78237135411808 3.826894973168445
-251.8435153047167 4.247786281859264
-253.90465925531535 0.9462073254998483
-255.965803205914 3.5204257675225152
-258.0269471565126 1.9177440329927884
-260.08809110711127 4.2197156097622175
