# BEGINHEADER
# This file contains data from the SALSA 2m radio telescope.
# DATE=2021-12-04T08:46:0032
# GLON and GLAT given in degrees
# GLON=61.066759688937985
# GLAT=17.207383317275305
# DATA in two columns below. Col. 1 is velocity relative to LSR [km/s]. Col. 2 is uncalibrated antenna temperature [K].
# ENDHEADER
276.0174804994464 4.841078876646756
273.9563365488478 7.164844319762469
271.89519259824914 4.270750956279417
269.83404864765055 5.145004236537537
267.77290469705184 6.928090326754008
265.7117607464532 6.584422671498755
263.6506167958546 6.322531936613783
261.58947284525595 8.487878830158936
259.5283288946573 8.014943470486909
257.46718494405866 6.7352043597961595
255.40604099346 4.971104480260536
253.3448970428614 8.24461311387299
251.2837530922627 7.758884448046722
249.2226091416641 5.197562553735085
247.16146519106545 10.148227025353837
245.10032124046683 7.6436230856907095
243.03917728986818 7.674667185498151
240.97803333926953 7.93334984572918
238.91688938867088 9.027850069421424
236.85574543807226 6.255446464680787
234.7946014874736 8.702796611583844
232.73345753687497 9.316386231636349
230.67231358627632 5.221303810177966
228.6111696356777 11.192737866915884
226.55002568507905 8.71066354076778
224.48888173448043 7.343565651438543
222.42773778388175 7.404568107122084
220.3665938332831 7.339513571642068
218.30544988268448 8.891982356787706
216.24430593208584 7.334255621288501
214.18316198148722 6.66201742035247
212.12201803088854 6.916148807800799
210.06087408028992 9.491572685612779
207.99973012969127 7.21658545284138
205.93858617909265 7.71361271959387
203.87744222849398 8.35535999879315
201.81629827789536 10.808318726122419
199.7551543272967 6.9235140150117775
197.6940103766981 5.2851467329922155
195.63286642609944 5.415673657638554
193.5717224755008 8.444208465370165
191.51057852490214 10.226767604948016
189.44943457430352 8.902740114137575
187.38829062370488 9.044793076277331
185.32714667310626 7.0298934951042265
183.26600272250758 7.942434973554046
181.20485877190893 7.7476227536213775
179.1437148213103 6.772338225695841
177.08257087071166 8.867915402409862
175.02142692011302 7.285815544800215
172.96028296951437 7.424978884696053
170.89913901891575 7.214464865070446
168.8379950683171 8.081765041643408
166.77685111771848 7.865519591866271
164.7157071671198 7.9941257753144175
162.65456321652118 6.813494786627994
160.59341926592253 4.945631603428387
158.53227531532391 6.60059358583273
156.47113136472527 8.432282582045437
154.40998741412662 7.6428934750425
152.34884346352797 7.379260866193823
150.28769951292935 8.293543356128508
148.2265555623307 6.253862081243847
146.16541161173208 7.164610113958696
144.1042676611334 6.898499789478952
142.04312371053476 5.24838610395314
139.98197975993614 6.5424905724230795
137.9208358093375 7.035205469325374
135.85969185873884 6.619633115427357
133.7985479081402 8.102174805142953
131.73740395754157 8.620087565873527
129.67626000694293 9.44451381258482
127.61511605634429 8.732926759228663
125.55397210574566 6.611991745374584
123.492828155147 6.8048480473852235
121.43168420454836 8.313989817235308
119.37054025394971 5.832891302470583
117.30939630335108 5.895813059817512
115.24825235275244 4.881127174951546
113.1871084021538 5.434789416597608
111.12596445155516 5.963846829703795
109.06482050095651 6.876181497049311
107.00367655035788 5.751668195927364
104.94253259975925 6.037824025859893
102.8813886491606 6.482255747916429
100.82024469856196 7.3538849869770715
98.75910074796333 7.039848707709608
96.6979567973647 6.588795261118267
94.63681284676605 4.660443976526013
92.57566889616741 4.646750481319205
90.51452494556877 5.039885206048051
88.45338099497013 4.816236290489394
86.39223704437148 6.703965869008322
84.33109309377284 4.374279090095262
82.2699491431742 7.475636331771969
80.20880519257555 5.858364937673313
78.14766124197692 5.686333489729114
76.08651729137827 5.88007638257804
74.02537334077964 6.856785046128459
71.96422939018099 5.941687200169797
69.90308543958236 3.0429754022170408
67.84194148898372 5.248937194186797
65.78079753838507 5.983030588540786
63.71965358778644 4.923333625431037
61.6585096371878 4.06454643209622
59.59736568658916 6.9533873470247505
57.536221735990516 5.166222762921645
55.47507778539187 5.660086149322814
53.41393383479323 5.056698130661443
51.352789884194586 4.200301716031687
49.291645933595944 6.600547610386141
47.2305019829973 5.956664394690536
45.16935803239866 8.804505249703295
43.10821408180002 7.760319789934826
41.04707013120138 7.779078442330963
38.985926180602746 6.647029334774014
36.9247822300041 7.470388604314535
34.86363827940546 7.232696488481911
32.802494328806816 10.367556795730238
30.741350378208175 9.711289695946348
28.680206427609537 11.054805481925433
26.619062477010896 13.431195939523688
24.557918526412255 10.989452346827662
22.49677457581361 12.594278163523944
20.435630625214973 16.31964503375985
18.374486674616332 18.681205658106393
16.31334272401769 19.62200234478864
14.25219877341905 21.20594250664068
12.191054822820412 24.788985176056386
10.12991087222177 24.78457350677942
8.06876692162313 30.498397359110882
6.007622971024489 35.379205670581605
3.946479020425848 29.714083142506585
1.8853350698272073 26.15177125212298
-0.17580888077143358 24.359533049742698
-2.2369528313700746 21.9846690121528
-4.298096781968715 17.534267185028355
-6.359240732567356 14.535814562465584
-8.420384683165995 13.964056085424804
-10.481528633764638 11.645259033309841
-12.54267258436328 9.335192904117108
-14.60381653496192 8.904826894623504
-16.664960485560563 5.323841912208589
-18.726104436159204 6.622877948561554
-20.78724838675784 6.5605808446494365
-22.848392337356483 6.680298977576551
-24.909536287955124 6.778260957615638
-26.970680238553765 5.331574917454679
-29.031824189152406 6.651984443545411
-31.092968139751047 5.32758253063884
-33.154112090349685 3.89658553118634
-35.215256040948326 4.02016322597107
-37.27639999154697 5.059504513350462
-39.33754394214561 4.612926542628618
-41.398687892744256 4.399406221517212
-43.45983184334289 5.951151891248116
-45.52097579394153 4.924520890530561
-47.58211974454017 3.235178162407292
-49.643263695138806 4.860275754472882
-51.70440764573745 6.110053066903712
-53.76555159633609 4.834798286587835
-55.82669554693473 4.350961187992666
-57.88783949753337 4.757613501505335
-59.94898344813202 6.195984115526461
-62.01012739873065 7.38533939612455
-64.0712713493293 4.343633448156548
-66.13241529992793 4.491270980530118
-68.19355925052656 7.751707905149457
-70.25470320112522 3.7656183047506095
-72.31584715172386 5.389537610890324
-74.3769911023225 5.282726904391794
-76.43813505292114 5.771119366600962
-78.49927900351979 4.488540684811888
-80.56042295411842 3.0733769009517813
-82.62156690471706 4.728867410898675
-84.6827108553157 1.3111097968505865
-86.74385480591434 5.384860321079453
-88.80499875651299 6.233666577335592
-90.86614270711162 5.723624128948117
-92.92728665771027 6.780792422025172
-94.9884306083089 3.5471570322750563
-97.04957455890754 4.359724215664432
-99.1107185095062 4.378180013015448
-101.17186246010483 3.6371835745359364
-103.23300641070347 4.500299550529943
-105.29415036130212 2.8380815069074807
-107.35529431190075 5.473112466561242
-109.41643826249941 3.241767741626527
-111.47758221309805 2.5084250815507882
-113.5387261636967 3.2235352070266647
-115.59987011429533 4.2024336083672535
-117.66101406489396 3.2451784752458392
-119.72215801549261 0.28432440695022554
-121.78330196609124 2.5406238806222823
-123.84444591668989 4.783151163372895
-125.90558986728853 6.360633102738715
-127.96673381788717 3.1034859011716693
-130.0278777684858 2.379577892640205
-132.08902171908446 2.2748050379210505
-134.15016566968308 2.2567693692907738
-136.21130962028175 2.5143043141092245
-138.27245357088037 1.5846122627769577
-140.33359752147902 4.9002698268002565
-142.39474147207764 2.4592989377801175
-144.4558854226763 3.238464631059542
-146.51702937327494 -0.18147895052240032
-148.57817332387359 -0.7254736157942466
-150.6393172744722 2.529552679274863
-152.70046122507085 0.48379337905484515
-154.7616051756695 1.6017356422822528
-156.82274912626815 1.0581735974882143
-158.88389307686677 2.566091249819179
-160.94503702746542 2.650776356109202
-163.00618097806404 0.5868781228661476
-165.0673249286627 0.6308022008575259
-167.12846887926136 0.7739178352691963
-169.18961282985998 2.2939304508370424
-171.25075678045863 3.2444864079112614
-173.31190073105725 -0.3445461163316993
-175.37304468165593 1.1915338708167265
-177.43418863225455 0.8846670316333488
-179.4953325828532 2.248043830940687
-181.55647653345181 2.2799772515420167
-183.6176204840505 0.7663218260530437
-185.6787644346491 -0.54033396230535
-187.73990838524776 1.4139627482572188
-189.80105233584638 0.3661745276955961
-191.86219628644503 1.7174173375556026
-193.92334023704367 2.228061978714809
-195.98448418764232 2.1350759773179018
-198.04562813824094 3.175707651253596
-200.1067720888396 1.2840264100037253
-202.1679160394382 1.4118173728490893
-204.2290599900369 3.179188098484123
-206.29020394063554 2.604751220874283
-208.35134789123416 0.4701731397878941
-210.4124918418328 2.919895165394391
-212.47363579243145 1.8450130089669365
-214.5347797430301 0.4906740655888834
-216.59592369362872 3.1993178278048995
-218.65706764422737 2.0074908270850043
-220.718211594826 1.5539406569235454
-222.77935554542466 0.16113156344959023
-224.84049949602328 1.9593189770692145
-226.90164344662193 4.343032746714637
-228.96278739722055 1.94636158495858
-231.0239313478192 3.9781187939549025
-233.08507529841785 2.1091201576605823
-235.1462192490165 1.2096499845296746
-237.20736319961512 -0.045961635396718215
-239.26850715021376 2.5690176772050553
-241.32965110081238 2.9144000949596998
-243.39079505141106 4.674648864341571
-245.4519390020097 4.727206432487274
-247.51308295260833 1.6199948567222233
-249.57422690320698 3.503002837088998
