# BEGINHEADER
# This file contains data from the SALSA 2m radio telescope.
# DATE=2021-12-04T08:00:0020
# GLON and GLAT given in degrees
# GLON=59.78575587075794
# GLAT=-4.842946556980971
# DATA in two columns below. Col. 1 is velocity relative to LSR [km/s]. Col. 2 is uncalibrated antenna temperature [K].
# ENDHEADER
263.66056301476453 3.057259881609106
261.59941906416583 5.419202564731898
259.53827511356724 6.120751685699222
257.47713116296853 8.310017939676877
255.4159872123699 7.553877290989256
253.3548432617713 6.803030136325457
251.29369931117265 6.726190310618621
249.23255536057403 7.778186128458913
247.17141140997535 7.348593057850647
245.11026745937673 6.6513142927751385
243.04912350877808 7.748281985633682
240.98797955817946 7.184662406192783
238.92683560758078 6.622173079076633
236.86569165698216 8.167725378236366
234.80454770638352 8.18409805014146
232.7434037557849 9.66098425459738
230.68225980518625 5.946314235753174
228.62111585458757 9.145301193785551
226.55997190398895 10.259803925542434
224.4988279533903 8.751394794589032
222.43768400279168 10.347731112843302
220.37654005219304 9.473832881022378
218.3153961015944 7.113367705338396
216.25425215099574 5.857270949283957
214.19310820039712 8.169598640437286
212.13196424979847 8.166741509267203
210.07082029919982 9.504071393163962
208.00967634860118 8.90701401879651
205.94853239800256 8.127165680818164
203.8873884474039 9.63999417236595
201.8262444968053 8.728996069234695
199.7651005462066 9.234302644000989
197.703956595608 9.047957554353687
195.64281264500934 9.077845808930984
193.58166869441072 8.655942050352698
191.52052474381208 8.872321320172274
189.4593807932134 9.109268915356813
187.39823684261478 8.689418567573917
185.33709289201613 7.943397002418888
183.2759489414175 10.040477869183842
181.21480499081883 7.082169226926166
179.15366104022021 9.905662493727387
177.09251708962157 9.004399427592068
175.03137313902295 8.548207092997592
172.9702291884243 9.549343741936987
170.90908523782565 7.7646833641400415
168.847941287227 10.437133336608962
166.78679733662838 7.9325271217045605
164.72565338602973 10.14382167224108
162.6645094354311 9.108595534649334
160.60336548483244 7.667305797488813
158.54222153423382 10.55211476091539
156.48107758363517 8.593059965974135
154.41993363303655 7.631086590721701
152.3587896824379 8.749929986672914
150.29764573183922 7.424310679430419
148.2365017812406 7.738830102364043
146.17535783064196 9.131838804539317
144.11421388004334 9.06515735707945
142.05306992944466 10.509497805753732
139.99192597884604 8.218832233481356
137.9307820282474 9.871000503775255
135.86963807764877 6.994115531132461
133.80849412705012 8.881948658549026
131.74735017645148 9.278528164882594
129.68620622585283 7.936912876485587
127.6250622752542 7.997193165515419
125.56391832465556 8.660215388740687
123.50277437405691 8.467571081289565
121.44163042345828 8.824105122375112
119.38048647285963 7.9962821903132815
117.319342522261 9.418130337380191
115.25819857166235 7.390338745286063
113.19705462106371 8.79431827378969
111.13591067046508 8.769737357139581
109.07476671986643 8.573432367408929
107.0136227692678 8.605661171040145
104.95247881866915 8.624234229831542
102.89133486807052 8.324849740378129
100.83019091747187 8.919253414710758
98.76904696687323 8.46142915003204
96.7079030162746 6.818177757184312
94.64675906567594 8.245562811699415
92.5856151150773 8.250120316956517
90.52447116447865 8.055770563437012
88.46332721388002 9.590927391646575
86.40218326328137 7.224566765911149
84.34103931268274 7.741171666131932
82.2798953620841 8.29159591249957
80.21875141148546 7.700423645222395
78.15760746088682 7.703807336875613
76.09646351028817 8.670414487618318
74.03531955968954 7.813964674782134
71.97417560909089 9.149680473676097
69.91303165849226 8.344017264352857
67.85188770789362 8.780682011694818
65.79074375729498 8.115042168024216
63.72959980669633 6.183898351635084
61.668455856097694 8.64095981981801
59.60731190549905 9.489541481077353
57.54616795490041 9.852215408534043
55.48502400430177 11.122788419778518
53.42388005370313 10.85769777829649
51.36273610310449 12.284837748530629
49.301592152505854 11.21489953425031
47.24044820190721 10.765266429381644
45.179304251308565 14.254707777334088
43.118160300709924 16.420407764398576
41.05701635011128 16.838298304787358
38.99587239951264 19.319866616055968
36.934728448914 21.094934040592996
34.87358449831537 24.301454430264776
32.812440547716726 25.842701336281007
30.75129659711808 28.26255439432587
28.69015264651944 33.945663120116876
26.6290086959208 38.13347993657739
24.56786474532216 40.881638059445514
22.50672079472352 41.5781146610937
20.445576844124876 48.30641313594417
18.384432893526238 55.942950334610146
16.323288942927597 62.53747337680091
14.262144992328954 71.43465657135002
12.201001041730315 73.03499644897062
10.139857091131674 71.23828001219884
8.078713140533033 66.33769599284079
6.017569189934391 57.790211530437
3.9564252393357506 48.43652391279755
1.8952812887371104 43.14783156228497
-0.16586266186153054 34.248933935170285
-2.2270066124601713 30.004049794027296
-4.288150563058813 29.764984672360526
-6.349294513657453 22.982353737203262
-8.410438464256092 21.166218846843606
-10.471582414854735 18.027770815615327
-12.532726365453374 17.57643481597401
-14.593870316052016 16.753726947581715
-16.655014266650653 16.922173648178006
-18.716158217249298 16.04704071552127
-20.77730216784794 14.22951002422709
-22.83844611844658 13.46036102080292
-24.899590069045217 12.949971673189745
-26.960734019643862 9.443504220085645
-29.021877970242503 8.902102375104471
-31.08302192084114 8.37900541890969
-33.14416587143979 9.331084349869103
-35.20530982203842 9.256916633489187
-37.266453772637064 10.260983045208555
-39.327597723235705 8.400323685381757
-41.388741673834346 8.886718557736987
-43.44988562443299 9.369437696950886
-45.51102957503163 8.456178612125663
-47.57217352563026 9.265183944009113
-49.6333174762289 9.814039144819272
-51.69446142682755 12.302794454219885
-53.75560537742619 12.661410643277025
-55.816749328024834 13.639411515352107
-57.877893278623475 12.540689394530919
-59.939037229222116 14.678834504833311
-62.00018117982075 17.263308305118695
-64.06132513041939 15.617008408800062
-66.12246908101804 16.176443480455386
-68.18361303161667 16.52001737328166
-70.24475698221532 14.681091241893075
-72.30590093281396 14.769519954205734
-74.3670448834126 13.204818390170148
-76.42818883401124 13.311115272067468
-78.48933278460989 9.605670354788147
-80.55047673520852 9.009753372909998
-82.61162068580715 9.398764182401518
-84.6727646364058 8.953712873322434
-86.73390858700444 6.8939510545913345
-88.79505253760308 5.614457761267073
-90.85619648820172 7.186262614786798
-92.91734043880037 7.129212440867902
-94.978484389399 7.600414760478298
-97.03962833999763 5.52341059388307
-99.1007722905963 5.691517257873487
-101.16191624119493 5.220629124452053
-103.22306019179358 6.003076633390471
-105.28420414239221 3.1841164957905663
-107.34534809299086 3.368020480444562
-109.4064920435895 3.5649723708903407
-111.46763599418813 4.15717010428777
-113.52877994478678 5.5529359079009675
-115.58992389538541 4.664664447890161
-117.65106784598406 5.499563943539225
-119.7122117965827 3.855645412109032
-121.77335574718134 2.8491153353045604
-123.83449969777998 3.3885377289720657
-125.89564364837861 2.4597769048761005
-127.95678759897726 4.031443963406614
-130.0179315495759 5.033594649483207
-132.07907550017455 3.0323183477885127
-134.14021945077317 4.50054057555222
-136.20136340137182 5.08166908166973
-138.26250735197044 2.8224377844492192
-140.32365130256912 5.058963648710109
-142.38479525316774 3.2792334704573136
-144.4459392037664 2.004461780403809
-146.507083154365 3.2804054015738933
-148.56822710496368 2.167031329279199
-150.6293710555623 4.772461720423944
-152.69051500616095 4.189297480124919
-154.75165895675957 2.7372418598081962
-156.81280290735822 1.413114223402693
-158.8739468579569 2.2491687702248355
-160.93509080855551 4.0764478925363585
-162.99623475915416 3.5308695530081096
-165.05737870975278 5.210169955828737
-167.11852266035143 2.9908957733278108
-169.17966661095008 2.7468520111325403
-171.24081056154873 4.956468647399823
-173.30195451214735 4.281030735920983
-175.363098462746 3.77857371714577
-177.42424241334464 4.553158447102606
-179.4853863639433 2.211282865618303
-181.5465303145419 2.8123908156002897
-183.60767426514056 4.400415276871449
-185.66881821573918 3.863013533397622
-187.72996216633786 2.758618622154704
-189.79110611693648 3.5183317877305034
-191.85225006753512 3.129614928481184
-193.91339401813374 3.601302645091886
-195.9745379687324 5.155594838311827
-198.03568191933107 3.297187435952056
-200.0968258699297 4.829363694402588
-202.15796982052834 3.8577096016875876
-204.21911377112696 3.0116045623651733
-206.28025772172563 2.9487928689657363
-208.34140167232425 4.184578650957073
-210.4025456229229 1.756606423640829
-212.46368957352152 2.9371596497115307
-214.52483352412017 3.1163542903784696
-216.58597747471882 3.8536976264793594
-218.64712142531747 5.212710109093031
-220.70826537591608 3.6446580495287924
-222.76940932651473 2.4156809702525748
-224.83055327711335 3.6893225626905486
-226.89169722771203 4.091805779539456
-228.95284117831065 2.9442827060645373
-231.0139851289093 2.470029010133803
-233.07512907950792 4.404577240386323
-235.13627303010657 5.237426143851585
-237.19741698070524 3.9195410193477214
-239.25856093130386 3.1641610383608816
-241.3197048819025 4.190588345687343
-243.38084883250113 2.2384859112200592
-245.4419927830998 3.292193644266924
-247.50313673369843 4.416464062263651
-249.56428068429707 2.6913107633308107
-251.6254246348957 4.652768060042083
-253.68656858549434 5.699209161517409
-255.747712536093 4.03794111312999
-257.80885648669164 4.704727590370234
-259.8700004372903 5.013840863200711
-261.9311443878889 7.583405161804078
