# BEGINHEADER
# This file contains data from the SALSA 2m radio telescope.
# DATE=2021-11-27T23:51:0009
# GLON and GLAT given in degrees
# GLON=80.88883192492911
# GLAT=0.03725437796980882
# DATA in two columns below. Col. 1 is velocity relative to LSR [km/s]. Col. 2 is uncalibrated antenna temperature [K].
# ENDHEADER
265.2747400874068 -0.37738412102112584
263.2135961368082 3.075785148027212
261.15245218620953 4.523028786674582
259.0913082356109 3.4135915871250844
257.0301642850123 7.196635080779203
254.96902033441364 4.997818792729054
252.907876383815 9.71924892983402
250.84673243321632 6.382140363552377
248.7855884826177 7.411632267668308
246.72444453201905 7.5624659101635325
244.66330058142043 6.892784422861968
242.60215663082178 8.641482961428478
240.54101268022313 9.40404957307647
238.47986872962449 8.41765659490256
236.41872477902587 9.097747759211389
234.35758082842722 9.310336994271234
232.29643687782857 7.358458150249912
230.23529292722992 9.171162231358743
228.1741489766313 8.42907055268524
226.11300502603265 5.215169302070344
224.05186107543403 9.888055469361628
221.99071712483536 9.476199446831385
219.92957317423674 9.468716280796016
217.8684292236381 10.4411929864778
215.80728527303947 7.799371537967376
213.74614132244082 8.51596778431804
211.68499737184214 5.780283298701931
209.62385342124352 6.932436806514926
207.56270947064488 8.844445336578886
205.50156552004626 11.557201226477606
203.44042156944758 8.265085551305482
201.37927761884896 5.432333798124119
199.3181336682503 8.085957035577309
197.25698971765172 6.620983770248336
195.19584576705304 8.702697024751341
193.13470181645442 9.411039119677113
191.07355786585578 8.051176757484937
189.01241391525716 9.696455230662387
186.9512699646585 7.138826921073636
184.89012601405986 10.478523834105264
182.8289820634612 11.501516855592438
180.7678381128626 10.250304289797004
178.70669416226394 10.289190278429643
176.6455502116653 9.42774261667743
174.58440626106665 12.468628059544725
172.52326231046803 11.501205576184422
170.46211835986938 6.031987622956997
168.40097440927073 8.13570286154088
166.33983045867208 4.9748916371581196
164.27868650807343 9.493152116853292
162.21754255747481 7.4717338619511064
160.15639860687617 10.404702036282558
158.09525465627755 9.436864387346366
156.03411070567887 11.23775505301549
153.97296675508025 6.447004309924606
151.9118228044816 7.481797572789491
149.85067885388298 6.223526665838227
147.7895349032843 7.151296376397852
145.7283909526857 6.6944049696118
143.66724700208704 8.913248050277089
141.60610305148842 9.19059910944342
139.54495910088977 8.385783074448206
137.48381515029112 12.374025143063403
135.42267119969247 8.336601858097579
133.36152724909385 17.22259308513701
131.3003832984952 8.33707656876575
129.23923934789656 7.002614220715004
127.17809539729792 6.387290009007365
125.11695144669928 8.1097412909771
123.05580749610064 8.027937234183451
120.994663545502 8.186917520611457
118.93351959490336 11.386839861542418
116.87237564430473 7.776247470733899
114.81123169370608 10.014499241711707
112.75008774310743 8.394495149700996
110.68894379250878 8.918878432126638
108.62779984191015 5.280185935428259
106.5666558913115 10.579214206517404
104.50551194071286 10.261910341549807
102.44436799011423 6.987756544872877
100.38322403951558 5.478314229758274
98.32208008891693 9.90750151580478
96.2609361383183 8.26697416573737
94.19979218771965 9.640188570155303
92.13864823712102 6.823143721805669
90.07750428652237 7.535372087485991
88.01636033592374 8.89163691271265
85.95521638532509 8.833720114000526
83.89407243472645 5.610016452257317
81.83292848412782 9.70847101067349
79.77178453352917 7.930076047554267
77.71064058293054 9.820565884444136
75.64949663233187 7.349478117194952
73.58835268173324 8.63825933788664
71.52720873113459 8.586055337308965
69.46606478053596 7.625231769381413
67.40492082993732 8.48179395047152
65.34377687933868 7.410454046781554
63.28263292874004 6.606763651897721
61.2214889781414 6.99508247649869
59.16034502754276 7.002784444919672
57.09920107694412 6.056468710044668
55.03805712634548 9.124463074524352
52.97691317574684 10.391206572506848
50.915769225148196 6.726927526078367
48.85462527454956 8.488625702252495
46.79348132395092 10.481171368964349
44.73233737335227 7.521909661573455
42.67119342275363 7.981191641028907
40.61004947215499 5.5958202146157205
38.54890552155635 7.893075110898008
36.48776157095771 4.842641939427315
34.426617620359075 6.915183385209145
32.36547366976043 7.603192958761191
30.30432971916179 12.828538948406154
28.243185768563148 17.460068745884513
26.182041817964507 15.421598892294407
24.120897867365873 21.24599204480499
22.059753916767228 32.71889956710501
19.998609966168587 40.87130473586312
17.937466015569946 52.02903387700744
15.876322064971307 72.63229475444055
13.815178114372666 97.5346143397153
11.754034163774026 113.75256227674211
9.692890213175383 119.96754403765354
7.631746262576744 128.12113597467174
5.570602311978102 133.03867284894784
3.5094583613794614 130.58011259103418
1.4483144107808208 126.52372265014169
-0.6128295398178201 126.16000523686792
-2.673973490416461 119.18478824027756
-4.735117441015102 114.47034216242909
-6.796261391613742 112.70843930683678
-8.857405342212381 99.60721321065736
-10.918549292811024 83.9889580995398
-12.979693243409663 76.32734697374784
-15.040837194008306 66.13021045984966
-17.10198114460695 52.824327110077505
-19.163125095205586 44.21111569561147
-21.224269045804228 41.160294007441024
-23.28541299640287 38.309110728699295
-25.34655694700151 41.57922273110931
-27.407700897600154 38.392210445846665
-29.468844848198792 38.41864487790679
-31.529988798797433 41.645937151971864
-33.591132749396074 45.26421147365131
-35.652276699994715 47.46814026841919
-37.713420650593356 44.30532247192584
-39.774564601192 45.28162145908005
-41.83570855179064 52.66499226086184
-43.89685250238928 48.34374748185713
-45.95799645298792 41.36108695995711
-48.019140403586555 39.40782221272166
-50.080284354185196 39.101265476673944
-52.141428304783844 29.468487764038084
-54.202572255382485 29.332510143997716
-56.263716205981126 30.381830724677783
-58.32486015657977 26.781356732037338
-60.38600410717841 30.80352343062454
-62.44714805777704 34.91882048261404
-64.50829200837569 38.59591595183422
-66.56943595897432 45.75066736701686
-68.63057990957296 45.0574533485354
-70.6917238601716 46.924176956425306
-72.75286781077024 43.72151574153363
-74.81401176136889 46.53252711458525
-76.87515571196752 41.74955059188152
-78.93629966256617 37.954836418201495
-80.99744361316482 36.46475828086047
-83.05858756376345 35.058571294021526
-85.1197315143621 33.6374010607844
-87.18087546496074 26.412111470011187
-89.24201941555938 27.052413264723477
-91.30316336615802 24.37000349076007
-93.36430731675667 24.810977057118368
-95.4254512673553 18.056700739216907
-97.48659521795393 14.311741461402786
-99.54773916855257 13.441265924951763
-101.60888311915122 10.847705791389764
-103.67002706974985 11.012405313347877
-105.73117102034848 12.62689436412254
-107.79231497094713 8.53417994506797
-109.85345892154577 8.259140728464512
-111.91460287214441 8.10634746246629
-113.97574682274305 5.107288107914976
-116.03689077334168 2.4185687027312603
-118.09803472394033 7.233585043130073
-120.15917867453898 6.740557126898328
-122.22032262513763 3.056020096741404
-124.28146657573626 3.2947909850807826
-126.34261052633491 6.1868875226458915
-128.40375447693353 1.0911030512859985
-130.46489842753218 5.352288929240011
-132.5260423781308 5.804586598769866
-134.58718632872947 1.9499597852633819
-136.6483302793281 2.935565335491742
-138.70947422992674 1.9349013998238596
-140.7706181805254 7.159104069217237
-142.83176213112404 3.538639129158406
-144.89290608172269 3.352816307292263
-146.9540500323213 5.478646385782462
-149.01519398291995 5.328643805513149
-151.07633793351857 -0.2533324778300135
-153.13748188411725 3.6858899437447312
-155.19862583471587 5.3261237800048296
-157.25976978531452 0.5778730755554885
-159.32091373591314 2.181335402852962
-161.38205768651179 1.4789262664860572
-163.44320163711043 4.470870135483654
-165.50434558770908 0.3695592230862041
-167.5654895383077 2.291110257487018
-169.62663348890635 6.126148463432106
-171.68777743950497 2.3567984124155177
-173.74892139010365 0.9674286799313286
-175.81006534070227 -0.42980253596525597
-177.87120929130091 3.429810908717283
-179.93235324189956 3.8668553360022564
-181.9934971924982 4.440140319129398
-184.05464114309686 5.335897975069452
-186.11578509369548 6.588662584568274
-188.17692904429413 -1.1929805120796055
-190.23807299489275 0.03600070016270161
-192.29921694549142 2.513050525554376
-194.36036089609004 0.501715401720449
-196.4215048466887 5.86892479364303
-198.48264879728734 5.154459757035082
-200.543792747886 3.977544954866049
-202.6049366984846 2.5959678410876017
-204.66608064908328 2.003069216403655
-206.7272245996819 2.783391710629541
-208.78836855028055 1.1284477510603608
-210.84951250087917 2.474789970556713
-212.91065645147782 0.3689397988398349
-214.9718004020765 3.914189631493022
-217.03294435267512 1.7527318925804674
-219.09408830327376 3.05913013827514
-221.15523225387238 4.264841888666667
-223.21637620447106 0.6449840149344946
-225.27752015506968 3.880856362567795
-227.33866410566833 -0.07467496329716113
-229.39980805626695 3.3131885086279085
-231.4609520068656 2.3731322755484183
-233.52209595746424 3.3741004074128114
-235.5832399080629 3.225361120874523
-237.6443838586615 2.0755189825265368
-239.70552780926016 3.383328211651735
-241.76667175985878 2.570723861251653
-243.82781571045746 3.2866907757455426
-245.88895966105608 5.117068352177131
-247.95010361165473 1.0131900512203396
-250.01124756225335 3.3610548728800893
-252.07239151285202 6.518126220736343
-254.13353546345067 4.394721366728701
-256.1946794140493 3.090290262201918
-258.25582336464794 3.0192887635979724
-260.3169673152466 3.0721212591115754
