# BEGINHEADER
# This file contains data from the SALSA 2m radio telescope.
# DATE=2021-12-05T10:04:0020
# GLON and GLAT given in degrees
# GLON=54.83215543760901
# GLAT=0.1623777188119898
# DATA in two columns below. Col. 1 is velocity relative to LSR [km/s]. Col. 2 is uncalibrated antenna temperature [K].
# ENDHEADER
267.0184299062201 1.0190988633709372
264.95728595562144 1.9824933812659549
262.8961420050228 0.7594070304666647
260.83499805442415 1.7610891590948443
258.7738541038255 3.6355850422425777
256.71271015322685 1.9299163194241709
254.65156620262823 2.1321558558612845
252.59042225202958 2.3131959686297434
250.52927830143096 1.3815755460791004
248.4681343508323 3.1623690736739247
246.40699040023367 1.0180102176180494
244.34584644963502 2.763884375856038
242.2847024990364 1.7229628298992785
240.22355854843775 2.4605152311282272
238.1624145978391 3.296098972082697
236.10127064724045 4.896676563683602
234.04012669664183 2.6125475493402117
231.9789827460432 2.8955483649882474
229.91783879544457 4.329925300986305
227.8566948448459 3.162174732435976
225.79555089424727 3.6760982864532084
223.73440694364862 4.957775572079728
221.67326299304997 4.507014225381204
219.61211904245133 2.3628103795270468
217.55097509185268 5.032609126500685
215.48983114125406 2.921031094331587
213.4286871906554 2.7564493602674185
211.3675432400568 3.3470791370351303
209.3063992894581 4.5742313379859265
207.2452553388595 3.417953267952798
205.18411138826085 3.9230393959805525
203.12296743766223 4.186970671167871
201.06182348706358 2.6831052527824277
199.00067953646493 3.805212142988369
196.93953558586628 2.8132355384662175
194.87839163526766 4.0271700354618165
192.817247684669 4.587359606627731
190.75610373407036 2.8893884797449876
188.69495978347172 2.955184347109947
186.63381583287307 3.749269638631282
184.57267188227445 4.603409290342611
182.5115279316758 3.495326995217837
180.45038398107715 5.794060132534275
178.3892400304785 3.190986758473428
176.32809607987988 4.631969315747673
174.26695212928124 3.581618221459924
172.20580817868262 2.179079578726142
170.14466422808394 4.8070742340231005
168.08352027748532 3.1961380444855836
166.02237632688667 4.658375059315813
163.96123237628805 4.756079997319393
161.90008842568938 3.766163428760023
159.83894447509076 3.6445826385545996
157.7778005244921 6.575497015912249
155.7166565738935 3.0630164026126008
153.65551262329484 3.6098216131706313
151.5943686726962 4.441321084568453
149.53322472209754 3.2935363586342525
147.4720807714989 2.6977383293127324
145.41093682090028 2.1631762590140893
143.34979287030163 2.529773126130779
141.28864891970298 4.665108984890351
139.22750496910433 4.809780719476771
137.1663610185057 4.724518371991567
135.10521706790706 3.3502443764454455
133.04407311730844 4.2289156475811
130.9829291667098 2.8537994585126745
128.92178521611115 3.5163415304242807
126.8606412655125 1.4918546905879728
124.79949731491385 1.295559267563145
122.73835336431522 3.956619448697191
120.67720941371657 3.5921936056896304
118.61606546311793 3.169873892038051
116.5549215125193 4.278389681468666
114.49377756192065 4.30139606910017
112.43263361132202 3.867764979495224
110.37148966072337 3.34708743791027
108.31034571012474 3.686747346250606
106.2492017595261 3.382903730612283
104.18805780892745 1.8842644116238603
102.12691385832882 3.2936029350552767
100.06576990773017 3.4022794078709424
98.00462595713154 3.189414581631179
95.94348200653289 4.901614349490716
93.88233805593426 5.0520234038618685
91.82119410533562 5.199282281864008
89.76005015473696 5.995422429027177
87.69890620413832 5.181635180659028
85.63776225353968 5.262663961238172
83.57661830294104 3.6490977437840746
81.5154743523424 4.402938873512148
79.45433040174376 5.692658588750408
77.39318645114513 4.356008583461232
75.33204250054648 5.259697708428199
73.27089854994784 6.453352479631655
71.2097545993492 5.518772664727818
69.14861064875056 7.282410646793718
67.08746669815191 8.067050719475027
65.02632274755328 12.454722263271545
62.96517879695464 14.7845995498482
60.90403484635599 18.01634346860798
58.84289089575735 19.109420436193524
56.781746945158716 23.8225177283418
54.720602994560075 26.695177881910123
52.659459043961434 30.65923141358815
50.59831509336279 33.76459834346833
48.53717114276415 35.770447255331376
46.47602719216551 40.96425766794485
44.41488324156687 46.880243955961056
42.353739290968235 47.98426556354751
40.29259534036959 52.271922722503696
38.231451389770946 55.41889200233059
36.170307439172305 54.93144992099507
34.109163488573664 57.229548113856154
32.04801953797503 54.771949846489946
29.986875587376385 57.50391104140054
27.925731636777744 58.519379370419806
25.864587686179103 58.56479940143941
23.803443735580466 60.57689756096227
21.742299784981824 63.158301999569105
19.681155834383183 62.21201017346316
17.620011883784546 58.617449226145254
15.558867933185903 59.27571659574615
13.49772398258726 62.25349136913347
11.436580031988619 70.33090102064753
9.375436081389978 74.42249023853047
7.314292130791338 73.5428823108411
5.253148180192697 73.59335638497923
3.1920042295940556 59.50305032570359
1.1308602789954152 54.44155159083201
-0.9302836716032254 49.967158388721295
-2.9914276222018663 41.79427862154781
-5.052571572800507 34.433541467726144
-7.113715523399148 31.26572407219317
-9.174859473997788 27.363584776827576
-11.23600342459643 22.642304894721136
-13.297147375195069 19.568581552438243
-15.35829132579371 16.03975043581796
-17.41943527639235 13.949343554349621
-19.48057922699099 12.923756862722417
-21.541723177589635 12.521809450741955
-23.602867128188272 10.14910314494845
-25.664011078786917 10.886312336971837
-27.725155029385558 10.98054500284798
-29.786298979984196 9.395913289149059
-31.84744293058284 12.791775207211684
-33.90858688118148 13.135069119624816
-35.969730831780126 14.938525741305181
-38.03087478237877 12.2097405931542
-40.0920187329774 14.717634430487461
-42.15316268357604 19.024903774346868
-44.21430663417468 17.890804026453072
-46.275450584773324 19.784777262471724
-48.336594535371965 20.07652028666665
-50.397738485970606 23.843487530422596
-52.45888243656925 24.101945289086075
-54.52002638716788 25.219692902619865
-56.58117033776653 27.57934427122583
-58.64231428836517 27.153881352742683
-60.70345823896381 26.06129323312869
-62.76460218956245 25.5619397864981
-64.8257461401611 24.18068897764408
-66.88689009075974 20.77047779670285
-68.94803404135838 17.55710161809268
-71.00917799195702 14.93021922136543
-73.07032194255567 13.269568154026741
-75.1314658931543 12.80574847904891
-77.19260984375293 9.916450269602278
-79.25375379435158 10.469536157345386
-81.31489774495022 6.940439884795332
-83.37604169554886 7.376982435068359
-85.4371856461475 5.898767692613321
-87.49832959674613 5.202366089630013
-89.55947354734478 6.627242996462407
-91.62061749794341 3.3344976562448996
-93.68176144854206 4.1075454280466595
-95.7429053991407 1.4785612897578502
-97.80404934973934 0.42267177849351273
-99.86519330033798 1.4942721345347363
-101.92633725093661 0.22689028725687022
-103.98748120153527 1.9461229223185668
-106.04862515213391 0.6871579361329225
-108.10976910273256 0.9254573334929681
-110.17091305333119 0.6227347834432639
-112.23205700392984 -1.8182874809886174
-114.29320095452847 -0.3782360648295558
-116.3543449051271 -0.8210208358461303
-118.41548885572576 0.1335532019589771
-120.47663280632439 1.0603384845045416
-122.53777675692304 -0.996653977179782
-124.59892070752167 -3.3023888281772
-126.66006465812032 -0.3744622746109109
-128.72120860871897 -0.870389955471343
-130.7823525593176 -1.1388761187488927
-132.84349650991624 -1.4165322972733019
-134.90464046051488 -0.6893691260144137
-136.9657844111135 -1.7037792290401879
-139.02692836171218 -2.230300776605109
-141.0880723123108 -1.2312919610240083
-143.14921626290945 -2.7201357370039125
-145.21036021350807 -2.2174943328142347
-147.27150416410672 -2.837278122609677
-149.33264811470536 -2.0525409401767205
-151.393792065304 -3.5120281866852863
-153.45493601590263 -1.494222037287601
-155.51607996650128 -1.2319441315020203
-157.5772239170999 -2.1824846325504086
-159.63836786769858 -1.6463047468936958
-161.69951181829722 -1.3006674412850163
-163.76065576889584 -1.057641788260793
-165.8217997194945 -1.6409059411335265
-167.88294367009314 -2.4726599838858077
-169.9440876206918 -2.144235683753775
-172.0052315712904 -1.2453495687024256
-174.06637552188906 -1.3205503547806132
-176.12751947248768 -1.3146065966010723
-178.18866342308635 -2.81551715830098
-180.24980737368497 -1.5408923427322074
-182.31095132428362 -2.691167772386444
-184.37209527488224 -1.933334904846983
-186.4332392254809 -2.212018246364756
-188.49438317607954 -3.221313292386265
-190.5555271266782 -0.9709950513074564
-192.6166710772768 -2.428172030799296
-194.67781502787545 -1.5644847380807143
-196.7389589784741 -2.0010099845242904
-198.80010292907275 -2.2906646503767383
-200.8612468796714 -1.0962643944945814
-202.92239083027002 -2.8967038379583236
-204.98353478086867 -0.9158044094502542
-207.04467873146731 -0.5754487214794727
-209.10582268206596 -2.2450476284637952
-211.16696663266458 -2.112395527822213
-213.22811058326323 -2.5641889254114876
-215.28925453386185 -1.467039204884486
-217.35039848446053 -2.1703460200178006
-219.41154243505915 -0.9040399402581479
-221.4726863856578 -2.5593469848069534
-223.53383033625641 -1.5605789486869823
-225.5949742868551 -1.0235497835748701
-227.6561182374537 -1.3147024654495012
-229.71726218805236 0.06770722902555537
-231.77840613865098 -1.9430147540626634
-233.83955008924963 0.2101588121281088
-235.90069403984828 -0.930180837667531
-237.96183799044692 -0.5427693674969526
-240.02298194104557 -0.10261060927187263
-242.0841258916442 -0.3064870858788423
-244.14526984224284 -0.84478291501231
-246.2064137928415 -1.288517008205891
-248.26755774344014 -0.46206941768690885
-250.32870169403876 0.10483652011394022
-252.3898456446374 0.48309543399985283
-254.45098959523602 -0.7443366789736336
-256.5121335458347 0.054077832246970624
-258.5732774964333 1.3744466011905387
