# BEGINHEADER
# This file contains data from the SALSA 2m radio telescope.
# DATE=2021-12-04T07:25:0033
# GLON and GLAT given in degrees
# GLON=90.88848500959581
# GLAT=0.043648206908794264
# DATA in two columns below. Col. 1 is velocity relative to LSR [km/s]. Col. 2 is uncalibrated antenna temperature [K].
# ENDHEADER
265.07024184971044 3.7414720964871764
263.00909789911174 9.572098388914792
260.94795394851315 8.252513704167765
258.8868099979145 10.618301493140304
256.82566604731585 9.07613656409836
254.7645220967172 10.417194888319655
252.70337814611858 11.40164520003762
250.64223419551993 11.255544950102886
248.58109024492128 9.85943307146531
246.51994629432264 10.37513610198928
244.45880234372402 12.30858145429036
242.39765839312537 11.126705910558357
240.33651444252675 10.126820370892842
238.27537049192807 10.579068529096096
236.21422654132945 11.768757800800527
234.1530825907308 11.870804179179382
232.09193864013218 12.115284656331854
230.0307946895335 13.018647442467797
227.9696507389349 11.19032885623234
225.90850678833624 9.906029332485287
223.8473628377376 12.19238127192364
221.78621888713897 11.484424800978228
219.7250749365403 11.53114838517051
217.66393098594168 10.474156807188999
215.60278703534303 12.989716929136636
213.5416430847444 10.814840108765473
211.48049913414576 11.247060372343489
209.4193551835471 10.109610858024146
207.35821123294846 12.40468806481928
205.29706728234984 11.482196328641901
203.2359233317512 9.545372892567892
201.17477938115255 12.15592429535892
199.1136354305539 11.356761695229618
197.05249147995528 9.28179319811763
194.99134752935663 12.360696021201068
192.930203578758 10.117982639969789
190.86905962815933 13.35014076058122
188.80791567756071 12.465703818423181
186.74677172696207 11.646772209488672
184.68562777636342 9.943259892383997
182.6244838257648 9.416452358921367
180.56333987516612 9.77318553122495
178.5021959245675 11.945646343494413
176.44105197396885 10.597295964844523
174.37990802337023 10.396741707764056
172.31876407277156 10.218499873117768
170.25762012217294 12.473952044721532
168.1964761715743 11.337225691528353
166.13533222097567 11.948516687032122
164.07418827037702 12.78331115612677
162.01304431977837 12.316075009555712
159.95190036917973 12.352598466643485
157.8907564185811 11.286967770920423
155.82961246798246 11.226493911661956
153.76846851738384 10.741072960551303
151.70732456678516 10.033984242333567
149.64618061618654 9.540509049826687
147.5850366655879 11.159403012641967
145.52389271498924 10.108587714007339
143.46274876439062 12.16673540601278
141.40160481379195 12.412076423979022
139.34046086319333 8.858646347166426
137.27931691259468 10.247123420851413
135.21817296199606 11.303023176647049
133.15702901139738 10.965605759941372
131.09588506079876 10.740015073642962
129.03474111020012 9.886136566255933
126.97359715960148 9.199096613139423
124.91245320900283 10.86596812581505
122.8513092584042 10.641588715442849
120.79016530780555 10.075651171566326
118.72902135720692 10.860096516429055
116.66787740660827 10.99587242286106
114.60673345600964 9.541994017200553
112.545589505411 9.303768095740642
110.48444555481235 10.354110928638734
108.42330160421372 10.99990882717037
106.36215765361507 10.147549447952722
104.30101370301644 11.947874101117078
102.2398697524178 10.061623920082258
100.17872580181916 11.231131927378923
98.11758185122052 11.74938336652092
96.05643790062187 10.513544855035754
93.99529395002324 9.282799045842596
91.93414999942459 10.576560120661815
89.87300604882594 10.01869643064386
87.81186209822731 12.096352045501757
85.75071814762866 9.252879494939945
83.68957419703003 10.737432904155261
81.62843024643138 9.905558572661699
79.56728629583274 10.045967150354011
77.5061423452341 10.188482482775143
75.44499839463546 9.090814256906308
73.38385444403683 11.251691928046235
71.32271049343818 10.107719240373443
69.26156654283955 10.035337820025482
67.2004225922409 12.280904184461267
65.13927864164226 12.541498030358538
63.07813469104362 11.139408978094922
61.01699074044498 6.263271652654711
58.95584678984633 6.8452853652735515
56.89470283924769 10.599896704223791
54.83355888864905 9.763222838150401
52.77241493805042 8.99662001484739
50.711270987451776 8.912738985346348
48.650127036853135 11.223017417680365
46.588983086254494 9.02888020651689
44.52783913565585 9.63984482957965
42.46669518505721 8.572827813955547
40.405551234458564 6.8518674969047995
38.34440728385993 10.959830937633281
36.28326333326129 7.645736412615693
34.22211938266265 9.424162323845614
32.160975432064006 9.252434249203564
30.099831481465365 8.491058915976453
28.038687530866728 8.650398718086288
25.977543580268083 8.730914057800547
23.916399629669446 10.544836519348697
21.855255679070805 10.220037417724665
19.794111728472167 12.488569068793936
17.732967777873526 13.427999693308422
15.671823827274885 17.73004887098892
13.610679876676242 23.419633807067264
11.549535926077603 29.71225222276217
9.48839197547896 43.56079468577863
7.4272480248803205 59.861257987622125
5.366104074281679 74.65481622375103
3.3049601236830384 83.69161176798715
1.2438161730843977 79.5132539172061
-0.8173277775142432 81.34217349535554
-2.878471728112884 77.85644085959915
-4.939615678711525 76.9509217388138
-7.000759629310165 72.08422417889004
-9.061903579908805 73.1319214760545
-11.123047530507447 68.39481557879063
-13.184191481106087 69.10223742167956
-15.245335431704728 64.82488618263686
-17.30647938230337 57.64144532642051
-19.36762333290201 54.749386468475734
-21.428767283500648 49.546356269228916
-23.489911234099292 45.34118246020505
-25.551055184697937 42.178667655509535
-27.612199135296574 38.1792674458071
-29.673343085895215 38.83176152689239
-31.73448703649386 39.26345429455192
-33.795630987092494 40.108160712732754
-35.856774937691135 41.58650728649268
-37.91791888828978 44.181807101817924
-39.979062838888424 47.699980222312035
-42.040206789487065 47.627028130733265
-44.1013507400857 47.19507632230262
-46.16249469068434 48.89326763236111
-48.22363864128298 49.33328203133812
-50.28478259188162 48.004001160733
-52.345926542480264 47.17953534774186
-54.407070493078905 46.18583673076098
-56.46821444367755 41.70852285863118
-58.52935839427619 39.30548285442576
-60.59050234487483 39.141303866208744
-62.65164629547347 39.50509218815879
-64.7127902460721 43.82771523183672
-66.77393419667075 44.94542111104581
-68.8350781472694 43.285962272137276
-70.89622209786803 42.515834130185844
-72.95736604846668 44.39418929380912
-75.01850999906532 43.601398876365025
-77.07965394966396 42.758945499683435
-79.1407979002626 42.32277466391065
-81.20194185086123 39.011429566016304
-83.26308580145988 37.492221430191066
-85.32422975205851 36.35865147434366
-87.38537370265716 30.85753088309888
-89.4465176532558 32.0665957068896
-91.50766160385443 33.42992553483939
-93.56880555445308 32.46969535893208
-95.62994950505171 31.792996202898202
-97.69109345565036 29.977178068905033
-99.752237406249 27.31535114548074
-101.81338135684764 25.579745850282826
-103.87452530744629 22.419726113469057
-105.93566925804492 18.25196112733573
-107.99681320864357 17.236482622256286
-110.0579571592422 15.16475976635029
-112.11910110984086 14.354444518894631
-114.18024506043949 13.869835063703276
-116.24138901103814 14.785432366741075
-118.30253296163677 13.607408828148843
-120.3636769122354 10.452688476493982
-122.42482086283405 8.900106859546904
-124.48596481343269 8.239636626105455
-126.54710876403134 8.691072189049002
-128.60825271462997 9.794633173681362
-130.66939666522862 8.100404042471704
-132.73054061582727 10.171438483626488
-134.7916845664259 8.075576108351418
-136.85282851702453 7.465158192752773
-138.91397246762318 10.087404757051852
-140.97511641822183 5.95712962188271
-143.03626036882045 8.921313646274749
-145.0974043194191 7.14726232158367
-147.15854827001772 7.943366422221368
-149.2196922206164 8.92824339413755
-151.28083617121501 6.194932350364818
-153.34198012181366 7.414493390297999
-155.40312407241228 6.866477305566869
-157.46426802301096 9.037618973462584
-159.52541197360958 6.361446550123324
-161.58655592420823 7.4331231743854165
-163.64769987480688 7.774096667467697
-165.7088438254055 6.927870820246088
-167.76998777600417 6.814863643790796
-169.8311317266028 6.586364378005338
-171.89227567720144 8.4995832798145
-173.95341962780006 8.638090183225888
-176.0145635783987 9.230200349380603
-178.07570752899736 7.648710805166928
-180.136851479596 8.36369985609922
-182.19799543019462 9.910048978630735
-184.25913938079327 6.757750843191841
-186.32028333139192 7.8391573781896655
-188.38142728199057 6.353601246906733
-190.4425712325892 6.344106153383426
-192.50371518318784 7.030619120372416
-194.56485913378646 6.961780243421122
-196.62600308438513 7.674223983534633
-198.68714703498375 6.989900774780571
-200.7482909855824 7.4827626811611285
-202.80943493618105 8.209826057328625
-204.87057888677967 7.456299093092576
-206.93172283737835 7.281741361229009
-208.99286678797696 8.128396684809287
-211.0540107385756 8.623856103472164
-213.11515468917423 7.907419012575587
-215.1762986397729 6.348389005503163
-217.23744259037153 6.486888504241353
-219.29858654097018 6.9359604051314845
-221.3597304915688 7.896470747608082
-223.42087444216745 5.998394952794833
-225.4820183927661 6.487796534106625
-227.54316234336474 6.645503037361775
-229.60430629396336 5.6761339828028445
-231.665450244562 7.316755810072843
-233.72659419516063 6.254755964471026
-235.7877381457593 6.179917524740778
-237.84888209635793 5.070757050437695
-239.91002604695657 7.023597208806451
-241.97116999755522 7.954943529516059
-244.03231394815384 8.331330384469355
-246.09345789875252 5.232535744713123
-248.15460184935114 8.31123785599161
-250.2157457999498 5.866032790545172
-252.2768897505484 6.8691483492744485
-254.33803370114708 6.615446429706846
-256.39917765174573 9.764922200736283
-258.4603216023443 8.771029353677973
-260.52146555294297 9.193294829905527
