# BEGINHEADER
# This file contains data from the SALSA 2m radio telescope.
# DATE=2021-11-27T22:33:0059
# GLON and GLAT given in degrees
# GLON=115.87259527024611
# GLAT=-0.09606937698890843
# DATA in two columns below. Col. 1 is velocity relative to LSR [km/s]. Col. 2 is uncalibrated antenna temperature [K].
# ENDHEADER
265.4862957816255 -0.018596411148835697
263.4251518310268 2.862280431052572
261.3640078804282 3.081659198997629
259.3028639298296 4.297927186302124
257.24171997923094 3.028436794008591
255.18057602863226 4.26480448634584
253.11943207803364 4.519356864872397
251.058288127435 4.709450023984722
248.99714417683637 4.628775941612261
246.93600022623772 4.143928180430274
244.87485627563908 0.3933654009239889
242.81371232504043 2.6556063203907425
240.7525683744418 4.035148222925175
238.69142442384316 3.314989187004613
236.63028047324454 4.859820806307803
234.56913652264586 5.864386075263797
232.50799257204721 4.870707577597756
230.4468486214486 4.930787708153615
228.38570467084995 4.310733847361747
226.3245607202513 6.06116742631854
224.26341676965265 6.636150908943291
222.20227281905403 3.7659101420056307
220.14112886845538 4.312227760158794
218.07998491785676 5.44013920073503
216.0188409672581 4.936401013092228
213.95769701665947 6.58276754007432
211.89655306606082 5.038249086129332
209.8354091154622 6.197574184879853
207.77426516486355 4.757671750845589
205.7131212142649 4.914042204602569
203.65197726366625 6.233966726872075
201.59083331306763 5.262763289017156
199.529689362469 4.0398903805159865
197.46854541187034 5.157683506822651
195.4074014612717 6.296135694300937
193.34625751067304 5.522036236611952
191.28511356007442 4.872823498589184
189.22396960947577 5.335829027254136
187.16282565887713 5.28283419343322
185.10168170827848 5.4611401211837105
183.04053775767986 5.527530719026948
180.9793938070812 5.105405050461918
178.9182498564826 5.239148717220379
176.8571059058839 5.391411052294189
174.7959619552853 4.464037928363225
172.73481800468664 7.682889079438512
170.67367405408802 6.240222513212538
168.61253010348938 5.839969555834275
166.55138615289073 6.094302609687538
164.49024220229208 5.926525039675961
162.42909825169346 5.0445427215064305
160.3679543010948 5.495227596945372
158.30681035049616 5.751399767485001
156.24566639989752 6.5080367788404345
154.18452244929887 5.465003498468443
152.12337849870025 5.0154950179778774
150.0622345481016 6.371467272626975
148.00109059750295 4.810946528573442
145.9399466469043 7.291365304471843
143.87880269630568 7.029693661388187
141.81765874570704 5.746720075533481
139.75651479510842 5.47258121802825
137.69537084450974 5.975193037873211
135.63422689391112 6.068161035104187
133.57308294331247 4.686027059599373
131.51193899271385 6.06617732366942
129.4507950421152 4.021035851373641
127.38965109151654 6.521953107911252
125.3285071409179 7.147178967312327
123.26736319031927 6.7974229116768115
121.20621923972062 5.692573692303652
119.14507528912199 6.545471650856259
117.08393133852334 5.349306362764757
115.02278738792471 5.8571104384891415
112.96164343732607 6.064790986746899
110.90049948672743 4.589971611442296
108.83935553612879 5.92567915795649
106.77821158553014 6.314977307230463
104.71706763493151 5.0366989665217385
102.65592368433286 6.510107299843977
100.59477973373423 5.75787155984839
98.5336357831356 5.803775497420198
96.47249183253695 6.686616494348816
94.4113478819383 6.138080559268495
92.35020393133966 6.4641844037372085
90.28905998074103 6.0529153527248285
88.22791603014238 5.483817495188944
86.16677207954375 6.1189378058432204
84.1056281289451 5.023587469712488
82.04448417834647 4.414558149423444
79.98334022774782 5.7086415221153555
77.92219627714918 5.42087243635645
75.86105232655055 5.12417719577177
73.7999083759519 4.616352020966283
71.73876442535327 4.999607589178974
69.67762047475462 5.76919812654794
67.61647652415598 5.0968806796621156
65.55533257355734 4.665109174290606
63.494188622958696 4.974597189215341
61.433044672360055 4.617030418570055
59.37190072176141 4.416055004130661
57.31075677116278 5.285232087797536
55.24961282056414 6.351698198823519
53.1884688699655 5.5484605974316885
51.127324919366856 5.57409702045313
49.06618096876821 4.577595051699038
47.00503701816957 4.851701777670887
44.943893067570926 5.805446080597234
42.882749116972285 4.021678835111647
40.821605166373644 5.337791099016993
38.760461215775 6.563348563079731
36.69931726517636 6.41210033635464
34.63817331457772 3.9435727555539697
32.57702936397908 5.486319876985057
30.515885413380442 6.767540636337391
28.4547414627818 7.03472010462468
26.39359751218316 6.774573995516519
24.332453561584515 6.413016754318056
22.271309610985877 6.145598786351205
20.210165660387236 8.139160972781083
18.149021709788595 8.69101369611719
16.087877759189954 8.305218314785337
14.026733808591315 9.95594673630067
11.965589857992672 13.86845664754196
9.904445907394033 16.527728450657698
7.843301956795392 22.311225662382935
5.7821580061967515 36.17588134789952
3.7210140555981113 55.73588452129808
1.65987010499947 66.37417012357763
-0.40127384559917073 79.05291477189886
-2.4624177961978115 78.74832312713647
-4.523561746796452 77.51872831704812
-6.584705697395093 78.36621444440533
-8.645849647993735 76.41704321879023
-10.706993598592375 76.4130517975485
-12.768137549191016 72.64413331701702
-14.829281499789657 64.91199890145117
-16.8904254503883 56.44428837566603
-18.951569400986937 45.68240420579942
-21.012713351585578 35.846537522789454
-23.07385730218422 28.3135050063766
-25.13500125278286 26.55417912107174
-27.1961452033815 29.146427069057044
-29.257289153980143 32.1935048411164
-31.318433104578784 35.72585510804826
-33.37957705517743 42.44511976742394
-35.44072100577606 47.7840161695976
-37.5018649563747 52.21973770181097
-39.563008906973344 54.23359700325667
-41.624152857571985 59.3995568347818
-43.68529680817063 65.34811526576556
-45.74644075876927 69.69192553693526
-47.807584709367916 70.45790548599341
-49.86872865996655 71.31779448601574
-51.92987261056519 69.91374735415424
-53.991016561163825 65.15485849151615
-56.052160511762466 62.21667158405109
-58.11330446236111 61.30655047662005
-60.17444841295975 58.04952417646296
-62.23559236355839 53.7427921482244
-64.29673631415703 50.3335663027107
-66.35788026475568 44.63818203619191
-68.41902421535431 39.42585256567255
-70.48016816595296 34.78054956841041
-72.5413121165516 29.36997036714506
-74.60245606715023 23.566895327953606
-76.66360001774888 19.9766349053091
-78.72474396834751 19.000007373201754
-80.78588791894616 16.40322144161341
-82.8470318695448 15.249949125725662
-84.90817582014344 15.20347122412066
-86.96931977074208 15.63666114533098
-89.03046372134071 16.979945538224094
-91.09160767193936 18.30748882865156
-93.15275162253799 20.142685111313636
-95.21389557313664 22.697525666461154
-97.27503952373529 20.96091823880472
-99.33618347433394 21.74155389817775
-101.39732742493258 22.096642724928614
-103.45847137553122 17.5420711153068
-105.51961532612987 15.711569441860007
-107.5807592767285 13.21437600705848
-109.64190322732713 10.811277512030154
-111.70304717792578 8.413548504862465
-113.76419112852442 8.004139766276625
-115.82533507912306 7.091912222771312
-117.8864790297217 6.0442498908395175
-119.94762298032035 6.290308716021688
-122.00876693091898 4.961013756365097
-124.06991088151761 4.472459954873425
-126.13105483211626 5.01455496709178
-128.1921987827149 3.164810987785293
-130.25334273331356 4.53680090238876
-132.3144866839122 3.115703825868762
-134.37563063451083 3.486727627931863
-136.43677458510948 3.262637845262432
-138.4979185357081 1.7281626219899544
-140.55906248630674 2.1810050048865532
-142.6202064369054 2.9201226301651424
-144.68135038750404 3.172063488958486
-146.74249433810266 2.5296327727642893
-148.8036382887013 1.9050642147510581
-150.86478223929993 2.0109376760328157
-152.9259261898986 1.9863946573762052
-154.98707014049725 1.7158465319936287
-157.04821409109587 2.071559146845717
-159.10935804169452 2.3730808848407876
-161.17050199229317 2.2338110222890837
-163.23164594289182 3.0817931778872762
-165.29278989349044 1.2412022554014737
-167.35393384408908 1.0646450032511752
-169.4150777946877 2.616963109688396
-171.47622174528638 0.7793914314080189
-173.537365695885 1.10056303270064
-175.59850964648365 0.017448399865939233
-177.65965359708227 0.8972123596812763
-179.72079754768092 1.0358123600691482
-181.78194149827956 0.1900521560607885
-183.8430854488782 1.6922711272678856
-185.90422939947683 1.9436156634278539
-187.96537335007548 2.320753936688176
-190.02651730067413 1.5956672376840135
-192.08766125127278 0.8877313289328681
-194.14880520187143 0.4915220621310705
-196.20994915247005 1.1363697933120598
-198.2710931030687 1.819837537613422
-200.33223705366734 1.3033864930427421
-202.393381004266 0.7555184792150563
-204.4545249548646 1.1969080120310853
-206.51566890546326 2.5999815210983686
-208.57681285606188 1.236066690409125
-210.63795680666055 0.7287931383322107
-212.69910075725917 1.115460052837304
-214.76024470785782 0.6845953455620333
-216.82138865845644 1.185595090959554
-218.8825326090551 0.8391550718542425
-220.94367655965374 0.31310805011925275
-223.0048205102524 1.0251088721874981
-225.065964460851 1.2624121209587649
-227.12710841144965 0.48396923428492483
-229.1882523620483 1.1681398410923627
-231.24939631264695 1.3190250857587678
-233.3105402632456 1.6482040828668258
-235.37168421384422 1.6275948073607176
-237.43282816444287 0.8229774279079585
-239.49397211504152 2.2471955486401107
-241.55511606564016 2.0888362488798706
-243.61626001623878 0.7199192187082086
-245.67740396683743 0.7552805302070021
-247.73854791743605 1.4603478534049095
-249.79969186803473 1.8392466171091477
-251.86083581863335 2.0204393688482085
-253.921979769232 1.2329963135505815
-255.98312371983062 2.233777360380343
-258.0442676704293 1.5403501712153906
-260.10541162102794 1.3056485301747849
