# BEGINHEADER
# This file contains data from the SALSA 2m radio telescope.
# DATE=2021-12-04T07:10:0051
# GLON and GLAT given in degrees
# GLON=76.82162064752265
# GLAT=0.05408795897927638
# DATA in two columns below. Col. 1 is velocity relative to LSR [km/s]. Col. 2 is uncalibrated antenna temperature [K].
# ENDHEADER
265.72469361382196 4.8239057688118985
263.6635496632233 11.992139632432485
261.60240571262466 10.512756046648008
259.541261762026 13.442035189013943
257.4801178114274 13.924729007451221
255.41897386082877 13.948059526013065
253.35782991023012 13.523679501587848
251.29668595963147 14.278359401890178
249.23554200903283 15.510169557976575
247.1743980584342 17.363742112026898
245.11325410783556 14.755759731486265
243.0521101572369 18.175322237436845
240.99096620663826 17.975019293806334
238.92982225603964 15.777715913797072
236.868678305441 18.080017152120714
234.80753435484235 15.84600647881407
232.7463904042437 18.240210118510976
230.68524645364505 18.056579417292735
228.62410250304643 18.332021256958015
226.56295855244778 17.533366866393923
224.50181460184916 18.94248624915573
222.44067065125049 19.679575736198686
220.37952670065187 16.719609973711567
218.31838275005322 16.570365754264827
216.2572387994546 18.568235957448337
214.19609484885592 18.338577813702052
212.1349508982573 16.735217157454265
210.07380694765865 16.514883325131823
208.01266299706003 18.287184699347602
205.95151904646139 19.644072447735244
203.89037509586274 17.864699099030837
201.8292311452641 15.872934805734612
199.76808719466547 17.50634258384866
197.70694324406685 16.10471588686693
195.64579929346817 17.032313940342735
193.58465534286955 16.083674911100193
191.5235113922709 16.73366791530272
189.46236744167228 17.76507452567218
187.4012234910736 15.870554356958602
185.340079540475 16.4851394499448
183.27893558987634 17.638227915619705
181.21779163927772 16.51294028389446
179.15664768867907 15.712931668665556
177.09550373808042 17.569887961565783
175.03435978748178 18.443276311666235
172.97321583688316 17.463342337512625
170.9120718862845 17.22972432861523
168.8509279356859 17.32646986292523
166.7897839850872 16.15368406035196
164.7286400344886 17.469068651647515
162.66749608388994 16.436912237146068
160.60635213329132 17.287393735904498
158.54520818269268 18.802271096266047
156.484064232094 17.995206796375474
154.42292028149538 17.048300820125945
152.36177633089673 16.593464804322824
150.3006323802981 17.575586325299493
148.23948842969943 17.05720910007389
146.17834447910082 18.180748335003965
144.11720052850217 17.106721669825056
142.05605657790355 18.257859650050072
139.9949126273049 17.682120113752575
137.93376867670625 18.06857756915331
135.8726247261076 18.061232156057432
133.81148077550898 16.283639980084114
131.75033682491033 16.21097149401843
129.6891928743117 17.47770506159668
127.62804892371305 17.879876974179954
125.5669049731144 18.457586387897244
123.50576102251577 18.454259160204415
121.44461707191712 17.62525521266306
119.38347312131849 17.992233871165794
117.32232917071985 16.908717315774794
115.2611852201212 17.104225314019885
113.20004126952257 15.628458974950986
111.13889731892392 17.68811672302489
109.07775336832529 18.762235585179706
107.01660941772664 16.19118579359125
104.95546546712801 16.408431574816245
102.89432151652937 19.268801659800992
100.83317756593073 17.918869365501838
98.77203361533206 17.953320877104485
96.71088966473341 16.792952172428777
94.64974571413478 15.925936796337606
92.58860176353615 16.82351208159264
90.5274578129375 18.84109914171155
88.46631386233886 16.8116042709948
86.40516991174022 17.762935813143834
84.34402596114158 17.479745748754322
82.28288201054295 16.24491973261088
80.2217380599443 17.656207119598047
78.16059410934567 16.81777773574173
76.09945015874702 18.007589156418813
74.03830620814838 17.349228947983807
71.97716225754974 15.76653469401504
69.9160183069511 15.239741524404264
67.85487435635247 13.601604103068716
65.79373040575382 16.4886633126079
63.73258645515517 16.027480498343106
61.67144250455654 16.43377191173925
59.6102985539579 17.83924590534972
57.549154603359256 15.545957173305347
55.488010652760615 17.449455380381973
53.42686670216197 16.296099685474765
51.365722751563325 16.275222675721025
49.30457880096469 15.252520721911575
47.24343485036605 15.28390996762187
45.18229089976741 14.233016444360986
43.121146949168775 14.065545108618528
41.060002998570134 15.509404239464724
38.99885904797149 15.73960583377304
36.93771509737285 13.22798898822405
34.87657114677421 16.18476796526673
32.81542719617557 15.774132928349486
30.75428324557693 14.736152966347834
28.693139294978288 17.82359144040979
26.631995344379646 22.316956888849454
24.570851393781002 23.666261261758024
22.50970744318236 29.57095969425831
20.448563492583723 34.39811259357462
18.387419541985082 44.37714668677324
16.32627559138644 58.41373046401776
14.265131640787798 72.60430821731052
12.203987690189159 90.12439408736748
10.14284373959052 101.07483946485304
8.081699788991877 112.1952437510015
6.020555838393236 118.17672593185576
3.9594118877945954 115.05398395385077
1.8982679371959545 109.19042577545036
-0.162876013402686 112.07039567448093
-2.224019964001327 113.25953641583953
-4.285163914599968 109.12843725538393
-6.346307865198608 101.15446219814989
-8.407451815797248 92.30587801174485
-10.468595766395891 80.79221630295372
-12.52973971699453 69.2831764571737
-14.590883667593172 60.617738122182836
-16.652027618191813 55.897989912196
-18.713171568790454 50.07516249647245
-20.77431551938909 50.379806881542294
-22.835459469987736 48.845974335293484
-24.896603420586374 46.59202372157156
-26.957747371185015 49.89181780936081
-29.018891321783652 48.10270106089059
-31.080035272382293 44.9727883460503
-33.14117922298094 45.11522811584468
-35.20232317357958 43.50953859070346
-37.26346712417822 43.2178607819259
-39.324611074776854 41.2578257360827
-41.385755025375495 40.9356513215966
-43.446898975974136 39.38232861323663
-45.50804292657278 39.1658091920896
-47.569186877171425 37.21513989871661
-49.63033082777007 34.50657649958515
-51.69147477836871 32.81171828761567
-53.75261872896735 33.20543837938761
-55.81376267956599 34.853740837037776
-57.87490663016463 35.009956043043594
-59.93605058076327 39.134185914665224
-61.99719453136191 41.80310094627414
-64.05833848196055 44.69740347346225
-66.1194824325592 46.92998088817965
-68.18062638315784 47.20494865973011
-70.24177033375648 48.268359664474914
-72.30291428435511 50.581536092411184
-74.36405823495376 51.247074349761725
-76.4252021855524 52.337231983654945
-78.48634613615104 48.81468625605284
-80.54749008674968 45.48857199438215
-82.60863403734832 43.63582044162886
-84.66977798794696 40.546538279307114
-86.73092193854559 34.7151449010983
-88.79206588914424 31.478127008153344
-90.85320983974287 28.01714461541748
-92.91435379034152 24.136872422807645
-94.97549774094017 22.485704162626305
-97.0366416915388 22.994004883006852
-99.09778564213744 18.360783368804338
-101.15892959273609 19.136968076419226
-103.22007354333472 17.683342231974237
-105.28121749393335 15.884686420634337
-107.342361444532 18.06958146352497
-109.40350539513064 17.204935735492132
-111.46464934572928 15.52694919975091
-113.52579329632792 14.307295091114693
-115.58693724692657 16.83629365518053
-117.6480811975252 14.359386817210568
-119.70922514812383 13.637016295427651
-121.77036909872248 14.195800570479307
-123.83151304932112 12.536650051052796
-125.89265699991977 12.525628884196438
-127.9538009505184 10.456170097212205
-130.01494490111705 13.934862575771085
-132.07608885171567 12.403837059363546
-134.13723280231434 9.645875156839683
-136.19837675291296 11.058680302635754
-138.2595207035116 10.664265522744984
-140.32066465411023 10.861480568491167
-142.3818086047089 11.951782556293605
-144.44295255530753 9.640472854258936
-146.50409650590618 9.10187976090267
-148.5652404565048 9.660793501367593
-150.62638440710344 10.622352541813878
-152.68752835770212 9.757421949274022
-154.74867230830074 10.764790619503085
-156.8098162588994 9.839930592795554
-158.870960209498 9.570711154603945
-160.93210416009666 8.0083366066842
-162.9932481106953 7.654713493773972
-165.05439206129395 8.527569557631876
-167.11553601189257 9.251888226870202
-169.17667996249122 8.076865611192849
-171.23782391308987 8.084997522894561
-173.29896786368852 8.46658972871362
-175.36011181428714 7.226037223805444
-177.42125576488579 7.3868812614091865
-179.4823997154844 8.537315002032503
-181.54354366608308 8.059417337753217
-183.6046876166817 7.764360750848882
-185.66583156728035 8.437815568171347
-187.72697551787897 8.226266842009576
-189.78811946847762 7.0143271843135615
-191.8492634190763 7.379454633929482
-193.9104073696749 7.097051481279682
-195.97155132027356 6.869003776086378
-198.03269527087218 6.44047359249431
-200.09383922147086 5.230992885107779
-202.15498317206948 6.487694198314676
-204.21612712266815 7.46083942220418
-206.27727107326677 6.567260214459486
-208.33841502386542 4.8326147739291825
-210.39955897446404 6.509355526870809
-212.46070292506272 4.75179838116721
-214.52184687566134 4.3526749803311215
-216.58299082626 5.238697664664268
-218.6441347768586 4.342383884979932
-220.70527872745726 4.5240918549144284
-222.7664226780559 4.714986276478271
-224.82756662865455 4.0457265624990075
-226.88871057925317 4.763740877345976
-228.94985452985182 4.73008950932418
-231.01099848045047 6.96582372041695
-233.07214243104912 4.012375383522606
-235.13328638164776 3.7771116565788483
-237.19443033224638 5.241604297723928
-239.25557428284503 5.719331504319723
-241.31671823344368 4.408951105908497
-243.37786218404233 6.002396202436469
-245.43900613464095 5.439559666196446
-247.5001500852396 7.9872580118453005
-249.56129403583822 5.847038529610879
-251.6224379864369 6.568742031566139
-253.6835819370355 4.754357451737366
-255.74472588763416 7.280854649554074
-257.8058698382328 7.247289857991453
-259.8670137888314 9.32438317431021
