# BEGINHEADER
# This file contains data from the SALSA 2m radio telescope.
# DATE=2021-11-27T23:51:0051
# GLON and GLAT given in degrees
# GLON=87.85696939631511
# GLAT=0.06558962737835386
# DATA in two columns below. Col. 1 is velocity relative to LSR [km/s]. Col. 2 is uncalibrated antenna temperature [K].
# ENDHEADER
265.3543735913882 1.8468351715569045
263.2932296407895 4.755172183856172
261.2320856901909 6.752895995524654
259.17094173959225 8.032174073876408
257.1097977889936 10.759080952623547
255.04865383839498 10.554123037475224
252.9875098877963 5.169944181955994
250.9263659371977 8.47886497353846
248.86522198659904 10.975974477106973
246.8040780360004 6.799551057122171
244.74293408540174 4.365253661469825
242.6817901348031 3.4564380631304723
240.62064618420447 8.047089904534946
238.55950223360583 10.255001364606834
236.4983582830072 9.633231993143891
234.43721433240853 7.093811042616058
232.3760703818099 11.714071192043257
230.31492643121126 10.483187136227286
228.25378248061264 10.328184104311001
226.192638530014 10.344098484461096
224.13149457941535 11.401257427514787
222.0703506288167 10.542936265745931
220.00920667821808 9.701627365728243
217.94806272761943 7.495128732846172
215.8869187770208 11.27912654263209
213.82577482642213 11.61172171577931
211.7646308758235 8.615153632071657
209.70348692522487 9.481074555784822
207.64234297462622 5.284277100868275
205.58119902402757 7.071573842749731
203.52005507342892 9.181977212529505
201.4589111228303 8.293732439303694
199.39776717223165 10.152109599210348
197.336623221633 11.59920293586147
195.27547927103436 8.385657839640068
193.2143353204357 12.064939535151847
191.15319136983706 14.112505567545947
189.09204741923844 8.564837730342676
187.0309034686398 10.2120340817822
184.96975951804117 10.906278365587859
182.9086155674425 8.9860200385432
180.84747161684388 10.919282931937321
178.78632766624523 11.1765751026681
176.7251837156466 7.926010406303885
174.66403976504793 4.576271756748397
172.60289581444928 10.976357193401254
170.54175186385066 9.730579212765116
168.48060791325202 11.356924911476387
166.4194639626534 10.227012279698432
164.35832001205472 10.501684805621887
162.2971760614561 11.017298042537135
160.23603211085745 7.297468882058928
158.17488816025883 9.66429962677444
156.11374420966018 8.278014157044357
154.05260025906153 7.700641358992397
151.9914563084629 8.694533469972383
149.93031235786427 9.460094297158342
147.86916840726562 11.44081812094919
145.808024456667 11.072341965026004
143.74688050606832 9.198093666287617
141.6857365554697 6.534277071566713
139.62459260487105 8.262105967581043
137.56344865427243 9.038159219284806
135.50230470367376 7.9068930271961495
133.4411607530751 9.722340253557677
131.3800168024765 10.93615811100495
129.31887285187784 9.07906877936125
127.25772890127921 7.503905349017613
125.19658495068057 9.186933916056693
123.13544100008193 11.641993708834608
121.07429704948329 6.372296196992769
119.01315309888466 12.333940091969948
116.95200914828601 11.338980694596204
114.89086519768738 8.442289250101068
112.82972124708871 9.003294466995264
110.76857729649008 8.190910175843495
108.70743334589143 9.294955491626924
106.6462893952928 7.132257319266731
104.58514544469416 8.626113767107887
102.52400149409551 9.016231708490842
100.46285754349688 9.731025255126326
98.40171359289825 9.840285723497015
96.34056964229961 8.440754826308648
94.27942569170096 10.008767771299826
92.21828174110233 8.959422788302437
90.15713779050368 12.063411473414453
88.09599383990505 7.788511996276151
86.0348498893064 6.394709617149408
83.97370593870777 8.241022991086178
81.91256198810913 6.928975681339811
79.85141803751048 6.084749299389169
77.79027408691185 10.202268165488954
75.72913013631319 6.456580114455252
73.66798618571455 7.974501094962431
71.6068422351159 7.35434350074306
69.54569828451727 9.331745676925266
67.48455433391864 10.06121429311693
65.42341038331999 7.3539864951428475
63.362266432721356 7.442144942579689
61.301122482122715 5.950214266500647
59.23997853152407 8.276177702462245
57.17883458092543 10.585536315318208
55.11769063032679 6.470759409711648
53.05654667972815 6.24263041975953
50.99540272912951 8.146544950915466
48.93425877853087 8.58704731032908
46.87311482793222 9.322391979362957
44.81197087733358 9.283054799936965
42.75082692673494 10.343635377843711
40.6896829761363 7.679208375730303
38.62853902553766 7.429668646615219
36.56739507493902 8.260661595480821
34.50625112434038 8.08639471977609
32.44510717374174 12.433285964977193
30.383963223143095 10.253290849028204
28.322819272544457 12.907365887786694
26.261675321945816 10.447193836823445
24.20053137134718 13.063657581647858
22.139387420748534 13.475435451357466
20.078243470149896 17.802911955348957
18.017099519551255 28.05211075189021
15.955955568952614 30.65633517459402
13.894811618353973 41.98006157102955
11.833667667755334 56.25020095618669
9.772523717156691 75.6489188543199
7.711379766558052 88.16096968571803
5.65023581595941 93.59793005811542
3.5890918653607686 102.16853861438025
1.5279479147621282 88.51431608125698
-0.5331960358365124 92.19137764906941
-2.5943399864351533 89.08139929592946
-4.655483937033794 85.64993845327768
-6.716627887632434 86.63812860581974
-8.777771838231073 81.35069377190727
-10.838915788829716 84.17698897160334
-12.900059739428356 78.52227013041409
-14.961203690026998 76.77214225238268
-17.02234764062564 76.22202289953576
-19.08349159122428 67.9983590215535
-21.144635541822918 59.44099227241224
-23.20577949242156 52.26850096443969
-25.266923443020204 50.10200504016231
-27.328067393618845 45.169818018319226
-29.389211344217486 44.940405905986296
-31.450355294816127 41.273862856447664
-33.51149924541477 44.380048232591065
-35.57264319601341 46.09035827691587
-37.63378714661205 47.59491985322535
-39.69493109721069 51.64734914674587
-41.75607504780933 55.598852164370804
-43.81721899840797 54.36389051321837
-45.87836294900661 51.40063390423477
-47.93950689960525 48.846770398555584
-50.00065085020388 51.44698980227813
-52.06179480080253 47.25828631214241
-54.12293875140117 44.20272680095769
-56.18408270199981 41.23394465129854
-58.245226652598454 40.09179401244828
-60.306370603197095 41.27697646127954
-62.36751455379573 35.08213024500716
-64.42865850439438 37.25197788515087
-66.48980245499301 42.29535752543236
-68.55094640559165 48.44277665593269
-70.6120903561903 49.252260589321985
-72.67323430678893 51.38886173420019
-74.73437825738758 53.20370304113893
-76.79552220798621 53.86318215532962
-78.85666615858486 52.65966550410691
-80.9178101091835 48.36274210215473
-82.97895405978214 47.75780807305576
-85.04009801038079 41.83439274826229
-87.10124196097942 40.23147336985973
-89.16238591157807 33.350981179207295
-91.2235298621767 32.34371152465377
-93.28467381277535 28.92449971847258
-95.34581776337399 24.714142834524445
-97.40696171397262 24.031770769596335
-99.46810566457128 24.912263747132517
-101.52924961516992 23.965280032216075
-103.59039356576855 15.18066222786239
-105.6515375163672 14.028356259031202
-107.71268146696583 14.907468377464465
-109.77382541756448 12.799941732695423
-111.83496936816312 10.325528116350199
-113.89611331876176 10.225718259316624
-115.9572572693604 7.3497288876463855
-118.01840121995905 7.130506147221522
-120.0795451705577 8.990176858108528
-122.14068912115633 9.024086267793512
-124.20183307175498 7.525707519273497
-126.26297702235361 6.639704791816839
-128.32412097295224 6.710372612189834
-130.3852649235509 9.764485964828562
-132.4464088741495 7.714866359839511
-134.50755282474816 7.107775871604483
-136.56869677534684 6.961285850687664
-138.62984072594546 2.051848427153373
-140.6909846765441 3.4402814846789216
-142.75212862714272 8.736908505101685
-144.81327257774137 4.478640751251547
-146.87441652834002 3.71254612671499
-148.93556047893867 4.328533630672645
-150.9967044295373 6.763717138721618
-153.05784838013594 3.667648245415089
-155.11899233073459 1.6260425806560064
-157.18013628133323 5.516435539402911
-159.24128023193185 5.132948069339593
-161.3024241825305 4.920829661882641
-163.36356813312912 1.2065043878017205
-165.4247120837278 2.9490673767581064
-167.48585603432642 3.3433755652967947
-169.54699998492507 5.022313334756311
-171.60814393552369 4.192551932031524
-173.66928788612233 4.33224798965383
-175.730431836721 4.027775727492679
-177.79157578731963 1.1299276587794485
-179.85271973791828 1.607017629798374
-181.9138636885169 5.173097322957399
-183.97500763911557 1.6030201675286209
-186.0361515897142 5.36859563605314
-188.09729554031284 5.430927281644269
-190.15843949091146 5.226672045985426
-192.2195834415101 6.0537717841994665
-194.28072739210876 4.684469562521463
-196.3418713427074 3.2728191519867647
-198.403015293306 3.8731776822887203
-200.46415924390465 4.869269259237609
-202.5253031945033 4.743541288830418
-204.58644714510194 4.357106818202386
-206.64759109570056 4.829673998660641
-208.7087350462992 1.637467625450443
-210.76987899689786 2.141494027485315
-212.8310229474965 0.030777425936700988
-214.89216689809513 2.270219335583551
-216.95331084869377 1.243561218131614
-219.01445479929242 -0.7800579057980954
-221.07559874989107 7.657936583161998
-223.13674270048972 5.272365280730157
-225.19788665108834 3.7079728720325815
-227.259030601687 3.654980240457149
-229.3201745522856 0.7862632417027924
-231.38131850288428 3.3207829695658817
-233.4424624534829 2.4449956046270045
-235.50360640408155 0.7278864076431328
-237.56475035468017 4.21844834214815
-239.62589430527885 5.424141145706919
-241.68703825587747 1.5046584332075714
-243.74818220647612 1.954092132301909
-245.80932615707474 4.798245122243435
-247.87047010767338 3.447419038093532
-249.93161405827203 3.1929333109028457
-251.99275800887068 4.903136789596442
-254.0539019594693 5.4834950564336555
-256.115045910068 4.334857108486904
-258.17618986066657 6.168787453309461
-260.2373338112653 7.755394584089594
