# BEGINHEADER
# This file contains data from the SALSA 2m radio telescope.
# DATE=2021-12-04T07:35:0005
# GLON and GLAT given in degrees
# GLON=111.82130954200697
# GLAT=-0.032555555538354604
# DATA in two columns below. Col. 1 is velocity relative to LSR [km/s]. Col. 2 is uncalibrated antenna temperature [K].
# ENDHEADER
264.0701148712824 9.115827276191123
262.0089709206837 21.686045952120587
259.9478269700851 21.54649675956533
257.88668301948644 24.330703872987176
255.8255390688878 26.687822203625387
253.76439511828917 26.64286352145537
251.7032511676905 28.278532457032906
249.64210721709188 30.73110954364205
247.58096326649323 29.42591394049637
245.5198193158946 31.15370330763795
243.45867536529596 29.052421307204526
241.3975314146973 31.17712712937843
239.33638746409866 33.40619084576496
237.27524351350004 33.19677662002179
235.2140995629014 32.59989941676694
233.15295561230275 32.415762548034664
231.0918116617041 34.88861331604278
229.03066771110545 32.78384044953296
226.96952376050683 33.09808257221916
224.90837980990818 34.03661688184339
222.84723585930954 35.035803228924934
220.7860919087109 35.2002227074881
218.72494795811227 35.7866838020826
216.66380400751362 33.87184914139719
214.602660056915 36.46672437039293
212.54151610631632 36.78899954184895
210.4803721557177 34.33861771999019
208.41922820511905 35.84129822794066
206.35808425452043 38.959003321999475
204.29694030392176 34.845816740011536
202.23579635332314 36.74222022262365
200.1746524027245 35.418029644349645
198.11350845212587 35.68719858912214
196.05236450152722 36.43854640347254
193.99122055092857 36.880190894783574
191.93007660032993 36.82338064429104
189.86893264973128 37.707091140737816
187.80778869913266 39.95345825133142
185.746644748534 40.21547788825146
183.68550079793536 36.2443176688502
181.6243568473367 39.507985241762874
179.5632128967381 39.00557598587094
177.50206894613945 38.46321992440496
175.44092499554083 36.82817558707511
173.37978104494215 37.55681270754438
171.31863709434353 39.99193810482095
169.25749314374488 39.800571627411664
167.19634919314626 40.722118444332835
165.13520524254758 39.785566460041856
163.07406129194896 40.84062645765987
161.01291734135032 39.669952846120275
158.9517733907517 40.408510458023244
156.89062944015305 39.68259577739515
154.82948548955437 41.66064831253828
152.76834153895575 40.771316516381624
150.7071975883571 40.23002226812055
148.64605363775848 40.15412827173273
146.58490968715984 41.56451373168077
144.5237657365612 40.631490449711514
142.46262178596254 40.91051873934138
140.40147783536392 42.002749085579396
138.34033388476527 41.53942055093637
136.27918993416662 40.27894816485035
134.21804598356798 38.68799945753763
132.15690203296936 42.05421862376296
130.0957580823707 41.913954726306805
128.03461413177206 41.2104399699152
125.97347018117343 40.465931601700795
123.91232623057478 43.045644029107066
121.85118227997614 42.35740084445142
119.79003832937751 38.16381275978328
117.72889437877886 42.751456808268074
115.66775042818023 42.50812720227934
113.60660647758158 41.94864738151568
111.54546252698294 41.29695265905824
109.4843185763843 43.17803730146688
107.42317462578566 43.60434055482183
105.36203067518703 39.707179617893466
103.30088672458838 42.061401471140385
101.23974277398975 42.739580120700396
99.1785988233911 42.39070355359261
97.11745487279248 41.43025683146474
95.05631092219382 40.86278669517421
92.99516697159518 43.16786828783918
90.93402302099653 39.386363135422194
88.8728790703979 39.09946473480228
86.81173511979925 40.04169269313367
84.75059116920062 39.93686617420288
82.68944721860198 40.33416872169269
80.62830326800334 40.35602908777579
78.5671593174047 41.38099146737661
76.50601536680605 41.500518543729314
74.44487141620742 40.49182219287136
72.38372746560877 38.838107077898286
70.32258351501014 40.894711759857955
68.2614395644115 38.24385724770833
66.20029561381286 39.061982623309476
64.13915166321422 39.83250807023473
62.07800771261557 39.471304024027454
60.01686376201693 38.567345112154634
57.95571981141829 36.779839282249
55.89457586081965 39.14968324309297
53.83343191022101 37.92721821411776
51.77228795962237 37.1795130702699
49.711144009023734 36.26928208222207
47.65000005842509 33.29626262001276
45.588856107826444 33.208457942059205
43.5277121572278 32.003617003691396
41.46656820662916 31.254733017772747
39.40542425603052 29.19027878759077
37.34428030543189 28.518992812573266
35.283136354833246 25.561201138205913
33.221992404234605 25.730031841677345
31.16084845363596 25.05174592197114
29.09970450303732 25.26898534546747
27.03856055243868 23.190587913335676
24.97741660184004 21.184496740361283
22.916272651241396 19.60272728554016
20.855128700642755 21.087621612237516
18.793984750044118 20.054902110384376
16.732840799445476 19.891362889587263
14.671696848846835 20.725239445969514
12.610552898248194 22.404812792294578
10.549408947649553 23.46451022974279
8.488264997050912 25.764039345022514
6.427121046452272 34.95402371404729
4.365977095853631 45.965524082040965
2.30483314525499 57.71967597459506
0.24368919465634942 62.09562603143509
-1.8174547559422916 70.72916890969351
-3.8785987065409318 72.92616264297068
-5.939742657139573 72.21023921374578
-8.000886607738213 72.59931421286943
-10.062030558336854 70.62303813209638
-12.123174508935495 67.03374687184771
-14.184318459534136 65.15302895944966
-16.245462410132777 57.32394030445952
-18.30660636073142 47.64962211148845
-20.36775031133006 41.87399254348671
-22.428894261928697 33.358041209050654
-24.490038212527338 31.24633670562014
-26.551182163125983 33.39391970569568
-28.61232611372462 33.861195561710716
-30.67347006432326 34.88259178462593
-32.7346140149219 38.930750401802804
-34.795757965520544 40.19786029656994
-36.856901916119185 45.13123332787675
-38.918045866717826 46.39963294001124
-40.97918981731647 48.802328302675846
-43.04033376791511 53.85473726983948
-45.10147771851375 59.85111554965043
-47.16262166911238 63.13915339962242
-49.223765619711024 65.86432088606281
-51.28490957030967 66.55258340923234
-53.34605352090831 59.3823088246045
-55.407197471506954 59.15552975324522
-57.468341422105595 56.12433534303647
-59.52948537270423 51.27157070797752
-61.59062932330287 47.075754841076474
-63.65177327390151 44.107439417358925
-65.71291722450016 42.72340279172656
-67.7740611750988 40.142390996867086
-69.83520512569744 37.12218845293354
-71.89634907629608 32.69775948271973
-73.95749302689472 30.746609371040577
-76.01863697749336 27.09729039802775
-78.079780928092 23.84107392364964
-80.14092487869064 23.112939193454988
-82.20206882928927 23.671527587738165
-84.26321277988792 20.139188020183052
-86.32435673048656 20.702626160134788
-88.3855006810852 24.446079131215306
-90.44664463168384 24.723514882955147
-92.50778858228249 25.18704333959699
-94.56893253288112 27.068241617392765
-96.63007648347975 28.75106714286143
-98.69122043407842 27.733954822017843
-100.75236438467707 28.60697629838995
-102.8135083352757 27.13794261305806
-104.87465228587435 23.013588993868645
-106.93579623647298 22.889647648309012
-108.99694018707163 20.161934691139255
-111.05808413767026 19.49037207253357
-113.11922808826891 16.74112196299563
-115.18037203886755 15.994518926491882
-117.24151598946618 16.63314998160957
-119.30265994006483 15.991502254408644
-121.36380389066346 15.69741754933173
-123.42494784126211 16.494649721385983
-125.48609179186074 16.74596539635909
-127.54723574245939 14.404587649822615
-129.60837969305803 15.301799026834496
-131.66952364365667 14.697597188084105
-133.7306675942553 15.82489758475106
-135.79181154485397 14.616118658532201
-137.8529554954526 16.668377436572147
-139.91409944605124 16.688258305337506
-141.97524339664986 17.46690515160407
-144.0363873472485 16.441851439356842
-146.09753129784715 15.928072000853227
-148.1586752484458 16.595464610582003
-150.21981919904442 16.93987247961381
-152.28096314964307 16.16488532949313
-154.34210710024172 16.722126920823783
-156.40325105084037 15.837666270532367
-158.46439500143902 14.332409218733963
-160.52553895203764 13.407121306471836
-162.58668290263628 16.533936005084854
-164.64782685323493 13.910910381840125
-166.70897080383358 14.48815337579676
-168.7701147544322 14.206802175828274
-170.83125870503085 14.001053147329435
-172.89240265562947 13.15205963539444
-174.95354660622814 12.73422625598717
-177.01469055682676 13.649462820490974
-179.0758345074254 15.86263698165341
-181.13697845802403 14.228863659694927
-183.1981224086227 12.85871883783335
-185.25926635922133 13.770159082117878
-187.32041030981998 13.962000349500334
-189.3815542604186 14.835095294172628
-191.44269821101724 13.34159221083421
-193.50384216161592 12.796990205918027
-195.56498611221454 13.111507737872733
-197.6261300628132 11.914751663020025
-199.6872740134118 11.497852233559941
-201.74841796401046 10.756741636232478
-203.8095619146091 11.523157108632631
-205.87070586520775 13.800416031205224
-207.93184981580637 12.273323177582082
-209.99299376640502 12.638269780411143
-212.05413771700364 11.753985778956848
-214.11528166760232 12.13570147782773
-216.17642561820094 11.486289019175716
-218.2375695687996 9.693102472615548
-220.2987135193982 11.764752185423651
-222.35985746999688 7.920791654401875
-224.4210014205955 11.109425186325472
-226.48214537119415 11.136297790669746
-228.54328932179277 8.534264376900765
-230.60443327239142 9.14139483850383
-232.6655772229901 8.113846800070956
-234.72672117358871 10.124732847611671
-236.78786512418736 9.290234660406353
-238.84900907478598 8.908579685819946
-240.91015302538463 8.323870618557953
-242.97129697598328 10.173860093888976
-245.03244092658193 10.730426354844383
-247.09358487718055 10.360718804117727
-249.1547288277792 10.279395254684927
-251.21587277837784 12.85538863801425
-253.2770167289765 14.08109710946387
-255.3381606795751 12.806446886889203
-257.39930463017373 16.292263961251294
-259.4604485807724 15.75337577211228
-261.521592531371 21.351261729446914
