# BEGINHEADER
# This file contains data from the SALSA 2m radio telescope.
# DATE=2021-12-04T07:54:0027
# GLON and GLAT given in degrees
# GLON=52.887229084682716
# GLAT=5.199274904475727
# DATA in two columns below. Col. 1 is velocity relative to LSR [km/s]. Col. 2 is uncalibrated antenna temperature [K].
# ENDHEADER
269.6568886708161 4.344257991259438
267.5957447202175 11.217267462970257
265.5346007696188 8.82306212390219
263.4734568190202 9.499293384803693
261.41231286842157 8.62838280438529
259.3511689178229 11.529356298359438
257.29002496722427 11.758979588412217
255.22888101662562 9.622626733841749
253.16773706602697 9.580532125291803
251.10659311542835 9.526285715465658
249.0454491648297 10.560390691441375
246.98430521423109 9.626082088235181
244.9231612636324 10.391711211740528
242.8620173130338 13.445857323878881
240.80087336243514 10.57127348123213
238.73972941183652 11.163684037967222
236.67858546123784 12.496403308877182
234.61744151063922 10.182928845749084
232.55629756004058 9.625430246060759
230.49515360944196 11.907500522719502
228.4340096588433 10.281279357534082
226.37286570824466 11.031754752555836
224.311721757646 10.141371546696153
222.2505778070474 10.696481688578691
220.18943385644874 13.129703277740902
218.12828990585012 8.905549691880974
216.06714595525145 11.285063387431602
214.0060020046528 10.8566440874869
211.94485805405418 9.695724659537444
209.88371410345553 12.19782089319732
207.82257015285688 11.943284007138583
205.76142620225824 11.52546197908087
203.70028225165962 12.130364041574033
201.63913830106097 10.354958544188102
199.57799435046235 11.214007317170596
197.5168503998637 11.629293503392468
195.45570644926508 12.247639819466052
193.39456249866643 11.87978834092127
191.3334185480678 12.910783618946352
189.27227459746913 14.098110117796248
187.21113064687052 11.003896091386054
185.14998669627187 11.271132392552952
183.08884274567325 9.897614671600458
181.02769879507457 11.906487756544305
178.96655484447595 11.12966558123346
176.9054108938773 12.795895803404493
174.84426694327865 11.427281294331223
172.78312299268003 10.913751020728073
170.72197904208136 11.69831753337203
168.66083509148274 11.477234115416541
166.5996911408841 12.401032215180203
164.53854719028547 13.027108450327919
162.47740323968682 12.467367962122905
160.41625928908817 13.176709894699343
158.35511533848953 12.647965374784794
156.2939713878909 12.130945546556903
154.23282743729226 11.11290797793952
152.17168348669364 12.050842157407757
150.11053953609496 12.272712332443456
148.04939558549634 12.059639364734126
145.9882516348977 13.846799182203728
143.92710768429907 12.020044119411377
141.8659637337004 12.65381137446615
139.80481978310178 12.555083212480925
137.74367583250313 12.285616150007765
135.68253188190448 11.83987061780635
133.62138793130586 12.402460610483693
131.56024398070718 10.952216974505324
129.49910003010856 11.856961202756782
127.43795607950993 10.783432735561876
125.37681212891128 11.791137208606454
123.31566817831265 11.78577834101733
121.25452422771401 10.399063262661205
119.19338027711535 11.60321124980742
117.13223632651672 9.98095645091662
115.07109237591807 10.022223420793619
113.00994842531944 10.784041472254389
110.94880447472079 10.788242283511117
108.88766052412215 10.695675322632738
106.82651657352352 12.061512592382863
104.76537262292487 11.49902078176345
102.70422867232624 10.60662637353254
100.64308472172759 12.47788215022716
98.58194077112894 9.63526046346407
96.52079682053031 9.248441556200724
94.45965286993166 11.060816451647883
92.39850891933303 11.108296987554553
90.33736496873438 11.035238091403308
88.27622101813574 10.942239544756825
86.21507706753711 9.881171501692979
84.15393311693846 11.054431412037877
82.09278916633983 10.37956927486026
80.03164521574116 11.66291152287494
77.97050126514253 10.742260591903941
75.9093573145439 12.426570191119538
73.84821336394525 11.347210053502986
71.78706941334661 12.375210015524031
69.72592546274797 15.603666544398582
67.66478151214933 12.847753137537625
65.60363756155068 16.629530980937524
63.54249361095205 15.897593750757279
61.48134966035341 16.279945070799812
59.42020570975477 19.93296045125559
57.35906175915613 22.197288626069145
55.29791780855749 23.887452905905153
53.23677385795885 22.662488814914223
51.175629907360204 25.437037709089267
49.11448595676156 24.955239938670513
47.05334200616292 26.936848545612325
44.99219805556428 27.897215725173893
42.93105410496564 30.770373275521163
40.869910154367005 29.977687924188775
38.808766203768364 31.300327440058485
36.74762225316972 33.064127761311354
34.68647830257108 35.85623113647863
32.625334351972434 34.472195178678355
30.5641904013738 34.89888595644411
28.50304645077516 37.9537180890798
26.441902500176514 39.24515511803643
24.380758549577873 40.0346371278082
22.319614598979236 39.94264604557943
20.258470648380595 39.88169232322732
18.19732669778195 39.82307297623474
16.136182747183312 42.44587284939854
14.075038796584671 46.29725789567686
12.013894845986032 54.233147821687666
9.952750895387389 65.01936810385195
7.891606944788749 72.499871208733
5.830462994190109 72.76772178649861
3.769319043591468 71.42005141613437
1.7081750929928274 65.99741874399602
-0.3529688576058135 54.3808709426695
-2.4141128082044543 38.19512821911109
-4.475256758803095 27.05673544899748
-6.536400709401736 20.40406955055081
-8.597544660000377 19.522830019603926
-10.658688610599018 14.342195095283268
-12.719832561197657 14.454756695200015
-14.7809765117963 13.780612116306383
-16.84212046239494 10.878536431576721
-18.90326441299358 11.659571287054495
-20.964408363592224 12.865928280697307
-23.025552314190865 12.102070095001391
-25.086696264789502 11.379246500625879
-27.147840215388143 11.140895824959621
-29.208984165986784 12.088457563835341
-31.270128116585425 12.663086011830552
-33.33127206718407 12.602805307879049
-35.39241601778271 13.240246239017612
-37.45355996838135 14.291282512624427
-39.51470391897999 14.034425558714954
-41.575847869578624 14.917639729589217
-43.636991820177265 17.23169454585455
-45.69813577077591 16.869884637001856
-47.759279721374554 18.321317395996626
-49.820423671973195 20.52038940118706
-51.881567622571836 20.93154034133942
-53.94271157317048 19.465037260238226
-56.00385552376911 17.353247720204642
-58.06499947436775 19.465588855799172
-60.12614342496639 17.172111851151076
-62.187287375565035 15.712798757453072
-64.24843132616368 16.152707145944138
-66.30957527676232 15.855238712842045
-68.37071922736095 15.397843273898825
-70.4318631779596 16.62100158651902
-72.49300712855823 15.47131599350577
-74.5541510791569 15.932768882328968
-76.61529502975553 16.089854158835237
-78.67643898035416 14.355678570701782
-80.73758293095281 12.945558724856088
-82.79872688155145 13.542012090329633
-84.8598708321501 15.628458186720586
-86.92101478274873 14.239943733232856
-88.98215873334738 12.253068616279515
-91.04330268394601 11.481489028138546
-93.10444663454464 11.652841772080684
-95.16559058514329 9.194672200845842
-97.22673453574193 9.267702534081236
-99.28787848634056 9.266824252862447
-101.3490224369392 6.55402686752359
-103.41016638753784 8.254989577394637
-105.47131033813648 8.154509270133703
-107.53245428873512 8.21878871333737
-109.59359823933376 8.3123870671563
-111.65474218993239 6.869249942233461
-113.71588614053105 6.353457024613814
-115.77703009112969 6.608842387539562
-117.83817404172834 6.016449322650075
-119.89931799232697 6.003478714690043
-121.96046194292562 6.604262382896327
-124.02160589352425 6.621387248800308
-126.08274984412289 7.422735582827942
-128.14389379472152 7.527951684872864
-130.20503774532017 6.467915831061666
-132.26618169591882 6.689960772220404
-134.32732564651747 7.378777307191166
-136.38846959711609 6.854749804484278
-138.44961354771473 7.162050572029155
-140.51075749831338 5.543820906726492
-142.57190144891203 7.097523106322324
-144.63304539951065 5.961218231003582
-146.6941893501093 7.293680699011106
-148.75533330070795 5.263875811333004
-150.8164772513066 5.768446837074027
-152.8776212019052 5.379254685474834
-154.93876515250386 6.611548983961021
-156.99990910310248 6.45527143945561
-159.06105305370116 5.988398353708968
-161.12219700429978 5.423891915795657
-163.18334095489843 4.544255382695697
-165.24448490549705 6.68761953171619
-167.3056288560957 4.916545196961826
-169.36677280669434 5.759894914291413
-171.427916757293 6.387279718040353
-173.48906070789164 7.512772169047714
-175.55020465849026 6.946264856337968
-177.61134860908894 5.559118502772904
-179.67249255968756 6.986688782935747
-181.7336365102862 6.4889918058851395
-183.79478046088482 5.412509118218881
-185.85592441148347 6.299135211027339
-187.91706836208212 5.984668263504695
-189.97821231268077 5.833872179773581
-192.0393562632794 5.454056005242392
-194.10050021387804 5.930107462042016
-196.16164416447666 5.178499993696042
-198.22278811507533 5.3502730320255685
-200.28393206567398 6.065381834771367
-202.34507601627263 5.713237403738577
-204.40621996687125 6.175161298735187
-206.4673639174699 4.847781041074134
-208.52850786806852 6.2777810714730595
-210.5896518186672 6.2617895335039755
-212.65079576926584 6.479725140817046
-214.71193971986446 5.228561537988452
-216.7730836704631 6.322231209499676
-218.83422762106176 4.902815043034015
-220.8953715716604 4.882189733959275
-222.95651552225902 7.223402033031551
-225.01765947285767 5.710179224135827
-227.0788034234563 4.963538718129765
-229.13994737405497 5.538087598082276
-231.2010913246536 4.674386300827469
-233.26223527525224 5.24094227764735
-235.32337922585086 6.8547680367402055
-237.3845231764495 5.223506342125044
-239.44566712704815 7.243699875065833
-241.5068110776468 8.403526206213197
-243.56795502824542 7.137505548674757
-245.62909897884407 6.031517703000334
-247.69024292944275 5.276172488794378
-249.75138688004137 5.977232526444386
-251.81253083064001 7.170228182285183
-253.87367478123863 4.776969178766317
-255.93481873183728 7.5561539752676925
