# BEGINHEADER
# This file contains data from the SALSA 2m radio telescope.
# DATE=2021-12-05T09:51:0015
# GLON and GLAT given in degrees
# GLON=34.894274980699215
# GLAT=0.22760446736750226
# DATA in two columns below. Col. 1 is velocity relative to LSR [km/s]. Col. 2 is uncalibrated antenna temperature [K].
# ENDHEADER
267.8384828246551 2.3587444118442846
265.77733887405645 3.499583025879372
263.7161949234578 3.8410860949945738
261.65505097285916 6.23127366695793
259.59390702226057 4.964744586914556
257.53276307166186 6.285988337486453
255.47161912106324 4.890351039170578
253.41047517046462 4.27249752212668
251.34933121986597 7.225055724519049
249.28818726926735 6.553720501415965
247.22704331866868 6.445762027970502
245.16589936807003 5.9895117312439154
243.1047554174714 6.541221347999422
241.04361146687276 6.926271978741553
238.9824675162741 7.553895233883591
236.92132356567546 6.215087241580774
234.86017961507685 4.156962453012438
232.7990356644782 7.744993206118059
230.73789171387958 5.255826605826373
228.6767477632809 6.45946775092124
226.61560381268228 8.352722854528313
224.55445986208363 7.640498703878722
222.493315911485 7.405206732344685
220.43217196088636 5.79045650483659
218.37102801028772 9.378223511507834
216.30988405968907 7.916031906629585
214.24874010909045 6.952140000470516
212.1875961584918 6.8586403703868655
210.12645220789312 7.186208100011521
208.0653082572945 7.423868131418656
206.00416430669586 7.056088002859715
203.94302035609724 6.637526141865218
201.8818764054986 7.075651427089812
199.82073245489994 8.04577142993581
197.75958850430126 8.071189180825996
195.69844455370264 6.445682766243632
193.637300603104 8.424169331182902
191.57615665250538 7.73034490187801
189.51501270190673 5.873531036316103
187.45386875130808 7.693960467346006
185.39272480070943 8.3268041493045
183.3315808501108 7.315933863529482
181.27043689951216 7.293083839421399
179.20929294891354 7.209069242927506
177.14814899831487 7.065941663313956
175.08700504771625 6.209015428068104
173.0258610971176 6.263359095123387
170.96471714651895 5.829197892893014
168.9035731959203 6.794680021951937
166.84242924532165 7.79755400809478
164.78128529472303 6.49873855730671
162.7201413441244 6.262852477902678
160.65899739352577 6.9752575526275455
158.5978534429271 7.797088931486693
156.53670949232847 6.48306775904443
154.47556554172982 6.387478787695904
152.4144215911312 6.920801145579631
150.35327764053255 7.097843861963091
148.2921336899339 7.649652652295989
146.23098973933526 7.608223002791099
144.16984578873664 6.549567439271657
142.108701838138 7.113033005485429
140.04755788753934 6.155143087888851
137.9864139369407 7.08268283002473
135.92526998634207 6.410475782210032
133.86412603574342 6.103344361250871
131.80298208514478 6.333375327704496
129.74183813454613 6.718079979585278
127.6806941839475 7.282998650400285
125.61955023334886 5.625481009716087
123.55840628275023 6.832968546600212
121.49726233215158 5.589552323568984
119.43611838155294 6.6794950729892575
117.3749744309543 8.379888692395085
115.31383048035566 7.61848467217268
113.252686529757 8.942605190618025
111.19154257915837 10.370577698586455
109.13039862855973 10.971282331372548
107.06925467796108 12.644036914887483
105.00811072736245 13.704749931667918
102.9469667767638 16.052386155666095
100.88582282616517 16.725053229173536
98.82467887556652 19.779440020853965
96.76353492496789 21.195993722961003
94.70239097436925 23.142072719220092
92.6412470237706 25.592912310978022
90.58010307317197 30.360172380393738
88.51895912257332 29.5019027691495
86.45781517197469 31.352980345640105
84.39667122137604 32.89585816348268
82.3355272707774 33.76207235662428
80.27438332017877 34.212421530637855
78.21323936958012 36.97691339322474
76.15209541898149 35.95952225391431
74.09095146838283 35.1966677988581
72.02980751778419 34.54855788912529
69.96866356718554 33.334443104642986
67.90751961658691 32.274736965290025
65.84637566598828 34.877051683933544
63.78523171538963 35.0762267858218
61.724087764790994 38.99834168729292
59.66294381419235 43.26424555036907
57.60179986359371 46.497837972819404
55.54065591299507 48.102447348161974
53.47951196239643 47.68589967576354
51.41836801179779 50.44102772817793
49.35722406119915 49.512638585782355
47.29608011060051 48.228840314296306
45.234936160001865 49.60817383780215
43.173792209403224 52.291084839043286
41.11264825880458 52.43036935887012
39.05150430820594 53.76610552455263
36.9903603576073 55.458551743270064
34.92921640700867 56.69016128640424
32.868072456410026 54.860278283502026
30.80692850581138 57.86485657670461
28.74578455521274 56.74189468680321
26.6846406046141 55.91659081047899
24.62349665401546 56.63202753592778
22.562352703416824 56.0912304639185
20.50120875281818 56.17460320904402
18.44006480221954 58.14039924982858
16.378920851620897 61.97578045942454
14.317776901022258 64.21384071685438
12.256632950423617 68.68933416574446
10.195488999824976 68.99269706726187
8.134345049226336 64.87225147756308
6.073201098627694 60.61305964536533
4.012057148029053 53.69725076273109
1.9509131974304126 54.18100505040179
-0.11023075316822818 45.945673331026164
-2.1713747037668685 36.1590952180887
-4.23251865436551 25.592596993541296
-6.29366260496415 20.419401875759768
-8.35480655556279 17.275021330765725
-10.415950506161431 14.826015167362916
-12.477094456760073 14.135640940279819
-14.538238407358714 16.00506667947779
-16.599382357957357 16.43869862986525
-18.660526308555994 17.050187109431725
-20.721670259154635 17.28787126340072
-22.782814209753276 19.082707649790326
-24.843958160351917 20.520263990895774
-26.905102110950562 20.997554396758982
-28.966246061549203 20.75296748802561
-31.02739001214784 21.386509420721623
-33.08853396274649 22.33934342435282
-35.14967791334512 22.470791542194437
-37.210821863943764 22.995110964032346
-39.271965814542405 21.62258668231608
-41.333109765141046 22.139968680280063
-43.39425371573969 21.07235091819652
-45.45539766633833 19.743739879761055
-47.51654161693697 19.615535486385777
-49.5776855675356 18.442263060613325
-51.63882951813425 19.746499712352442
-53.69997346873289 18.43945598517798
-55.76111741933153 18.413273962588374
-57.822261369930175 17.20352801024142
-59.883405320528816 14.963725258659911
-61.94454927112745 13.020303013264375
-64.00569322172609 9.758902021758
-66.06683717232474 7.412385316252731
-68.12798112292337 6.316977937490727
-70.189125073522 4.303197633237504
-72.25026902412066 4.661457290594332
-74.31141297471929 5.05470722443831
-76.37255692531794 3.550209670648067
-78.43370087591657 2.8342347599991116
-80.49484482651523 1.0456852915881454
-82.55598877711387 3.1206978113092525
-84.6171327277125 2.0962015404255037
-86.67827667831115 3.9810315621029067
-88.73942062890978 2.4980365643515614
-90.80056457950843 2.5849794712879652
-92.86170853010707 3.4945543121669767
-94.92285248070571 3.4634113573028826
-96.98399643130435 1.4897841416997453
-99.04514038190298 1.8750690670589503
-101.10628433250163 3.637269781610239
-103.16742828310026 2.4047472480547047
-105.22857223369891 2.8430536043028054
-107.28971618429755 1.8174120702162586
-109.3508601348962 1.1206053837077647
-111.41200408549483 3.5637336075578174
-113.47314803609346 3.3343249979771676
-115.53429198669211 2.276604651674884
-117.59543593729074 1.5068334034263013
-119.65657988788941 2.4042229845578946
-121.71772383848804 2.2943646506700888
-123.77886778908669 1.3626657535404865
-125.84001173968532 1.6454896101755085
-127.90115569028396 1.4097675902485058
-129.9622996408826 2.218092348452947
-132.02344359148125 2.4902895099771083
-134.08458754207987 0.8334084436791878
-136.14573149267852 1.6141692366257283
-138.20687544327717 1.2550385978381615
-140.2680193938758 0.46088645961969277
-142.32916334447447 1.1180672620483618
-144.3903072950731 1.4096271862388101
-146.45145124567173 0.6936941959312437
-148.51259519627035 1.0224072455804822
-150.57373914686903 0.30671786603327833
-152.63488309746765 1.7148471324345371
-154.6960270480663 1.4755980090546683
-156.75717099866492 0.2594422438638707
-158.81831494926357 0.6290811858353074
-160.87945889986221 1.4047013166766171
-162.94060285046086 1.9059266909722985
-165.00174680105948 1.5429182182050065
-167.06289075165813 1.7697132855556361
-169.12403470225675 0.7782004735902247
-171.18517865285543 2.1598383119817917
-173.24632260345405 0.8635119637574242
-175.3074665540527 1.5189325145315924
-177.36861050465134 2.857573578313346
-179.42975445524996 1.6539986284616484
-181.49089840584864 0.266864517410603
-183.55204235644726 1.4868340655420602
-185.6131863070459 0.34168235848235096
-187.67433025764453 3.034316009053207
-189.7354742082432 0.14650598280238186
-191.79661815884182 0.5214151994851812
-193.85776210944047 1.1785546272392893
-195.9189060600391 -0.23711501402133275
-197.98005001063774 -0.14880018460527078
-200.04119396123636 0.0982229782346429
-202.102337911835 -0.5059616087973026
-204.16348186243363 0.9922876892294146
-206.2246258130323 1.0249547112165422
-208.28576976363092 0.5821315967973056
-210.34691371422957 1.627373450679877
-212.4080576648282 -1.1021812663146036
-214.46920161542684 0.20154023427008094
-216.53034556602552 0.9820034045769196
-218.59148951662414 0.9827317875589807
-220.65263346722278 -1.207311252131599
-222.7137774178214 2.0354369585402776
-224.77492136842005 0.1557812336444814
-226.8360653190187 -0.030136932065897817
-228.89720926961735 1.9898411535106941
-230.95835322021597 1.0043566466068914
-233.01949717081462 -0.27315615241185587
-235.08064112141324 0.9705961421071699
-237.1417850720119 2.7633026447982725
-239.20292902261053 0.3548483753039586
-241.26407297320918 2.1312341554745
-243.3252169238078 1.7696606487030613
-245.38636087440648 1.198441704125139
-247.4475048250051 2.8392704839014034
-249.50864877560375 1.0179996602435164
-251.56979272620237 2.154079979731261
-253.630936676801 1.3960473847348245
-255.6920806273997 0.5641721755198122
-257.7532245779983 4.468820613700991
