# BEGINHEADER
# This file contains data from the SALSA 2m radio telescope.
# DATE=2021-12-04T07:45:0021
# GLON and GLAT given in degrees
# GLON=108.87752361288194
# GLAT=-0.104732916672641
# DATA in two columns below. Col. 1 is velocity relative to LSR [km/s]. Col. 2 is uncalibrated antenna temperature [K].
# ENDHEADER
264.15720585478954 9.849806513482315
262.0960619041909 22.62162042840505
260.03491795359224 20.421755270902928
257.9737740029936 23.521890532960867
255.91263005239497 25.84148172596561
253.8514861017963 24.29748906163984
251.79034215119768 24.603277166541822
249.72919820059903 26.029907968928534
247.6680542500004 26.815379872812485
245.60691029940176 26.38567365730305
243.5457663488031 27.183720350315244
241.48462239820446 27.461459166472654
239.42347844760585 28.884247990592065
237.3623344970072 29.35289030607658
235.30119054640852 28.071296246613787
233.2400465958099 28.264224282032412
231.17890264521125 29.834291608651974
229.11775869461263 31.21056620658511
227.05661474401398 28.572992609007038
224.99547079341534 31.255623445205345
222.9343268428167 32.115505722356545
220.87318289221807 30.11775567394191
218.81203894161942 29.952345848722107
216.7508949910208 30.200620462789743
214.68975104042212 31.510627675852945
212.6286070898235 29.5147002103289
210.56746313922486 31.19655436228532
208.50631918862624 28.77964322030447
206.44517523802756 31.364198141657806
204.38403128742894 31.877036806408153
202.3228873368303 29.225922927209158
200.26174338623167 30.876825528360325
198.20059943563302 32.09110482858474
196.13945548503435 31.661234336286668
194.07831153443573 32.92764181466673
192.01716758383708 31.0789012232176
189.95602363323846 30.90397629544222
187.8948796826398 33.87347178668262
185.83373573204116 32.758999398617185
183.77259178144251 34.71974466738128
181.7114478308439 34.34987514203826
179.65030388024525 33.99200349065058
177.58915992964663 33.922914696726174
175.52801597904795 33.47571395955042
173.46687202844933 31.978455827925664
171.40572807785068 35.49087261284691
169.34458412725206 33.496721481342576
167.2834401766534 35.7800496623748
165.22229622605477 35.864684699618145
163.16115227545612 34.56215939150889
161.1000083248575 34.92049298686114
159.03886437425885 34.99005205866248
156.97772042366017 35.64311773897784
154.91657647306155 34.23494118139741
152.8554325224629 32.78311502318252
150.79428857186429 33.18325604285617
148.73314462126564 36.580602400801254
146.672000670667 34.8730655127339
144.61085672006834 34.80857800448641
142.54971276946972 34.500289853582004
140.48856881887107 36.076318424162565
138.42742486827242 35.63611106786543
136.36628091767378 34.75636870239331
134.30513696707516 32.2650099198043
132.2439930164765 34.555380719518475
130.18284906587786 35.8989108502035
128.12170511527924 36.07323296847214
126.06056116468058 35.733135339143956
123.99941721408194 35.0247651712244
121.93827326348331 36.06530358878547
119.87712931288466 33.14224373254731
117.81598536228603 33.39878812817525
115.75484141168738 33.563681013288864
113.69369746108875 34.48368839690953
111.6325535104901 35.53978747065944
109.57140955989146 36.75743045587307
107.51026560929283 34.57438737332271
105.44912165869418 35.215229712550304
103.38797770809555 36.6302033755705
101.32683375749689 35.934420377060526
99.26568980689825 34.07535642303836
97.2045458562996 34.950217219288376
95.14340190570096 34.0245172354236
93.08225795510232 36.17904470007822
91.02111400450367 34.56859265249763
88.95997005390504 36.353125980217
86.8988261033064 36.80873538561495
84.83768215270776 34.20212898668227
82.77653820210912 34.358921549727974
80.71539425151047 34.43252344771807
78.65425030091184 36.02739918334732
76.59310635031319 33.8886257426436
74.53196239971456 34.814823176471606
72.47081844911592 33.515954937327315
70.40967449851728 34.36408284621394
68.34853054791864 34.33025234953805
66.28738659732 34.145361355198695
64.22624264672136 34.80576282437062
62.16509869612271 30.87048717197361
60.10395474552407 31.981199164228933
58.04281079492543 33.41917686392521
55.98166684432679 33.5824096197631
53.92052289372814 29.286754493208296
51.85937894312951 28.175133566707196
49.798234992530865 29.239707254631767
47.73709104193223 28.350425800773
45.67594709133359 27.279747571964837
43.61480314073495 27.36939318145479
41.55365919013631 24.08465435544636
39.49251523953767 25.22502160848691
37.431371288939026 22.10098317515638
35.37022733834039 21.215730197367886
33.309083387741744 20.565662247797054
31.247939437143106 19.60439215195061
29.18679548654446 19.438802235325227
27.12565153594582 18.52902974107689
25.064507585347183 15.440702765137452
23.003363634748542 14.195744497876294
20.9422196841499 16.851350051025115
18.881075733551256 15.026394599608322
16.81993178295262 14.021901654247193
14.758787832353978 13.866904375295242
12.697643881755337 15.420091955402956
10.636499931156695 18.731319733904865
8.575355980558054 19.702872390827146
6.514212029959413 27.30021047536364
4.453068079360773 37.08648185497655
2.391924128762132 47.958368516283954
0.33078017816349137 54.00199251853625
-1.7303637724351493 63.96445764726447
-3.7915077230337904 63.439800062728175
-5.852651673632431 62.49709950886135
-7.9137956242310725 61.08716072240861
-9.974939574829712 57.25677396132779
-12.036083525428355 53.78835363468402
-14.097227476026994 46.915166888848795
-16.158371426625635 40.00126404286056
-18.219515377224273 31.762699485993554
-20.280659327822917 28.906367421557235
-22.34180327842156 24.547708395161752
-24.402947229020196 22.547404947711648
-26.464091179618837 21.437717818115132
-28.52523513021748 23.797232812525383
-30.58637908081612 27.98458247003719
-32.64752303141476 24.96945375722066
-34.7086669820134 27.478246838697828
-36.76981093261204 32.011789582605644
-38.83095488321068 32.860673849245025
-40.89209883380932 34.96102821742088
-42.95324278440797 38.96031028255923
-45.01438673500661 43.56397427450775
-47.075530685605244 47.17984689804036
-49.136674636203885 52.10475773301089
-51.19781858680253 52.839449719660344
-53.258962537401175 49.00049516530504
-55.320106487999816 45.85466076358664
-57.38125043859846 39.61405311740419
-59.44239438919709 38.98465410375671
-61.50353833979573 34.36977152821207
-63.56468229039438 32.264624359776434
-65.62582624099302 29.810482629800234
-67.68697019159166 28.33450300392976
-69.7481141421903 26.75773268784115
-71.80925809278894 21.70213838156389
-73.87040204338759 18.58424536874449
-75.93154599398622 15.87841662572968
-77.99268994458487 12.963243212479307
-80.0538338951835 13.32885119947361
-82.11497784578214 8.596159249847398
-84.17612179638078 10.284165084619595
-86.23726574697942 9.752632738390744
-88.29840969757807 7.482720220304549
-90.3595536481767 12.242156848128829
-92.42069759877535 12.457973091237598
-94.481841549374 14.919156091378401
-96.54298549997263 13.702773033670002
-98.60412945057128 15.499654803656298
-100.6652734011699 13.89619797463549
-102.72641735176855 14.548363659001248
-104.78756130236718 13.527143669039884
-106.84870525296583 8.191268338661283
-108.90984920356446 7.761949538956416
-110.97099315416311 5.5042964364919325
-113.03213710476174 5.560445294267674
-115.09328105536038 6.089748049431885
-117.15442500595903 5.86058139019901
-119.21556895655766 6.394864748343885
-121.27671290715631 4.677001465127183
-123.33785685775494 5.888213846978626
-125.39900080835359 6.061824982705812
-127.46014475895223 5.132932010713995
-129.52128870955087 4.918133921027457
-131.5824326601495 5.472820241405675
-133.64357661074817 6.215321815435372
-135.7047205613468 4.251847205435949
-137.76586451194544 6.400812501412852
-139.82700846254406 5.209932524391458
-141.8881524131427 5.179568955069345
-143.94929636374135 4.954864319057165
-146.01044031434 5.65120470331578
-148.07158426493862 6.868238011837606
-150.13272821553727 6.41838536420972
-152.19387216613595 6.350572295996793
-154.25501611673457 6.930132416646584
-156.31616006733321 7.381520875738485
-158.37730401793183 5.805892579882024
-160.43844796853048 6.65151599297266
-162.49959191912913 6.587898358689045
-164.56073586972778 7.539246732695156
-166.6218798203264 7.192730120041356
-168.68302377092505 5.67177613757871
-170.74416772152367 6.769750642676652
-172.80531167212234 4.91240962180945
-174.86645562272096 6.479902773476704
-176.9275995733196 6.055805432369438
-178.98874352391823 4.176068989686428
-181.0498874745169 7.226037937211013
-183.11103142511553 6.4741927854316215
-185.17217537571418 5.149649211134302
-187.2333193263128 5.668389910118687
-189.29446327691144 5.683678367075864
-191.35560722751012 5.70243861512284
-193.41675117810874 7.033742641851503
-195.4778951287074 5.142175001253264
-197.539039079306 7.594584415362447
-199.60018302990466 6.40012966652879
-201.6613269805033 5.114406445581209
-203.72247093110195 6.310063614344258
-205.78361488170057 6.973766788971785
-207.84475883229922 7.087165579078216
-209.90590278289784 5.233725494878311
-211.96704673349652 8.627257777371808
-214.02819068409514 5.418818502635735
-216.08933463469378 5.445694579996807
-218.1504785852924 7.014737473280525
-220.21162253589108 6.705262907306892
-222.2727664864897 8.84780143198675
-224.33391043708835 7.695329548280429
-226.39505438768697 7.43749090855243
-228.45619833828562 4.7746404644834275
-230.5173422888843 6.516997006129852
-232.5784862394829 8.796711454298729
-234.63963019008156 8.637966817953837
-236.70077414068018 8.016864631102267
-238.76191809127883 7.865978201156443
-240.82306204187748 9.310216360556543
-242.88420599247613 10.225697167746867
-244.94534994307475 9.298337712623189
-247.0064938936734 10.054703888031291
-249.06763784427204 12.257966354299885
-251.1287817948707 13.004270022027155
-253.1899257454693 13.29973008136744
-255.25106969606796 13.751561548614792
-257.3122136466666 16.73041738938
-259.3733575972652 13.23582608144319
-261.4345015478639 18.418337993724098
