# BEGINHEADER
# This file contains data from the SALSA 2m radio telescope.
# DATE=2021-11-27T23:50:0025
# GLON and GLAT given in degrees
# GLON=76.86524635622567
# GLAT=0.04558215228069124
# DATA in two columns below. Col. 1 is velocity relative to LSR [km/s]. Col. 2 is uncalibrated antenna temperature [K].
# ENDHEADER
265.24087752888585 2.9935862883088564
263.17973357828726 5.432563332576801
261.1185896276886 5.837674683584337
259.05744567708996 8.033028218774046
256.9963017264913 4.642450370104617
254.9351577758927 4.721778939591992
252.874013825294 9.011329971255265
250.81286987469537 9.63080438296474
248.75172592409675 8.714446765807367
246.6905819734981 7.275363698868887
244.62943802289948 6.52411950649815
242.5682940723008 5.678786943893598
240.50715012170218 5.612424190370184
238.44600617110353 3.7478308625499337
236.3848622205049 7.073697949327291
234.32371826990627 11.026729117608388
232.26257431930762 9.404197549045898
230.20143036870897 7.719570923735582
228.14028641811035 11.98126404235029
226.0791424675117 7.902074434294495
224.01799851691308 8.521056768902245
221.9568545663144 13.15070890655127
219.89571061571579 6.174047436166557
217.83456666511714 7.796319936041726
215.77342271451852 10.72191083391687
213.71227876391984 11.120365653593144
211.6511348133212 6.828346919025388
209.58999086272257 9.241148316142198
207.52884691212392 11.65385004961284
205.4677029615253 10.593302805484207
203.40655901092663 12.866479181923957
201.345415060328 9.467888322135472
199.28427110972936 6.723797052636203
197.2231271591307 9.932240694166213
195.16198320853206 9.313300889546156
193.10083925793344 8.534039166116093
191.03969530733477 9.857103048477851
188.97855135673615 13.169278101731022
186.9174074061375 8.078673289624907
184.85626345553888 11.369684565919208
182.7951195049402 8.46088270429089
180.73397555434158 10.714174673790701
178.67283160374294 10.083791753423519
176.61168765314432 10.475229095278378
174.55054370254567 10.530613852403587
172.489399751947 8.340608993997515
170.42825580134837 9.963071196384233
168.36711185074972 9.98582154646642
166.3059679001511 11.431457108161647
164.24482394955245 9.9295308852581
162.1836799989538 11.681909200336433
160.12253604835516 8.306568812317142
158.06139209775654 9.46465559818995
156.0002481471579 9.332951640029599
153.93910419655927 6.9547445135621855
151.8779602459606 11.28114999081146
149.81681629536197 6.302484332356632
147.75567234476333 8.892870949060441
145.6945283941647 10.286708281694143
143.63338444356603 8.862995953858176
141.5722404929674 9.078252686565097
139.51109654236876 10.030752622465284
137.44995259177014 10.786133038346366
135.3888086411715 11.596947923321142
133.32766469057282 11.244842149524795
131.2665207399742 10.762900176663553
129.20537678937555 11.919602909783288
127.14423283877692 9.630969017783578
125.08308888817828 10.723357377647167
123.02194493757965 6.663240386900093
120.960800986981 7.249367248455343
118.89965703638237 10.736908802605294
116.8385130857837 12.207728845075545
114.77736913518507 6.966264088990484
112.71622518458643 8.150853083774935
110.65508123398779 10.415685962045007
108.59393728338915 6.7811833518276385
106.5327933327905 9.405457428189255
104.47164938219187 7.010478863400133
102.41050543159322 10.55807893797393
100.34936148099459 10.341034701373257
98.28821753039595 10.0259943606106
96.22707357979732 8.088422312798711
94.16592962919867 10.795294627185278
92.10478567860004 10.598725978026112
90.0436417280014 9.531519746960686
87.98249777740276 8.92238067589343
85.92135382680412 7.209801920158007
83.86020987620547 12.561639285582633
81.79906592560684 8.855991247627006
79.73792197500819 10.183556362208478
77.67677802440954 9.679759528860114
75.61563407381091 6.180206545236452
73.55449012321226 8.432925250495051
71.49334617261363 9.334236711679797
69.43220222201498 5.922600006857037
67.37105827141635 8.770027954842227
65.30991432081771 11.83615015161225
63.24877037021906 3.2433127165404625
61.18762641962042 7.271284063253889
59.12648246902178 6.9073913515091
57.06533851842315 6.138149151126868
55.004194567824506 6.61862095981547
52.943050617225865 8.73105361696735
50.88190666662722 8.260183429407611
48.82076271602857 7.720387404808835
46.759618765429934 6.631357904341406
44.69847481483129 8.071719324803434
42.63733086423265 9.15901638959068
40.57618691363401 7.741818092216338
38.51504296303537 7.642632072452019
36.45389901243673 9.658710553679956
34.39275506183809 9.273249034269803
32.33161111123945 11.995969173195206
30.27046716064081 11.719865580994156
28.209323210042168 13.853897753423993
26.148179259443527 14.395864432461654
24.087035308844886 23.2324418387716
22.025891358246245 28.57892299934918
19.964747407647607 36.79255702550412
17.903603457048966 49.90870635110462
15.842459506450325 63.83464244332651
13.781315555851682 83.99279053466259
11.720171605253041 101.86711292697652
9.659027654654402 120.49031986522259
7.59788370405576 126.68767439040158
5.53673975345712 133.69036173000598
3.475595802858478 134.80412318075233
1.4144518522598377 121.07405044941967
-0.646692098338803 122.69295340952395
-2.707836048937444 119.24865243740705
-4.768979999536085 112.09124003434746
-6.830123950134726 103.37572335921921
-8.891267900733366 88.46450977404388
-10.952411851332007 75.68675609516315
-13.013555801930647 64.21610279489946
-15.074699752529286 59.1889405819495
-17.13584370312793 54.3266734309136
-19.19698765372657 52.3954291485359
-21.258131604325207 52.19235314043095
-23.319275554923852 46.91402348562413
-25.380419505522493 42.23954570766024
-27.441563456121134 45.05702394634224
-29.502707406719775 43.20622737321559
-31.563851357318416 42.93443292996266
-33.62499530791706 39.02678820102675
-35.686139258515695 40.077933347528756
-37.747283209114336 36.16195396043542
-39.80842715971298 35.04634486571412
-41.86957111031162 34.63538415770533
-43.93071506091026 34.67773955472768
-45.9918590115089 29.49812323696424
-48.05300296210755 28.695409627953396
-50.11414691270618 27.77025488151716
-52.175290863304824 26.49031224554864
-54.23643481390346 27.862700584591664
-56.2975787645021 28.49199437550131
-58.35872271510074 35.66979868238074
-60.41986666569938 38.195854030258566
-62.48101061629802 38.52256186769555
-64.54215456689667 42.63564365481147
-66.6032985174953 41.031411757138684
-68.66444246809394 49.099980910304474
-70.72558641869259 42.637717884488396
-72.78673036929122 47.948459759107415
-74.84787431988985 52.981051494478336
-76.90901827048852 50.83961991273716
-78.97016222108715 44.95670493180931
-81.0313061716858 41.6310553678628
-83.09245012228443 37.32965458534856
-85.15359407288308 33.32929566359799
-87.21473802348171 26.807436591385777
-89.27588197408035 21.690790150042773
-91.337025924679 20.140196277741907
-93.39816987527763 14.463792009328355
-95.45931382587628 13.903007218248494
-97.52045777647491 10.050203643035278
-99.58160172707356 9.693958401395122
-101.64274567767221 11.700504672615367
-103.70388962827084 9.042070633622908
-105.76503357886949 9.573210578053736
-107.82617752946813 9.061455372761053
-109.88732148006676 9.4065524188051
-111.94846543066541 10.553028519945805
-114.00960938126404 8.066866325826341
-116.0707533318627 7.886630787315691
-118.13189728246134 8.671029156885817
-120.19304123305999 8.463686811451876
-122.25418518365862 4.375951962546799
-124.31532913425725 4.2994110321376615
-126.3764730848559 7.586892126076374
-128.43761703545454 4.3512027061623275
-130.49876098605318 6.81722049934799
-132.5599049366518 5.096023934673866
-134.62104888725045 3.550067007300257
-136.6821928378491 5.083874761070641
-138.74333678844775 5.301122704125711
-140.8044807390464 5.7059840670029685
-142.86562468964502 3.165660263451555
-144.92676864024367 2.891030880739984
-146.9879125908423 3.943976976840221
-149.04905654144096 4.2023888977570145
-151.11020049203958 2.4027502952605753
-153.17134444263823 5.503274767876189
-155.23248839323685 3.1042579425527035
-157.29363234383553 3.060693864613486
-159.35477629443415 5.5663474240207576
-161.4159202450328 4.621067735953036
-163.4770641956314 3.8156612283000078
-165.53820814623006 3.535936803306344
-167.5993520968287 2.493763621492854
-169.66049604742736 5.0686433319893744
-171.72163999802598 4.533227322793832
-173.78278394862463 1.9598361614330755
-175.8439278992233 3.54872060946549
-177.90507184982192 2.354825867452334
-179.96621580042057 2.5194469362247185
-182.0273597510192 6.153904109073353
-184.08850370161784 5.227494017745186
-186.1496476522165 3.655682756121989
-188.21079160281514 5.506711004559179
-190.27193555341375 3.6195484096085617
-192.3330795040124 3.3916644938194893
-194.39422345461102 -0.7126834422678171
-196.4553674052097 2.0901455378505576
-198.5165113558083 1.8416860454277728
-200.57765530640694 5.057638286039875
-202.6387992570056 4.611179755349518
-204.69994320760424 3.559426250014443
-206.76108715820286 3.530730992453854
-208.8222311088015 0.8802346622481155
-210.88337505940012 2.3612367542861454
-212.9445190099988 3.4591043682210194
-215.00566296059745 6.144997953966698
-217.06680691119607 0.8478598024304594
-219.12795086179472 1.9876118551121686
-221.18909481239334 1.7647894573619227
-223.250238762992 2.8262175231341415
-225.31138271359063 2.350537313148543
-227.37252666418928 4.55863198876186
-229.4336706147879 8.038800914648288
-231.49481456538658 2.9533342242056673
-233.5559585159852 -0.4281132664969104
-235.61710246658384 5.334929306111905
-237.67824641718246 1.8265408872672344
-239.7393903677811 1.5507456465001037
-241.80053431837976 1.344545372762464
-243.8616782689784 3.058858914314644
-245.92282221957703 4.384215843085464
-247.98396617017568 5.125359223080075
-250.0451101207743 4.799971220188714
-252.10625407137297 5.239499069935856
-254.16739802197162 1.3254697402610498
-256.22854197257027 6.460495438821557
-258.28968592316886 3.564570120182611
-260.3508298737675 3.5697655070608656
