# BEGINHEADER
# This file contains data from the SALSA 2m radio telescope.
# DATE=2021-12-04T08:40:0037
# GLON and GLAT given in degrees
# GLON=143.85938686858978
# GLAT=4.840676915178983
# DATA in two columns below. Col. 1 is velocity relative to LSR [km/s]. Col. 2 is uncalibrated antenna temperature [K].
# ENDHEADER
265.65953182914484 -0.728136738203315
263.5983878785462 -0.017071489830702787
261.53724392794754 1.1480312446459402
259.4760999773489 0.8105618307324135
257.41495602675025 1.7839556878185634
255.3538120761516 1.7823800157631942
253.29266812555298 2.522767962173838
251.23152417495433 -0.2352908077095687
249.1703802243557 2.3511657600725817
247.10923627375706 0.6653469111272438
245.04809232315841 1.7245190909607082
242.98694837255977 3.8946247091913744
240.92580442196115 3.2743233120007895
238.8646604713625 2.8892470291828403
236.80351652076388 1.103165382603209
234.7423725701652 3.112759630232566
232.68122861956658 3.116670964083493
230.62008466896793 2.4259538944866157
228.5589407183693 3.240634665533374
226.49779676777064 0.8956639343096237
224.436652817172 1.9624262202637808
222.37550886657337 1.2929170247250408
220.31436491597472 2.644730151558981
218.2532209653761 2.4648271821251724
216.19207701477742 3.396055555775051
214.1309330641788 2.520132711431732
212.06978911358016 2.170375864070508
210.00864516298154 4.635393982121654
207.9475012123829 3.6823849910948603
205.88635726178424 3.4840903580976126
203.8252133111856 3.3863907799794535
201.76406936058697 3.908825678778149
199.70292540998832 3.8026547771977275
197.64178145938968 2.0572002116948203
195.58063750879103 2.9676891019592606
193.51949355819238 4.524029761283046
191.45834960759373 2.5867978007231334
189.3972056569951 2.710215455502905
187.33606170639646 1.6095859005191353
185.2749177557978 4.957192106386263
183.21377380519917 2.5990045925175127
181.15262985460052 2.987730465379635
179.0914859040019 2.573354507092725
177.03034195340325 3.071917773882511
174.9691980028046 3.574458236241834
172.90805405220596 3.5836164767371224
170.84691010160734 2.648570883556585
168.7857661510087 2.5734144187102426
166.72462220041007 3.860366426826332
164.6634782498114 3.5421166425824824
162.60233429921277 3.5973627868522042
160.54119034861412 1.984134577685852
158.4800463980155 2.8911752236278687
156.41890244741683 2.549977085396163
154.3577584968182 3.570911358790013
152.29661454621956 3.077159893724963
150.23547059562094 4.693783664957266
148.1743266450223 4.327987189574465
146.1131826944236 3.479824232388381
144.052038743825 3.1365294493706193
141.99089479322635 1.1708215125159465
139.92975084262773 1.7903760389113688
137.86860689202908 2.130361721913923
135.80746294143043 3.8333038583194283
133.74631899083178 2.3421984459656775
131.68517504023316 1.1137524775622505
129.6240310896345 1.320668305206268
127.56288713903587 4.245314226686791
125.50174318843723 0.03285414880423848
123.44059923783858 -0.5955600862298764
121.37945528723995 2.5079199436901374
119.3183113366413 3.6772374955557625
117.25716738604267 1.711033873677857
115.19602343544402 2.214961397341029
113.13487948484538 1.6319829649170774
111.07373553424675 2.92726777748179
109.0125915836481 0.858699463526495
106.95144763304947 2.319801390366587
104.89030368245082 3.145994704567425
102.82915973185219 3.5373480176016816
100.76801578125354 2.5284634373879915
98.7068718306549 1.6627954009600823
96.64572788005627 2.241176151261386
94.58458392945762 2.9114984929705297
92.52343997885899 2.244156561037348
90.46229602826033 2.618359194462961
88.40115207766169 0.6667544458476351
86.34000812706306 2.3159775049033136
84.27886417646441 1.2343413514377357
82.21772022586578 1.6223654341478175
80.15657627526713 3.2288145871651626
78.0954323246685 1.1581848109930473
76.03428837406985 2.390352364428879
73.97314442347121 2.5899400046449026
71.91200047287258 1.4230759312346053
69.85085652227393 2.653624099967243
67.7897125716753 2.5315820639829676
65.72856862107665 3.40799260060429
63.66742467047801 1.8838898845776
61.606280719879365 1.842171385680745
59.545136769280724 1.8256615026425969
57.48399281868208 1.4364982480342006
55.42284886808344 1.2609730884562553
53.3617049174848 2.6771658533159637
51.30056096688617 2.239156204861763
49.239417016287526 2.1391782753445403
47.178273065688884 1.2212666372298626
45.11712911509024 2.593357936274908
43.0559851644916 1.312767990073672
40.994841213892954 2.947126358176885
38.93369726329431 1.8047149182853082
36.87255331269568 3.268977483433456
34.81140936209704 1.3946394989095385
32.7502654114984 3.074371083003577
30.689121460899756 1.5409659148964905
28.627977510301115 1.733083014401484
26.566833559702474 1.3471427418738389
24.505689609103833 -0.332698824018748
22.44454565850519 2.7643191809384007
20.383401707906554 1.8101046636701548
18.32225775730791 2.655145929349154
16.261113806709268 2.350561273378862
14.199969856110629 2.2111637382463787
12.13882590551199 5.85987405111232
10.077681954913347 9.860092068768903
8.016538004314707 15.272546267776873
5.955394053716067 25.69997920511125
3.894250103117426 35.98433754413695
1.8331061525187848 41.62691266760533
-0.22803779807985583 48.575730585063184
-2.2891817486784967 47.17772438926173
-4.350325699277136 49.00525160755611
-6.411469649875778 54.642471576193536
-8.47261360047442 61.66963668615715
-10.53375755107306 70.044128311087
-12.5949015016717 65.79477348331024
-14.656045452270343 54.709684279491206
-16.717189402868982 45.74612990236411
-18.778333353467623 34.112058745724866
-20.839477304066264 25.24546015307922
-22.900621254664905 24.239658021185498
-24.961765205263546 23.382188905069135
-27.022909155862187 24.69130394742526
-29.084053106460825 27.73354685101662
-31.14519705705947 33.46493219357272
-33.206341007658104 39.40502409330519
-35.26748495825675 41.02908677813481
-37.32862890885539 41.58509610200096
-39.389772859454034 45.76180093739671
-41.450916810052675 46.05382053518022
-43.512060760651316 43.33189956097291
-45.57320471124995 39.979972734354575
-47.63434866184859 33.92417940433632
-49.69549261244723 32.83294450043762
-51.75663656304587 29.797213113331196
-53.817780513644514 28.039147735096094
-55.87892446424316 28.50382733823332
-57.940068414841804 21.848065266817997
-60.00121236544044 17.498250201331942
-62.06235631603908 14.645892769804465
-64.12350026663772 12.296427103727083
-66.18464421723637 11.982539375939933
-68.245788167835 11.822032514822663
-70.30693211843365 10.459362528538055
-72.36807606903228 8.633525641351435
-74.42922001963093 9.863485907290947
-76.49036397022957 3.3402444092245753
-78.55150792082821 6.251092650594748
-80.61265187142685 3.6399309398293096
-82.67379582202548 5.671518950794471
-84.73493977262413 3.641806898109384
-86.79608372322276 3.030991006268048
-88.85722767382141 3.8388187314134123
-90.91837162442005 1.5571062106717495
-92.97951557501868 2.111500475297945
-95.04065952561733 2.6010230327527375
-97.10180347621596 1.883663860053795
-99.16294742681461 0.9938641919973523
-101.22409137741325 2.4234512348209147
-103.28523532801191 2.193907893978185
-105.34637927861054 0.7217258525702004
-107.40752322920918 0.6359257072414181
-109.46866717980782 1.9622362473052493
-111.52981113040646 2.053458895097835
-113.5909550810051 1.3827156820637378
-115.65209903160374 1.657344213432325
-117.71324298220239 0.5249956314296689
-119.77438693280102 -0.02246839817487592
-121.83553088339966 -0.007183240295019646
-123.8966748339983 2.3066957178652325
-125.95781878459694 2.1456628624057767
-128.0189627351956 0.40370887557199514
-130.08010668579422 1.1773940331359365
-132.14125063639287 0.40249377522327434
-134.20239458699152 -0.1668534798346995
-136.26353853759016 0.6091225025752153
-138.32468248818878 0.1589949593881041
-140.38582643878743 -0.18332449810406617
-142.44697038938605 0.2809459092275047
-144.50811433998473 -0.6760447199267278
-146.56925829058335 -1.5521978011930375
-148.630402241182 -0.9177645515791639
-150.69154619178062 -0.7022106821490023
-152.75269014237927 0.3719666486013838
-154.8138340929779 -0.576554189271544
-156.87497804357656 0.41141216403562164
-158.93612199417518 0.1343529709085882
-160.99726594477383 -1.5204923310573835
-163.05840989537248 0.6782426759744828
-165.11955384597113 -0.4735817981573437
-167.18069779656977 0.4595598109435616
-169.2418417471684 -2.955797473999814
-171.30298569776704 -1.2303323846201142
-173.3641296483657 -0.8439486610402139
-175.42527359896434 0.333274312709987
-177.48641754956296 -0.14418412927352423
-179.5475615001616 -2.1973465103183454
-181.60870545076023 0.12847479800039555
-183.6698494013589 -1.6967836398045368
-185.73099335195752 0.46362863034174673
-187.79213730255617 -0.6561250883725804
-189.8532812531548 -1.7267366687784809
-191.91442520375344 -1.0805526244470025
-193.9755691543521 -0.36456805048112123
-196.03671310495073 -0.3456898234157467
-198.09785705554935 -1.9335473227549673
-200.159001006148 -0.5106536918779795
-202.22014495674665 -1.062112963570978
-204.28128890734527 -2.3718456175700053
-206.34243285794392 0.01926813040107001
-208.40357680854254 -1.843507617740185
-210.46472075914122 -2.738550901862664
-212.52586470973984 -1.4274503617479737
-214.58700866033848 -2.248173616216154
-216.6481526109371 -0.017606572574326664
-218.70929656153575 0.7276311395799708
-220.7704405121344 0.05968022557079614
-222.83158446273305 -0.9532134557200107
-224.89272841333167 -1.8109562889000501
-226.95387236393032 -1.3022852425751323
-229.01501631452896 -2.077246396916106
-231.0761602651276 -0.934929486657569
-233.13730421572623 -1.3659145835163065
-235.19844816632488 -0.8395417033267333
-237.2595921169235 -1.556308264261872
-239.32073606752218 -1.681725754648244
-241.38188001812082 -0.0275757608527228
-243.44302396871944 -1.0397073587945806
-245.5041679193181 -0.972896834820763
-247.5653118699167 -2.254006187881456
-249.6264558205154 -0.4714274183472487
-251.687599771114 -0.6168866195791396
-253.74874372171266 -1.9239252241338183
-255.80988767231128 -0.49882974838613847
-257.8710316229099 -0.8006363907528399
-259.9321755735086 0.4559855463239764
