# BEGINHEADER
# This file contains data from the SALSA 2m radio telescope.
# DATE=2021-11-28T11:42:0027
# GLON and GLAT given in degrees
# GLON=52.84503159425333
# GLAT=0.17922051505634254
# DATA in two columns below. Col. 1 is velocity relative to LSR [km/s]. Col. 2 is uncalibrated antenna temperature [K].
# ENDHEADER
265.2005348790104 -5.3894472674705565
263.1393909284117 -12.072487397339199
261.0782469778131 -12.562135854122726
259.0171030272144 -12.331273703864111
256.9559590766157 -11.453713954463693
254.8948151260171 -12.229881069245401
252.8336711754185 -12.859075870646944
250.77252722481984 -13.150141968022277
248.7113832742212 -11.30069128868412
246.65023932362254 -12.387422588339076
244.58909537302392 -11.959943374520586
242.52795142242528 -12.584617556636156
240.46680747182663 -10.908857751260129
238.40566352122798 -10.881410259504399
236.34451957062936 -12.624060747369553
234.2833756200307 -11.486861095272495
232.2222316694321 -10.727459540665876
230.16108771883341 -11.359939631465284
228.0999437682348 -10.979059337688586
226.03879981763615 -10.562674401892698
223.97765586703753 -10.483790374650066
221.91651191643888 -10.490640750342518
219.8553679658402 -10.058795137036546
217.79422401524158 -11.136587403313271
215.73308006464293 -10.989545055715952
213.6719361140443 -11.188654853081706
211.61079216344564 -10.513047612604836
209.54964821284702 -9.862234411322074
207.48850426224837 -9.910963917174518
205.42736031164975 -9.024805915390541
203.3662163610511 -9.520625189429351
201.30507241045245 -7.999385971906436
199.2439284598538 -8.888550803093008
197.18278450925516 -8.54136648164664
195.1216405586565 -9.500502512301308
193.0604966080579 -10.028995485153807
190.99935265745924 -9.079403356896073
188.9382087068606 -9.761465944949526
186.87706475626194 -9.362834503368827
184.81592080566332 -9.590728410281114
182.75477685506468 -10.457671410082813
180.69363290446603 -9.703329673604719
178.63248895386738 -8.527807694984812
176.57134500326873 -9.160215104425918
174.5102010526701 -8.67067442179866
172.44905710207146 -8.793121523246196
170.38791315147282 -7.155446533656491
168.32676920087417 -7.228297329249073
166.26562525027555 -8.713093712988046
164.2044812996769 -8.062509912980419
162.14333734907828 -7.669602876958737
160.0821933984796 -7.470760591939759
158.02104944788098 -8.530257019130296
155.95990549728234 -7.980844301463745
153.89876154668372 -7.681531488613147
151.83761759608507 -8.721224156499034
149.77647364548642 -7.741666287490229
147.71532969488777 -7.60476769475172
145.65418574428915 -8.446814668751884
143.5930417936905 -7.498324225313668
141.53189784309185 -9.638193594858178
139.4707538924932 -8.912581477930043
137.40960994189456 -9.223908672129786
135.34846599129594 -6.084530238762422
133.2873220406973 -8.363613717070988
131.22617809009864 -7.734565717404665
129.1650341395 -6.926900045260866
127.10389018890137 -6.485360708461368
125.04274623830273 -7.75186708598809
122.98160228770408 -8.124617475520761
120.92045833710544 -8.237593134374348
118.8593143865068 -7.336679035901261
116.79817043590816 -9.452007961353944
114.73702648530951 -8.005961944365405
112.67588253471088 -7.033518266553025
110.61473858411225 -6.84673000486925
108.5535946335136 -8.3455897416695
106.49245068291496 -9.102014218599852
104.43130673231632 -6.291156142730341
102.37016278171768 -7.22435285974393
100.30901883111903 -8.073231951000333
98.2478748805204 -7.706613036538038
96.18673092992177 -7.856866951977984
94.12558697932312 -7.647599851212859
92.06444302872448 -6.963965184010962
90.00329907812583 -7.686296633086334
87.9421551275272 -7.928639124312419
85.88101117692855 -6.656724164885705
83.8198672263299 -6.655736744641486
81.75872327573127 -6.20060361128093
79.69757932513262 -5.967432262761662
77.63643537453399 -6.889545874351596
75.57529142393534 -4.376524892047135
73.5141474733367 -4.630888609099019
71.45300352273807 -3.714405868149303
69.39185957213942 0.1350984431859627
67.33071562154079 1.2163813489505066
65.26957167094214 5.751209630031418
63.20842772034351 7.144286216604779
61.14728376974487 8.997984011928402
59.086139819146226 13.106234754248133
57.02499586854758 14.864363509146198
54.963851917948936 15.395307030579872
52.902707967350295 18.0554816415044
50.84156401675166 20.642996842320144
48.78042006615302 20.09741923579509
46.71927611555438 21.20973081123095
44.65813216495574 23.343595044251906
42.5969882143571 20.82393315837192
40.535844263758456 20.788094796477537
38.47470031315981 18.15849132588886
36.413556362561174 16.61196262538549
34.35241241196253 18.954869096538772
32.29126846136389 18.0237764656627
30.23012451076525 17.65063569829071
28.16898056016661 19.3396626110857
26.107836609567972 20.132854458580525
24.046692658969334 23.225531572908032
21.98554870837069 26.355937433907204
19.92440475777205 23.645960594449846
17.86326080717341 23.443177973115613
15.802116856574768 23.21993097755942
13.740972905976127 24.045271587516535
11.679828955377484 29.698323424879177
9.618685004778845 32.48136231607886
7.557541054180204 31.607105048929675
5.496397103581564 29.35951669741463
3.435253152982923 25.91973771557434
1.3741092023842822 22.229929993707696
-0.6870347482143586 15.338610717426771
-2.7481786988129993 10.008602537345501
-4.80932264941164 7.245322128195661
-6.870466600010282 3.81259265856711
-8.931610550608923 1.407379240471362
-10.992754501207562 -2.5464084867825245
-13.053898451806203 -1.7794873744387
-15.115042402404843 -2.5994425852856606
-17.176186353003484 -4.1513206033114
-19.237330303602125 -3.4573077156458787
-21.298474254200766 -2.183742792353818
-23.359618204799403 -2.9195003521305947
-25.42076215539805 -3.4770112355603238
-27.481906105996693 -4.453744027633657
-29.54305005659533 -0.8012594580914303
-31.60419400719397 -1.194671731718178
-33.66533795779261 -1.410202993980093
-35.72648190839125 -0.9841111090858377
-37.78762585898989 -0.2768686858385791
-39.84876980958854 1.3231451100922855
-41.90991376018718 -1.144105891854921
-43.97105771078582 2.202926504926179
-46.032201661384455 4.4620673860289415
-48.093345611983096 3.2156858150711045
-50.15448956258174 5.69151150198866
-52.21563351318038 5.450183376791007
-54.27677746377902 4.273420850090796
-56.33792141437766 4.860435892632617
-58.39906536497631 3.1217176000794504
-60.46020931557494 4.1685988854459834
-62.521353266173584 1.6123074778753477
-64.58249721677223 -0.6670195161175958
-66.64364116737086 -0.3902390711803388
-68.70478511796951 -1.3027474009808386
-70.76592906856816 -3.132044752759071
-72.82707301916679 -4.145646081156425
-74.88821696976544 -5.04162542720731
-76.94936092036407 -3.7494094451776645
-79.01050487096272 -6.632043645316746
-81.07164882156135 -7.123685079048471
-83.13279277215999 -6.688636871289341
-85.19393672275864 -5.8246815409709765
-87.25508067335727 -6.956541057876393
-89.31622462395592 -8.230461606627767
-91.37736857455455 -9.210053240361441
-93.4385125251532 -9.17184517144667
-95.49965647575183 -8.508167501459555
-97.56080042635047 -8.912386413789324
-99.62194437694912 -9.770218436311369
-101.68308832754775 -8.937076306327766
-103.7442322781464 -9.438325121686551
-105.80537622874503 -9.925683239555111
-107.86652017934368 -10.888100514041142
-109.92766412994233 -10.902015836521478
-111.98880808054096 -10.67503214035742
-114.04995203113961 -9.418480447183345
-116.11109598173825 -9.843798878814011
-118.1722399323369 -9.882125957871008
-120.23338388293553 -11.58811431835737
-122.29452783353416 -10.403147546244144
-124.35567178413281 -11.5931436636595
-126.41681573473144 -9.729031924911665
-128.4779596853301 -10.836413638146988
-130.53910363592874 -9.863300647465618
-132.6002475865274 -10.023967807865093
-134.661391537126 -9.283489488039095
-136.72253548772466 -10.355257920388352
-138.78367943832328 -11.163153480301043
-140.84482338892195 -9.919401964023875
-142.90596733952057 -10.874206860137997
-144.96711129011922 -10.584493912280706
-147.02825524071784 -10.95911382422788
-149.0893991913165 -10.78301091494597
-151.15054314191514 -11.458214188124062
-153.21168709251378 -9.89525090751252
-155.2728310431124 -11.059520894287097
-157.33397499371105 -11.539262812734327
-159.3951189443097 -10.631186593199365
-161.45626289490835 -10.510293934381654
-163.51740684550697 -10.56624485952144
-165.57855079610562 -10.789394617501516
-167.63969474670427 -11.093312336833499
-169.7008386973029 -10.78261174257418
-171.76198264790156 -12.02706539406078
-173.82312659850018 -9.944280640638217
-175.88427054909883 -11.88122078836722
-177.94541449969745 -11.276296589657813
-180.00655845029613 -10.478869084694683
-182.06770240089475 -9.765132901787467
-184.1288463514934 -10.783558544705077
-186.189990302092 -12.966026920086803
-188.2511342526907 -12.334984156636748
-190.3122782032893 -12.112737583169418
-192.37342215388796 -10.799280952834797
-194.43456610448658 -10.811489373747298
-196.49571005508523 -10.246329831092558
-198.55685400568385 -10.965646673839696
-200.6179979562825 -10.95358907900573
-202.6791419068811 -10.700920769541643
-204.74028585747976 -11.763715567266338
-206.80142980807844 -11.197542831689285
-208.86257375867706 -10.902096819061272
-210.9237177092757 -11.1017293252934
-212.98486165987433 -11.065465128721895
-215.046005610473 -10.379425733139318
-217.10714956107162 -11.345319745547231
-219.16829351167027 -11.50186820182849
-221.2294374622689 -10.561284055924196
-223.29058141286754 -13.173197089652428
-225.3517253634662 -12.274237074427667
-227.41286931406484 -11.811058615650238
-229.47401326466345 -11.038384468296048
-231.5351572152621 -11.21412025174284
-233.59630116586072 -10.844831436748757
-235.6574451164594 -11.489251800685716
-237.71858906705802 -11.763626567040186
-239.77973301765667 -11.36527049444876
-241.8408769682553 -10.819532709456162
-243.90202091885396 -12.250647848365203
-245.9631648694526 -11.590880833675977
-248.02430882005123 -11.604018662747647
-250.08545277064988 -12.434656453383091
-252.1465967212485 -12.023370704438456
-254.20774067184718 -12.009128118865428
-256.2688846224458 -12.686144223069505
-258.33002857304444 -12.497399750998083
-260.3911725236431 -14.239936491122213
