# BEGINHEADER
# This file contains data from the SALSA 2m radio telescope.
# DATE=2021-11-27T23:24:0041
# GLON and GLAT given in degrees
# GLON=199.89559475019442
# GLAT=-0.27435016961706554
# DATA in two columns below. Col. 1 is velocity relative to LSR [km/s]. Col. 2 is uncalibrated antenna temperature [K].
# ENDHEADER
265.2656913652492 1.3053797666548257
263.2045474146506 2.804495981735604
261.14340346405197 2.318131182013423
259.0822595134533 3.1405782221438985
257.0211155628547 2.347643884579676
254.95997161225603 3.979043446899097
252.89882766165738 3.365165797527852
250.83768371105876 3.93290244055087
248.7765397604601 3.9400400307048966
246.71539580986146 3.3419474143310297
244.6542518592628 2.748940263401509
242.5931079086642 4.701510939010197
240.53196395806555 5.117512776465742
238.47082000746693 4.612023559599048
236.40967605686825 3.9571262120815796
234.34853210626963 4.486517119657816
232.28738815567098 6.296769997492977
230.22624420507236 5.6638784675059775
228.16510025447369 4.632282919317865
226.10395630387507 6.406131824945901
224.04281235327642 5.333417481689
221.9816684026778 4.856476162393169
219.92052445207915 4.830651281179191
217.85938050148047 4.253902365690466
215.79823655088185 4.924057861301207
213.7370926002832 4.672724691494309
211.67594864968459 5.743618805971088
209.61480469908594 4.788285657697491
207.5536607484873 5.000834307127738
205.49251679788864 4.748878928435733
203.43137284729002 5.219775720387462
201.37022889669137 4.929457582493696
199.30908494609272 3.6105962587314466
197.24794099549408 5.400297786988193
195.18679704489546 4.836453551951507
193.1256530942968 5.460119163645516
191.0645091436982 5.071857293761065
189.0033651930995 5.158133822296723
186.9422212425009 6.702251308374279
184.88107729190224 5.542382320471302
182.81993334130362 5.723568386228977
180.75878939070498 5.066689368978469
178.6976454401063 5.117676922893094
176.63650148950768 4.851491130462159
174.57535753890903 6.256817112120559
172.5142135883104 6.774889516619176
170.45306963771174 5.253379970156872
168.39192568711312 5.604647028624545
166.33078173651447 5.003470062675423
164.26963778591585 5.84986627657791
162.2084938353172 5.093096383653029
160.14734988471855 5.2156047595684765
158.0862059341199 4.9400551734819365
156.02506198352128 6.841491529778127
153.96391803292263 4.988370458405293
151.90277408232402 5.500831705376231
149.84163013172534 6.102675460592076
147.78048618112672 4.2905321090346895
145.71934223052807 5.490008636876862
143.65819827992945 5.033543066476357
141.5970543293308 5.929844661383304
139.53591037873213 4.757574864519045
137.4747664281335 4.893922314787426
135.41362247753486 5.627035499362987
133.35247852693624 6.300648781438326
131.29133457633756 5.008871636750439
129.23019062573894 4.561343345111795
127.16904667514031 5.067793112067715
125.10790272454167 4.831592541516515
123.04675877394303 6.1252904096814484
120.98561482334438 5.116281644475173
118.92447087274573 6.1863114043151395
116.8633269221471 4.377176306295273
114.80218297154845 5.092783313322258
112.74103902094981 5.789823244840609
110.67989507035118 6.276069463676912
108.61875111975253 4.611243646452139
106.5576071691539 5.396492461827125
104.49646321855525 6.696092454557423
102.43531926795661 5.730049022687888
100.37417531735797 5.895259080206731
98.31303136675933 5.2862458249813615
96.2518874161607 4.765788114744616
94.19074346556205 5.232623522503754
92.12959951496342 5.251495119189985
90.06845556436477 4.942411487767792
88.00731161376613 5.371977492123157
85.9461676631675 6.939773200599791
83.88502371256885 5.5857211803232305
81.8238797619702 4.989136200914467
79.76273581137156 4.161795051856472
77.70159186077292 5.446953914767413
75.64044791017427 5.280299607876351
73.57930395957564 4.946333799922708
71.518160008977 6.0415044425669535
69.45701605837836 5.976559899104368
67.39587210777972 4.916169374254886
65.33472815718109 4.688665698412953
63.27358420658244 5.745503543242604
61.2124402559838 5.9888300830371435
59.15129630538516 5.747037458180063
57.09015235478652 6.240838482819037
55.02900840418788 7.221611045864917
52.96786445358923 8.053680266973581
50.906720502990595 9.275404908151069
48.845576552391954 11.530054206446536
46.78443260179332 13.10693491160505
44.72328865119468 16.525564474132462
42.66214470059604 19.41672430931523
40.6010007499974 25.83205071782055
38.539856799398756 33.179514712428016
36.478712848800114 40.11599470351339
34.41756889820148 44.91774901117391
32.35642494760283 52.90782288572262
30.295280997004195 60.95089919875005
28.23413704640555 69.49105259631375
26.17299309580691 78.87633465078059
24.11184914520827 87.55576329775992
22.05070519460963 91.97002687930663
19.98956124401099 94.99263267983179
17.928417293412345 94.64854032299233
15.867273342813705 91.41461320775564
13.806129392215066 91.63258909163389
11.744985441616423 95.4193931818023
9.683841491017782 96.9441671394753
7.622697540419142 95.75228329181651
5.561553589820501 90.89392579357319
3.50040963922186 82.7685618087019
1.4392656886232196 66.46289150374805
-0.621878261975421 56.458326036186754
-2.6830222125740617 43.01410629716772
-4.744166163172703 32.306225209528925
-6.805310113771344 25.46216814198488
-8.866454064369984 20.8578860846967
-10.927598014968625 18.551319442920867
-12.988741965567264 15.327612300667283
-15.049885916165906 12.141678132957809
-17.111029866764547 11.047259343665663
-19.172173817363188 9.06845403357193
-21.23331776796183 8.381123937517362
-23.29446171856047 6.901045860610915
-25.355605669159107 6.347948346654339
-27.41674961975775 4.038226129319231
-29.477893570356393 4.61111257707618
-31.53903752095503 5.845003487346841
-33.600181471553675 4.320844057725122
-35.66132542215231 5.535549461259016
-37.72246937275095 4.998883525756545
-39.78361332334959 5.896879459733649
-41.84475727394823 5.641975910075654
-43.90590122454688 3.8482553530336854
-45.96704517514552 4.156709064787166
-48.02818912574416 4.9375881396802015
-50.089333076342804 5.231143625962346
-52.150477026941445 4.613064965144163
-54.211620977540086 3.8250974043084978
-56.27276492813873 4.070661617400797
-58.33390887873737 2.9619973372951094
-60.395052829336 4.155748950894491
-62.45619677993465 3.2118975536211942
-64.51734073053329 3.512081445237985
-66.57848468113193 1.8769689243062664
-68.63962863173056 4.079164021333961
-70.70077258232921 3.1702351372214115
-72.76191653292786 2.0371204326348966
-74.8230604835265 2.8937575635235575
-76.88420443412514 1.803329718251642
-78.94534838472379 2.9666008083758286
-81.00649233532242 2.0184907008277557
-83.06763628592105 2.141976633552855
-85.1287802365197 1.305558833920062
-87.18992418711834 2.004510496272488
-89.25106813771698 2.3383257577757512
-91.31221208831562 1.6098272832287142
-93.37335603891427 1.6240365758855726
-95.4344999895129 2.551480793363694
-97.49564394011153 2.4885933934357545
-99.55678789071018 1.0498972284751793
-101.61793184130882 2.867727041417128
-103.67907579190747 1.9312817359633199
-105.7402197425061 2.4578141314782966
-107.80136369310473 2.155071543169843
-109.86250764370338 1.0817617161485829
-111.92365159430203 1.4921591489642922
-113.98479554490068 1.5707402657911238
-116.04593949549931 1.7322347365212032
-118.10708344609796 1.7575974830200634
-120.1682273966966 0.8106649483693052
-122.22937134729523 1.0999571964000425
-124.29051529789388 1.4655437624689376
-126.35165924849251 3.025195257484548
-128.41280319909114 2.441460844682285
-130.4739471496898 1.450515637741218
-132.53509110028844 1.7876061307284956
-134.5962350508871 1.573887974993863
-136.6573790014857 1.1913626389291805
-138.71852295208436 1.0715178460242851
-140.779666902683 1.9564242309369682
-142.84081085328165 0.14166902821303037
-144.90195480388027 1.2705854292816068
-146.96309875447892 0.5364625868391651
-149.02424270507754 2.0415738853242438
-151.08538665567622 0.05884338215765134
-153.14653060627484 0.21021093602781687
-155.20767455687349 -0.4575724495543355
-157.2688185074721 -0.6365387229302797
-159.32996245807078 0.4066055000720602
-161.3911064086694 1.8561190732012458
-163.45225035926805 1.4668393309934773
-165.51339430986667 0.12321670698619479
-167.57453826046532 1.3964556627324456
-169.635682211064 -0.028247259654126434
-171.6968261616626 0.6330603585473333
-173.75797011226126 0.7048573558814497
-175.81911406285988 0.13026324614308785
-177.88025801345853 0.594287684965721
-179.94140196405718 -0.04666042786575053
-182.00254591465583 -0.06593086777843932
-184.06368986525445 -0.20154718452337506
-186.1248338158531 0.25247780921040647
-188.18597776645174 -0.2624875755182325
-190.2471217170504 1.2269601312309573
-192.308265667649 1.1617654252539853
-194.36940961824766 2.4005367611969386
-196.43055356884628 -1.1632268109165609
-198.49169751944495 -0.6353371928472463
-200.55284147004357 -0.19115707221605174
-202.61398542064222 -0.1680376781567493
-204.67512937124084 -1.453639288141183
-206.7362733218395 0.05018495993328186
-208.79741727243817 -0.3566801926478581
-210.8585612230368 0.1622399477615571
-212.91970517363544 -0.26269197060074057
-214.98084912423406 -1.6052533132569258
-217.04199307483273 -0.011950486156317386
-219.10313702543135 -0.11659280490916388
-221.16428097603 0.24316395034377694
-223.22542492662862 -1.5122544095190937
-225.28656887722727 -0.5823620026004149
-227.34771282782592 0.11811850059718457
-229.40885677842456 -0.38839276860946914
-231.47000072902318 -0.25764144628983776
-233.53114467962183 0.35025728814770235
-235.59228863022045 0.1814331493909315
-237.65343258081913 -1.1546983993860087
-239.71457653141775 -0.04873594973335125
-241.7757204820164 -0.7601828890893152
-243.83686443261502 -0.2728870770359711
-245.89800838321366 0.49395507361008373
-247.95915233381234 -1.3352919393446356
-250.02029628441096 0.5615961151448334
-252.0814402350096 0.3895433272949948
-254.14258418560823 0.358206251723159
-256.2037281362069 1.908510390004157
-258.26487208680555 1.0106014580446903
-260.32601603740414 1.851873147454134
