# BEGINHEADER
# This file contains data from the SALSA 2m radio telescope.
# DATE=2021-11-27T22:58:0016
# GLON and GLAT given in degrees
# GLON=157.89452053896338
# GLAT=-0.2398503060295535
# DATA in two columns below. Col. 1 is velocity relative to LSR [km/s]. Col. 2 is uncalibrated antenna temperature [K].
# ENDHEADER
265.49975663532217 0.5119978068210206
263.4386126847235 2.5720859675217844
261.3774687341249 2.1627920442523534
259.3163247835262 2.933903399345453
257.25518083292764 3.4059543343814127
255.19403688232896 3.2195260506594163
253.1328929317303 3.637308790040284
251.0717489811317 3.6844108259227584
249.01060503053304 3.1442001875342265
246.9494610799344 3.341041653658611
244.88831712933575 2.941531372686216
242.82717317873713 4.094888191620581
240.76602922813848 4.080102841477491
238.70488527753986 4.633173600762261
236.64374132694118 4.848313901481954
234.58259737634253 4.614960593226803
232.5214534257439 4.578964569708578
230.46030947514527 5.283753315274878
228.39916552454665 5.221759587521594
226.33802157394797 4.7603161077305405
224.27687762334935 4.590008939085203
222.2157336727507 5.061956495367295
220.15458972215208 3.297490877673538
218.0934457715534 3.9087254807488474
216.03230182095479 4.923744699570299
213.97115787035614 4.903126857620038
211.91001391975752 6.312626020777833
209.84886996915887 4.7151000710153825
207.78772601856022 5.436776939044245
205.72658206796157 5.319289702969793
203.66543811736295 4.3788466206710766
201.6042941667643 5.875818884865392
199.54315021616569 5.797387988224348
197.48200626556704 4.887632443265847
195.42086231496842 6.467375611071921
193.35971836436977 4.370538904077158
191.2985744137711 5.106551474201671
189.23743046317247 5.164740528789118
187.17628651257382 5.624860555156257
185.1151425619752 5.3010104045736695
183.05399861137656 4.955467621522379
180.9928546607779 4.646116592923803
178.93171071017926 5.267727892560801
176.87056675958064 4.093271479742129
174.809422808982 4.6621420865259084
172.74827885838337 5.32230227549491
170.6871349077847 5.393047513093087
168.62599095718608 5.321868245378461
166.56484700658743 6.294161240230121
164.5037030559888 6.017469372478338
162.44255910539016 5.042808674048513
160.3814151547915 5.886301078124298
158.32027120419286 4.198100415075071
156.25912725359422 4.926389131381677
154.1979833029956 5.4745847430068455
152.13683935239692 4.44456593622617
150.0756954017983 4.538793816970375
148.01455145119965 4.521230010541238
145.95340750060103 5.59460594037414
143.89226355000238 4.1250556187921035
141.83111959940373 5.243641428750942
139.7699756488051 5.100863531578364
137.70883169820647 4.769792497877836
135.64768774760782 5.748217754757814
133.5865437970092 4.782544900068439
131.52539984641052 5.190451474541858
129.4642558958119 4.767496395623142
127.40311194521325 5.532760743579184
125.3419679946146 4.911399788398008
123.28082404401597 4.574299135495964
121.21968009341732 4.724867342821206
119.15853614281869 4.7825500675424015
117.09739219222006 3.228394976675769
115.03624824162141 3.730174131593547
112.97510429102277 4.3948915594040665
110.91396034042413 5.121516307013403
108.85281638982549 5.292442575904373
106.79167243922686 6.082295764799337
104.73052848862821 4.0805002384723785
102.66938453802958 4.768153508616547
100.60824058743093 4.55666820839809
98.54709663683226 4.100072825181995
96.48595268623363 4.720169276940695
94.42480873563498 4.416923843239792
92.36366478503635 5.153029318806453
90.3025208344377 5.183450235250319
88.24137688383907 5.437114974520624
86.18023293324043 5.244704429808155
84.11908898264178 5.044357828234766
82.05794503204315 4.714185973946349
79.9968010814445 4.809319110187183
77.93565713084587 4.690291926309558
75.87451318024722 5.157603352761581
73.81336922964859 4.9837311413361425
71.75222527904995 4.4781598529102515
69.6910813284513 5.031858379317046
67.62993737785267 3.6967935943983417
65.56879342725402 3.16292715218212
63.50764947665538 4.233034671755764
61.44650552605674 3.263709562854971
59.3853615754581 4.307401354927265
57.32421762485946 3.3492321994734997
55.263073674260816 4.485986562024625
53.201929723662175 4.2647290115463035
51.14078577306354 3.741185058115417
49.07964182246489 4.071130241342168
47.01849787186625 3.502402473303996
44.95735392126761 4.010418994500137
42.89620997066897 3.2750548008572866
40.83506602007033 4.1217458550375845
38.77392206947169 4.600993569333785
36.712778118873054 4.156038028794412
34.65163416827441 4.997992098194433
32.59049021767577 4.384250667605445
30.529346267077127 4.669053383804784
28.468202316478486 4.5132022884079825
26.407058365879845 5.467526439557094
24.345914415281204 5.438709094874789
22.284770464682563 5.090626926742771
20.223626514083925 6.9258806694877615
18.162482563485284 7.309450261296261
16.10133861288664 7.864791075118026
14.040194662288 9.985708739901355
11.97905071168936 14.031099568587175
9.917906761090721 19.39875499614508
7.8567628104920795 29.380016728929203
5.7956188598934375 47.0745376034663
3.7344749092947973 54.3286614517263
1.6733309586961571 55.76752109853555
-0.38781299190248386 71.66951593111416
-2.4489569425011246 80.17244465188747
-4.510100893099766 84.43252197687767
-6.571244843698406 82.78998768550986
-8.632388794297047 79.92367754625796
-10.693532744895688 76.5082398491264
-12.754676695494329 77.14396805128624
-14.815820646092972 80.43553859251787
-16.87696459669161 82.83254589142594
-18.938108547290252 81.66647254096664
-20.99925249788889 79.82606192788826
-23.060396448487534 79.56205758473321
-25.121540399086175 82.11146991712444
-27.182684349684816 83.72655372627543
-29.243828300283454 83.89171588261328
-31.304972250882095 82.02543357399934
-33.366116201480736 76.85010730961471
-35.42726015207938 68.22613923380679
-37.48840410267802 61.650196978714625
-39.54954805327666 54.30455562061817
-41.6106920038753 46.42446628328378
-43.67183595447394 41.4850396346333
-45.732979905072575 37.30644961156751
-47.794123855671224 32.77705982160224
-49.855267806269865 27.220271120475132
-51.916411756868506 23.110401035086486
-53.97755570746715 19.29477670792274
-56.03869965806579 16.1216761680863
-58.09984360866443 15.702138691214259
-60.16098755926306 13.118228761700216
-62.222131509861704 10.967504031739452
-64.28327546046035 8.755030315691627
-66.344419411059 9.015357338751077
-68.40556336165763 7.348240381281074
-70.46670731225628 5.1241626525874535
-72.52785126285491 5.130408564165199
-74.58899521345356 4.491010044773487
-76.65013916405219 4.701473295066917
-78.71128311465084 4.01096455546338
-80.77242706524947 2.7762037400741675
-82.83357101584811 2.880282132740693
-84.89471496644676 2.552216488434851
-86.95585891704539 1.9832944270088542
-89.01700286764404 1.1856193016600265
-91.07814681824267 0.7048789797180292
-93.13929076884132 1.3998982144687944
-95.20043471943997 1.004947555994088
-97.2615786700386 1.6522428265833982
-99.32272262063724 0.9477819114410315
-101.38386657123587 1.1203183081225239
-103.44501052183452 1.5971164309963009
-105.50615447243315 1.0588403308389311
-107.5672984230318 -0.4747366388201664
-109.62844237363043 0.7152653527391191
-111.68958632422908 1.8584295683362042
-113.75073027482772 1.253951869550326
-115.81187422542635 0.8018404124756636
-117.873018176025 -0.07772800952569409
-119.93416212662363 0.8832045308681419
-121.99530607722228 1.643813041299262
-124.05645002782092 0.3891837575547364
-126.11759397841956 0.09333004473389767
-128.1787379290182 0.5937051430848654
-130.23988187961683 0.37756034170011726
-132.30102583021548 0.7019758369497647
-134.36216978081413 -0.6408750636692583
-136.42331373141275 0.7179817858641883
-138.48445768201142 -0.003685976854097479
-140.54560163261004 0.31146669872120125
-142.6067455832087 0.834515050303651
-144.6678895338073 0.041108214222384
-146.72903348440596 -0.47628569465352316
-148.7901774350046 -0.31085049962478056
-150.85132138560326 -0.24193564973338094
-152.91246533620188 -0.45112370125519063
-154.97360928680052 -0.4304053016026294
-157.03475323739917 -0.06356028555922133
-159.09589718799782 -0.5207683838399632
-161.15704113859647 -0.056246581660821825
-163.2181850891951 0.05316889470774549
-165.27932903979374 0.21257250417414672
-167.34047299039239 0.01888632727874668
-169.40161694099103 -0.033564717430183424
-171.46276089158965 -0.21397699729163883
-173.5239048421883 -0.910685113443988
-175.58504879278692 0.03011413623515145
-177.6461927433856 -0.1678714643516981
-179.70733669398422 -1.0416793580417538
-181.76848064458287 -0.11654860923527677
-183.82962459518149 -0.3270706740405278
-185.89076854578013 -0.642176076522825
-187.95191249637878 -0.3376388074941276
-190.01305644697743 0.04405792698535853
-192.07420039757608 -1.1164535062780978
-194.1353443481747 -0.6573163481344712
-196.19648829877337 -0.17297745041224333
-198.257632249372 -0.4744163782477923
-200.31877619997067 -1.2225085535195215
-202.3799201505693 0.021714251593109135
-204.44106410116794 0.5849229764758669
-206.50220805176656 -1.3651739935856446
-208.56335200236524 -1.7309574225027757
-210.62449595296385 -0.9982460654458396
-212.6856399035625 -1.695718011519076
-214.74678385416112 -0.24180784653322088
-216.80792780475977 -0.7891178861933932
-218.86907175535842 -1.169600643606249
-220.93021570595707 -2.329536787930108
-222.9913596565557 -1.2658603561599417
-225.05250360715434 -1.4662378374184966
-227.11364755775296 -0.4694471953242819
-229.17479150835163 -0.6258901659495311
-231.23593545895028 -0.9383412679804286
-233.2970794095489 -1.0776973434460604
-235.35822336014755 -1.9082065352546218
-237.4193673107462 -1.94450186359565
-239.48051126134484 -0.5429790324357409
-241.54165521194346 0.3521124632396101
-243.6027991625421 -1.838627262023954
-245.66394311314073 0.18004236206265925
-247.7250870637394 -0.18434302999095661
-249.78623101433803 -0.429917758240259
-251.84737496493668 0.8333142933568533
-253.9085189155353 1.0403720289223788
-255.96966286613394 1.0511257005923171
-258.0308068167326 0.9655170056111044
-260.09195076733124 0.2779605123179859
