# BEGINHEADER
# This file contains data from the SALSA 2m radio telescope.
# DATE=2021-12-04T07:38:0038
# GLON and GLAT given in degrees
# GLON=118.84841028494837
# GLAT=-0.11420608786945774
# DATA in two columns below. Col. 1 is velocity relative to LSR [km/s]. Col. 2 is uncalibrated antenna temperature [K].
# ENDHEADER
263.7239595406559 2.009866395698321
261.6628155900572 3.7499435540737465
259.60167163945863 3.5255030954598636
257.54052768886 6.9149684637262006
255.47938373826133 6.685602755440955
253.41823978766266 5.518941937107004
251.35709583706404 6.239159758452843
249.2959518864654 8.93920281854556
247.23480793586677 8.29561475968478
245.17366398526812 7.797122153449905
243.11252003466947 8.727098351669554
241.05137608407082 8.814600360726246
238.9902321334722 9.156359872287029
236.92908818287356 10.187961067772878
234.86794423227494 10.709878608033094
232.80680028167626 9.6279015980333
230.74565633107764 9.819668746363684
228.684512380479 8.732810643924772
226.62336842988037 9.201957259107907
224.5622244792817 9.88166383937073
222.50108052868308 10.452603921834498
220.43993657808443 9.97419064557606
218.37879262748578 8.151421641933462
216.31764867688716 9.33089002825095
214.25650472628848 9.070288752329663
212.19536077568986 11.32070865555087
210.13421682509122 9.71882060297738
208.0730728744926 10.391454118254797
206.01192892389395 10.179906894871467
203.9507849732953 8.216496616736828
201.88964102269665 9.110119972595792
199.82849707209803 8.630749436375718
197.76735312149935 10.242973995706286
195.70620917090073 11.525539717768861
193.6450652203021 9.68926046477927
191.58392126970344 10.056132769965846
189.5227773191048 10.074164771966421
187.46163336850617 8.534674304668677
185.40048941790752 9.41606955114009
183.33934546730887 11.913899079466116
181.27820151671023 11.820479002674304
179.21705756611158 11.041187508534602
177.15591361551296 12.132869405591054
175.0947696649143 9.884009692487062
173.03362571431566 10.924122005401498
170.972481763717 11.70268259560834
168.9113378131184 11.078559963426297
166.85019386251975 9.388287307329286
164.78904991192113 10.74267772551793
162.72790596132245 11.137413111514292
160.66676201072383 10.538539929398642
158.60561806012518 9.93432586952852
156.54447410952656 10.65446923324249
154.48333015892788 10.13505029397842
152.42218620832926 10.832003569207954
150.36104225773062 11.091064959817086
148.299898307132 9.902958298475296
146.23875435653335 12.195781081080247
144.1776104059347 10.044880929571281
142.11646645533605 10.014527401718635
140.0553225047374 11.231276813298889
137.99417855413878 11.522829787857164
135.93303460354014 9.82234138750556
133.8718906529415 10.669140017349354
131.81074670234284 10.277903345301501
129.74960275174422 10.309131733824335
127.68845880114557 10.336776276799993
125.62731485054694 10.255303251401479
123.5661708999483 9.425961390455528
121.50502694934964 9.082126110672808
119.44388299875101 10.539374951513121
117.38273904815236 9.628928562090483
115.32159509755373 9.114065767953091
113.26045114695508 9.380943382113568
111.19930719635644 9.782771961697671
109.13816324575781 9.063417884967603
107.07701929515916 9.192846255835128
105.01587534456053 8.891769640933209
102.95473139396188 9.569072195118622
100.89358744336324 9.75529704281843
98.83244349276461 9.61066176546194
96.77129954216598 10.860738292075414
94.71015559156733 8.713713704326972
92.6490116409687 7.1907077394902235
90.58786769037006 9.394283372614066
88.52672373977141 9.429487799661178
86.46557978917278 9.128762442633569
84.40443583857412 9.422185867089311
82.34329188797548 10.152658661724598
80.28214793737683 10.05363366841232
78.2210039867782 9.873410402093556
76.15986003617957 8.466066669374813
74.09871608558092 7.495909438769499
72.03757213498228 9.173659694225996
69.97642818438364 8.916590516763065
67.915284233785 8.180870599775659
65.85414028318635 8.61578559534278
63.79299633258772 9.510186934497494
61.73185238198908 8.71613134375799
59.67070843139044 7.0487443479517315
57.609564480791796 8.692823625722593
55.54842053019316 7.804568096897026
53.487276579594514 7.0688138720026945
51.42613262899587 8.41899907562943
49.364988678397225 7.917410084706413
47.303844727798584 7.699708617888818
45.24270077719995 8.213820156810854
43.18155682660131 7.788768129282611
41.12041287600267 6.702032490515811
39.05926892540403 7.795552221592065
36.998124974805386 7.839131504290605
34.93698102420674 7.1884991410908095
32.875837073608096 5.933413633495303
30.81469312300946 4.462287594120927
28.75354917241082 6.075719102254013
26.69240522181218 6.572612107279516
24.63126127121354 6.24981005475006
22.570117320614898 6.275758889840856
20.508973370016257 5.9459104651903765
18.447829419417616 5.932746563687102
16.386685468818975 6.522895558131857
14.325541518220334 8.108625861686154
12.264397567621696 8.761348409669658
10.203253617023055 8.82851932280824
8.142109666424414 12.963812410840504
6.080965715825774 20.129420582931797
4.019821765227133 36.54031011127276
1.9586778146284916 50.133639110564836
-0.10246613597014914 49.207033656363926
-2.16361008656879 53.80969732684975
-4.224754037167431 56.31890494861236
-6.285897987766071 58.28734428798288
-8.347041938364711 57.92232200621478
-10.408185888963354 54.40074332594341
-12.469329839561995 56.095112932045595
-14.530473790160634 53.35996855026874
-16.591617740759276 46.71508407378933
-18.65276169135792 39.13394917020281
-20.713905641956558 30.891061389116548
-22.7750495925552 28.20800996411322
-24.83619354315384 23.52348679381551
-26.89733749375248 23.41422496778016
-28.958481444351122 26.70063893147838
-31.019625394949763 28.727917485882184
-33.080769345548404 31.7476714978158
-35.141913296147045 33.20950071485362
-37.20305724674568 35.74542829741756
-39.26420119734432 38.30566161433091
-41.32534514794296 41.53469448231273
-43.38648909854161 44.32573930357427
-45.44763304914025 47.79687353302789
-47.50877699973889 49.12996337712435
-49.569920950337526 53.8261368739447
-51.63106490093617 54.73342642067887
-53.6922088515348 53.023928744255315
-55.75335280213344 51.719051299018545
-57.81449675273208 51.87378285179728
-59.875640703330724 53.39456576619909
-61.93678465392937 48.62895448754214
-63.99792860452801 45.61178439118519
-66.05907255512665 42.330183014799715
-68.12021650572528 35.47603009096287
-70.18136045632393 32.23411012824904
-72.24250440692258 29.29908967758325
-74.30364835752121 25.357080585831646
-76.36479230811986 20.240290452103224
-78.4259362587185 16.797413954292363
-80.48708020931714 13.236485175648614
-82.54822415991578 15.553817456308744
-84.60936811051442 14.502413206296568
-86.67051206111306 13.98007350872736
-88.73165601171169 14.840278893783324
-90.79279996231034 16.466185218137277
-92.85394391290897 17.706317208257182
-94.91508786350762 17.332052372028745
-96.97623181410626 19.28897905249206
-99.0373757647049 17.58320610100998
-101.09851971530355 15.999222248097874
-103.15966366590219 15.837321306925638
-105.22080761650084 15.712065628117221
-107.28195156709947 12.584122546886775
-109.34309551769812 12.041163025230114
-111.40423946829677 9.374237753426797
-113.4653834188954 4.781314569945617
-115.52652736949405 6.787387389671192
-117.58767132009268 5.921667214051578
-119.64881527069133 5.319496587089424
-121.70995922128996 5.422249523869892
-123.7711031718886 5.120251365588848
-125.83224712248725 2.7271987614488102
-127.89339107308588 2.942993351017867
-129.95453502368454 5.3075165118451375
-132.01567897428316 2.8094248637386876
-134.0768229248818 5.897921365626864
-136.13796687548046 5.10653508390399
-138.1991108260791 2.557886847337549
-140.26025477667773 1.8285593500471904
-142.32139872727637 3.549414329985994
-144.382542677875 3.8401172780069173
-146.44368662847367 4.3285774169928874
-148.5048305790723 2.4098018833535546
-150.56597452967094 2.823015383359028
-152.62711848026956 3.1435864828201256
-154.6882624308682 1.3315299208192626
-156.74940638146686 1.8655056838399975
-158.8105503320655 2.915795029852243
-160.87169428266412 3.385541436358548
-162.93283823326277 3.363551559380479
-164.9939821838614 1.564735984117349
-167.05512613446007 -0.021320226601276304
-169.11627008505872 1.281277807719811
-171.17741403565734 4.821634830077175
-173.23855798625598 1.6241101124163109
-175.29970193685463 3.31528774598043
-177.36084588745328 1.3771291277194144
-179.4219898380519 1.2945004742735178
-181.48313378865055 1.4149555298668355
-183.54427773924917 2.5066501893344464
-185.60542168984784 2.556721153031206
-187.66656564044646 0.42026094968616967
-189.7277095910451 1.8926698866472382
-191.78885354164373 0.5030467651860724
-193.84999749224238 0.558497325917175
-195.91114144284103 0.5624426289946578
-197.97228539343968 1.9143140107930274
-200.03342934403827 0.9308413595120101
-202.09457329463694 1.7250368343271305
-204.15571724523556 0.7441731399516153
-206.2168611958342 -0.554999934137636
-208.27800514643286 1.365206349005881
-210.33914909703148 0.7342532964213252
-212.40029304763016 0.46790582277766407
-214.46143699822878 0.9097993722623001
-216.52258094882743 0.12723315149753694
-218.58372489942604 -0.1404138462820914
-220.6448688500247 1.1168189774303223
-222.70601280062334 -1.13637575968702
-224.767156751222 -0.02861391127014571
-226.8283007018206 0.9437250289299823
-228.88944465241926 0.8270120595613616
-230.9505886030179 0.056095131919581556
-233.01173255361655 -0.5337979582441306
-235.07287650421517 1.2568826470742744
-237.13402045481382 -2.524940314068551
-239.19516440541244 -0.505296955150961
-241.25630835601112 -0.9313989371777509
-243.31745230660974 0.5883860169359072
-245.3785962572084 -1.4403763674510761
-247.43974020780703 0.5844649122158919
-249.50088415840565 -0.018738835788470583
-251.56202810900433 0.23562756169012405
-253.62317205960295 -0.9207502942684491
-255.6843160102016 0.6008735918945448
-257.74545996080025 2.9495116726779456
-259.8066039113989 1.7573998620557727
-261.86774786199754 3.3839318578274575
