# BEGINHEADER
# This file contains data from the SALSA 2m radio telescope.
# DATE=2021-12-04T08:11:0035
# GLON and GLAT given in degrees
# GLON=80.86852590454818
# GLAT=-4.962928997462108
# DATA in two columns below. Col. 1 is velocity relative to LSR [km/s]. Col. 2 is uncalibrated antenna temperature [K].
# ENDHEADER
262.6764921519633 5.281951679102291
260.61534820136467 10.513611485768081
258.554204250766 9.525292644003795
256.4930603001674 10.219393996349813
254.43191634956875 10.316128697412921
252.3707723989701 9.879600457469868
250.30962844837146 12.80841397524726
248.24848449777284 11.29606284794752
246.1873405471742 12.322141623354108
244.12619659657557 13.585474764249879
242.0650526459769 12.370954936359386
240.00390869537827 13.131397362377234
237.94276474477962 13.318284322767052
235.881620794181 13.204748523032372
233.82047684358233 13.526655394328303
231.75933289298368 14.16679443718954
229.69818894238506 14.542245194228158
227.6370449917864 13.539981090948936
225.5759010411878 13.83457519339264
223.51475709058911 15.274091308207757
221.4536131399905 14.308174549596396
219.39246918939185 14.713247698782897
217.33132523879323 14.014471815238704
215.27018128819458 13.655666463292373
213.20903733759593 12.80086922309324
211.14789338699728 13.092738639740695
209.08674943639866 13.326637263634314
207.0256054858 16.35092649962259
204.96446153520137 13.628652432098331
202.90331758460272 14.229351671055628
200.8421736340041 14.0234151668491
198.78102968340545 13.96780512250599
196.7198857328068 14.49842023150364
194.65874178220815 13.806332686362735
192.5975978316095 14.428213018276537
190.53645388101089 15.489352470192909
188.47530993041224 13.901832066150005
186.41416597981362 14.304496702621313
184.35302202921494 13.159340424476062
182.29187807861632 12.825665190935476
180.23073412801767 13.57781923025537
178.16959017741905 13.79219363929041
176.1084462268204 14.612057380051017
174.04730227622176 14.070556839082327
171.9861583256231 13.452096094529743
169.9250143750245 13.528760181801873
167.86387042442584 14.759773814681964
165.8027264738272 13.01460879526404
163.74158252322854 13.097372858980869
161.68043857262992 13.09871808680531
159.61929462203128 13.500467079882203
157.55815067143263 12.655102703588602
155.49700672083398 12.047045395758106
153.43586277023533 14.31939536309153
151.3747188196367 14.977456831751143
149.31357486903806 12.468882326231334
147.25243091843944 14.458290103595749
145.19128696784077 14.609519656643524
143.13014301724215 12.599930926644003
141.0689990666435 13.745414118410418
139.00785511604488 13.549265877725288
136.9467111654462 13.284342420778364
134.88556721484758 15.476239332523633
132.82442326424894 14.690955449031872
130.76327931365032 13.324471138746938
128.70213536305167 14.471502071844302
126.64099141245302 15.79984640685161
124.57984746185437 13.510304014567222
122.51870351125574 14.966474276627844
120.4575595606571 13.979674604706512
118.39641561005845 12.302927794371895
116.33527165945982 15.423054526997221
114.27412770886117 14.435785770722044
112.21298375826254 13.844667500863034
110.15183980766389 12.621838710397736
108.09069585706526 11.79707824276819
106.02955190646662 12.822492397982462
103.96840795586797 13.637174309040237
101.90726400526934 13.06200656863329
99.84612005467068 13.706596532113714
97.78497610407204 14.101127393729135
95.7238321534734 12.95464688992254
93.66268820287476 14.428678292702976
91.60154425227613 13.191695351870216
89.54040030167748 12.719570922142882
87.47925635107885 14.8896761637394
85.4181124004802 12.4995868514868
83.35696844988156 13.765750901569323
81.29582449928292 14.39615539686463
79.23468054868428 14.305024557166353
77.17353659808565 13.87098017560938
75.112392647487 12.919940274178922
73.05124869688836 11.958689464067932
70.99010474628972 13.905819396700013
68.92896079569108 13.135678228471301
66.86781684509243 14.201299782249228
64.8066728944938 13.448729888736924
62.74552894389515 13.069894688676657
60.68438499329651 11.302610564129392
58.62324104269788 11.9421778973523
56.562097092099236 12.058544233532238
54.500953141500595 12.506722972039494
52.43980919090195 12.723842725634624
50.378665240303306 11.726749967612998
48.31752128970467 12.821769151878554
46.25637733910603 12.41224205082621
44.19523338850739 12.333971225548538
42.13408943790875 13.087534016272874
40.072945487310115 13.163853282223759
38.011801536711474 13.22843293023843
35.95065758611283 12.00629526309959
33.88951363551419 14.337895707125085
31.828369684915547 13.905639696765249
29.76722573431691 14.471958421529141
27.706081783718265 15.828445702209724
25.644937833119624 17.420232852767374
23.583793882520986 19.404544590178894
21.522649931922345 21.355964912760612
19.461505981323704 24.17101091066568
17.40036203072506 30.931773114417613
15.339218080126422 39.59517354177525
13.27807412952778 51.57396697441543
11.21693017892914 63.89714993114692
9.155786228330498 78.85134341981832
7.0946422777318565 89.25937279254057
5.033498327133217 91.5153435576122
2.9723543765345757 89.34500019096369
0.9112104259359352 79.77207810743872
-1.1499335246627056 67.80106150233205
-3.2110774752613462 69.80253877628921
-5.272221425859987 62.786397650081724
-7.333365376458628 57.29720512345892
-9.39450932705727 52.92200253234353
-11.455653277655909 49.386264931704964
-13.51679722825455 44.977033403230315
-15.57794117885319 42.13577636729958
-17.63908512945183 40.210121930086274
-19.70022908005047 36.07400818871055
-21.761373030649114 32.758697658778935
-23.822516981247755 27.264053574708527
-25.883660931846393 27.382906998740737
-27.944804882445034 24.088930009555526
-30.005948833043675 21.803751774604844
-32.067092783642316 24.23182257036789
-34.12823673424096 23.49067675971054
-36.1893806848396 23.41176192762657
-38.25052463543824 23.75253158219726
-40.31166858603688 22.585302459887632
-42.372812536635514 24.066596818120086
-44.433956487234155 22.77653238667001
-46.495100437832804 21.916972725372542
-48.556244388431445 20.951235693493178
-50.61738833903009 20.05743436129436
-52.67853228962873 18.70884516927875
-54.73967624022737 18.880394623913777
-56.80082019082601 17.95728294475984
-58.86196414142465 19.192512562596246
-60.92310809202329 17.617467730404464
-62.98425204262193 16.312123138869957
-65.04539599322058 18.1817862681363
-67.10653994381921 19.403560280844186
-69.16768389441786 20.257413919534912
-71.2288278450165 22.729435676378937
-73.28997179561513 21.441048810132468
-75.35111574621378 19.971241925198225
-77.41225969681241 23.03614457144902
-79.47340364741106 20.93182103837495
-81.5345475980097 18.885176527639782
-83.59569154860834 18.058358507666217
-85.65683549920698 16.40250754720725
-87.71797944980561 14.797864036971696
-89.77912340040426 16.414949184044573
-91.8402673510029 14.373756893555022
-93.90141130160156 13.466286924689035
-95.96255525220019 12.392932052595032
-98.02369920279884 13.870503800367274
-100.08484315339747 11.219351150875223
-102.1459871039961 11.103046199967574
-104.20713105459475 9.489803468264485
-106.26827500519339 10.299548578641863
-108.32941895579204 11.639372489287048
-110.39056290639067 9.028112208035784
-112.45170685698932 8.694594397597196
-114.51285080758795 9.116991715617823
-116.57399475818659 7.154930750292453
-118.63513870878523 8.166318470580102
-120.69628265938387 8.517221755693566
-122.75742660998252 8.506523935051696
-124.81857056058115 9.279605062548207
-126.8797145111798 6.458618974772898
-128.94085846177845 6.571045954335101
-131.00200241237707 7.935426488596621
-133.06314636297571 7.493204234865172
-135.12429031357436 6.530445608918787
-137.185434264173 6.839058835146858
-139.24657821477163 7.204977010831488
-141.30772216537028 6.7338906830928975
-143.3688661159689 6.781323360056163
-145.43001006656758 5.466637243309368
-147.4911540171662 4.281120622310302
-149.55229796776484 7.037391911283024
-151.6134419183635 4.751859113169673
-153.67458586896214 5.770319455345703
-155.7357298195608 7.8294881066322946
-157.7968737701594 6.370241295454825
-159.85801772075806 6.44299031688095
-161.91916167135668 5.414121052187507
-163.98030562195535 5.893751293746796
-166.04144957255397 5.099360735742736
-168.10259352315262 5.697609854282684
-170.16373747375124 3.7909117926349096
-172.2248814243499 5.397318362579674
-174.28602537494854 5.453127496397373
-176.34716932554718 4.9464738138331334
-178.4083132761458 4.6840529046939645
-180.46945722674445 4.548324251652493
-182.5306011773431 4.57956360565242
-184.59174512794175 4.339357490520727
-186.65288907854037 5.04206400114359
-188.71403302913902 5.101053756451308
-190.77517697973767 4.033192821835368
-192.8363209303363 5.285209105088623
-194.89746488093496 5.492610878537554
-196.95860883153358 3.283527170134526
-199.01975278213223 4.428285058483605
-201.08089673273085 4.25783144964814
-203.14204068332953 4.493258058560653
-205.20318463392815 6.510798981578416
-207.2643285845268 5.992369536712521
-209.3254725351254 5.144705367362415
-211.38661648572406 4.3814683964570085
-213.4477604363227 2.9816826143048254
-215.50890438692136 3.7246462812062817
-217.57004833751998 4.004454794759975
-219.63119228811863 4.6776154875624645
-221.69233623871727 4.076077490227205
-223.75348018931592 3.6644700514497734
-225.81462413991454 3.3224472002669945
-227.8757680905132 5.351787785371426
-229.93691204111184 3.988488066386691
-231.9980559917105 3.536412950563355
-234.05919994230914 3.8379558738928194
-236.12034389290775 4.1164140986115605
-238.1814878435064 4.190261360574436
-240.24263179410502 5.475369963989694
-242.3037757447037 5.818519821993502
-244.36491969530232 4.8255364997666685
-246.42606364590097 4.183350247330942
-248.4872075964996 4.829186534235692
-250.54835154709826 6.599816547777118
-252.60949549769688 3.9473939737230737
-254.67063944829553 8.06072031379513
-256.73178339889415 7.878554930128106
-258.7929273494928 6.905080630343475
-260.85407130009145 5.745285801464631
-262.91521525069004 8.047190396231622
