# BEGINHEADER
# This file contains data from the SALSA 2m radio telescope.
# DATE=2021-12-04T08:02:0035
# GLON and GLAT given in degrees
# GLON=66.86055786733301
# GLAT=-4.855637710778751
# DATA in two columns below. Col. 1 is velocity relative to LSR [km/s]. Col. 2 is uncalibrated antenna temperature [K].
# ENDHEADER
263.36114663111067 2.003057866508728
261.3000026805121 6.017715915509185
259.23885872991343 4.511441962354346
257.1777147793148 5.518423923045852
255.11657082871616 7.9896577743933985
253.0554268781175 7.383171782535586
250.99428292751887 6.5344030419350245
248.93313897692022 7.7228475763021445
246.8719950263216 7.500777426628228
244.81085107572295 7.707289873491142
242.7497071251243 6.826021575576033
240.68856317452565 8.124867150546246
238.62741922392703 7.184480087020902
236.5662752733284 9.465824031789042
234.50513132272974 6.636259163124875
232.4439873721311 9.731615188893246
230.38284342153247 7.219143815698874
228.32169947093382 8.914054315038026
226.26055552033517 10.191313379280848
224.19941156973653 8.467622446466562
222.13826761913788 9.075715280844902
220.07712366853926 8.303085984488783
218.0159797179406 8.631224058490142
215.954835767342 8.373584273810177
213.8936918167433 6.959773632690684
211.8325478661447 9.981271516961748
209.77140391554605 6.497038075245403
207.71025996494743 8.673160959421478
205.64911601434878 9.236558372270355
203.58797206375013 8.15736919149347
201.52682811315148 9.839197706632342
199.46568416255286 8.619585798933608
197.40454021195418 10.176105777995762
195.34339626135557 8.58519203695641
193.2822523107569 9.030846660126123
191.22110836015827 9.315826607141924
189.15996440955962 8.331469176934375
187.09882045896097 8.613362616346995
185.03767650836235 10.471305468963234
182.97653255776368 8.662182938057871
180.91538860716506 7.778356410109437
178.8542446565664 6.671617468900757
176.7931007059678 8.155218167475654
174.73195675536914 8.301648091791105
172.6708128047705 8.51600898938923
170.60966885417184 9.159996815851162
168.54852490357322 9.03435715005581
166.48738095297458 8.367747668143167
164.42623700237593 9.407509870085946
162.36509305177728 8.75198569926161
160.30394910117866 6.844458335091007
158.24280515058 6.976990102697163
156.1816611999814 10.014228312871454
154.12051724938271 10.998317355523962
152.05937329878407 7.139794789502972
149.99822934818545 8.620320683773583
147.9370853975868 7.088908274919235
145.87594144698818 8.244573926745776
143.8147974963895 9.598703211972863
141.75365354579088 8.466447249886556
139.69250959519223 8.177117076624558
137.63136564459361 7.911962964830471
135.57022169399497 9.282360768225713
133.50907774339632 7.533978525156613
131.44793379279767 6.877263423331246
129.38678984219905 6.987250133732168
127.32564589160039 9.964119245940068
125.26450194100175 8.011538658198479
123.2033579904031 8.17894439486605
121.14221403980447 8.45175621311541
119.08107008920584 8.24194521945564
117.01992613860719 10.322587071536637
114.95878218800856 8.291095897473014
112.89763823740991 7.560184320852221
110.83649428681127 8.408224293477575
108.77535033621264 9.3758834926471
106.71420638561399 7.973039671562508
104.65306243501536 8.586173812387427
102.59191848441671 8.641091912299888
100.53077453381808 7.82431319329899
98.46963058321943 5.86386716260951
96.4084866326208 7.381027959714524
94.34734268202216 8.626133473077802
92.2861987314235 8.738265500895299
90.22505478082486 8.035480449313289
88.16391083022621 7.8674340254776185
86.10276687962758 7.567063975548442
84.04162292902893 9.27479015033337
81.9804789784303 8.546507038867247
79.91933502783166 7.6125733238593325
77.85819107723302 7.088619410140209
75.79704712663438 7.831224523574702
73.73590317603573 7.782910981548291
71.6747592254371 8.690982543097547
69.61361527483845 6.7171879720839245
67.55247132423982 7.5845913452683265
65.49132737364117 7.708005121729218
63.43018342304253 7.52552828254432
61.36903947244389 6.32464422071248
59.30789552184525 6.299094921767779
57.24675157124661 8.536370861449196
55.18560762064797 7.61630529119434
53.12446367004933 8.5290585347928
51.06331971945069 8.736713938707883
49.00217576885205 9.728646370826741
46.94103181825341 10.30788344358008
44.879887867654766 9.063648301742159
42.818743917056125 10.686826890711393
40.757599966457484 8.992677257164674
38.69645601585884 11.157087593288482
36.6353120652602 12.071354869358132
34.57416811466156 12.854794235554536
32.51302416406292 14.981728646411813
30.45188021346428 17.5875366771037
28.39073626286564 18.38417926019203
26.329592312267 22.045918223952583
24.268448361668362 25.314139156286057
22.20730441106972 29.88623140265212
20.14616046047108 37.976474829897185
18.08501650987244 44.04072002858024
16.023872559273798 56.87222461976236
13.962728608675159 72.04594739358855
11.901584658076516 83.94591745568268
9.840440707477875 92.73620127742649
7.7792967568792335 96.72797560856685
5.718152806280594 91.8524647351949
3.6570088556819527 81.79216450318333
1.5958649050833122 69.93087359765505
-0.46527904551532867 54.10227384604844
-2.5264229961139697 47.460707230358594
-4.58756694671261 39.473394244277344
-6.648710897311252 33.12695802037018
-8.709854847909892 28.762691470134694
-10.770998798508534 25.41639739676168
-12.832142749107172 22.55308714243851
-14.893286699705813 21.25271502959222
-16.954430650304452 19.884265839069837
-19.015574600903097 18.104353927381116
-21.076718551501735 17.0575902430478
-23.137862502100376 17.05705523972815
-25.19900645269902 16.649144906214293
-27.26015040329766 14.518102871478689
-29.321294353896302 13.649252103043528
-31.382438304494944 12.477461313552999
-33.44358225509359 13.491380779163105
-35.50472620569223 11.958383750783677
-37.56587015629086 11.413355955895012
-39.627014106889504 11.89187212158314
-41.688158057488145 9.699085737906678
-43.74930200808679 10.132365596659431
-45.81044595868543 10.659283322791591
-47.87158990928407 9.390557255436015
-49.93273385988271 9.227530644451857
-51.99387781048135 10.420868130584967
-54.05502176107999 11.054696172051939
-56.11616571167863 12.646409319852173
-58.177309662277274 12.702891689954981
-60.238453612875915 16.68196412162435
-62.299597563474556 15.152895302640584
-64.3607415140732 15.338138275072607
-66.42188546467185 16.48300062286899
-68.48302941527048 18.65577412377691
-70.54417336586913 17.677397871997087
-72.60531731646776 16.528348355051072
-74.6664612670664 18.1501810248171
-76.72760521766504 15.367205500440237
-78.78874916826368 15.706800435440359
-80.84989311886233 16.088414206473093
-82.91103706946096 11.744244858873756
-84.9721810200596 11.017489970098339
-87.03332497065824 10.164935195265441
-89.09446892125688 9.224239848061154
-91.15561287185552 6.944092023506826
-93.21675682245416 7.31885473005911
-95.2779007730528 7.625052003662953
-97.33904472365144 6.9989454487712
-99.40018867425007 6.28420574137446
-101.46133262484874 8.823598204090956
-103.52247657544737 5.6769947863855
-105.58362052604602 5.25587365800563
-107.64476447664465 5.235395292570041
-109.7059084272433 5.8552502722016095
-111.76705237784194 4.729087918456806
-113.82819632844057 4.875915855270951
-115.88934027903922 4.8149911419086004
-117.95048422963785 6.168311480077475
-120.0116281802365 1.8321413868080079
-122.07277213083513 2.2933116752488654
-124.13391608143378 3.484836039318118
-126.19506003203242 4.0443698373379116
-128.25620398263106 3.423518259521016
-130.3173479332297 3.5602515552499128
-132.37849188382833 5.037951797190376
-134.43963583442698 3.3438235789270774
-136.50077978502563 2.468431073142047
-138.56192373562428 3.8880584115370906
-140.6230676862229 3.583504675420318
-142.68421163682154 4.327743145232558
-144.74535558742016 4.135875491882021
-146.80649953801884 2.3366546448932075
-148.86764348861746 3.5489377829462323
-150.9287874392161 4.264182861049351
-152.98993138981473 3.155914175697731
-155.05107534041338 3.602014812396833
-157.11221929101202 3.6882748479157805
-159.17336324161067 4.8764403120510975
-161.23450719220932 3.0303567339551316
-163.29565114280794 3.5647740524540557
-165.35679509340662 4.012825175838867
-167.41793904400524 3.239713084617443
-169.47908299460389 4.158069090440319
-171.5402269452025 4.425395788648822
-173.60137089580115 3.641020994013617
-175.6625148463998 2.8411026832751527
-177.72365879699845 2.717757136184649
-179.78480274759707 3.77920266136318
-181.84594669819572 2.7230678347422232
-183.90709064879434 3.9566940190241806
-185.968234599393 2.294907738092436
-188.02937854999163 4.019598538641929
-190.09052250059028 2.84829585240564
-192.1516664511889 2.505568475798874
-194.21281040178758 3.3498135150211903
-196.27395435238623 2.4390930397633057
-198.33509830298482 2.2454700150914735
-200.39624225358347 3.6289156303679713
-202.45738620418211 4.246098072997823
-204.51853015478076 2.0410953238861564
-206.57967410537938 5.461966167274579
-208.64081805597803 4.380955633320877
-210.70196200657665 2.7906227654371794
-212.76310595717533 3.4304196195239496
-214.82424990777395 1.6324691486969658
-216.8853938583726 1.5366421071542462
-218.94653780897121 3.661977820958666
-221.0076817595699 3.355949474637444
-223.0688257101685 3.255070019531055
-225.12996966076716 3.3816063188602894
-227.19111361136578 3.3370223369268475
-229.25225756196443 3.6223188333010765
-231.31340151256308 3.1228756726588602
-233.37454546316172 1.9040091711617477
-235.43568941376034 2.7125412019103825
-237.496833364359 1.6309812138100817
-239.55797731495764 3.1697069178623245
-241.6191212655563 3.959294634133493
-243.68026521615494 2.312715610323082
-245.74140916675356 2.390372529789989
-247.8025531173522 4.401725849867312
-249.86369706795085 4.207447471641757
-251.9248410185495 4.109320379965595
-253.98598496914812 3.4792444055659923
-256.04712891974674 3.8750931569405305
-258.1082728703454 5.211852627535635
-260.16941682094404 4.373137019821952
-262.2305607715427 5.066695263140104
