# BEGINHEADER
# This file contains data from the SALSA 2m radio telescope.
# DATE=2021-11-27T23:28:0053
# GLON and GLAT given in degrees
# GLON=206.80738080514993
# GLAT=-0.2734975577874205
# DATA in two columns below. Col. 1 is velocity relative to LSR [km/s]. Col. 2 is uncalibrated antenna temperature [K].
# ENDHEADER
265.2077035936776 1.7926004681083185
263.146559643079 4.669000799391894
261.08541569248035 5.5857305536378306
259.0242717418817 5.667241639964116
256.96312779128306 5.8682030003832315
254.90198384068444 6.741495158811224
252.8408398900858 5.743545697982281
250.77969593948714 7.143809073736752
248.71855198888852 6.247034414583931
246.65740803828987 6.805359521827255
244.59626408769122 6.664965090173976
242.53512013709258 7.673217460831867
240.47397618649393 7.142604186528764
238.4128322358953 7.255936452545072
236.35168828529666 7.825666348304269
234.29054433469804 7.330747079942013
232.22940038409936 7.744041254565555
230.16825643350074 8.138682332630385
228.1071124829021 8.934892062576127
226.04596853230348 9.226041738133247
223.98482458170483 8.50951034142831
221.92368063110618 8.015157097645961
219.86253668050753 8.159810018948772
217.8013927299089 7.338353335222681
215.74024877931026 7.8261012568423665
213.67910482871162 8.16957175162244
211.61796087811297 9.759964768167535
209.55681692751435 8.065226111401092
207.4956729769157 7.589024480292476
205.43452902631705 8.08889755707733
203.3733850757184 7.951454042247678
201.31224112511975 7.353170050806059
199.25109717452114 7.6164509431901415
197.1899532239225 8.80910528572
195.12880927332387 7.6688165479560455
193.0676653227252 8.229676986091075
191.00652137212657 7.706950148150601
188.94537742152792 7.960129256528181
186.8842334709293 8.601080881776667
184.82308952033063 8.47751541099518
182.761945569732 8.314427522661598
180.70080161913336 7.200949403079501
178.63965766853474 8.243502463714169
176.5785137179361 8.303744006302775
174.51736976733744 8.540356804874044
172.4562258167388 9.100165973205444
170.39508186614017 7.782709485300308
168.33393791554153 8.11818682551242
166.27279396494288 8.339927217912708
164.21165001434423 8.112524693712434
162.15050606374558 7.519769911886583
160.08936211314696 7.476807262966953
158.0282181625483 8.347505879725185
155.96707421194967 8.472071058256024
153.90593026135102 8.59366713327068
151.8447863107524 7.873716331976807
149.78364236015375 7.616589262201501
147.72249840955513 8.225695652103173
145.66135445895645 7.781504834388925
143.60021050835783 8.204068964901044
141.53906655775918 8.91663525378795
139.47792260716056 8.138910642220313
137.41677865656192 8.344440129901024
135.35563470596327 9.310648299447083
133.29449075536462 7.261056265883613
131.233346804766 7.659694345429608
129.17220285416732 7.689191709222144
127.1110589035687 6.738126203231228
125.04991495297007 8.066821927378967
122.98877100237142 7.396521147997757
120.92762705177279 7.700700651034573
118.86648310117414 7.8707517600918075
116.8053391505755 8.390071392494768
114.74419519997686 7.347306437871982
112.68305124937822 7.97064194711095
110.62190729877959 6.610475487001403
108.56076334818093 8.295025273869168
106.4996193975823 8.791432091822578
104.43847544698365 7.002273581948106
102.37733149638501 7.149659464321515
100.31618754578636 8.532940961554708
98.25504359518774 7.431314609490994
96.1938996445891 7.074226189420941
94.13275569399046 8.070393886502172
92.07161174339183 8.244871006202846
90.01046779279318 7.990085432309996
87.94932384219454 8.351538110321208
85.8881798915959 7.701557014920117
83.82703594099726 8.277212106330445
81.76589199039861 7.432709313306905
79.70474803979998 7.259025530468436
77.64360408920135 6.985505231990777
75.5824601386027 9.116627919951718
73.52131618800406 8.17602710618596
71.46017223740542 8.015664022897111
69.39902828680677 8.551707395645712
67.33788433620812 9.591421882050655
65.27674038560949 9.932538253225122
63.21559643501085 11.144293931041272
61.15445248441221 13.517641607622624
59.09330853381356 15.437156288297958
57.03216458321493 18.034223705766767
54.97102063261629 21.036153699438906
52.90987668201765 27.008171439824416
50.848732731419005 33.44497092774279
48.78758878082036 39.87209755962208
46.72644483022172 50.414998779983456
44.66530087962308 59.05454270312687
42.60415692902444 66.46958834399055
40.54301297842579 73.8105087088606
38.48186902782715 74.69107415212774
36.42072507722851 76.02294874592639
34.35958112662987 76.88499923024423
32.298437176031236 75.29245795713481
30.237293225432595 76.34043027767883
28.176149274833953 78.31187476450842
26.11500532423531 79.75545160387203
24.05386137363667 83.58513539828208
21.99271742303803 85.64760108442675
19.931573472439393 86.58690339061141
17.87042952184075 85.27865105483144
15.80928557124211 83.57476498948382
13.748141620643468 84.4012593963287
11.686997670044827 92.62244633516818
9.625853719446186 92.63364786630311
7.564709768847545 86.70402878941884
5.503565818248904 77.27403451778838
3.442421867650263 64.55851407200235
1.3812779170516227 48.09955996002069
-0.6798660335470179 39.19613759124667
-2.741009984145659 29.834235772420445
-4.802153934744299 22.252792028811417
-6.8632978853429405 17.955621497882362
-8.92444183594158 15.848339110691565
-10.985585786540222 14.375415595251306
-13.046729737138861 12.494685755687453
-15.107873687737502 11.038680850177837
-17.169017638336143 9.811893568555211
-19.230161588934784 8.73074962637858
-21.291305539533422 8.107533088701153
-23.352449490132067 8.165440651836159
-25.413593440730708 6.899825638562634
-27.47473739132935 6.583603866754824
-29.53588134192799 7.490695425160605
-31.597025292526634 5.979716323170377
-33.65816924312527 6.293100423563866
-35.719313193723906 7.11932342408319
-37.780457144322554 6.560253444412548
-39.841601094921195 6.6741938987769185
-41.902745045519836 6.464899905039602
-43.96388899611848 6.322184796435454
-46.02503294671712 5.971606565297408
-48.08617689731576 6.450080546913885
-50.14732084791439 6.014915123289541
-52.208464798513035 5.821145488815254
-54.26960874911167 6.309866735428098
-56.33075269971032 6.985355759668038
-58.39189665030896 6.063262740232355
-60.4530406009076 5.913306081891015
-62.51418455150624 4.666443969954227
-64.57532850210488 4.578883302747855
-66.63647245270352 6.769695587566991
-68.69761640330216 5.370549194405809
-70.7587603539008 3.9923862608441945
-72.81990430449945 5.213271415660011
-74.88104825509808 4.81231518209215
-76.94219220569671 5.791114069620894
-79.00333615629536 4.857796703662421
-81.064480106894 3.8798057278980473
-83.12562405749264 5.224500227412058
-85.18676800809129 4.649075548296872
-87.24791195868993 4.238293472922836
-89.30905590928857 2.964383851261237
-91.37019985988721 3.1462438462346682
-93.43134381048586 4.055525271345674
-95.49248776108449 4.495557244736938
-97.55363171168314 4.01900682656228
-99.61477566228179 3.811570606469071
-101.67591961288042 4.76971105214855
-103.73706356347907 3.2283206012652697
-105.7982075140777 3.858639929629075
-107.85935146467635 2.7035525902016855
-109.92049541527498 4.109826178135878
-111.98163936587362 3.5462106709685974
-114.04278331647227 3.1449209966594998
-116.1039272670709 3.8556488686708916
-118.16507121766955 3.2882496320395758
-120.22621516826818 4.411375280580682
-122.28735911886682 4.866700494516455
-124.34850306946548 3.433287208281186
-126.40964702006411 1.8603671543983482
-128.47079097066276 2.846879882297315
-130.53193492126138 2.8561522407338344
-132.59307887186003 3.321976519447902
-134.65422282245868 4.861469087365046
-136.71536677305733 3.2750013311012007
-138.77651072365595 2.429591665138945
-140.8376546742546 2.0407731717176425
-142.89879862485324 3.3815084273606684
-144.9599425754519 3.0516700282920164
-147.02108652605054 1.4706208666730312
-149.08223047664916 3.0451308055888897
-151.1433744272478 3.186920180180556
-153.20451837784643 2.4179435488873366
-155.2656623284451 2.6105630010044587
-157.32680627904372 1.7448536840231144
-159.38795022964237 1.6154157348256226
-161.449094180241 2.571565077853747
-163.51023813083964 2.1078931746763576
-165.5713820814383 1.9480259809053269
-167.63252603203694 1.2456395575110635
-169.69366998263556 3.029940659716245
-171.7548139332342 3.1096100004688525
-173.81595788383285 1.3847456828401705
-175.8771018344315 2.9218174714057352
-177.93824578503012 3.668827262921611
-179.99938973562877 2.1212911961858443
-182.06053368622742 1.7153558222679093
-184.12167763682606 1.0992115539956397
-186.1828215874247 2.0907327635047173
-188.24396553802333 3.1036703672461243
-190.30510948862198 3.2283561691751275
-192.3662534392206 2.2097443432827117
-194.42739738981928 2.0228348569699794
-196.4885413404179 2.2641998705117223
-198.54968529101654 2.080241077789513
-200.61082924161516 1.5421426892618042
-202.67197319221384 2.3038104820262375
-204.73311714281246 0.8634366354578259
-206.7942610934111 1.926061383435956
-208.85540504400973 2.1422753263549508
-210.91654899460838 2.1525176741641188
-212.97769294520702 1.8009943743984065
-215.03883689580567 2.3228278278054684
-217.0999808464043 1.3382085046362031
-219.16112479700294 2.6274567661857913
-221.2222687476016 2.125695103857296
-223.28341269820024 1.4746185425941716
-225.34455664879889 1.5807822036001076
-227.4057005993975 1.7147028573177299
-229.46684454999615 1.6557936578179469
-231.5279885005948 2.475676484557896
-233.58913245119345 2.0154942848776587
-235.65027640179207 1.0951972350863899
-237.71142035239072 1.984152648973433
-239.77256430298934 1.7408921178273018
-241.83370825358801 2.927520430207231
-243.89485220418663 2.875394000174273
-245.95599615478528 2.080830618382259
-248.0171401053839 2.1907110264400464
-250.07828405598255 1.7391126633388767
-252.1394280065812 2.562717056976577
-254.20057195717985 2.5713664366055102
-256.26171590777847 3.4163184803545747
-258.3228598583771 2.7178987728274633
-260.38400380897576 4.290255145890516
