# BEGINHEADER
# This file contains data from the SALSA 2m radio telescope.
# DATE=2021-11-27T22:37:0038
# GLON and GLAT given in degrees
# GLON=122.81624807442515
# GLAT=-0.13929384997659233
# DATA in two columns below. Col. 1 is velocity relative to LSR [km/s]. Col. 2 is uncalibrated antenna temperature [K].
# ENDHEADER
265.4993517622899 0.15537639294335445
263.4382078116912 1.3617402283373177
261.3770638610926 0.9017796132661438
259.31591991049396 0.9148896924952042
257.2547759598953 2.910781334194061
255.19363200929666 2.0240396920059056
253.13248805869802 2.995154585563846
251.0713441080994 4.133337635128807
249.01020015750075 3.378541822350537
246.9490562069021 2.5289504883590395
244.88791225630345 0.41597699955926704
242.82676830570483 2.2998922763424474
240.76562435510618 2.5806653381380578
238.70448040450754 3.69478058538765
236.6433364539089 3.636427072821983
234.58219250331024 3.04759137939015
232.52104855271162 2.744933776190276
230.45990460211297 3.558329298829477
228.39876065151435 3.8538265003650487
226.33761670091567 4.146244813764224
224.27647275031705 3.174333463452442
222.2153287997184 2.125566059862539
220.1541848491198 1.2902284325452782
218.0930408985211 3.6828088827330854
216.0318969479225 4.651417947479159
213.97075299732384 4.355603599043902
211.90960904672522 4.6594551077512545
209.84846509612657 3.3325585305775944
207.78732114552793 4.405047674876537
205.72617719492928 3.7123078938489957
203.66503324433066 4.739687284415899
201.603889293732 4.537417894391513
199.54274534313336 2.069583052729022
197.4816013925347 3.4748304947276667
195.42045744193604 4.873435116553683
193.35931349133742 4.5069535039479485
191.29816954073877 3.499970210882228
189.23702559014015 4.499266061834451
187.1758816395415 3.8343965086816465
185.11473768894285 5.5115898462129
183.0535937383442 3.792922319586008
180.99244978774558 3.5528990419758006
178.93130583714694 4.752974903139608
176.8701618865483 3.119660413077701
174.80901793594964 3.3833665188794817
172.74787398535102 6.420607156200478
170.68673003475237 4.055405709344301
168.62558608415375 3.5463637141154156
166.56444213355508 3.6480343637943866
164.50329818295643 4.50699161903145
162.4421542323578 4.350189314558852
160.38101028175916 4.2731081106784545
158.31986633116054 3.928171928411648
156.25872238056186 4.526980872436635
154.19757842996324 3.794908835427565
152.1364344793646 4.602184477802265
150.07529052876598 5.9038099499676555
148.0141465781673 4.395224744693629
145.95300262756868 5.138970212971505
143.89185867697003 4.691643353470307
141.8307147263714 3.8274514348556608
139.76957077577276 3.438628449130546
137.70842682517412 4.210079326330811
135.64728287457547 4.098077367054637
133.58613892397685 4.161674760533182
131.5249949733782 3.3438745903453158
129.46385102277955 3.1926485046963964
127.40270707218092 3.866926642972841
125.34156312158227 4.5501280006484786
123.28041917098363 4.957252656290453
121.21927522038499 5.602264836869217
119.15813126978635 4.640473138992654
117.09698731918772 4.21884956124167
115.03584336858907 4.669022154250934
112.97469941799044 4.802730109626291
110.91355546739179 5.208236424747633
108.85241151679315 4.319906976735378
106.79126756619449 3.226618560637973
104.73012361559586 4.279530261447816
102.66897966499722 4.129213172707935
100.60783571439858 3.1227312608393105
98.54669176379996 3.99596085256727
96.48554781320131 3.493391472912351
94.42440386260267 2.771949230717849
92.36325991200403 3.7284540952420304
90.30211596140539 4.702779693992057
88.24097201080674 3.718754138906915
86.17982806020811 5.289586541470882
84.11868410960948 3.165627409100901
82.05754015901083 2.8542301200942157
79.9963962084122 4.445456685363242
77.93525225781354 4.070671596652026
75.87410830721491 4.347626859472415
73.81296435661626 3.385558209164277
71.75182040601763 2.846108050631086
69.690676455419 3.4506403240762618
67.62953250482033 3.758195215967802
65.5683885542217 3.209893527812244
63.507244603623064 3.2146554835213905
61.44610065302442 3.6075923388521747
59.38495670242578 2.6625267859886246
57.323812751827134 2.489750417258224
55.26266880122849 3.0827151904108816
53.20152485062985 4.399898596006525
51.14038090003121 3.4969937071474835
49.07923694943257 4.806897153635717
47.01809299883393 3.599563508266208
44.95694904823529 4.031608491052419
42.89580509763665 3.784151671335716
40.834661147038005 2.52784299425523
38.773517196439364 4.673830366815165
36.71237324584072 3.4529670312420295
34.65122929524208 4.968238257868109
32.59008534464344 4.453521927012853
30.5289413940448 5.191639011416481
28.467797443446162 4.357822003118171
26.40665349284752 4.672834068504637
24.345509542248877 4.91971965720043
22.28436559165024 5.049839661197515
20.223221641051598 6.402446358141384
18.162077690452957 7.261701924010016
16.100933739854316 7.401255857753405
14.039789789255677 5.9708500203886326
11.978645838657036 7.908931359120728
9.917501888058396 12.725239960949011
7.856357937459754 15.769228603655323
5.795213986861113 26.02593566473217
3.7340700362624726 44.72178392996691
1.6729260856638317 60.255538947867095
-0.38821786493480903 72.65621986291187
-2.44936181553345 71.38849241930903
-4.51050576613209 73.31963843455001
-6.571649716730731 73.90915739932954
-8.632793667329372 68.72401422305805
-10.693937617928013 71.34481891354022
-12.755081568526656 73.22637469772222
-14.816225519125295 66.68540077086246
-16.877369469723938 58.54702621339186
-18.938513420322575 49.1114914393666
-20.999657370921216 37.4850407242768
-23.06080132151986 31.095859399513863
-25.121945272118502 25.756925392864108
-27.18308922271714 25.64034152496076
-29.24423317331578 29.984794810028347
-31.305377123914422 29.7838713286936
-33.36652107451306 34.42744719246439
-35.4276650251117 39.33095602100103
-37.48880897571035 44.24674140497379
-39.54995292630899 48.91081743094539
-41.61109687690763 52.58197383412231
-43.672240827506265 54.73374813681524
-45.733384778104906 55.76702930630305
-47.79452872870355 55.60651011841775
-49.85567267930218 58.40670637786903
-51.91681662990082 60.06605309983431
-53.97796058049946 60.92262874317153
-56.039104531098104 62.291813114036884
-58.10024848169675 64.02793111720906
-60.161392432295386 60.53862671131807
-62.22253638289403 55.981869129095884
-64.28368033349267 51.38714452230925
-66.34482428409132 46.37317259787346
-68.40596823468995 40.13695808589158
-70.46711218528858 34.3770395317352
-72.52825613588723 30.244028486786156
-74.58940008648587 24.486907676910512
-76.65054403708452 21.04219046359692
-78.71168798768315 19.314307975229188
-80.77283193828178 17.21392566136439
-82.83397588888043 16.738178258624924
-84.89511983947907 16.396714859883986
-86.95626379007773 16.90418752039099
-89.01740774067636 16.85259665893439
-91.07855169127501 17.83621535497798
-93.13969564187364 17.08694946269015
-95.20083959247228 16.62339814243689
-97.26198354307093 17.698742874339402
-99.32312749366957 18.09969107310058
-101.38427144426822 18.0517090635961
-103.44541539486686 16.703539253279196
-105.50655934546549 15.475808766830621
-107.56770329606414 11.999028684497011
-109.62884724666277 10.666103104188215
-111.68999119726142 7.832332754337679
-113.75113514786005 5.2978625379421125
-115.81227909845869 4.853854077047918
-117.87342304905734 4.635708282105495
-119.93456699965597 3.8694844109130266
-121.99571095025462 2.659244441691362
-124.05685490085325 2.9822356427963115
-126.11799885145192 2.555215744089941
-128.17914280205054 1.2536498238876288
-130.24028675264918 2.390899114855084
-132.3014307032478 2.3172178910153782
-134.36257465384648 1.7862139939344437
-136.4237186044451 1.8064600239736277
-138.48486255504375 1.7199097248251032
-140.54600650564237 1.7548662953499143
-142.60715045624104 0.5126051298646612
-144.6682944068397 1.4287859667292258
-146.7294383574383 0.19674366486764533
-148.79058230803696 1.9149554752678017
-150.85172625863558 0.0394170776774006
-152.91287020923426 -0.3504790461755232
-154.97401415983288 1.8899306153475897
-157.03515811043152 -0.21732167773165012
-159.09630206103014 0.25998166202707435
-161.1574460116288 0.22328186080713738
-163.21858996222744 -0.2056164770761348
-165.2797339128261 -0.2941027363779835
-167.3408778634247 0.30886246536076317
-169.40202181402336 0.1981479362883769
-171.46316576462198 0.9396707061932312
-173.52430971522065 0.27980923623806875
-175.58545366581927 -0.27326580174671194
-177.64659761641792 -0.26148489441578837
-179.70774156701654 0.5909152350618055
-181.76888551761522 0.9098078173849071
-183.83002946821387 0.40893407736362886
-185.89117341881249 0.014126029157633413
-187.95231736941113 0.40181599867078854
-190.01346132000975 0.6631868317348142
-192.07460527060843 0.16688033283558168
-194.13574922120705 0.6531436537445896
-196.1968931718057 -0.04179293140362345
-198.2580371224043 0.4935845045575384
-200.31918107300297 -0.3835543298986226
-202.38032502360159 -0.2189702022355266
-204.44146897420023 -0.8961817109589423
-206.50261292479885 -0.1288161009612383
-208.56375687539753 -0.10458106317047627
-210.62490082599615 0.2682025874113168
-212.6860447765948 0.31507136920020706
-214.74718872719342 -0.8657743489726635
-216.80833267779207 -0.40084023449208267
-218.86947662839071 -0.5958962862064652
-220.93062057898936 0.014938882773362307
-222.991764529588 -1.0295424110558162
-225.05290848018663 -1.834887731452886
-227.11405243078528 -0.8060307408882719
-229.17519638138393 -1.7001918571374262
-231.23634033198257 -1.9490306815475755
-233.2974842825812 -1.5629220722311823
-235.35862823317984 -0.6681795758131125
-237.4197721837785 -0.1345655147256871
-239.48091613437714 -0.1001660700793739
-241.54206008497576 -0.9514315465130886
-243.6032040355744 0.6641611815558524
-245.66434798617303 -0.7486698434098947
-247.7254919367717 -0.3507833383460884
-249.78663588737032 0.6454496793889116
-251.84777983796897 0.29323978789926936
-253.9089237885676 1.0636999619063028
-255.97006773916624 1.1560324256114642
-258.0312116897649 0.9357474860945885
-260.0923556403635 -0.04814616650285801
