# BEGINHEADER
# This file contains data from the SALSA 2m radio telescope.
# DATE=2021-12-04T08:52:0027
# GLON and GLAT given in degrees
# GLON=60.27272282306255
# GLAT=60.14460066865425
# DATA in two columns below. Col. 1 is velocity relative to LSR [km/s]. Col. 2 is uncalibrated antenna temperature [K].
# ENDHEADER
294.139431894017 -1.5053156756386838
292.07828794341833 -0.5300821231403362
290.01714399281974 0.020230428582802253
287.95600004222104 -2.2398403662529076
285.8948560916224 -0.052315494923478596
283.8337121410238 -0.9091186178151754
281.7725681904251 0.18314088016685803
279.7114242398265 -0.3179874888521658
277.65028028922785 1.0606738640530737
275.5891363386292 -0.14281861574792534
273.52799238803055 -2.146576672680881
271.4668484374319 -1.1625695635823012
269.4057044868333 0.1729839036667445
267.34456053623467 1.492205952228633
265.28341658563596 0.7692085408533467
263.22227263503737 0.5543478014434888
261.1611286844387 0.4047771129555423
259.0999847338401 2.162783920075685
257.0388407832414 2.857355558203975
254.9776968326428 0.3384440100955901
252.91655288204416 3.5751578473850136
250.8554089314455 1.3679526838364298
248.79426498084686 -0.009154268633331897
246.73312103024824 -1.247056867424002
244.67197707964957 1.3333254129181145
242.61083312905095 2.581115445508794
240.5496891784523 -1.0738036957712125
238.48854522785368 2.543003042678501
236.42740127725503 1.2726265780225836
234.36625732665638 1.0497322401947904
232.30511337605773 1.7345226874406272
230.2439694254591 2.494214857497205
228.18282547486046 0.8508517552744967
226.12168152426185 0.007749650690604999
224.06053757366317 1.4913246034018832
221.99939362306455 1.4247681123396747
219.9382496724659 0.06228792011896487
217.87710572186728 3.2272778561174706
215.81596177126863 0.2772842797275775
213.75481782066998 1.5035352898697427
211.69367387007134 0.7103674277177516
209.6325299194727 -1.2306199095122137
207.57138596887407 0.2682438396890264
205.5102420182754 0.92453430134821
203.44909806767677 0.7787724776860115
201.38795411707812 2.4017326024419146
199.3268101664795 1.829128665297145
197.26566621588086 0.3446361817679611
195.20452226528224 0.6663220885039364
193.1433783146836 1.3602345163217942
191.08223436408497 -1.3133986289879083
189.0210904134863 -1.88666365216682
186.95994646288767 2.159491994059994
184.89880251228902 0.4991224510669874
182.8376585616904 -2.2193679624175453
180.77651461109176 0.601747933525878
178.7153706604931 -0.5859101988910278
176.65422670989446 0.8148603228124961
174.59308275929584 2.3794309645785328
172.5319388086972 1.626542951533252
170.47079485809857 1.108370234312241
168.4096509074999 -0.2514212861966007
166.34850695690125 -1.234226131460507
164.28736300630263 0.21549833085678222
162.22621905570398 1.1314431219728212
160.16507510510536 -0.9955415311881298
158.10393115450668 1.7050559093826274
156.04278720390806 -1.2954851173412278
153.98164325330941 -1.8242959103894907
151.9204993027108 -0.7939377268934332
149.85935535211212 0.15566323831607923
147.7982114015135 0.9150438258824607
145.73706745091485 -0.23173001313291922
143.67592350031623 0.5936627705137947
141.61477954971758 -0.7650346077900739
139.55363559911893 -1.4363612468731937
137.49249164852029 1.1430260818120046
135.43134769792167 -1.405395547134731
133.37020374732302 0.6476683744561965
131.3090597967244 0.8699339428296838
129.24791584612572 -2.054697033287594
127.18677189552709 0.21621145904620612
125.12562794492845 0.885415997929309
123.0644839943298 0.36281235341124407
121.00334004373117 0.365921028639118
118.94219609313254 -0.8917916301658402
116.88105214253389 -1.703383521129204
114.81990819193526 -0.3655235346723955
112.7587642413366 -1.69437596349588
110.69762029073796 -0.7384697185252573
108.63647634013931 -1.6418748728735777
106.57533238954068 -1.330684463443568
104.51418843894204 -0.016806352530499037
102.4530444883434 -0.015361493935748063
100.39190053774476 -2.515616074564871
98.33075658714611 -0.5992451115584542
96.26961263654748 -2.919136313020084
94.20846868594883 0.06699421367873692
92.1473247353502 -2.109048405196629
90.08618078475156 0.21560971190132436
88.02503683415291 -1.2155028760298836
85.96389288355428 -2.1785927536932337
83.90274893295563 -0.3526884161532015
81.841604982357 0.2885920328463626
79.78046103175835 -1.6908249366928472
77.71931708115972 -2.75876291625204
75.65817313056108 -0.058025231722400775
73.59702917996242 -1.2089720748754178
71.53588522936379 -2.6635393264994467
69.47474127876514 -4.262154586402181
67.4135973281665 -1.3249695591149744
65.35245337756787 -1.7287818476040386
63.29130942696922 -1.2379450832841254
61.23016547637058 -2.1152670934155147
59.16902152577194 -1.4440856176025556
57.107877575173305 -1.2328783632072127
55.046733624574664 -2.4766460939350163
52.98558967397602 -2.7238604516886964
50.92444572337738 -0.8022366563874802
48.86330177277873 -0.7866254580073541
46.80215782218009 -0.640741962730124
44.74101387158145 -0.3407298872366357
42.67986992098281 -0.26205568706466925
40.61872597038417 0.06943388550074299
38.55758201978553 -0.03510979969539187
36.49643806918689 0.036689612852184736
34.435294118588246 0.16192817449896188
32.374150167989605 0.0397950937275848
30.313006217390964 -1.0049665859382613
28.251862266792326 -0.3523712872323967
26.190718316193685 1.4099860672134508
24.129574365595044 -0.6818305296471092
22.068430414996406 1.5054913182782186
20.00728646439776 0.8610352561822281
17.94614251379912 0.1630678796014725
15.884998563200481 0.09055754003668284
13.823854612601842 -0.14105626873227178
11.762710662003201 -0.9419429087537508
9.70156671140456 2.4858745361840913
7.64042276080592 -0.1958056822605679
5.579278810207279 1.4130493705240614
3.518134859608637 -0.041684422741905695
1.4569909090099964 1.69539896737359
-0.6041530415886444 3.422939240333832
-2.665296992187285 4.000261887564159
-4.726440942785927 1.9723880944807675
-6.787584893384566 0.1779206856146629
-8.848728843983206 1.3095601654737632
-10.90987279458185 -1.0589676462651054
-12.97101674518049 -2.1630455409732146
-15.03216069577913 -1.443669389516387
-17.09330464637777 0.02435483245123309
-19.154448596976412 -3.574050995585738
-21.215592547575053 -0.825833300736744
-23.276736498173694 -2.2719673081893745
-25.337880448772335 -4.920537810257967
-27.399024399370973 -1.786476562101081
-29.460168349969617 -2.7777094152530344
-31.52131230056826 -0.18929473493627152
-33.5824562511669 -2.5594408251306793
-35.643600201765544 -4.09983739614977
-37.70474415236418 -3.233226488530389
-39.76588810296282 -4.9266362829384365
-41.82703205356146 -3.3419637248821377
-43.8881760041601 -2.866896077089135
-45.94931995475874 -1.6283778822420818
-48.01046390535738 -2.1776972241409713
-50.07160785595602 -4.363664443153665
-52.132751806554666 -2.073071462057026
-54.1938957571533 -2.4633399517637486
-56.25503970775194 -5.4632210011770646
-58.31618365835058 -2.252925409895245
-60.37732760894922 -3.840059590753272
-62.438471559547864 -2.4355307865207245
-64.49961551014651 -3.686585886523232
-66.56075946074515 -4.401606809244865
-68.62190341134378 -5.057129680885192
-70.68304736194243 -2.3613846661012814
-72.74419131254106 -2.486941089354526
-74.8053352631397 -4.082121344450774
-76.86647921373834 -3.7695170938298164
-78.92762316433698 -4.025809755330397
-80.98876711493564 -3.4879363567190627
-83.04991106553427 -3.451758527879736
-85.11105501613292 -4.299512179615884
-87.17219896673156 -4.115778088129544
-89.23334291733019 -5.9609192107212055
-91.29448686792884 -5.008088283449732
-93.35563081852747 -2.0642657197050704
-95.41677476912612 -5.418537785960642
-97.47791871972476 -4.160650885225895
-99.5390626703234 -2.60434240763306
-101.60020662092204 -1.896183266107306
-103.66135057152067 -0.4797317305006487
-105.72249452211932 -4.21938570435075
-107.78363847271795 -4.9523359783094145
-109.8447824233166 -1.4699766018838152
-111.90592637391524 -4.128548333748431
-113.96707032451388 -2.7328140339990807
-116.02821427511252 -3.4018006399582466
-118.08935822571115 -4.241893134301326
-120.15050217630981 -5.027469943366108
-122.21164612690845 -4.814093018437478
-124.2727900775071 -3.378080312270649
-126.33393402810573 -2.161226254328629
-128.39507797870436 -4.591538897413874
-130.456221929303 -4.093833884163971
-132.51736587990166 -3.5250062389379995
-134.57850983050028 -4.070106149322777
-136.63965378109893 -1.770290778225601
-138.70079773169755 -2.781508196421372
-140.76194168229623 -3.486771955935621
-142.82308563289487 -5.629823528939809
-144.8842295834935 -5.265922319594333
-146.94537353409214 -5.14851058009327
-149.00651748469076 -3.8771788231040385
-151.06766143528944 -6.435054372906864
-153.12880538588806 -3.133037563957166
-155.1899493364867 -3.256905334913102
-157.25109328708533 -4.061760723922509
-159.31223723768397 -1.3914450322154956
-161.37338118828262 -3.347815556839241
-163.43452513888127 -5.02188410485414
-165.4956690894799 -6.157070202558609
-167.55681304007854 -3.572521456000485
-169.6179569906772 -7.6344821224346315
-171.67910094127583 -6.051705355711005
-173.74024489187445 -3.1317128346269962
-175.8013888424731 -3.4584082887650105
-177.86253279307172 -3.8252687471689626
-179.9236767436704 -4.088564342080705
-181.98482069426905 -4.45365415263886
-184.04596464486767 -6.5960723004991095
-186.10710859546631 -5.191382699844599
-188.16825254606493 -5.881535845147625
-190.2293964966636 -5.853358144270456
-192.29054044726223 -3.887143992930896
-194.35168439786088 -6.334088775647557
-196.4128283484595 -4.718744022869438
-198.47397229905818 -2.030836039049607
-200.5351162496568 -2.369299457912013
-202.59626020025547 -2.696343417312499
-204.6574041508541 -6.830559365483082
-206.71854810145274 -3.850327789123566
-208.77969205205136 -4.118004857305877
-210.84083600265004 -5.610347942717285
-212.90197995324866 -2.2888222554796283
-214.9631239038473 -3.057521972338603
-217.02426785444595 -5.034622738116216
-219.08541180504457 -5.260544920296259
-221.14655575564325 -4.670897847137627
-223.20769970624187 -1.8413100547018533
-225.26884365684052 -3.776163647789427
-227.32998760743914 -3.135543257778976
-229.39113155803778 -1.7747863402911572
-231.45227550863643 -0.9138332331965794
