# BEGINHEADER
# This file contains data from the SALSA 2m radio telescope.
# DATE=2021-12-04T08:18:0016
# GLON and GLAT given in degrees
# GLON=179.8084456638462
# GLAT=4.7265953910730465
# DATA in two columns below. Col. 1 is velocity relative to LSR [km/s]. Col. 2 is uncalibrated antenna temperature [K].
# ENDHEADER
265.0580320310357 -6.066498713032687
262.9968880804371 -10.152813707011624
260.93574412983844 -8.088554987690337
258.8746001792398 -8.654119591566992
256.81345622864114 -9.903771958502459
254.7523122780425 -9.465478266324409
252.69116832744385 -7.746376563002096
250.63002437684523 -8.12071283125085
248.56888042624658 -7.286210386869106
246.50773647564793 -6.986919695242026
244.44659252504928 -7.3261128890404255
242.38544857445066 -7.709054288908718
240.32430462385202 -6.336124192528102
238.2631606732534 -5.863862088927328
236.20201672265472 -6.927072407053307
234.1408727720561 -8.080727667374298
232.07972882145745 -7.23352831257637
230.01858487085883 -6.208989466253534
227.95744092026018 -6.154532275715508
225.89629696966153 -6.66335823754121
223.8351530190629 -6.250731508157441
221.77400906846427 -7.823966894428853
219.71286511786562 -9.361770477306823
217.65172116726694 -5.928264445856566
215.59057721666832 -6.51954815703332
213.52943326606967 -5.262564937829807
211.46828931547105 -5.198824533756354
209.4071453648724 -5.619578306482634
207.34600141427376 -6.721181101038709
205.2848574636751 -5.046324115078176
203.2237135130765 -6.215856634802931
201.16256956247784 -7.529482735990752
199.10142561187922 -6.160529595632614
197.04028166128055 -6.626067446929551
194.9791377106819 -5.988765533448793
192.91799376008325 -7.590436370333201
190.85684980948463 -7.111128266494577
188.79570585888598 -5.037511774345999
186.73456190828736 -5.410374358235508
184.67341795768868 -7.140372224224848
182.61227400709006 -8.012179939957988
180.55113005649142 -7.308388600633023
178.48998610589277 -6.756332199172831
176.42884215529412 -8.201001496129646
174.36769820469547 -8.050092513646659
172.30655425409685 -7.737071228437327
170.2454103034982 -5.512896266601128
168.18426635289958 -6.671854271527323
166.1231224023009 -6.340313459415897
164.0619784517023 -8.207995472631024
162.00083450110364 -6.958903994276097
159.93969055050502 -6.081336990609173
157.87854659990637 -6.763335610058036
155.81740264930772 -6.173118526802782
153.75625869870908 -7.510366385830771
151.69511474811046 -6.855392883959646
149.6339707975118 -7.893200995729722
147.57282684691316 -6.693303020037698
145.5116828963145 -7.840651092543684
143.4505389457159 -7.909230991775375
141.38939499511724 -9.21834373385882
139.3282510445186 -8.120602593305469
137.26710709391995 -7.35978213329895
135.2059631433213 -8.170157725044884
133.14481919272268 -6.851182596044866
131.08367524212403 -7.637402980307256
129.02253129152538 -7.467239201971834
126.96138734092676 -6.835741858803911
124.90024339032811 -8.217647586831479
122.83909943972947 -8.10365440806858
120.77795548913082 -7.175087220832868
118.71681153853218 -8.302560305178188
116.65566758793355 -9.074512197118066
114.5945236373349 -7.802198526951913
112.53337968673627 -7.989032433164675
110.47223573613762 -9.245462816144087
108.41109178553899 -8.580840600169704
106.34994783494034 -6.284987855788972
104.2888038843417 -8.413807183770473
102.22765993374307 -7.59449070868306
100.16651598314442 -7.64745413394204
98.10537203254579 -9.33364284785413
96.04422808194714 -7.2136687552209064
93.9830841313485 -9.00975441969475
91.92194018074986 -8.964766383593224
89.86079623015122 -8.257530735505336
87.79965227955259 -7.95063567810272
85.73850832895394 -7.292030265248081
83.67736437835529 -7.123195499793695
81.61622042775664 -7.4006811066928995
79.55507647715801 -6.402774187509725
77.49393252655936 -8.182389419163307
75.43278857596073 -7.71544844625708
73.3716446253621 -6.894697918032587
71.31050067476345 -7.712523336297461
69.24935672416481 -8.714846044711129
67.18821277356616 -7.5523020958045946
65.12706882296753 -8.5802926950261
63.06592487236889 -9.164711900019366
61.00478092177025 -10.343539256127332
58.94363697117161 -9.062909941656045
56.882493020572966 -8.566827035861495
54.821349069974325 -9.6044641964535
52.760205119375684 -10.04899386084192
50.69906116877704 -9.402107200960122
48.63791721817841 -8.541186329922919
46.57677326757977 -9.834062537961843
44.515629316981126 -8.910258096817751
42.454485366382485 -7.582905178160749
40.393341415783844 -9.131456108476332
38.33219746518521 -7.6167428669086075
36.27105351458657 -7.347586475120763
34.20990956398792 -8.857208278020357
32.14876561338928 -9.891796561478564
30.08762166279064 -7.862989822342178
28.026477712192 -8.855709605721916
25.96533376159336 -8.032903466024573
23.90418981099472 -7.772695346513967
21.843045860396078 -5.977859824843656
19.781901909797437 -3.1224547063553914
17.720757959198796 -0.3806867945006784
15.659614008600157 4.16707774313814
13.598470058001514 14.599148078899217
11.537326107402873 32.02740524971188
9.476182156804233 45.7993959637605
7.41503820620559 56.25930732838235
5.353894255606951 64.17630564882248
3.29275030500831 69.70509493725079
1.2316063544096694 72.03125595271813
-0.8295375961889714 78.01352658541941
-2.8906815467876124 76.07356553650386
-4.951825497386253 70.49406769828974
-7.0129694479848945 61.91435261939403
-9.074113398583535 53.919794048482274
-11.135257349182176 46.52589763467516
-13.196401299780815 39.76633245842447
-15.257545250379454 32.14513582016249
-17.318689200978095 26.737953240375546
-19.37983315157674 20.52473221752507
-21.440977102175378 13.329671443497125
-23.50212105277402 7.355814223725136
-25.56326500337266 3.2024630694627265
-27.6244089539713 -2.0527243891353866
-29.685552904569942 -1.2576977485680756
-31.746696855168583 -4.9737794987730055
-33.80784080576722 -4.9619643853834425
-35.86898475636586 -6.934979053425972
-37.9301287069645 -6.6872072370138
-39.991272657563144 -6.855650777838991
-42.05241660816179 -10.232249815727506
-44.11356055876043 -8.495156790627776
-46.17470450935907 -8.75284351816324
-48.23584845995771 -9.897342680633981
-50.296992410556356 -10.701147882962301
-52.358136361155 -9.59298593322787
-54.41928031175364 -9.983621959238581
-56.48042426235227 -12.652927580635858
-58.541568212950914 -10.955204181433029
-60.602712163549555 -10.826164991387877
-62.6638561141482 -10.600408792314703
-64.72500006474684 -11.919044234149831
-66.78614401534547 -9.686191166592886
-68.84728796594412 -10.095947033780888
-70.90843191654277 -10.757089312793411
-72.96957586714142 -11.216472860274958
-75.03071981774005 -11.278978956917125
-77.09186376833868 -10.213746284015615
-79.15300771893733 -9.595012054286967
-81.21415166953597 -10.69207833253266
-83.27529562013461 -10.336150847235414
-85.33643957073325 -10.253910056045427
-87.3975835213319 -11.263440582460623
-89.45872747193053 -10.24052533035956
-91.51987142252916 -10.422202353437783
-93.58101537312781 -11.869024515246558
-95.64215932372645 -11.080174859030592
-97.7033032743251 -10.827054217891972
-99.76444722492373 -13.05208114590526
-101.82559117552238 -12.206874007579305
-103.88673512612101 -11.133076389143895
-105.94787907671964 -10.20685778177088
-108.00902302731829 -12.374365370638774
-110.07016697791694 -10.938624671793457
-112.13131092851559 -12.12139724173365
-114.19245487911422 -12.502404749014637
-116.25359882971287 -12.218684758667258
-118.3147427803115 -11.135075131902228
-120.37588673091014 -12.992687093950956
-122.43703068150879 -14.06581895227772
-124.49817463210742 -12.867347513641317
-126.55931858270607 -13.89103741059634
-128.6204625333047 -12.199595773237649
-130.68160648390335 -11.643083019030612
-132.74275043450197 -14.720395068316108
-134.80389438510065 -12.573879490316964
-136.86503833569927 -13.283679900239225
-138.92618228629792 -12.938359679695225
-140.98732623689654 -14.258436756358721
-143.0484701874952 -14.112545239116724
-145.10961413809383 -12.167165662787697
-147.17075808869248 -11.81937797899056
-149.2319020392911 -13.046109701537686
-151.29304598988975 -12.94748704288888
-153.3541899404884 -13.490493218560065
-155.41533389108704 -12.303568627697368
-157.47647784168566 -12.974498631055008
-159.5376217922843 -11.905438710482034
-161.59876574288293 -12.215932859896355
-163.6599096934816 -14.52761677664018
-165.72105364408023 -14.610217431960777
-167.78219759467888 -13.485762236177193
-169.84334154527753 -14.11372626718267
-171.90448549587617 -15.519809063745145
-173.96562944647482 -14.617656476342647
-176.02677339707344 -13.568262227307084
-178.0879173476721 -12.519762195731007
-180.1490612982707 -14.016627126168212
-182.21020524886939 -13.300718359802326
-184.271349199468 -13.84413207517679
-186.33249315006665 -12.728807706933074
-188.39363710066527 -13.151151957070901
-190.45478105126392 -12.77942422865601
-192.51592500186257 -12.710803129195284
-194.57706895246122 -14.577542456875612
-196.63821290305984 -13.101897038429561
-198.6993568536585 -12.472719533618246
-200.7605008042571 -13.196724958278809
-202.82164475485575 -13.150285151590785
-204.88278870545437 -12.795309719355515
-206.94393265605302 -13.654260483492392
-209.0050766066517 -13.660933110418254
-211.06622055725032 -13.298074653096124
-213.12736450784897 -14.719152012602324
-215.1885084584476 -14.56557141115566
-217.24965240904623 -13.328601882515624
-219.31079635964488 -15.810699707007991
-221.37194031024353 -12.952784118782018
-223.43308426084215 -15.930610140383479
-225.4942282114408 -13.86888595286241
-227.55537216203942 -13.170379717967977
-229.6165161126381 -14.22044271897568
-231.67766006323671 -12.900577220077661
-233.73880401383536 -15.184603763086296
-235.79994796443398 -14.238837211351393
-237.86109191503266 -14.13469809858907
-239.92223586563128 -13.5471499965291
-241.98337981622993 -13.28839209063121
-244.04452376682855 -12.864793945375048
-246.1056677174272 -12.830683975390604
-248.16681166802587 -14.143511234158419
-250.2279556186245 -13.414037984919082
-252.28909956922314 -14.797898512854005
-254.35024351982176 -11.546918351123857
-256.4113874704204 -10.51001890429787
-258.4725314210191 -11.214143928143226
-260.5336753716177 -12.649997994182442
