# BEGINHEADER
# This file contains data from the SALSA 2m radio telescope.
# DATE=2021-11-28T13:47:0024
# GLON and GLAT given in degrees
# GLON=31.824341767535202
# GLAT=0.22973069641577054
# DATA in two columns below. Col. 1 is velocity relative to LSR [km/s]. Col. 2 is uncalibrated antenna temperature [K].
# ENDHEADER
265.1268158514473 -2.5585127130832475
263.0656719008487 -6.601979294589208
261.00452795025006 -5.834045228886267
258.9433839996514 -6.367996960017499
256.88224004905277 -6.583382391085395
254.82109609845412 -6.289009177242231
252.7599521478555 -6.320833654188811
250.69880819725685 -6.233741214941415
248.63766424665818 -7.40014993016519
246.57652029605956 -6.910931889388569
244.5153763454609 -7.228656128606714
242.4542323948623 -6.6329974576791715
240.3930884442636 -6.647795526627104
238.331944493665 -7.3590986863348835
236.27080054306634 -5.788446569685325
234.20965659246772 -6.386554129009798
232.14851264186908 -6.53488668463757
230.08736869127043 -5.220711399235322
228.02622474067178 -6.381508148592494
225.96508079007316 -5.452989979698785
223.9039368394745 -6.01206522860374
221.8427928888759 -5.701753675702762
219.78164893827721 -5.811894634056907
217.7205049876786 -6.612522101334607
215.65936103707995 -7.1466738711976285
213.59821708648133 -5.819504904019419
211.53707313588265 -5.150238781881457
209.475929185284 -5.319165042368021
207.41478523468538 -6.929046831196377
205.35364128408673 -6.108057478510282
203.29249733348811 -5.2350990856703445
201.23135338288944 -5.609394292126044
199.17020943229082 -4.8704473083700295
197.1090654816922 -5.158518846720938
195.04792153109358 -5.030496713930277
192.9867775804949 -5.274514958096008
190.92563362989628 -6.908505424424313
188.86448967929763 -5.5270126782613636
186.80334572869901 -5.096347984178641
184.74220177810034 -5.381009011853632
182.68105782750172 -4.991618219302168
180.61991387690307 -4.59915832635392
178.55876992630445 -5.061074954515534
176.4976259757058 -5.2320858756685915
174.43648202510715 -5.700374856707291
172.3753380745085 -4.874721611998194
170.31419412390986 -5.949546131652491
168.25305017331124 -5.967017297401832
166.1919062227126 -3.8374610774906652
164.13076227211394 -4.521151959524678
162.0696183215153 -6.072448762399755
160.00847437091667 -5.9405209543743585
157.94733042031802 -5.662923779415926
155.88618646971938 -4.906799413795799
153.82504251912073 -4.685864199240409
151.7638985685221 -4.039987640210272
149.70275461792346 -4.734511426448654
147.64161066732484 -4.709827490342746
145.58046671672616 -4.535631237979104
143.51932276612754 -5.184765744441741
141.4581788155289 -4.685761393832085
139.39703486493028 -4.19508974718079
137.33589091433163 -5.079309185819075
135.27474696373298 -4.036934102577412
133.21360301313433 -4.137860522096087
131.15245906253568 -3.7202336644605394
129.09131511193704 -4.634387639762019
127.03017116133842 -4.200076155624727
124.96902721073978 -3.176900357227697
122.90788326014113 -3.536325315279995
120.8467393095425 -3.1146463849773083
118.78559535894385 -2.494011678028307
116.72445140834522 -2.1533370311651265
114.66330745774655 -1.425392938136462
112.60216350714792 0.2989744928674401
110.54101955654929 2.1136877905074045
108.47987560595064 3.903987112536111
106.418731655352 5.646767078205772
104.35758770475336 7.104499958686341
102.29644375415472 7.664367675472632
100.23529980355607 9.758132435723702
98.17415585295744 9.817693036832694
96.1130119023588 10.503710520738641
94.05186795176016 11.312820634086615
91.99072400116152 12.899605345163558
89.92958005056288 12.460106927413923
87.86843609996424 13.148143225762507
85.8072921493656 13.655348545707865
83.74614819876696 13.96595986901438
81.68500424816833 13.790384541956644
79.62386029756968 13.361293827800447
77.56271634697104 14.513522866931051
75.50157239637238 13.319895341770438
73.44042844577375 13.95899310008996
71.37928449517511 13.417964495952805
69.31814054457647 12.48111797079196
67.25699659397783 12.674449949724142
65.19585264337918 11.26374259001665
63.13470869278055 10.971139257519523
61.07356474218191 11.968029181802375
59.01242079158327 12.934088091834456
56.951276840984626 13.873159910005846
54.890132890385985 16.05451567084224
52.828988939787344 15.872590334234257
50.7678449891887 17.786044006438797
48.70670103859007 18.227178837993062
46.64555708799142 19.192005367966566
44.58441313739278 19.485968109642172
42.52326918679414 18.75127133354463
40.4621252361955 18.698297413764145
38.400981285596856 17.545366528485996
36.33983733499822 17.579195863454398
34.27869338439958 17.524503970399056
32.21754943380094 19.39163752574174
30.156405483202295 21.695160468936468
28.095261532603654 23.986206133333443
26.034117582005017 24.861483553093098
23.972973631406372 27.25256348531887
21.911829680807728 27.88962359161171
19.85068573020909 28.863056927015126
17.78954177961045 29.948883919910166
15.72839782901181 31.984281900865938
13.667253878413167 33.44701309819341
11.606109927814527 32.94298651795834
9.544965977215885 30.275490699845665
7.483822026617245 28.79152154903173
5.422678076018604 28.019428394551856
3.3615341254199635 28.26858823727402
1.3003901748213227 27.196572693653277
-0.760753775777318 21.37509182479431
-2.821897726375959 13.750240662498879
-4.8830416769745995 8.870564505877907
-6.9441856275732405 6.195169592482669
-9.005329578171882 5.696505343596907
-11.066473528770523 5.407691557007301
-13.127617479369162 5.3906696000032275
-15.188761429967803 6.050742722442803
-17.249905380566446 7.16062023746557
-19.311049331165087 6.531268922230751
-21.372193281763725 7.272259818395286
-23.433337232362366 6.414776627068277
-25.494481182961003 6.064230242612182
-27.555625133559648 6.223096285332443
-29.616769084158285 7.316144534526903
-31.677913034756926 7.715643421686262
-33.73905698535557 8.532070962664475
-35.80020093595421 7.870349789815383
-37.86134488655285 7.049849990132352
-39.92248883715149 6.611583048691007
-41.98363278775013 6.515629093805081
-44.04477673834877 6.142545374324834
-46.10592068894741 5.788589355546005
-48.16706463954605 4.322191719588212
-50.228208590144696 2.325512155420591
-52.28935254074334 1.472774230390797
-54.35049649134198 1.5132812318621651
-56.41164044194062 0.3163240955642247
-58.47278439253926 0.32805514343898096
-60.533928343137895 -0.36280781909042714
-62.595072293736536 -2.1960184541652774
-64.65621624433518 -2.5070138965681346
-66.71736019493382 -2.543362733451283
-68.77850414553245 -2.0966015015125006
-70.8396480961311 -3.1953976049322175
-72.90079204672973 -2.6598178709203384
-74.96193599732838 -2.653700973132563
-77.02307994792702 -3.4057943501598795
-79.08422389852568 -3.207477887001973
-81.14536784912431 -3.412208549993233
-83.20651179972295 -2.553600060748486
-85.2676557503216 -3.4649978024701977
-87.32879970092023 -3.392018512487356
-89.38994365151888 -2.8223972797324066
-91.45108760211751 -2.2650107396125896
-93.51223155271616 -3.1016750658971204
-95.5733755033148 -2.7707699081888615
-97.63451945391343 -3.1443304265117153
-99.69566340451208 -3.5549233749362767
-101.75680735511071 -3.258190306247177
-103.81795130570936 -4.016277467932847
-105.87909525630799 -2.9752487992807874
-107.94023920690664 -4.413296709334568
-110.00138315750527 -3.5579421881914834
-112.06252710810391 -3.052189408673996
-114.12367105870256 -4.135328325585556
-116.18481500930119 -3.4213893227305947
-118.24595895989985 -3.1765747912646787
-120.30710291049849 -3.807064387968812
-122.36824686109712 -3.9418622078604493
-124.42939081169577 -2.9899247954887462
-126.4905347622944 -3.1071743764382096
-128.55167871289305 -2.919213498461886
-130.61282266349167 -3.411281379734894
-132.67396661409032 -3.3301336250082882
-134.73511056468897 -3.7293705613783272
-136.79625451528761 -4.18783975764305
-138.85739846588626 -3.0631153461804996
-140.91854241648488 -3.289244613835941
-142.97968636708353 -3.9528826848882392
-145.04083031768218 -3.792443679537005
-147.10197426828083 -3.4332515645499964
-149.16311821887945 -3.0609897829517476
-151.2242621694781 -3.397185389314682
-153.28540612007671 -3.0727093128136085
-155.3465500706754 -3.1312990834838876
-157.407694021274 -3.394772354874073
-159.46883797187266 -2.6668758883842822
-161.52998192247128 -3.268022989166158
-163.59112587306996 -3.2229835259420385
-165.65226982366858 -3.9852671927824854
-167.71341377426722 -5.18734422901878
-169.77455772486584 -3.3680838606548624
-171.8357016754645 -3.1312425930094934
-173.89684562606314 -3.8119743259461525
-175.9579895766618 -3.0980662348732135
-178.01913352726044 -3.9626571657352545
-180.08027747785906 -3.019695055464267
-182.1414214284577 -3.948274317850259
-184.20256537905635 -3.1206867152271993
-186.263709329655 -3.594234622157461
-188.32485328025362 -3.2546784780526568
-190.38599723085227 -3.5699386821577237
-192.4471411814509 -3.118510341615616
-194.50828513204956 -3.2077688427992666
-196.56942908264818 -3.6943139005816588
-198.63057303324686 -3.425885892239225
-200.69171698384548 -3.6801556218311546
-202.75286093444413 -4.161487312161412
-204.81400488504278 -3.471470637324589
-206.87514883564143 -3.317601520154708
-208.93629278624005 -2.982555940180329
-210.9974367368387 -2.6509616676212087
-213.0585806874373 -4.33951825532373
-215.119724638036 -2.4448785850640475
-217.18086858863464 -3.5066135792483095
-219.24201253923326 -3.8833031590604663
-221.3031564898319 -3.8402902842837023
-223.36430044043053 -3.341064883837963
-225.4254443910292 -3.205583147746673
-227.48658834162782 -4.100550819111463
-229.54773229222647 -3.9205062787675673
-231.6088762428251 -3.073845660455194
-233.67002019342374 -4.257707455035612
-235.7311641440224 -4.22291322865145
-237.79230809462103 -3.067629849200718
-239.85345204521965 -3.6262992339073956
-241.9145959958183 -4.841339484920999
-243.97573994641695 -4.226892440749327
-246.0368838970156 -3.791387121770526
-248.09802784761422 -4.476816737308966
-250.15917179821287 -4.593398868481398
-252.2203157488115 -4.600955484915557
-254.28145969941016 -4.694347256856103
-256.3426036500088 -4.541910519502232
-258.40374760060746 -4.748295847081815
-260.46489155120605 -5.46964928459956
