# BEGINHEADER
# This file contains data from the SALSA 2m radio telescope.
# DATE=2021-11-27T22:22:0055
# GLON and GLAT given in degrees
# GLON=94.81921051662893
# GLAT=0.015782498305828372
# DATA in two columns below. Col. 1 is velocity relative to LSR [km/s]. Col. 2 is uncalibrated antenna temperature [K].
# ENDHEADER
265.3925110170105 1.0967183801354166
263.3313670664119 3.4383972387912367
261.2702231158132 3.1892228391481177
259.2090791652146 4.592606184670714
257.147935214616 4.838680831403333
255.0867912640173 4.756941828037762
253.02564731341866 5.456115070352058
250.96450336282 5.1230518329057695
248.9033594122214 6.0478958529063105
246.84221546162274 5.185502057462948
244.78107151102412 4.637933002366644
242.71992756042545 6.657559978833574
240.65878360982683 6.400157916888069
238.59763965922818 6.619970392223076
236.53649570862956 6.135500179700794
234.47535175803088 6.358164566242091
232.41420780743226 5.836091080608968
230.35306385683361 6.815790179762401
228.291919906235 7.068133807426276
226.23077595563635 6.720736563909689
224.1696320050377 7.014921141081847
222.10848805443905 7.413124789727923
220.04734410384043 4.746092811555862
217.98620015324178 6.726001439665573
215.92505620264313 6.616918008716732
213.86391225204449 5.695493973857092
211.80276830144584 5.738137344336386
209.74162435084722 5.9098447614505005
207.68048040024857 7.3847847968216485
205.61933644964992 6.218389755537929
203.55819249905127 7.404754038461346
201.49704854845265 7.300108954597248
199.435904597854 5.5647092476314945
197.37476064725539 6.667152311769052
195.31361669665674 7.452216714550067
193.25247274605812 5.71891516143979
191.19132879545947 7.436022899839256
189.13018484486085 7.361611719376312
187.06904089426217 7.487191362282036
185.00789694366355 5.454261349735747
182.9467529930649 6.341477856622108
180.88560904246629 6.9755586040996755
178.8244650918676 6.124702248430805
176.76332114126896 6.64939313781117
174.70217719067034 7.113050034163659
172.6410332400717 7.70045563489377
170.57988928947307 6.941765844209886
168.5187453388744 6.85823109669379
166.45760138827578 6.236769550426061
164.39645743767713 6.810292783064868
162.3353134870785 8.115131966037415
160.27416953647986 7.439781718662361
158.2130255858812 7.016009473019313
156.15188163528256 6.343044219654938
154.09073768468394 6.819115059512087
152.0295937340853 6.244023168630002
149.96844978348665 7.237582804974372
147.907305832888 8.05762043815912
145.84616188228938 7.235180065646973
143.78501793169073 5.192815420480151
141.7238739810921 6.331484541520609
139.66273003049344 5.112793690848195
137.6015860798948 6.073731361440659
135.54044212929617 7.401738502852881
133.47929817869752 6.974672753972563
131.4181542280989 6.10018333113257
129.35701027750025 7.163914333931962
127.2958663269016 6.737442944592219
125.23472237630297 8.674777624755182
123.17357842570432 8.490572611526302
121.11243447510569 5.641141326858274
119.05129052450705 6.1411518328023895
116.99014657390839 7.16451372724082
114.92900262330976 7.838117194216845
112.86785867271111 8.026820226874682
110.80671472211247 7.314577652235612
108.74557077151383 7.295172320232825
106.68442682091519 6.986164201706272
104.62328287031656 7.566170941346787
102.56213891971791 6.676884083641355
100.50099496911928 6.825039853130829
98.43985101852063 5.670926484573623
96.37870706792198 6.374855591608551
94.31756311732335 7.268074168483764
92.2564191667247 6.533236321984151
90.19527521612606 6.854649193150338
88.13413126552742 6.7131009330909315
86.07298731492878 6.74149727237185
84.01184336433015 6.3626139691462305
81.9506994137315 5.628552511655855
79.88955546313285 5.83691702498635
77.8284115125342 5.539299637392968
75.76726756193557 5.463226708125795
73.70612361133692 4.982983459446105
71.64497966073829 5.631494057993911
69.58383571013965 6.242372769269031
67.522691759541 5.389168152630569
65.46154780894237 6.944656550898115
63.40040385834373 4.7175702877414
61.33925990774509 7.902433418606678
59.27811595714645 8.099493108398288
57.216972006547806 4.820139310184918
55.155828055949165 7.0870430851804365
53.094684105350524 5.679187157953401
51.03354015475188 5.373122308815374
48.97239620415324 6.93426063441615
46.9112522535546 6.001970225650734
44.85010830295596 5.780862797966279
42.78896435235732 5.505322483160005
40.72782040175868 6.01049263965345
38.666676451160036 4.944135281581742
36.6055325005614 5.856373133995024
34.54438854996276 5.545896722771777
32.48324459936411 6.852086153950201
30.422100648765475 6.6593538705428434
28.360956698166834 6.649665143345591
26.299812747568193 8.901191871786885
24.238668796969552 8.873651073548604
22.17752484637091 8.341491571819393
20.116380895772274 9.684425735748015
18.05523694517363 12.28867951198032
15.99409299457499 16.825253997679308
13.932949043976349 19.019315188781622
11.87180509337771 28.22541715997205
9.810661142779068 41.83550092415725
7.749517192180428 56.60976312929588
5.688373241581787 77.92367235918536
3.6272292909831463 90.60841103198628
1.5660853403845054 87.3867425786201
-0.4950586102141354 92.27326031410712
-2.556202560812776 92.4326872171141
-4.617346511411417 91.75074095446706
-6.678490462010057 88.59931769252303
-8.7396344126087 86.49313084521155
-10.800778363207339 80.3106673504878
-12.86192231380598 77.02355981551614
-14.923066264404623 68.92993915824299
-16.984210215003262 63.38888760933436
-19.045354165601903 57.083350837519134
-21.106498116200545 52.47185867187914
-23.167642066799186 47.767417107227466
-25.228786017397827 44.341923292089966
-27.289929967996464 45.14204647246034
-29.351073918595105 45.93839493316792
-31.41221786919375 49.371973298303885
-33.47336181979239 51.5104637480452
-35.53450577039103 55.62584872354476
-37.59564972098967 58.15758926261067
-39.65679367158831 63.05500673408162
-41.71793762218695 62.444361389732606
-43.77908157278559 59.464862079079246
-45.840225523384234 59.8441828751159
-47.901369473982875 57.213033448664376
-49.962513424581516 55.62443113769824
-52.02365737518016 57.04077380998018
-54.0848013257788 54.172071728952126
-56.14594527637744 53.523765166947356
-58.20708922697608 49.53950672275809
-60.268233177574714 49.87999328391494
-62.329377128173356 52.20451257163342
-64.390521078772 53.53410792530338
-66.45166502937063 54.5924321985309
-68.51280897996928 53.870426763991595
-70.57395293056791 50.56055640222285
-72.63509688116656 48.428189513082565
-74.69624083176521 45.29784782435666
-76.75738478236386 38.71476251725495
-78.81852873296249 37.05155186973794
-80.87967268356113 33.11661132277563
-82.94081663415977 30.09792823622724
-85.00196058475841 28.03924661130611
-87.06310453535706 26.305755415035662
-89.12424848595569 26.7757046359874
-91.18539243655434 26.956345281563216
-93.24653638715297 27.496916245249615
-95.3076803377516 30.315709115929273
-97.36882428835025 27.924332941789363
-99.42996823894889 26.739143745761663
-101.49111218954752 22.725398459726836
-103.55225614014616 18.852870566105647
-105.6134000907448 16.67900872427188
-107.67454404134344 14.085934944867574
-109.73568799194209 14.358577959268297
-111.79683194254072 10.93939702019076
-113.85797589313937 8.971951384973963
-115.91911984373802 8.351293324846093
-117.98026379433665 8.252770344183574
-120.0414077449353 7.256864351281974
-122.10255169553393 5.613756412362216
-124.16369564613258 5.668935734095528
-126.22483959673121 6.228528141262728
-128.28598354732983 2.850013519889759
-130.34712749792848 3.121739050255505
-132.40827144852716 3.191614670712192
-134.46941539912578 4.267213849219369
-136.53055934972443 4.242918228382839
-138.59170330032305 1.8084586493035502
-140.65284725092172 2.182318158506708
-142.71399120152034 3.282418689067424
-144.775135152119 2.7348384637407226
-146.8362791027176 2.096941147237038
-148.89742305331626 2.7200619086241002
-150.9585670039149 1.8579191548558303
-153.01971095451356 1.9165083195538268
-155.08085490511218 1.4730612301578774
-157.14199885571082 0.03170984827569737
-159.20314280630944 1.9163799339054757
-161.26428675690812 3.7178071874845418
-163.32543070750674 2.10028918792921
-165.3865746581054 3.2855945388947077
-167.447718608704 1.3760714218055778
-169.50886255930266 1.848932755642753
-171.57000650990133 0.6675099588585938
-173.63115046049995 2.019957004135716
-175.6922944110986 0.8618634266510371
-177.75343836169722 0.8780066486904804
-179.8145823122959 1.7705392482346594
-181.87572626289452 2.124368989243991
-183.93687021349317 0.6032744163389322
-185.99801416409179 1.8185251068141102
-188.05915811469043 2.6205581770484394
-190.12030206528908 0.7915720065189497
-192.18144601588773 1.091043013259441
-194.24258996648635 1.8256053302459747
-196.303733917085 1.023913462479152
-198.36487786768365 0.5238417974555061
-200.4260218182823 0.708206804327396
-202.48716576888094 0.733727334173796
-204.5483097194796 0.20352187415234022
-206.6094536700782 1.0063344104239766
-208.67059762067686 1.045574142494828
-210.7317415712755 1.6742142350277882
-212.79288552187415 0.14572091744083787
-214.8540294724728 1.4629868319191766
-216.91517342307142 -0.03549461660030837
-218.97631737367007 1.0188281015393494
-221.03746132426872 0.8898724918910973
-223.09860527486737 1.2488816357769361
-225.159749225466 0.8242085797419701
-227.22089317606464 0.6104772727355684
-229.28203712666325 2.1917451216925374
-231.34318107726193 2.107267154379218
-233.40432502786055 0.8959732602008621
-235.4654689784592 -0.288037962962933
-237.52661292905782 0.3984867453166867
-239.58775687965647 0.8838020351734036
-241.64890083025512 0.7226969760991361
-243.71004478085376 0.5137475023679594
-245.77118873145238 1.5380559275493528
-247.83233268205103 1.507008851000645
-249.8934766326497 1.8055575285050578
-251.95462058324833 2.0763573126752792
-254.01576453384698 1.7810724694631723
-256.0769084844456 2.085599622131513
-258.13805243504424 2.9613398926656993
-260.1991963856429 2.126943998296335
