# BEGINHEADER
# This file contains data from the SALSA 2m radio telescope.
# DATE=2021-11-27T22:07:0029
# GLON and GLAT given in degrees
# GLON=66.89242563655685
# GLAT=0.1508684249147828
# DATA in two columns below. Col. 1 is velocity relative to LSR [km/s]. Col. 2 is uncalibrated antenna temperature [K].
# ENDHEADER
265.1902508171702 3.1541373555240395
263.1291068665716 6.417931587717155
261.06796291597294 7.226985147737946
259.0068189653743 6.501005705501106
256.94567501477565 6.691216200207444
254.884531064177 6.703359179080954
252.82338711357835 8.249653764853598
250.76224316297973 7.179057897777202
248.70109921238108 7.272458779007278
246.63995526178246 7.889492398232389
244.57881131118378 7.952917346921769
242.51766736058516 9.975658815269325
240.45652340998652 7.487339296411081
238.3953794593879 8.82393567726225
236.33423550878925 9.008063270700845
234.2730915581906 9.173575000832805
232.21194760759195 8.772654556015258
230.15080365699333 8.941384622390323
228.08965970639468 9.796012656171374
226.02851575579604 10.245586821625137
223.9673718051974 9.577251573380659
221.90622785459877 8.50613941314769
219.84508390400012 9.51550539679857
217.78393995340147 8.919603027940626
215.72279600280282 9.73140513877374
213.66165205220418 9.792486356487725
211.60050810160556 9.036844929353522
209.5393641510069 10.684178675059243
207.4782202004083 8.688944154896559
205.4170762498096 9.825701253225857
203.355932299211 9.729148055555287
201.29478834861234 9.25247128983737
199.23364439801372 9.376975199555128
197.17250044741505 8.770700666852198
195.11135649681643 8.601832869574581
193.05021254621775 9.904113959898519
190.98906859561913 8.80941357613159
188.92792464502048 9.128558466274677
186.86678069442186 10.358181723571134
184.8056367438232 9.137342086721544
182.74449279322457 9.50396526556665
180.68334884262592 9.832466016244766
178.62220489202727 9.68821181582914
176.56106094142865 9.098948715660843
174.49991699082997 9.045052964271386
172.43877304023135 9.667582004849127
170.3776290896327 10.434846954737207
168.31648513903409 10.083140050022427
166.25534118843544 9.582553533231474
164.1941972378368 10.965569747436895
162.13305328723814 9.187660660131172
160.07190933663952 9.875121999163955
158.01076538604087 10.251420734890518
155.94962143544222 8.730093806495297
153.88847748484358 9.345299401698366
151.82733353424496 9.089705212414977
149.7661895836463 9.770667771018216
147.7050456330477 10.679259029039924
145.643901682449 9.32661802500989
143.58275773185036 9.235198723565079
141.52161378125174 7.7574396954153935
139.4604698306531 10.83619638891912
137.39932588005448 9.925271690151769
135.3381819294558 8.228230397982179
133.27703797885718 10.0510237237355
131.21589402825853 7.769737812881229
129.15475007765988 8.420252647154305
127.09360612706126 9.152025311592695
125.03246217646263 9.374038857894424
122.97131822586397 10.527225667608079
120.91017427526533 10.518899147903749
118.84903032466669 8.966411316811906
116.78788637406805 9.082456584368753
114.7267424234694 9.27936138833373
112.66559847287077 9.740848785536656
110.60445452227214 9.499671752176964
108.54331057167349 8.73042459336813
106.48216662107485 8.691799832216892
104.4210226704762 9.422818799019923
102.35987871987757 9.74412507341815
100.29873476927892 8.235744484272242
98.23759081868029 9.083487870408582
96.17644686808165 9.93592953605882
94.115302917483 9.571718891138918
92.05415896688437 8.10110103068026
89.99301501628572 9.450779364942296
87.93187106568709 9.301621175138722
85.87072711508846 9.548058280432258
83.8095831644898 9.99822660746063
81.74843921389116 8.56191742400454
79.68729526329251 9.971078844077608
77.62615131269388 8.647004895106416
75.56500736209523 9.851832080008075
73.5038634114966 8.154121188540723
71.44271946089796 7.593627308196688
69.38157551029931 10.778992970440605
67.32043155970068 9.500448539535004
65.25928760910203 10.1529771737572
63.1981436585034 8.567367451232384
61.13699970790476 8.719628624627047
59.075855757306115 10.006079596359402
57.014711806707474 9.717701589524625
54.953567856108826 9.638030454661587
52.892423905510185 9.37795968823768
50.83127995491155 9.64505960153503
48.77013600431291 11.342384492816404
46.708992053714276 10.310148868846941
44.647848103115635 12.733900435311151
42.586704152516994 14.53102652424494
40.52556020191835 14.520965810908939
38.46441625131971 16.992866554175077
36.40327230072106 20.535910942598996
34.34212835012243 23.88662339371122
32.28098439952379 28.639744892413326
30.219840448925147 34.39979013592367
28.158696498326506 40.859160046491574
26.097552547727865 52.28138668110692
24.036408597129224 60.216165249944936
21.97526464653058 72.45494537495983
19.91412069593194 84.91896192295646
17.8529767453333 95.84402844018616
15.79183279473466 107.14411754043073
13.730688844136019 115.33069102691125
11.669544893537378 120.76027761356009
9.608400942938736 126.56897430999368
7.547256992340096 128.67527165144315
5.486113041741455 123.16138582082736
3.424969091142814 114.88020886309535
1.363825140544174 97.08289209432225
-0.697318810054467 87.61760664791358
-2.758462760653108 76.90676474139063
-4.819606711251748 67.75515406203888
-6.8807506618503895 60.57705745802779
-8.94189461244903 54.754794084264226
-11.00303856304767 52.1955991150756
-13.064182513646312 48.12460783375504
-15.125326464244953 43.766184145198245
-17.186470414843594 43.32902773090991
-19.247614365442235 37.88269323270281
-21.308758316040876 34.213338163782346
-23.369902266639514 28.69529418407869
-25.43104621723815 27.27279063653221
-27.492190167836796 24.30363244078991
-29.553334118435437 22.814616935578574
-31.614478069034075 19.622642499831887
-33.67562201963272 18.04562092472611
-35.73676597023135 19.286724031692913
-37.797909920829994 18.82590165113709
-39.859053871428635 18.116078079015015
-41.92019782202728 18.096959296608542
-43.981341772625925 21.78055618795561
-46.042485723224566 23.165085007546544
-48.10362967382321 24.745826824602982
-50.16477362442185 27.48244632076649
-52.22591757502049 28.718093061315763
-54.28706152561913 32.43861772817072
-56.34820547621777 36.82439069156907
-58.40934942681641 41.537069854584374
-60.47049337741505 46.08219138657429
-62.531637328013694 49.30881631792394
-64.59278127861234 52.79040103736505
-66.65392522921097 53.67920768356798
-68.7150691798096 53.449473039874256
-70.77621313040827 52.21130068323595
-72.8373570810069 46.43365858724079
-74.89850103160555 39.86926187311244
-76.95964498220418 34.68328765095134
-79.02078893280283 29.61546716359369
-81.08193288340146 24.056302989983614
-83.1430768340001 19.73065361953857
-85.20422078459875 17.84896861192539
-87.26536473519738 16.188903410195035
-89.32650868579603 15.870107231585706
-91.38765263639466 14.42730061811723
-93.4487965869933 12.121336867001624
-95.50994053759194 11.640230999616586
-97.57108448819058 11.225587411837147
-99.63222843878923 9.988417184729245
-101.69337238938786 10.138709144131344
-103.75451633998651 11.336337471385056
-105.81566029058514 8.41042108229708
-107.87680424118378 8.569528853489784
-109.93794819178244 6.895398209277131
-111.99909214238107 7.609688080212846
-114.06023609297972 6.844888957089141
-116.12138004357836 4.217802115418896
-118.182523994177 5.769326433621756
-120.24366794477564 5.347687776728022
-122.30481189537427 5.5808708886433696
-124.36595584597292 4.457946480834092
-126.42709979657155 4.542818159346503
-128.4882437471702 5.4333211964501915
-130.54938769776885 5.130697374993388
-132.61053164836747 4.324348788071597
-134.67167559896615 4.655414669939644
-136.73281954956477 4.807053274820753
-138.79396350016341 4.474280530900323
-140.85510745076203 4.832570545313326
-142.91625140136068 5.008928899629975
-144.97739535195933 3.84266036627113
-147.03853930255798 4.625041985308628
-149.0996832531566 3.125487729513148
-151.16082720375525 3.3605407792622866
-153.22197115435387 4.379397365152875
-155.28311510495254 4.645525880556233
-157.34425905555116 3.3799242736899173
-159.4054030061498 4.5947378666089405
-161.46654695674843 4.6384834401929
-163.52769090734708 5.456968752728505
-165.58883485794573 4.211057496597838
-167.64997880854438 5.2939228404966086
-169.71112275914302 3.0211868112326856
-171.77226670974164 4.6935182919718335
-173.83341066034032 5.029127421715851
-175.89455461093894 4.574998012348698
-177.9556985615376 4.714830932129513
-180.0168425121362 3.781643336366634
-182.07798646273486 4.195056113528936
-184.1391304133335 3.001892526407889
-186.20027436393215 3.4283920363264846
-188.26141831453077 4.066539113740782
-190.32256226512942 3.9418897760277596
-192.38370621572804 3.0546928962561593
-194.44485016632672 2.102481083711301
-196.50599411692534 2.733776222482267
-198.56713806752396 3.5270188228606845
-200.6282820181226 3.7273111574004854
-202.68942596872125 3.240718009169526
-204.75056991931987 3.59900271677768
-206.81171386991852 3.8858902316474424
-208.87285782051717 2.5237324854661596
-210.93400177111582 3.2462355072038194
-212.99514572171447 4.230949414574505
-215.05628967231308 3.517728841949693
-217.11743362291173 4.4170558294644415
-219.17857757351035 4.313833650766928
-221.23972152410903 4.565102651091995
-223.30086547470765 1.5343078609875889
-225.3620094253063 3.258893480857289
-227.42315337590492 3.17605976856004
-229.4842973265036 3.7179714858608883
-231.5454412771022 3.420632541142496
-233.60658522770086 3.6242841851028245
-235.66772917829948 2.859549254092123
-237.72887312889813 2.9995101108007454
-239.79001707949678 3.003334601456642
-241.85116103009543 3.737396720160263
-243.91230498069405 3.5859551990357375
-245.9734489312927 4.532772291332251
-248.03459288189134 3.3632280053459374
-250.09573683249 5.025429272999593
-252.15688078308864 3.4680478497481224
-254.21802473368726 4.773690250050607
-256.2791686842859 6.189521411707708
-258.3403126348846 4.353132312833614
-260.4014565854832 5.759118823041493
