# BEGINHEADER
# This file contains data from the SALSA 2m radio telescope.
# DATE=2021-12-04T07:32:0044
# GLON and GLAT given in degrees
# GLON=104.85576031554272
# GLAT=-0.08973503598240658
# DATA in two columns below. Col. 1 is velocity relative to LSR [km/s]. Col. 2 is uncalibrated antenna temperature [K].
# ENDHEADER
264.34800934111973 15.907113128667213
262.28686539052114 33.15768685089889
260.2257214399225 32.54368145005456
258.16457748932385 36.58756974169558
256.1034335387252 34.303551678805206
254.04228958812655 38.28732264422116
251.98114563752793 39.81197547914163
249.92000168692925 40.4023610365858
247.85885773633063 41.40471028041929
245.797713785732 41.575444854781
243.73656983513337 41.400796306442096
241.67542588453472 43.78133608697145
239.61428193393607 44.387270850590575
237.55313798333742 44.90968679645121
235.4919940327388 43.54834573361064
233.43085008214015 43.93731542284907
231.36970613154153 46.4861306838878
229.30856218094286 45.83763199821221
227.24741823034424 47.13670562643327
225.1862742797456 46.063925858944025
223.12513032914697 45.78057827616106
221.0639863785483 48.22510862889317
219.00284242794964 44.73363832551235
216.94169847735103 45.04432632916994
214.88055452675238 45.14633524796671
212.81941057615376 46.60184272334284
210.75826662555508 47.850818964273714
208.69712267495646 48.39956797727344
206.6359787243578 46.269473862267496
204.5748347737592 45.79704471872269
202.51369082316054 45.08107452116977
200.4525468725619 47.76736538807593
198.39140292196325 47.170724850836905
196.33025897136463 46.462828872563755
194.26911502076598 48.52472379969951
192.20797107016736 47.69626592823825
190.14682711956868 47.533089478357375
188.08568316897006 45.89017086575503
186.02453921837142 48.53935141144874
183.9633952677728 46.60248630025525
181.90225131717412 44.81778251890708
179.84110736657547 47.62571381874746
177.77996341597685 48.03620931037876
175.7188194653782 47.44192692814596
173.65767551477958 48.23216224566328
171.5965315641809 47.047692605824004
169.5353876135823 45.845529473444465
167.47424366298364 47.715901010626595
165.41309971238502 46.94061990148411
163.35195576178637 47.72337122756204
161.29081181118772 47.76731249736954
159.22966786058907 48.765522480268096
157.16852390999045 46.72550464840528
155.1073799593918 47.58548963063099
153.04623600879316 47.368961840913634
150.9850920581945 49.14638298976982
148.9239481075959 48.7268047786156
146.86280415699724 47.75175778255049
144.80166020639862 49.367257924261025
142.74051625579995 49.231911948954426
140.6793723052013 48.977655523581134
138.61822835460268 47.675502856364474
136.55708440400403 48.257389604976936
134.4959404534054 46.38695870798289
132.43479650280673 50.68623001208332
130.3736525522081 49.61057917503496
128.31250860160947 47.426725475756896
126.25136465101083 48.769845774027246
124.1902207004122 46.93022963800014
122.12907674981355 46.7090247820301
120.0679327992149 47.10024581429663
118.00678884861627 45.41115550549771
115.94564489801762 48.586873580959725
113.88450094741899 45.97838709141467
111.82335699682034 46.40830787049213
109.7622130462217 46.81790787406341
107.70106909562307 48.225359444548644
105.63992514502442 45.70168010918613
103.57878119442579 48.33161261731567
101.51763724382714 46.56534399293205
99.4564932932285 44.57828117209502
97.39534934262986 47.695304254621895
95.33420539203122 45.6270085719247
93.27306144143259 46.975736736840076
91.21191749083394 45.82201626216573
89.1507735402353 48.49293700794051
87.08962958963666 48.33458407521461
85.02848563903802 45.133801166098095
82.96734168843936 46.37374843489411
80.90619773784073 45.48860463267487
78.8450537872421 47.95084883263259
76.78390983664345 45.572838212362335
74.72276588604481 45.30378974331636
72.66162193544616 47.30405081703401
70.60047798484753 46.038865182168195
68.53933403424888 43.56830608653339
66.47819008365025 44.52598806215494
64.4170461330516 44.99526627955801
62.355902182452965 44.76835615641013
60.29475823185433 42.88672460218296
58.23361428125569 41.569288173270095
56.17247033065705 42.38382016508104
54.1113263800584 41.74325844959055
52.05018242945976 40.825442957348706
49.98903847886112 39.98431709416859
47.927894528262485 36.373167034008205
45.866750577663844 39.06942304961483
43.80560662706521 37.9468236951115
41.74446267646657 34.60774542769959
39.68331872586793 34.31960644630021
37.622174775269286 32.84061562253632
35.56103082467064 31.795339090068097
33.499886874072 30.269051628804046
31.438742923473363 28.781099550015895
29.37759897287472 28.218047591906423
27.316455022276077 28.786327904188404
25.25531107167744 26.631956712843557
23.194167121078795 25.63417383960482
21.133023170480154 25.90430845659155
19.071879219881513 25.93570578914525
17.010735269282872 24.393182508291076
14.949591318684233 26.823826117418296
12.888447368085592 26.597449027099984
10.82730341748695 27.649910929458578
8.76615946688831 35.14429615673949
6.705015516289669 41.70709395899027
4.643871565691028 50.521990870391036
2.582727615092387 62.7136106352098
0.5215836644937466 70.5289951270669
-1.5395602861048943 83.1730408978778
-3.6007042367035353 81.86535137360703
-5.6618481873021755 76.62772080564412
-7.722992137900817 74.3722439329935
-9.784136088499457 67.33295453538064
-11.845280039098098 62.62355717319644
-13.906423989696739 58.96014544887134
-15.96756794029538 51.54074175373111
-18.028711890894023 46.664490450735926
-20.08985584149266 46.64867418867591
-22.1509997920913 47.63704782946772
-24.212143742689943 43.80353259992099
-26.27328769328858 43.78775434052525
-28.334431643887225 41.92032856414511
-30.395575594485862 40.50418181327587
-32.4567195450845 41.968970858402706
-34.517863495683144 43.51814575563324
-36.579007446281786 44.37333184616493
-38.64015139688043 45.092264080326075
-40.70129534747906 46.39684465072951
-42.76243929807771 46.488222052575104
-44.82358324867635 51.018225074234856
-46.88472719927499 55.10335332456534
-48.94587114987363 59.547670757431945
-51.00701510047227 61.93958019780316
-53.068159051070914 61.53016989658763
-55.129303001669555 59.623505785664406
-57.190446952268196 57.842030789202894
-59.25159090286684 54.805753817089155
-61.312734853465486 53.636999035306786
-63.37387880406412 51.88709728452155
-65.43502275466275 52.25572670463144
-67.4961667052614 48.30805914055821
-69.55731065586004 43.121401623347424
-71.61845460645868 38.676797986075115
-73.67959855705733 32.980911478631036
-75.74074250765597 28.552988977127374
-77.80188645825461 23.87212040176936
-79.86303040885325 22.999284124839864
-81.9241743594519 22.3832680004954
-83.98531831005053 21.3389084237816
-86.04646226064916 20.701875429075304
-88.10760621124781 18.19794461011009
-90.16875016184645 21.318353562434197
-92.2298941124451 23.497133657733023
-94.29103806304373 25.278641476782102
-96.35218201364238 27.50847955188924
-98.41332596424101 26.440054783139352
-100.47446991483964 26.99084812085656
-102.5356138654383 24.621588797471155
-104.59675781603693 22.100737238373082
-106.65790176663558 18.591100616450365
-108.71904571723421 20.179662373107597
-110.78018966783287 16.141321887644644
-112.8413336184315 16.512225229421755
-114.90247756903014 15.788909094951556
-116.96362151962879 15.364430634581469
-119.02476547022742 16.77893737674607
-121.08590942082607 16.04866131112429
-123.1470533714247 15.059028217292077
-125.20819732202335 13.673672511307593
-127.26934127262199 13.174412866598454
-129.33048522322062 15.580892878876929
-131.39162917381927 13.587044869895923
-133.45277312441792 13.447649912447515
-135.51391707501654 13.42992557630955
-137.5750610256152 13.34412330344897
-139.63620497621383 15.554906455613022
-141.69734892681248 14.515669824953498
-143.7584928774111 14.238831984003733
-145.81963682800975 12.8773501309732
-147.8807807786084 13.678909494063392
-149.94192472920705 14.316359294018923
-152.00306867980566 15.27798158004235
-154.0642126304043 14.426617508563442
-156.12535658100293 15.175726190831922
-158.1865005316016 15.107475961162123
-160.24764448220023 10.799977207717301
-162.30878843279888 10.61891720280576
-164.3699323833975 13.023888897667582
-166.43107633399617 12.816054390079659
-168.49222028459482 11.392993535223654
-170.55336423519344 12.785302810628847
-172.6145081857921 10.963231419417236
-174.6756521363907 13.832901729037271
-176.7367960869894 11.53401678729189
-178.797940037588 12.518546334807084
-180.85908398818665 12.698060997537935
-182.92022793878527 12.937564696574931
-184.98137188938392 11.821821258336206
-187.04251583998257 11.924237064777536
-189.10365979058122 10.894079259342053
-191.16480374117984 13.159317182527415
-193.2259476917785 12.91345294394451
-195.2870916423771 13.181560330812237
-197.34823559297578 15.174339725752205
-199.4093795435744 12.847166977454076
-201.47052349417305 12.706016238294314
-203.53166744477167 13.661385243088386
-205.59281139537035 12.673077739135008
-207.653955345969 13.016013731271915
-209.71509929656762 13.10127054375557
-211.77624324716626 11.63748542111574
-213.83738719776488 13.555420945669116
-215.89853114836356 12.605781708389374
-217.95967509896218 12.445600324551766
-220.02081904956083 13.978335710657547
-222.08196300015945 13.950386733819158
-224.1431069507581 14.418267238542034
-226.20425090135674 13.831507297805011
-228.2653948519554 13.93029854661798
-230.326538802554 12.310284819179964
-232.38768275315266 14.570031919212527
-234.4488267037513 13.222588191064029
-236.50997065434996 15.363855331361432
-238.57111460494858 14.62672730881972
-240.63225855554722 15.976543031373618
-242.69340250614584 15.25452380149122
-244.75454645674452 16.26750510903371
-246.81569040734317 18.026717546373643
-248.8768343579418 18.44781656554947
-250.93797830854044 20.672212173431554
-252.99912225913906 23.557730142780418
-255.06026620973773 22.74334776108306
-257.1214101603364 25.944218830562434
-259.182554110935 25.513061470849888
-261.2436980615336 31.615558438737548
