# BEGINHEADER
# This file contains data from the SALSA 2m radio telescope.
# DATE=2021-12-04T08:38:0016
# GLON and GLAT given in degrees
# GLON=150.79942636888913
# GLAT=-5.227106163090538
# DATA in two columns below. Col. 1 is velocity relative to LSR [km/s]. Col. 2 is uncalibrated antenna temperature [K].
# ENDHEADER
259.73253245136794 3.2041678781010554
257.67138850076935 5.748364144038629
255.6102445501707 4.848646617973497
253.54910059957206 6.912108900626146
251.48795664897344 8.902166602587124
249.42681269837476 10.211922743939358
247.36566874777614 7.966851141693359
245.3045247971775 7.51781817169041
243.24338084657887 9.184303549082237
241.18223689598022 9.464495135086507
239.12109294538158 8.540000913095758
237.05994899478293 9.186212908723332
234.9988050441843 9.438707900649026
232.93766109358566 9.68122871433962
230.876517142987 10.221791075744528
228.81537319238836 9.683446307878574
226.75422924178974 9.387449282416556
224.6930852911911 9.49922355971444
222.63194134059245 9.919055903254161
220.5707973899938 9.991199536573086
218.50965343939515 10.505000772751474
216.44850948879653 10.093017881542544
214.38736553819788 9.137211107603349
212.32622158759926 6.950820719691797
210.2650776370006 9.11257867960929
208.20393368640197 9.649895157000953
206.14278973580332 10.166785408901776
204.0816457852047 10.660335808631153
202.02050183460602 9.88006676135697
199.9593578840074 9.545933128637474
197.89821393340875 7.937254284659162
195.83706998281014 9.298239803794486
193.7759260322115 9.198570971603486
191.71478208161284 10.209049307534285
189.6536381310142 9.526101674979685
187.59249418041557 9.19686405551954
185.53135022981692 10.65122018400635
183.47020627921827 8.98429779320835
181.40906232861963 7.4791778275386696
179.34791837802098 8.987485380135125
177.28677442742236 10.526135271504355
175.2256304768237 9.604256924044535
173.1644865262251 9.6247960342337
171.1033425756264 9.425621892288488
169.0421986250278 9.215082261315969
166.98105467442915 9.017346018416568
164.91991072383053 9.071564988911932
162.85876677323185 8.767977974062621
160.79762282263323 9.884006488953133
158.73647887203458 8.865336160103595
156.67533492143596 8.935701871386406
154.6141909708373 9.523814111826765
152.55304702023867 7.3771058202256485
150.49190306964002 8.949178408207008
148.4307591190414 8.882590003799852
146.36961516844275 8.811143616191895
144.3084712178441 8.17593073724495
142.24732726724545 7.830674385059437
140.1861833166468 9.364351896507056
138.12503936604818 8.141446706028018
136.06389541544954 7.7365757566500015
134.0027514648509 8.739248027952817
131.94160751425224 9.916972133836136
129.88046356365362 9.115758950638215
127.81931961305499 8.657865153207995
125.75817566245632 8.144602606228462
123.69703171185769 8.10373288596662
121.63588776125904 9.57639263019398
119.57474381066041 8.377797258585355
117.51359986006177 7.737699372454793
115.45245590946313 10.34364625990166
113.39131195886449 7.573988954536909
111.33016800826584 8.490008286840993
109.26902405766721 8.562017707594002
107.20788010706856 8.259969745521463
105.14673615646993 8.323887677288239
103.0855922058713 6.62767304499624
101.02444825527265 7.24222869767986
98.96330430467401 6.715407901592704
96.90216035407536 8.442876834658655
94.84101640347673 10.313367991597305
92.77987245287808 9.08218450654938
90.71872850227945 8.794275008896625
88.6575845516808 7.1877991663449174
86.59644060108215 7.698508325739955
84.53529665048352 8.649731339133318
82.47415269988487 8.23090199130613
80.41300874928623 6.692843506355953
78.35186479868759 7.388200144986749
76.29072084808895 6.928713850223834
74.22957689749032 6.960283593270853
72.16843294689167 7.586121847188694
70.10728899629304 8.487926832011455
68.04614504569439 6.964947038295553
65.98500109509575 8.4940714652312
63.92385714449711 8.296968283854163
61.86271319389847 8.254664601319938
59.801569243299824 5.320833685793622
57.74042529270118 8.181603938640786
55.67928134210255 7.049646241353136
53.61813739150391 6.476164507896238
51.556993440905266 6.245956766714683
49.49584949030663 7.332639988882042
47.43470553970799 6.51180015154038
45.37356158910935 6.589761534582989
43.31241763851071 5.97094928183284
41.25127368791207 7.087068351807669
39.19012973731342 6.719618219449863
37.128985786714786 7.032886293258942
35.067841836116145 5.82559513787102
33.006697885517504 6.2635623524290605
30.945553934918863 6.75731841118247
28.88440998432022 5.738403500151773
26.823266033721584 6.599122594772125
24.76212208312294 5.774784877707116
22.7009781325243 5.148814262444585
20.63983418192566 5.7150615296598515
18.57869023132702 7.958168978753099
16.51754628072838 8.625931835910007
14.456402330129738 8.721923079453765
12.395258379531096 10.026384662797236
10.334114428932454 11.224778057279124
8.272970478333812 16.843074129340913
6.211826527735172 31.500632732582382
4.150682577136531 43.21150110601656
2.0895386265378906 47.77059873439545
0.02839467593925004 55.36877073453561
-2.0327492746593907 59.740035852109514
-4.093893225258031 54.92355459500783
-6.155037175856672 62.30371343834395
-8.216181126455313 63.17175379757525
-10.277325077053954 65.88857518435734
-12.338469027652595 69.98091801484328
-14.399612978251234 68.71620777825379
-16.460756928849875 67.04530010947259
-18.521900879448516 65.22260205992504
-20.583044830047154 64.67470520307285
-22.6441887806458 60.54605563731788
-24.70533273124444 55.88861665651499
-26.76647668184308 55.70299747678393
-28.827620632441718 53.945526090214734
-30.88876458304036 51.794320573051166
-32.949908533639 49.99352072433337
-35.01105248423764 46.984729116846616
-37.072196434836286 41.73882919629585
-39.13334038543493 39.541736415617436
-41.19448433603357 34.27365256006431
-43.25562828663221 31.10954105248781
-45.31677223723084 28.46424777747774
-47.377916187829484 26.177111939059856
-49.439060138428125 23.407983749489564
-51.500204089026774 21.218698568663022
-53.561348039625415 19.266220422973362
-55.62249199022405 19.247678154237853
-57.6836359408227 18.14051750506539
-59.74477989142134 18.90885105352975
-61.80592384201998 17.85685375702453
-63.86706779261862 16.998673422025963
-65.92821174321725 15.205242614542538
-67.98935569381591 13.875398601306115
-70.05049964441454 15.471779086544132
-72.11164359501319 14.148891592495762
-74.17278754561183 13.09756895526211
-76.23393149621046 12.480834305932085
-78.29507544680911 11.390857578317467
-80.35621939740774 9.76765833979464
-82.41736334800639 7.068493325896973
-84.47850729860502 8.48310024593096
-86.53965124920367 4.471950688993174
-88.6007951998023 7.322788769135597
-90.66193915040094 7.869997621621468
-92.72308310099959 6.888560654843118
-94.78422705159822 4.480363263489103
-96.84537100219687 5.856936003904641
-98.9065149527955 5.3837183688570835
-100.96765890339415 4.557973713970902
-103.02880285399279 5.4391616483118685
-105.08994680459143 4.202298167863435
-107.15109075519008 5.274551898004962
-109.21223470578872 4.163501434976057
-111.27337865638737 4.393557005003532
-113.334522606986 4.402705797528989
-115.39566655758465 4.133919156103566
-117.45681050818328 4.109093291208451
-119.51795445878192 4.939150202080621
-121.57909840938056 4.476504914455735
-123.6402423599792 4.051479013623913
-125.70138631057785 3.2249464417770133
-127.76253026117648 5.133277264002976
-129.82367421177514 5.088639333496461
-131.88481816237376 4.464530101901109
-133.9459621129724 5.407919992107304
-136.00710606357103 4.804573765290041
-138.0682500141697 3.9340540079987782
-140.12939396476833 3.022733413614873
-142.19053791536697 5.960293133026278
-144.2516818659656 4.783828377949193
-146.31282581656424 4.8540174687758695
-148.3739697671629 2.9580973256614764
-150.43511371776154 3.037813099488521
-152.49625766836016 3.180241373804571
-154.5574016189588 4.620990702492093
-156.61854556955745 4.90820853808827
-158.6796895201561 3.965477712872946
-160.74083347075472 3.011732547012598
-162.80197742135337 3.303845193420331
-164.86312137195202 2.8246019973984344
-166.92426532255067 3.6747197620044476
-168.98540927314932 4.996538537011014
-171.04655322374794 3.645185940701572
-173.10769717434658 4.600269853199374
-175.1688411249452 2.9575359533097254
-177.22998507554388 4.880774620986585
-179.2911290261425 3.261019410308726
-181.35227297674115 3.344737912948447
-183.41341692733977 2.2113533421428833
-185.47456087793844 3.8072581120888094
-187.53570482853706 3.2522520872446052
-189.5968487791357 4.057131025005216
-191.65799272973433 3.546071590257452
-193.71913668033298 2.4606792474583066
-195.78028063093163 3.3561401948196634
-197.84142458153028 2.39259519153414
-199.9025685321289 1.6304058926890779
-201.96371248272754 2.440461546236489
-204.0248564333262 2.9110711904829962
-206.08600038392484 3.7452785272524185
-208.1471443345235 4.350741265603914
-210.2082882851221 2.797157680695856
-212.26943223572076 1.5564369405892804
-214.33057618631938 3.2685369013058203
-216.39172013691805 4.392423089643656
-218.45286408751667 2.1921168519017797
-220.51400803811532 3.965682859221131
-222.57515198871394 1.8568114163654532
-224.63629593931262 2.8541079832951355
-226.69743988991124 3.345962807595081
-228.75858384050989 2.016518072027244
-230.8197277911085 1.2545533629121153
-232.88087174170715 2.747601745969298
-234.9420156923058 2.7620136242087185
-237.00315964290445 2.340496255903626
-239.06430359350307 3.7225955185561994
-241.12544754410172 1.7766290136095504
-243.18659149470037 3.7030168087742408
-245.247735445299 4.556273799362426
-247.30887939589766 2.824802945901522
-249.37002334649628 2.078673556224885
-251.43116729709493 3.2734079249712393
-253.49231124769358 4.225610812485778
-255.55345519829223 3.368601414499543
-257.6145991488909 3.5544753906948077
-259.67574309948947 5.772855794161449
-261.7368870500881 4.630740227064793
-263.79803100068676 2.9945865751661715
-265.8591749512854 6.417983471624556
