# BEGINHEADER
# This file contains data from the SALSA 2m radio telescope.
# DATE=2021-11-27T23:43:0032
# GLON and GLAT given in degrees
# GLON=224.86983021170454
# GLAT=-0.22601117759491132
# DATA in two columns below. Col. 1 is velocity relative to LSR [km/s]. Col. 2 is uncalibrated antenna temperature [K].
# ENDHEADER
265.061869592582 3.0123679991292227
263.0007256419833 8.483998238765334
260.9395816913847 8.539777527073152
258.87843774078607 8.352895823717203
256.8172937901874 8.450072595201565
254.7561498395888 8.63637677878633
252.69500588899015 9.18353937364799
250.63386193839153 8.544395204323736
248.57271798779286 8.298796211548554
246.51157403719424 9.322600231566907
244.4504300865956 11.11108372820541
242.38928613599697 10.942897905994895
240.3281421853983 9.567361565744882
238.26699823479967 9.917256380913875
236.20585428420102 10.40970176779012
234.1447103336024 10.21274539943448
232.08356638300376 9.398080333041523
230.02242243240508 11.264636606456452
227.96127848180646 11.222805032423375
225.9001345312078 11.035530475400352
223.8389905806092 10.688390717979537
221.77784663001054 11.335591481143595
219.7167026794119 9.27829055961622
217.65555872881325 9.540311033502434
215.59441477821463 10.418006842318306
213.53327082761598 10.323439651302266
211.47212687701736 10.280849447112443
209.41098292641868 11.451787287306113
207.34983897582006 10.513475890180946
205.28869502522141 9.717506853294998
203.2275510746228 11.849924400801186
201.16640712402412 11.471411483356281
199.1052631734255 10.954701961322087
197.04411922282685 10.810623561892335
194.98297527222823 10.260291863727529
192.92183132162958 10.421921842762847
190.8606873710309 12.064503036538227
188.7995434204323 11.103347448531066
186.73839946983364 10.611870064028713
184.67725551923502 11.88510921608431
182.61611156863637 12.922736772836414
180.55496761803772 10.224150774830271
178.49382366743907 11.563859614514698
176.43267971684045 11.362049285450999
174.3715357662418 10.8061425870876
172.31039181564316 11.000389968148925
170.2492478650445 10.126047627685358
168.1881039144459 10.999537309377791
166.12695996384724 10.279906525901788
164.06581601324862 11.254667597460324
162.00467206264995 10.184806661979952
159.94352811205133 9.000203438938373
157.88238416145268 9.573564263812546
155.82124021085406 10.40264266227441
153.7600962602554 11.192290642360978
151.69895230965673 10.331079333352283
149.6378083590581 10.474809384745486
147.57666440845946 10.967138975170643
145.51552045786084 11.194579987169709
143.45437650726217 10.353449122529456
141.39323255666355 10.477041121988362
139.3320886060649 10.777709793885288
137.27094465546628 10.38007757070777
135.20980070486763 10.615316207613716
133.14865675426898 10.253586342717622
131.08751280367034 9.38463653067152
129.02636885307172 11.60836220965597
126.96522490247307 10.994415015791592
124.90408095187442 9.691480048969636
122.84293700127579 10.849089439825825
120.78179305067714 10.470534191937878
118.7206491000785 10.516039300025003
116.65950514947986 10.176752254983795
114.59836119888122 10.53637666982792
112.53721724828259 11.718043167010617
110.47607329768394 12.096064594018118
108.4149293470853 10.369548498935577
106.35378539648666 11.539062203694959
104.29264144588802 10.53484268587744
102.23149749528937 10.68363034776467
100.17035354469074 11.87361536240464
98.1092095940921 12.592164201604836
96.04806564349346 12.466724266044324
93.98692169289481 12.396548532977343
91.92577774229616 13.782895434844256
89.86463379169753 13.019769789462233
87.8034898410989 15.88199965569828
85.74234589050025 18.31857854534785
83.68120193990161 20.012950310263445
81.62005798930296 21.571539614711117
79.55891403870433 23.28292480156002
77.49777008810568 27.167090986011523
75.43662613750705 31.36989014814017
73.37548218690841 37.878512830646656
71.31433823630977 45.5274040633194
69.25319428571113 48.40671521698491
67.19205033511248 55.09642008894034
65.13090638451385 59.38880082269825
63.0697624339152 59.536233552297155
61.00861848331656 59.47467055890624
58.94747453271792 59.67767054354959
56.88633058211928 58.706042489295385
54.82518663152064 59.084987607072634
52.764042680922 55.83794229776083
50.70289873032336 53.44053409396135
48.64175477972472 50.170925738959355
46.58061082912607 47.526892250879214
44.51946687852743 48.06096972576533
42.45832292792879 51.26886377386228
40.39717897733015 54.993248469239354
38.336035026731516 54.017919448416045
36.274891076132874 50.924434492335294
34.21374712553423 46.88653699406475
32.15260317493559 44.73112847841053
30.091459224336948 45.380642527320404
28.03031527373831 46.897734469176086
25.96917132313967 51.05112113636378
23.908027372541028 57.568073146796394
21.846883421942387 67.0311238223663
19.785739471343746 79.36864585993013
17.724595520745105 90.53025807306244
15.663451570146465 90.91495933296783
13.602307619547824 83.00575363796472
11.541163668949185 66.80313799921846
9.480019718350542 51.23808241923373
7.418875767751903 41.7248563733371
5.357731817153262 41.87467157815572
3.296587866554621 47.50471429716235
1.2354439159559802 46.039384634736514
-0.8257000346426605 41.045993600654796
-2.8868439852413017 28.946595680618053
-4.947987935839942 21.831435520253347
-7.009131886438583 16.877751823645106
-9.070275837037224 14.657106007481943
-11.131419787635865 13.28284940243352
-13.192563738234506 11.352094775487004
-15.253707688833147 11.248849001238295
-17.31485163943179 11.248888428442672
-19.375995590030428 9.230402133804413
-21.43713954062907 10.437614621819607
-23.49828349122771 10.887163777108583
-25.55942744182635 8.82372634285713
-27.620571392424992 9.069269047258198
-29.681715343023633 9.580094476700577
-31.742859293622274 9.455630527792358
-33.804003244220915 9.396507809159623
-35.865147194819556 8.685723957460702
-37.9262911454182 7.619102128743115
-39.98743509601684 7.718653141971786
-42.04857904661548 8.954640027669559
-44.109722997214114 7.067383769552319
-46.170866947812755 8.815201884397524
-48.232010898411396 8.66182676419333
-50.293154849010044 7.855095570152429
-52.354298799608685 9.695576890227443
-54.415442750207326 8.124695816587108
-56.47658670080597 8.378811620706095
-58.5377306514046 6.793798193623197
-60.59887460200324 8.638472093515944
-62.66001855260188 6.3025559017833235
-64.72116250320053 6.821697959117098
-66.78230645379917 7.32025936155764
-68.84345040439781 7.4794450471691265
-70.90459435499645 7.497532854088335
-72.9657383055951 6.907798715726456
-75.02688225619373 5.935793192663618
-77.08802620679238 7.385706329953822
-79.14917015739101 7.154229364022559
-81.21031410798965 7.644777660168188
-83.2714580585883 6.82755151015934
-85.33260200918693 5.883890793771753
-87.39374595978558 6.935055128058769
-89.45488991038421 6.9471971719994094
-91.51603386098286 6.377869659661665
-93.57717781158149 5.701956303571577
-95.63832176218013 5.719537926982243
-97.69946571277877 5.031232274488975
-99.76060966337742 6.448211946883402
-101.82175361397607 5.734982327026528
-103.8828975645747 6.426594114686256
-105.94404151517334 5.676448360989118
-108.00518546577199 6.346393376792887
-110.06632941637062 5.732307812231644
-112.12747336696927 6.1024157897704825
-114.1886173175679 6.08250230697518
-116.24976126816655 4.187080722640649
-118.31090521876519 5.568613511098414
-120.37204916936382 5.472844043466682
-122.43319311996247 6.8253071365711655
-124.4943370705611 4.995156554767141
-126.55548102115975 6.019529995490381
-128.6166249717584 5.35139209395225
-130.67776892235705 4.1888738826379095
-132.73891287295567 5.672644371858575
-134.8000568235543 5.698664399716375
-136.86120077415293 5.278612366693523
-138.9223447247516 5.2480920537924005
-140.98348867535023 5.717939372633072
-143.04463262594888 5.8631533468420765
-145.1057765765475 5.485104017191767
-147.16692052714615 6.454192456523372
-149.2280644777448 6.458861965045854
-151.28920842834344 5.188892237657061
-153.35035237894206 4.6468629018133285
-155.4114963295407 4.460170251809797
-157.4726402801394 5.798964762451904
-159.533784230738 5.419209627286587
-161.59492818133666 4.9441104690072635
-163.65607213193528 4.651219185966575
-165.71721608253392 5.08275330385288
-167.77836003313257 5.297754088962089
-169.83950398373122 5.417013570555025
-171.90064793432984 4.31223923477695
-173.9617918849285 4.653853004808655
-176.0229358355271 4.572363311503073
-178.08407978612578 3.817130087562069
-180.1452237367244 4.444000470503817
-182.20636768732305 4.3189683968268255
-184.26751163792167 5.775994656952174
-186.32865558852035 4.809203395201521
-188.38979953911897 3.9731207998160625
-190.45094348971762 2.487017454322708
-192.51208744031624 4.3682512065067085
-194.57323139091488 6.284923250778436
-196.63437534151356 4.946306629260654
-198.69551929211218 4.3394154842226325
-200.75666324271083 3.5769688719616846
-202.81780719330945 4.078453224374137
-204.8789511439081 4.3911247679789245
-206.94009509450674 4.429273421347483
-209.0012390451054 3.3123649013446688
-211.062382995704 5.1651950901188926
-213.12352694630266 4.72406835469779
-215.1846708969013 3.8157906182130423
-217.24581484749996 3.9368737117563346
-219.30695879809858 4.429029134762408
-221.36810274869723 5.203290813990422
-223.42924669929585 4.183771945847306
-225.49039064989452 3.9298946937859114
-227.55153460049314 4.853005682488597
-229.6126785510918 5.1752833579948865
-231.6738225016904 4.815275354817283
-233.73496645228906 4.664220102965923
-235.79611040288773 5.255750231760267
-237.85725435348635 3.551326773008327
-239.918398304085 4.780279673914782
-241.97954225468362 5.819208833115695
-244.04068620528227 4.014780869745498
-246.10183015588092 4.9864818602688645
-248.16297410647957 6.55624554748987
-250.2241180570782 4.626405771442392
-252.28526200767683 4.9305317089998875
-254.34640595827548 6.1642217991945545
-256.4075499088741 5.926877575837686
-258.46869385947275 4.74630431189314
-260.5298378100714 7.053937251892732
