# BEGINHEADER
# This file contains data from the SALSA 2m radio telescope.
# DATE=2021-11-27T22:49:0013
# GLON and GLAT given in degrees
# GLON=143.86396762921737
# GLAT=-0.1728623289573686
# DATA in two columns below. Col. 1 is velocity relative to LSR [km/s]. Col. 2 is uncalibrated antenna temperature [K].
# ENDHEADER
265.54168932757545 0.1365952869534579
263.4805453769768 3.924679883690044
261.41940142637816 3.739978639281905
259.3582574757795 4.017153378814014
257.29711352518086 5.177831107856633
255.23596957458224 4.959805417165528
253.1748256239836 5.8455403986215995
251.11368167338495 6.556381353804656
249.0525377227863 5.564515996264822
246.99139377218768 4.056749019483714
244.93024982158903 0.8160189463834203
242.86910587099038 3.8260887948160542
240.80796192039173 5.627455363643771
238.7468179697931 5.030110826000563
236.68567401919447 6.839884203608098
234.62453006859585 5.828973324681953
232.56338611799717 5.848906339420675
230.50224216739855 7.0621989191470504
228.4410982167999 6.470098324199124
226.37995426620128 7.6578781518419925
224.3188103156026 7.065693294167988
222.25766636500398 6.017627935283175
220.19652241440534 5.076846359103543
218.13537846380672 6.551633113095959
216.07423451320807 7.185877641199058
214.01309056260942 7.034449668949954
211.95194661201077 6.278279862180674
209.89080266141212 6.844824872845918
207.8296587108135 7.43181603490593
205.76851476021486 6.628021776903174
203.7073708096162 6.823708780237965
201.64622685901756 6.604391018989937
199.58508290841894 3.9833066618103716
197.5239389578203 5.437786376206593
195.46279500722167 7.779530534849914
193.40165105662302 6.207638589360386
191.3405071060244 5.386516819390079
189.27936315542576 6.171174160410873
187.2182192048271 6.613775736050144
185.15707525422846 7.6715083175263405
183.09593130362984 7.260955482469805
181.0347873530312 6.537761647733506
178.97364340243257 8.61217257069818
176.9124994518339 6.57638020059874
174.85135550123528 6.911001434794741
172.79021155063663 6.924797354485432
170.729067600038 6.7059686030284595
168.66792364943933 7.159782166660152
166.60677969884068 7.790365097416089
164.54563574824206 8.426272940877308
162.48449179764341 6.757101443337961
160.4233478470448 8.171201770713509
158.36220389644612 7.917668052522214
156.3010599458475 7.621744109397053
154.23991599524885 8.434191662747713
152.17877204465023 6.6379311210096645
150.11762809405158 7.171217584976086
148.05648414345293 9.166653068778077
145.9953401928543 8.872719540597055
143.93419624225567 6.917718871504113
141.87305229165702 8.787640753003013
139.81190834105837 7.889320835094503
137.75076439045972 7.350426821626836
135.6896204398611 6.779334164485479
133.62847648926245 7.164755487535032
131.56733253866383 6.768353969065603
129.50618858806516 6.050476178437813
127.44504463746652 6.442384476224976
125.38390068686789 8.245316759179591
123.32275673626926 8.092121806866524
121.26161278567061 6.7534544300853625
119.20046883507197 7.619741006863654
117.13932488447333 7.474086218510365
115.07818093387469 8.875610446353807
113.01703698327604 8.361881951249385
110.9558930326774 7.72868541282613
108.89474908207876 6.0486969675359346
106.83360513148011 6.8112675455697955
104.77246118088148 7.627204258531942
102.71131723028283 6.503678094074707
100.6501732796842 7.6884958104840475
98.58902932908555 9.16275181838976
96.52788537848691 8.352049935599881
94.46674142788828 7.148318573889831
92.40559747728963 6.823167858270282
90.344453526691 8.671633308954279
88.28330957609235 9.604568729308903
86.22216562549372 8.203576924263173
84.16102167489507 5.856396722789036
82.09987772429643 5.844606464621979
80.0387337736978 7.21983281091171
77.97758982309915 6.63731690845599
75.91644587250052 8.422925509483987
73.85530192190186 6.105387717194845
71.79415797130322 6.31008152052048
69.73301402070457 7.019339219822388
67.67187007010594 6.631376163915169
65.6107261195073 7.233619689255403
63.54958216890866 6.795668682511184
61.48843821831002 6.360240489344828
59.42729426771138 4.9565368198734605
57.36615031711274 6.9428283607212
55.3050063665141 6.955594661238902
53.24386241591546 6.9430903673509
51.18271846531682 6.731100624158249
49.121574514718176 7.257330561913821
47.06043056411954 6.405376989326923
44.9992866135209 5.503399304541445
42.93814266292225 6.389734012434602
40.87699871232361 6.576110444149922
38.81585476172497 5.918476184956166
36.75471081112633 7.411900000482282
34.693566860527696 6.764222998291085
32.63242290992905 6.493077699359657
30.571278959330414 7.2769040992164875
28.51013500873177 7.920730782806724
26.448991058133128 7.523969604261197
24.387847107534487 7.326760322386736
22.326703156935846 7.523859974965948
20.2655592063372 8.932400820968907
18.204415255738564 8.581162115284144
16.143271305139923 10.577634452418113
14.082127354541282 10.20718180609793
12.020983403942642 11.585516808705226
9.959839453344001 15.504673746888576
7.898695502745361 24.57836312070335
5.83755155214672 40.80764251381057
3.776407601548079 58.9016725553081
1.7152636509494386 69.14647441741901
-0.3458802996492026 79.47013722717477
-2.407024250247843 81.78362680595835
-4.468168200846484 77.2469758647698
-6.529312151445125 73.31387692819133
-8.590456102043765 69.67941666024964
-10.651600052642406 76.14332469270738
-12.712744003241049 83.10860070153534
-14.773887953839688 83.77893993687093
-16.835031904438328 79.41575285916309
-18.896175855036972 68.00707481292282
-20.957319805635613 59.68948517720643
-23.01846375623425 56.37597521904324
-25.07960770683289 58.43528525212164
-27.14075165743153 63.809031477404986
-29.201895608030174 74.24576281511354
-31.26303955862881 79.68655577404827
-33.32418350922746 87.48916882562663
-35.385327459826094 88.00931787562399
-37.446471410424735 87.51195724044246
-39.507615361023376 90.98404875348155
-41.56875931162202 87.58247550152656
-43.62990326222066 80.8117543734779
-45.6910472128193 71.66771186331808
-47.75219116341794 61.325215299513694
-49.813335114016574 50.69513857963838
-51.874479064615215 44.44487457765187
-53.935623015213864 39.997689157451234
-55.996766965812505 37.03173736505976
-58.057910916411146 35.404640375934584
-60.11905486700979 31.311793694910556
-62.18019881760842 26.623571822115963
-64.24134276820706 22.687387059125047
-66.30248671880571 20.506589216313813
-68.36363066940434 21.236059905515408
-70.42477462000298 23.079950789838154
-72.48591857060163 24.24558132737756
-74.54706252120026 24.710624891025965
-76.60820647179891 23.608899990013853
-78.66935042239754 22.203365730990196
-80.7304943729962 20.02671257027098
-82.79163832359484 15.88084767843448
-84.85278227419347 13.822647971695416
-86.91392622479212 11.756448557113002
-88.97507017539075 12.251713346785403
-91.0362141259894 9.671495690288726
-93.09735807658804 8.164965156635384
-95.15850202718669 7.257073485411624
-97.21964597778532 6.147175476853552
-99.28078992838395 6.305225437454091
-101.3419338789826 4.88016309170386
-103.40307782958124 6.047540026360549
-105.46422178017988 5.817751063915365
-107.52536573077852 3.9028008808113936
-109.58650968137717 5.090953444728442
-111.6476536319758 3.7304164539910927
-113.70879758257443 3.5935530501352257
-115.76994153317308 3.4320650441820266
-117.83108548377172 4.286236980863472
-119.89222943437038 3.8227290463483166
-121.95337338496901 4.5281136269036555
-124.01451733556766 4.7890353941135535
-126.0756612861663 3.6678484220118515
-128.13680523676493 3.2381740482690753
-130.19794918736358 3.2564102199332954
-132.25909313796222 3.2001246540000343
-134.32023708856084 2.8950596978191294
-136.3813810391595 3.365420204471536
-138.4425249897581 3.2688151039395397
-140.50366894035676 3.2902943452767586
-142.56481289095544 3.0666847700446564
-144.62595684155406 2.3127875691582775
-146.6871007921527 3.603013507089296
-148.74824474275133 1.9442415088991274
-150.80938869335 3.035481227088083
-152.87053264394862 3.2564831136949377
-154.93167659454727 2.8235516027743297
-156.9928205451459 2.6067695300848466
-159.05396449574454 3.0614530828631183
-161.11510844634319 3.5824812807931634
-163.17625239694183 3.007726837868003
-165.23739634754045 3.047342313705077
-167.2985402981391 3.239481753873142
-169.35968424873772 2.1353747888091132
-171.4208281993364 1.4699447412130362
-173.48197214993502 1.937884509138409
-175.54311610053367 2.0150236952463847
-177.6042600511323 3.0275960005152363
-179.66540400173093 2.5669124273372264
-181.7265479523296 1.884507327352772
-183.78769190292823 2.3548830463727106
-185.84883585352688 2.8671115323671748
-187.9099798041255 1.2366291050242342
-189.97112375472418 2.7012093201116145
-192.0322677053228 2.717697458144097
-194.09341165592144 1.5399009383615554
-196.15455560652006 2.480955592443867
-198.21569955711874 2.4435784185707874
-200.27684350771736 0.9452791093971301
-202.33798745831604 2.373090983420364
-204.39913140891466 2.84442339771764
-206.4602753595133 1.2851442963127302
-208.52141931011192 1.524951782815824
-210.58256326071057 1.0731559238117379
-212.64370721130922 1.2983294453932386
-214.70485116190787 2.000610305353874
-216.76599511250652 2.3679594947960934
-218.82713906310514 1.9186142709670373
-220.8882830137038 0.411453277423655
-222.94942696430243 0.8613727390883227
-225.01057091490108 1.29884550517966
-227.0717148654997 1.7790405556072306
-229.13285881609835 1.2521766967927006
-231.194002766697 1.5645109556661951
-233.25514671729564 2.198191710321009
-235.31629066789426 0.4579050583042901
-237.3774346184929 1.427147922720639
-239.43857856909153 2.333338902300204
-241.4997225196902 1.8736654197405611
-243.56086647028883 2.2064723633287717
-245.62201042088748 1.822957188146994
-247.6831543714861 1.0034968825734418
-249.74429832208475 2.385216659824318
-251.8054422726834 1.8756851046846714
-253.86658622328204 3.302701231404267
-255.9277301738807 3.0256799276510935
-257.9888741244793 2.4043775746461167
-260.05001807507796 2.2095039333356477
