# BEGINHEADER
# This file contains data from the SALSA 2m radio telescope.
# DATE=2021-12-04T08:26:0055
# GLON and GLAT given in degrees
# GLON=164.87300320450063
# GLAT=4.788343469652576
# DATA in two columns below. Col. 1 is velocity relative to LSR [km/s]. Col. 2 is uncalibrated antenna temperature [K].
# ENDHEADER
265.1950917818859 4.212573062304394
263.13394783128723 11.615956884226119
261.0728038806886 10.00899378684957
259.01165993008993 10.127070234030462
256.95051597949134 9.482770706676598
254.8893720288927 11.519813071943716
252.82822807829402 12.583392025807942
250.7670841276954 12.532601541367278
248.70594017709675 14.25380010974526
246.64479622649813 12.943110867704565
244.58365227589945 12.109614665689161
242.52250832530083 12.269534521133307
240.46136437470219 15.484020927149349
238.40022042410357 12.723840901869274
236.33907647350492 13.263499219773143
234.27793252290627 14.76589833112759
232.21678857230762 15.296768984737097
230.155644621709 16.31700050113504
228.09450067111035 16.606429180215024
226.0333567205117 16.626665424333915
223.97221276991306 13.509552969122284
221.9110688193144 13.540282354404823
219.8499248687158 13.493632568309424
217.78878091811714 13.489478900055584
215.7276369675185 13.89134047912574
213.66649301691984 13.652783970137417
211.60534906632122 13.559728175572646
209.54420511572258 16.161257908731997
207.48306116512396 13.938461799816219
205.42191721452528 16.70055825497765
203.36077326392666 15.521641504448333
201.299629313328 15.05381464039056
199.2384853627294 13.175731223224515
197.17734141213072 15.08467230913005
195.1161974615321 14.451491864290091
193.05505351093342 13.255319874246117
190.9939095603348 13.945515729827287
188.93276560973615 14.02315142282191
186.8716216591375 13.118630245819528
184.81047770853888 14.305719299763267
182.7493337579402 14.272508354578438
180.6881898073416 13.627317789680253
178.62704585674294 13.53870966444647
176.56590190614432 14.474810971021178
174.50475795554564 13.281583190723202
172.44361400494702 15.32789333000092
170.38247005434837 14.660185672833027
168.32132610374975 12.381027212209746
166.2601821531511 14.83502241595455
164.19903820255246 14.908774090999684
162.1378942519538 15.369983074697258
160.0767503013552 14.178279502667646
158.01560635075654 12.943814048584528
155.95446240015792 15.1003710485339
153.89331844955925 15.147071790061705
151.83217449896063 13.53312922508416
149.77103054836198 13.769712338542726
147.70988659776333 12.568993078477092
145.64874264716468 13.615475879929557
143.58759869656603 14.806487593370443
141.5264547459674 14.96564530265301
139.46531079536877 15.479534138528606
137.40416684477015 13.717108090014854
135.34302289417147 14.80503421781651
133.28187894357285 13.828849484361228
131.2207349929742 12.589825867680359
129.15959104237558 14.576853836287947
127.09844709177692 13.60620884978007
125.03730314117828 13.354434857729853
122.97615919057964 13.903147563955976
120.915015239981 11.958434432160818
118.85387128938235 14.597861455776844
116.79272733878372 14.13255875485836
114.73158338818509 12.332085292560683
112.67043943758644 12.826396608453882
110.6092954869878 15.899023518557227
108.54815153638916 13.707123570969019
106.48700758579052 12.992914566121858
104.42586363519187 15.369206030261905
102.36471968459324 15.001414877605482
100.3035757339946 14.421900179431109
98.24243178339596 14.151866151563382
96.18128783279732 13.38883642575133
94.12014388219868 12.464762449886562
92.05899993160003 13.038011776841191
89.99785598100138 14.750591559104711
87.93671203040275 13.068421508032714
85.87556807980411 14.354920782176537
83.81442412920546 13.716618421447741
81.75328017860683 14.885585761426283
79.69213622800818 15.85156613923744
77.63099227740955 12.50401328812467
75.56984832681091 14.294998554755043
73.50870437621226 14.166102674336072
71.44756042561363 12.638766499329458
69.38641647501498 13.193323443330241
67.32527252441635 13.907479616463524
65.2641285738177 14.511251197297591
63.20298462321906 14.032472500113922
61.14184067262042 14.318543916538454
59.08069672202178 13.857065655437305
57.019552771423136 13.41888375026324
54.9584088208245 14.11887648010071
52.89726487022586 12.859176513368809
50.83612091962722 13.87445137464436
48.77497696902858 13.51108600156837
46.71383301842994 14.148664116786106
44.65268906783129 14.83366698984995
42.59154511723265 10.471592244415767
40.530401166634014 12.163373462553436
38.46925721603537 10.164936506117607
36.40811326543673 12.265108712487244
34.34696931483809 10.263191386317137
32.28582536423945 11.14236224442416
30.22468141364081 11.838188002876054
28.163537463042168 8.207045671499753
26.102393512443527 9.314556481853932
24.04124956184489 9.717209027821976
21.98010561124625 12.055329283412709
19.918961660647604 11.127253949705356
17.857817710048963 12.135992338556589
15.796673759450323 13.100985509320703
13.735529808851684 17.537153108042318
11.674385858253043 19.43341415845073
9.613241907654402 27.602395507087373
7.552097957055762 36.15715074038394
5.4909540064571205 44.43780005851416
3.42981005585848 56.6455424716495
1.3686661052598388 63.79675721162931
-0.692477845338802 77.77992066794728
-2.7536217959374425 82.49120368328214
-4.814765746536084 81.59389871370269
-6.875909697134724 82.93042524190015
-8.937053647733364 81.6394407863054
-10.998197598332007 84.16542074270029
-13.059341548930647 82.03704615212844
-15.120485499529288 77.01484185034263
-17.18162945012793 75.00897496126152
-19.24277340072657 66.67099526030691
-21.30391735132521 65.57161306313844
-23.365061301923852 62.40781026273192
-25.42620525252249 56.85487190483902
-27.48734920312113 51.364228973272255
-29.548493153719775 40.00133611128765
-31.609637104318413 36.766817137734485
-33.67078105491706 33.96235382970936
-35.7319250055157 29.591724273999226
-37.79306895611434 26.05833067704359
-39.85421290671298 21.613233642647835
-41.915356857311615 18.814139579635544
-43.976500807910256 14.938056202594254
-46.0376447585089 14.167474475135343
-48.09878870910754 14.426986216811084
-50.15993265970618 13.682329201014396
-52.22107661030483 11.200146571978987
-54.28222056090347 11.402344136130004
-56.3433645115021 9.518300911374238
-58.40450846210074 8.250592721786765
-60.465652412699384 7.090496180809684
-62.526796363298025 8.804145256690925
-64.58794031389667 8.035726105865438
-66.64908426449531 7.957842364008866
-68.71022821509395 8.391606154025144
-70.7713721656926 7.899836117254063
-72.83251611629123 7.792645287587764
-74.89366006688988 7.060183905797339
-76.95480401748851 8.059384721515684
-79.01594796808715 7.797010547425904
-81.0770919186858 6.621173223232839
-83.13823586928443 7.837057088638424
-85.19937981988308 6.041459211171134
-87.26052377048171 6.220295035469246
-89.32166772108036 5.895857269918792
-91.382811671679 5.738037235553834
-93.44395562227763 4.5296362682788045
-95.50509957287628 4.804954792296812
-97.56624352347491 6.110229004111748
-99.62738747407356 5.487892721177745
-101.6885314246722 6.5514634926534425
-103.74967537527085 4.934433480368047
-105.81081932586949 6.600640902819624
-107.87196327646812 4.487072018205346
-109.93310722706677 4.857519445325697
-111.9942511776654 5.3760668648575685
-114.05539512826405 5.469351083585812
-116.11653907886269 7.025102939811522
-118.17768302946132 6.200253111784465
-120.23882698005997 6.120258746035522
-122.2999709306586 5.948587875765701
-124.36111488125725 4.1052035881485605
-126.42225883185588 4.356370701600333
-128.48340278245453 7.027461228386807
-130.54454673305318 6.021327268359157
-132.6056906836518 4.262146813367147
-134.66683463425045 4.325625607202422
-136.7279785848491 4.239411993485778
-138.78912253544775 4.779344747268718
-140.85026648604637 5.551426737159122
-142.911410436645 7.213248611477652
-144.97255438724366 6.0531690801260165
-147.0336983378423 5.1855750452324045
-149.09484228844093 6.073558882338579
-151.15598623903958 6.671631331721487
-153.2171301896382 5.818413653310422
-155.27827414023687 5.1712792308463715
-157.3394180908355 3.242902437512581
-159.40056204143414 5.699409227438142
-161.4617059920328 5.509531087603178
-163.5228499426314 3.9236729651126567
-165.5839938932301 3.2316641771594314
-167.6451378438287 5.864684334405104
-169.70628179442735 5.32009122219912
-171.76742574502597 4.2542349437388935
-173.82856969562462 4.558923237127805
-175.88971364622327 5.0359768781679035
-177.95085759682192 5.399213825274915
-180.01200154742054 4.631958688587621
-182.0731454980192 5.262264832387986
-184.13428944861784 5.0356116663810075
-186.19543339921648 3.857830601657482
-188.2565773498151 5.3847352124481604
-190.31772130041375 2.8072649067151083
-192.37886525101237 4.513043999677772
-194.44000920161105 5.191828786262664
-196.50115315220967 6.005532250033039
-198.5622971028083 7.215238673929124
-200.62344105340694 4.805270701265158
-202.68458500400558 5.60279504211532
-204.74572895460423 4.761600024932007
-206.80687290520285 4.512644083035206
-208.8680168558015 3.8591147448532714
-210.92916080640015 5.998472785424356
-212.9903047569988 4.480586660246752
-215.05144870759742 3.9478366471160644
-217.11259265819606 6.356576794478643
-219.17373660879468 4.369932734588547
-221.23488055939336 4.724053066203493
-223.29602450999198 5.849038890568921
-225.35716846059063 5.253196726775772
-227.41831241118925 5.3093719314469485
-229.4794563617879 4.9850037223843575
-231.54060031238654 6.0440922544738935
-233.6017442629852 3.4400572178356605
-235.6628882135838 5.12789766066248
-237.72403216418246 6.013496664308893
-239.78517611478114 5.944466026536266
-241.84632006537976 4.007910347726667
-243.9074640159784 4.3585133204491395
-245.96860796657703 4.546825427033129
-248.02975191717567 5.012868287926534
-250.09089586777432 6.939581649398152
-252.15203981837297 7.389037834131357
-254.2131837689716 6.210225411270546
-256.27432771957024 8.293878515769032
-258.3354716701689 4.892139971162011
-260.39661562076753 8.75036833479951
