# BEGINHEADER
# This file contains data from the SALSA 2m radio telescope.
# DATE=2021-12-05T09:45:0021
# GLON and GLAT given in degrees
# GLON=24.81880111747275
# GLAT=0.24057311655314711
# DATA in two columns below. Col. 1 is velocity relative to LSR [km/s]. Col. 2 is uncalibrated antenna temperature [K].
# ENDHEADER
268.1236995757063 1.6136836303186364
266.0625556251077 4.878752694874481
264.0014116745091 6.545203940710732
261.9402677239104 6.73963263169298
259.8791237733118 5.722458456634618
257.8179798227131 6.13681301626826
255.75683587211446 6.7174200667187245
253.69569192151585 5.902799639263185
251.6345479709172 6.721650550305818
249.57340402031858 8.686858612194847
247.5122600697199 7.971024601238269
245.45111611912125 7.422428837805238
243.38997216852263 7.893353932545944
241.32882821792398 8.18511220515783
239.26768426732536 6.691108708245502
237.2065403167267 6.906222132362422
235.14539636612807 7.982843332289697
233.08425241552942 7.803990334055404
231.0231084649308 8.264432058618453
228.96196451433212 7.197568397087755
226.9008205637335 7.843744780267811
224.83967661313486 7.955955984000461
222.77853266253624 7.845829112572626
220.7173887119376 8.029781770265854
218.65624476133894 9.034723959018722
216.5951008107403 6.755104029963779
214.53395686014167 5.882532882643103
212.47281290954302 7.75517725542496
210.41166895894438 8.199673948595818
208.35052500834573 8.782092414338168
206.28938105774708 9.021642727826599
204.22823710714846 10.138581661263881
202.1670931565498 8.546176110656255
200.10594920595116 7.491702810985987
198.04480525535254 8.284041822231622
195.98366130475392 6.906420650063402
193.92251735415527 7.877141574440111
191.86137340355663 7.852464807000533
189.80022945295798 8.458223269632791
187.73908550235936 8.52775630675299
185.6779415517607 6.372855891649675
183.6167976011621 5.76387379810997
181.5556536505634 7.879266693859109
179.4945096999648 9.228798694039394
177.43336574936615 9.066235904506332
175.37222179876753 7.137573408883242
173.31107784816885 7.118722008069979
171.2499338975702 7.108722708617723
169.18878994697158 7.612758663224855
167.12764599637293 7.043934124856381
165.0665020457743 7.185568478688264
163.00535809517564 7.803472304911575
160.94421414457702 6.441086523454949
158.88307019397837 7.919139135691143
156.82192624337975 6.949807658619606
154.7607822927811 7.01952114038491
152.69963834218245 8.877786837878016
150.6384943915838 8.00781566998225
148.57735044098519 7.655058575275263
146.51620649038654 7.452606293574139
144.45506253978792 7.940793232831423
142.39391858918924 7.655016416246736
140.33277463859062 8.295195469793827
138.27163068799197 7.815349529466385
136.21048673739335 8.440624535369583
134.14934278679468 7.320956544333824
132.08819883619603 7.152488226689016
130.0270548855974 9.177450648385703
127.96591093499877 10.738975372764823
125.90476698440013 9.011395625516737
123.84362303380149 12.421942498246313
121.78247908320284 14.28316861698375
119.72133513260421 13.481464474030584
117.66019118200556 14.805179866395328
115.59904723140693 17.25423582833873
113.5379032808083 21.250487106349414
111.47675933020963 22.35404271826697
109.415615379611 24.654967718588438
107.35447142901235 26.89258892082269
105.29332747841372 28.377514904967242
103.23218352781507 27.789791556895338
101.17103957721643 29.29944299572733
99.1098956266178 29.381872553926087
97.04875167601914 30.27481880347025
94.9876077254205 31.045951391780573
92.92646377482187 31.07756922134914
90.86531982422322 31.342641170622038
88.80417587362459 30.537720258427832
86.74303192302594 32.51031452251191
84.6818879724273 30.475752241631533
82.62074402182866 28.02524994627298
80.55960007123002 27.13289054986302
78.49845612063139 27.441480383699414
76.43731217003274 29.126350641716762
74.37616821943409 28.460261637855776
72.31502426883544 31.572165617473598
70.25388031823681 29.448069342329962
68.19273636763818 29.119020864657205
66.13159241703953 32.865561388746116
64.0704484664409 33.19618113829504
62.009304515842246 33.847850778129235
59.94816056524361 33.95637600533661
57.88701661464497 33.805093993254346
55.82587266404633 37.173118433787735
53.76472871344769 36.26692163619964
51.70358476284905 35.619686053826285
49.642440812250406 37.47855339935245
47.58129686165177 37.07090481284296
45.520152911053124 39.33098650761636
43.45900896045449 41.34968657416716
41.39786500985585 42.38127918937832
39.33672105925721 40.28646436866254
37.27557710865857 40.56811395749422
35.214433158059926 40.37764811987115
33.153289207461285 40.2355057148253
31.092145256862644 39.94403051203409
29.031001306264002 42.53532012611771
26.969857355665365 42.8154986839787
24.908713405066724 45.72668420213634
22.84756945446808 49.26693421669293
20.786425503869438 53.46267042287753
18.725281553270797 55.0705650007369
16.664137602672156 60.13224344829771
14.602993652073517 59.51656425949934
12.541849701474876 58.39267982369216
10.480705750876236 58.14909562527187
8.419561800277595 57.29319516963685
6.358417849678954 54.64029072187877
4.297273899080313 53.98048178365169
2.236129948481672 64.59943717257615
0.17498599788303118 62.78482370089237
-1.8861579527156096 51.90908464281463
-3.9473019033142505 37.15729569740824
-6.008445853912891 30.842633498771956
-8.069589804511532 27.4768646542495
-10.130733755110173 25.770361667718237
-12.191877705708812 24.098704511802993
-14.253021656307455 22.27751055466043
-16.314165606906094 20.309964487208543
-18.37530955750474 18.89060271358322
-20.436453508103376 21.058967243464295
-22.497597458702018 19.203071636432878
-24.55874140930066 19.49744682326431
-26.619885359899296 23.97960253405876
-28.681029310497937 24.621830355255703
-30.74217326109658 24.780539836465774
-32.80331721169522 24.211208177276358
-34.864461162293864 23.093480824623803
-36.925605112892505 23.771163968665256
-38.98674906349114 21.235765139010507
-41.04789301408978 20.38818073910199
-43.10903696468842 15.715234901786749
-45.17018091528706 12.045345561706439
-47.2313248658857 11.881383459873932
-49.292468816484345 11.172590387937746
-51.35361276708299 6.730446192919484
-53.414756717681634 5.763641733689262
-55.475900668280275 5.678568442861592
-57.537044618878916 6.0863701789019835
-59.59818856947756 6.83798639255075
-61.6593325200762 3.8060304059697048
-63.72047647067483 2.8755916643787915
-65.78162042127347 4.1034917566504125
-67.84276437187212 4.9819018533196955
-69.90390832247076 3.5828396856134654
-71.96505227306939 2.256256511282358
-74.02619622366804 2.424482990967167
-76.08734017426667 2.997107828121058
-78.14848412486532 3.1124084360664224
-80.20962807546397 2.738777533351652
-82.27077202606262 2.432449389453085
-84.33191597666125 3.9512223410667255
-86.39305992725988 2.3417224778554226
-88.45420387785853 2.381804984970813
-90.51534782845717 1.669277034359722
-92.57649177905581 2.507730326652584
-94.63763572965445 4.029070068940538
-96.6987796802531 3.30218419889704
-98.75992363085173 2.609505479544368
-100.82106758145036 1.95533171252694
-102.882211532049 1.837032540694758
-104.94335548264763 0.6191176390037054
-107.00449943324628 1.6845164886918889
-109.06564338384491 1.7186462135472
-111.12678733444356 1.6994046798988016
-113.1879312850422 1.7690757283273946
-115.24907523564084 0.929017490312978
-117.31021918623948 1.3364487951583657
-119.37136313683811 1.9666457972385125
-121.43250708743678 1.071134437720313
-123.49365103803541 0.8768633620235484
-125.55479498863406 2.7722014366817747
-127.61593893923269 1.252473755067499
-129.67708288983133 1.81733512927637
-131.73822684042997 1.7280031075713551
-133.7993707910286 2.1341694377169307
-135.86051474162724 1.7969357561830852
-137.92165869222592 1.6035444685834084
-139.98280264282454 1.2428691004112897
-142.0439465934232 0.9187508159304387
-144.1050905440218 1.3027307766962664
-146.16623449462045 1.5066618526290168
-148.2273784452191 2.2815721128324067
-150.28852239581775 1.1241027650285111
-152.34966634641637 3.064795523016073
-154.41081029701502 2.7782721294367665
-156.47195424761367 2.339350329187501
-158.53309819821231 1.527360725923103
-160.59424214881093 2.983040626155173
-162.65538609940958 1.0249461647845886
-164.7165300500082 0.5272759682992282
-166.77767400060688 0.9856372165730601
-168.8388179512055 0.3619560342825047
-170.89996190180415 0.9747928430648131
-172.96110585240277 1.4791201392907958
-175.02224980300142 1.4393994563269055
-177.0833937536001 1.6380481191281344
-179.1445377041987 1.9098444023163905
-181.20568165479736 0.791848343050683
-183.26682560539598 2.380749078244587
-185.32796955599466 -0.10872675654133708
-187.38911350659328 0.4252651054962767
-189.45025745719192 1.045559168293395
-191.51140140779054 2.1039887478545634
-193.5725453583892 1.6270287842586642
-195.63368930898784 0.3359830407149835
-197.6948332595865 0.2882926556657531
-199.75597721018514 1.8022858920425553
-201.81712116078378 1.746116887887851
-203.8782651113824 0.423112863729402
-205.93940906198105 1.44704346342304
-208.0005530125797 0.6856498161119843
-210.06169696317835 2.1785502273143362
-212.12284091377697 0.7505876709350382
-214.18398486437562 1.2973175745141377
-216.24512881497427 1.3723099644041843
-218.3062727655729 -0.4912671006087328
-220.36741671617156 1.7883930951328024
-222.42856066677018 1.7128030146072162
-224.48970461736883 1.0039605004899577
-226.55084856796748 1.6259812206461877
-228.61199251856613 1.1054167470575889
-230.67313646916475 1.2729352357731087
-232.7342804197634 0.8757931993564226
-234.795424370362 2.288765613967246
-236.8565683209607 2.454226067739451
-238.9177122715593 2.808733153342697
-240.97885622215796 2.3535366115164833
-243.04000017275658 2.522252035793772
-245.10114412335523 2.877595228120512
-247.16228807395387 2.6145647807718646
-249.22343202455252 3.47435426877994
-251.28457597515114 2.7500336772801117
-253.3457199257498 3.2151909057653176
-255.40686387634847 2.517995898038422
-257.4680078269471 3.362069695237085
