# BEGINHEADER
# This file contains data from the SALSA 2m radio telescope.
# DATE=2021-12-04T08:06:0045
# GLON and GLAT given in degrees
# GLON=73.86936987143751
# GLAT=5.054070343906088
# DATA in two columns below. Col. 1 is velocity relative to LSR [km/s]. Col. 2 is uncalibrated antenna temperature [K].
# ENDHEADER
268.71326254414635 0.3303453804877713
266.65211859354775 1.558171961103494
264.59097464294905 1.81621272147381
262.5298306923504 2.008542265762003
260.4686867417518 2.2655977636098714
258.40754279115316 1.673072220841294
256.3463988405545 2.7909236100823156
254.28525488995587 3.6248286499673634
252.22411093935722 3.298064049915391
250.16296698875857 4.390545711944813
248.10182303815992 3.071089720404407
246.0406790875613 2.782100869957613
243.97953513696265 4.272239889613835
241.91839118636403 4.154277445717779
239.85724723576536 4.280920167226958
237.79610328516674 4.96340208636277
235.7349593345681 2.8152954161921353
233.67381538396947 2.502032994485742
231.61267143337082 4.057142872371052
229.55152748277217 5.369918085332692
227.49038353217352 3.950841336490372
225.4292395815749 5.085407456701672
223.36809563097626 4.768430394560649
221.3069516803776 4.740414256989209
219.24580772977896 5.760656207907014
217.18466377918034 2.9553726190765035
215.1235198285817 3.7813104684467516
213.06237587798304 6.086161160553996
211.0012319273844 2.3575390917079444
208.94008797678575 3.7639758569033868
206.87894402618713 4.283948850322162
204.81780007558848 3.9972351267800437
202.75665612498986 4.603392926925495
200.69551217439118 4.629548174376444
198.63436822379256 7.15073517971939
196.5732242731939 5.122979150758878
194.51208032259527 4.097458795495509
192.45093637199662 3.6957483537464615
190.389792421398 4.8481640768038
188.32864847079932 3.4682041258799416
186.2675045202007 4.173914842127625
184.20636056960205 3.07224670469017
182.14521661900343 4.133148366049931
180.08407266840476 5.024403270305718
178.0229287178061 4.391239552437686
175.9617847672075 5.109750555139456
173.90064081660884 4.810796950926638
171.83949686601022 3.6374099865597644
169.77835291541155 5.504877554011136
167.71720896481293 3.9625131164318814
165.65606501421428 4.7601083376536115
163.59492106361566 4.676855311807041
161.533777113017 2.392731711402926
159.47263316241836 4.536316961678358
157.4114892118197 3.690417063804654
155.3503452612211 4.201482168314814
153.28920131062245 5.751823167227922
151.2280573600238 4.514598330291729
149.16691340942515 5.043549441603156
147.10576945882653 3.626327004110292
145.04462550822788 5.521532348457236
142.98348155762926 3.8921306045189947
140.92233760703058 5.525784595270839
138.86119365643194 4.718774089658129
136.80004970583332 3.832681982142157
134.73890575523467 5.023184133278907
132.67776180463605 4.686104447573944
130.6166178540374 4.265928194538303
128.55547390343875 4.432692139054922
126.49432995284012 5.479241506735231
124.43318600224147 4.914614862697264
122.37204205164284 5.42341272486356
120.3108981010442 5.21196175264791
118.24975415044554 3.5183570176761836
116.1886101998469 3.1448396091280455
114.12746624924826 1.951798949197944
112.06632229864962 3.4737579995155454
110.00517834805098 3.994977545818986
107.94403439745234 1.6474918885118408
105.88289044685371 4.445288247483862
103.82174649625506 4.390605938946071
101.76060254565643 5.210043140287227
99.69945859505778 4.2242102195203355
97.63831464445914 3.721570941971623
95.5771706938605 3.7048525832340595
93.51602674326186 2.929624360543648
91.45488279266323 4.73224710930503
89.39373884206458 4.012765365869988
87.33259489146594 2.6193030688859213
85.2714509408673 3.3226975932216813
83.21030699026866 4.167359418045937
81.14916303967 4.333504378318373
79.08801908907137 3.1829305807968815
77.02687513847273 1.921454975990191
74.96573118787408 2.4394967061520485
72.90458723727545 3.6066292708645022
70.8434432866768 2.7343482104056296
68.78229933607817 3.470181780608347
66.72115538547953 3.5492771157286707
64.66001143488089 2.2113535241000113
62.598867484282245 3.7085886287667864
60.537723533683604 5.090293422871593
58.47657958308497 4.349883567633488
56.41543563248633 1.7027746011745417
54.35429168188769 2.2453012810757524
52.29314773128905 5.167693340569778
50.2320037806904 3.2986393543924155
48.17085983009176 5.180772127430441
46.10971587949312 3.3975210068350123
44.04857192889448 2.7936516070502813
41.98742797829584 5.015680285032426
39.9262840276972 4.082617715797475
37.86514007709856 3.8959642195704256
35.80399612649992 5.620091155927434
33.74285217590128 5.7383333624725
31.681708225302636 5.6684678340254715
29.620564274703995 7.0184515144529565
27.559420324105353 9.974181689413378
25.498276373506712 12.7041501138463
23.437132422908075 13.330944305025413
21.375988472309434 18.298809781518248
19.314844521710796 24.223309645731874
17.25370057111215 27.73256620006509
15.19255662051351 39.02753231266367
13.131412669914871 45.07538616874709
11.07026871931623 54.40572976544079
9.009124768717589 63.03692606029609
6.947980818118947 67.75526274527708
4.886836867520308 66.25194807146417
2.8256929169216667 69.30899464998404
0.7645489663230256 68.12197883660221
-1.2965949842756153 63.911724491495335
-3.3577389348742557 58.799097731382915
-5.418882885472897 51.67985996759065
-7.480026836071537 44.30608308846281
-9.541170786670179 38.97210798314658
-11.60231473726882 31.621149323784465
-13.663458687867458 28.700755726878008
-15.7246026384661 24.8709185028313
-17.78574658906474 20.050449858094204
-19.84689053966338 17.47082728206523
-21.908034490262022 17.4373231320829
-23.969178440860663 13.545647719606883
-26.030322391459308 14.464839375346068
-28.091466342057945 13.154571308317324
-30.152610292656586 12.80828500060037
-32.21375424325523 14.596057300383274
-34.27489819385387 15.09124850801775
-36.33604214445251 13.924438849588475
-38.39718609505115 15.817704100213044
-40.45833004564979 14.376447179886398
-42.51947399624843 12.626005208227511
-44.58061794684707 14.204760809952928
-46.64176189744572 10.991784096322796
-48.70290584804436 11.00778241844481
-50.76404979864299 12.120093105012836
-52.825193749241635 8.488180828927915
-54.886337699840276 11.46569499149109
-56.94748165043892 11.31227600589443
-59.00862560103756 10.74660589095677
-61.0697695516362 14.079998629228689
-63.13091350223484 14.889205619035799
-65.19205745283348 14.291325539019144
-67.25320140343212 19.109157309197606
-69.31434535403076 20.92486828742016
-71.3754893046294 18.79589343339522
-73.43663325522803 20.367047123894526
-75.4977772058267 19.029644191768423
-77.55892115642533 17.980016533258688
-79.62006510702398 15.172904630488322
-81.68120905762261 14.47142299997335
-83.74235300822126 12.854784382209306
-85.80349695881989 9.43054631768688
-87.86464090941853 9.122796273116675
-89.92578486001717 8.060628569418993
-91.98692881061581 7.083510704367722
-94.04807276121446 7.4192422802840605
-96.10921671181309 4.870092835586986
-98.17036066241174 5.47830689339035
-100.23150461301037 6.533751034065927
-102.292648563609 6.8026131589326395
-104.35379251420765 5.90018504953633
-106.41493646480629 4.000361193916508
-108.47608041540494 7.302582534691673
-110.53722436600357 4.807996998878926
-112.59836831660223 5.551200335442082
-114.65951226720087 4.7066699345921235
-116.7206562177995 3.5558746800877925
-118.78180016839815 1.2989262392555856
-120.84294411899678 2.4564044981090443
-122.90408806959543 0.7221843133669901
-124.96523202019407 -0.4310151123935962
-127.0263759707927 -0.0020535089492848793
-129.08751992139133 -0.4926507341473133
-131.14866387198998 0.17599635376424527
-133.20980782258863 0.663535211709767
-135.27095177318728 -1.097872091481598
-137.3320957237859 -1.6396673570857556
-139.39323967438457 -0.3778456142766504
-141.4543836249832 -1.7453309820433631
-143.51552757558184 -0.40240180745565235
-145.57667152618046 -0.8734043336112521
-147.6378154767791 -0.32464144328480016
-149.69895942737776 -0.8142916607718963
-151.7601033779764 -2.157022068925531
-153.82124732857503 -3.259034846152575
-155.88239127917367 -2.347576702364737
-157.9435352297723 -0.9193935824467871
-160.00467918037097 -0.9609098964752493
-162.0658231309696 -1.1130298291789917
-164.12696708156824 -1.0431082211753109
-166.18811103216686 0.31777177269049106
-168.2492549827655 0.7254546377566435
-170.31039893336418 -0.7303190868255157
-172.3715428839628 -1.2176109187491833
-174.43268683456145 -0.6645048641105742
-176.49383078516007 -3.3181024244848705
-178.55497473575875 -2.2485896057777306
-180.61611868635737 -3.029433902967418
-182.67726263695602 -1.6270761789904717
-184.73840658755464 -1.380535660682723
-186.79955053815328 -0.32840160174596594
-188.86069448875193 -0.5889926494424076
-190.92183843935058 -1.699990473459812
-192.9829823899492 -0.9869033201193911
-195.04412634054785 -1.0437505716397333
-197.10527029114647 -0.796877545652654
-199.16641424174512 -1.346880074804015
-201.22755819234374 -2.8074777132152997
-203.28870214294238 -1.9380094852861671
-205.34984609354103 0.014536418691318042
-207.41099004413968 -2.7258283561425207
-209.4721339947383 -2.7237324146304416
-211.53327794533695 -1.6033121022527879
-213.5944218959356 -1.7926553274348325
-215.65556584653424 -3.1306310255794165
-217.7167097971329 -3.0901168691147576
-219.7778537477315 -0.42266507879486914
-221.83899769833016 -0.6315169852211104
-223.90014164892878 -3.465461267617301
-225.96128559952746 -1.2080941214739707
-228.02242955012608 0.39193545322448253
-230.08357350072473 -0.5216122098412908
-232.14471745132334 -0.6092960151702262
-234.20586140192202 -1.3891965127292842
-236.26700535252064 -1.063766925425832
-238.3281493031193 -1.018247157074001
-240.3892932537179 -2.847196328335777
-242.45043720431656 -1.7343406251102802
-244.5115811549152 -0.48292634373850424
-246.57272510551385 1.1244021034986302
-248.63386905611247 -1.1814249045070375
-250.69501300671112 0.5405755440188575
-252.75615695730977 0.5516071697137452
-254.81730090790842 0.1883162456930163
-256.87844485850707 0.7345911837963219
