# BEGINHEADER
# This file contains data from the SALSA 2m radio telescope.
# DATE=2021-11-28T14:10:0012
# GLON and GLAT given in degrees
# GLON=24.817943995393566
# GLAT=0.19154043305813537
# DATA in two columns below. Col. 1 is velocity relative to LSR [km/s]. Col. 2 is uncalibrated antenna temperature [K].
# ENDHEADER
265.07141334450296 -0.31518834435366794
263.0102693939043 -0.2688356844218553
260.94912544330566 -1.4957556571594175
258.88798149270707 -1.487355157421839
256.8268375421084 -1.6405311550330168
254.76569359150974 -0.649585612607162
252.70454964091113 -1.9815288787342795
250.64340569031248 -2.2654590038721665
248.58226173971386 -2.2556925827064758
246.52111778911518 -2.0663627681957726
244.45997383851653 -2.1338656924840946
242.3988298879179 -1.9344590841434688
240.33768593731926 -1.2805615875362748
238.27654198672064 -1.5735911432245857
236.21539803612197 -3.0503667435791804
234.15425408552335 -2.0650968921162205
232.0931101349247 -2.9261957217663057
230.03196618432608 -2.359633514059214
227.97082223372743 -2.625201962367085
225.90967828312878 -2.2698824178856896
223.84853433253014 -2.5176781806466635
221.78739038193152 -3.162362760088287
219.72624643133287 -3.0027976689992135
217.66510248073422 -1.035088647030146
215.60395853013557 -2.504733742383725
213.54281457953695 -1.7854759839196837
211.4816706289383 -2.1428958378989127
209.42052667833968 -1.9357257907217957
207.359382727741 -1.3445251309100583
205.29823877714236 -2.6856588540143895
203.23709482654374 -2.032726920949938
201.1759508759451 -2.1953733417494785
199.11480692534647 -1.437040570766457
197.0536629747478 -1.4546396414074065
194.99251902414917 -2.0921565562170086
192.93137507355053 -1.3026355539246186
190.8702311229519 -1.7050610732660965
188.80908717235326 -2.1976152918700973
186.7479432217546 -1.521740430036534
184.68679927115596 -0.7020757622182573
182.62565532055734 -0.9820522641789433
180.5645113699587 -1.091169910473311
178.50336741936005 -1.0049942170437396
176.4422234687614 -1.4390604084143417
174.38107951816278 -0.6659338080772564
172.31993556756413 -1.3154058436309657
170.2587916169655 -1.9498651519755503
168.19764766636683 -1.2920588391167842
166.13650371576819 -2.0772629170395867
164.07535976516957 -1.757311852432189
162.01421581457092 -1.2625545361445294
159.9530718639723 -0.6472169282287946
157.89192791337362 -1.2650042957881207
155.830783962775 -0.6138286733305921
153.76964001217635 -1.3711801314901606
151.70849606157773 -0.9624471723403214
149.64735211097906 -1.3722130820546117
147.58620816038044 -1.2292868766849983
145.5250642097818 -0.7679188874574321
143.46392025918317 -0.9404760269456475
141.40277630858452 -0.8921184312533555
139.34163235798587 -1.107307031413556
137.28048840738722 -1.5495946658741804
135.2193444567886 -0.44489098413464756
133.15820050618996 -0.9433884195872063
131.09705655559134 -0.13361115984877306
129.03591260499266 1.1815047061928752
126.97476865439403 0.506518683504938
124.91362470379539 1.3970864421406137
122.85248075319674 1.9385363127485182
120.79133680259811 2.4723732513636842
118.73019285199948 4.259251010127334
116.66904890140083 4.846268479675146
114.6079049508022 6.2795730342202685
112.54676100020355 8.092713747488734
110.4856170496049 7.877428774195611
108.42447309900625 8.550294102569168
106.36332914840762 9.578829197949586
104.30218519780898 10.791069187917374
102.24104124721033 11.139656789930783
100.1798972966117 11.638380726890366
98.11875334601305 11.992564686731006
96.05760939541442 12.599276506274858
93.99646544481577 12.447035719603583
91.93532149421713 11.491498147945222
89.8741775436185 12.115519036366269
87.81303359301985 12.039278614214123
85.75188964242122 11.008521713217123
83.69074569182257 10.953316141331635
81.62960174122394 9.39929247757638
79.56845779062529 11.18594569003159
77.50731384002665 10.896611365456904
75.44616988942802 9.29541508281843
73.38502593882936 10.231099968352337
71.32388198823072 10.257817111369976
69.26273803763208 11.61006555915755
67.20159408703344 12.335714853753073
65.14045013643481 12.793028458393996
63.07930618583616 12.64724377294796
61.01816223523752 13.936917772833064
58.95701828463888 15.541035447367083
56.89587433404024 16.349376978992357
54.8347303834416 15.603266199498846
52.77358643284296 16.122242606028625
50.71244248224432 17.96443665352917
48.65129853164568 18.360230709069924
46.59015458104704 18.44275944099875
44.529010630448404 19.13557348292079
42.467866679849756 19.02882891722048
40.406722729251115 17.892888222911374
38.345578778652474 19.865403727498204
36.28443482805383 18.89757747919341
34.22329087745519 18.208032605088064
32.16214692685655 19.415322238929374
30.101002976257913 18.284701445168874
28.03985902565927 20.86229761555145
25.97871507506063 20.42143668022764
23.917571124461986 23.43248387702802
21.85642717386335 26.211142501561966
19.795283223264704 27.68014255595859
17.734139272666063 29.280686280498475
15.672995322067424 30.22028234869338
13.611851371468783 29.82779057589144
11.550707420870141 28.85816805983535
9.489563470271502 28.848549927149772
7.428419519672861 28.10002591909954
5.36727556907422 29.339214018156934
3.306131618475579 33.645847388986965
1.2449876678769383 32.58688542187043
-0.8161562827217025 26.978384863393117
-2.877300233320343 20.63609195525128
-4.938444183918984 16.010184589950917
-6.999588134517625 13.541617069588447
-9.060732085116266 12.036241156760731
-11.121876035714907 10.468275565657898
-13.183019986313548 10.604685759285513
-15.244163936912187 9.903704171976594
-17.30530788751083 9.422761960244879
-19.36645183810947 8.724992807027995
-21.42759578870811 7.290092218403943
-23.48873973930675 9.030347772052432
-25.54988368990539 9.182250500050923
-27.61102764050403 10.222854957476915
-29.67217159110267 12.031880597550323
-31.733315541701312 11.577964870719448
-33.79445949229996 11.476703727287587
-35.8556034428986 10.243092496038182
-37.91674739349724 9.10114105417091
-39.97789134409587 8.48896409708357
-42.039035294694514 6.554917746158965
-44.100179245293155 5.836030397094391
-46.161323195891796 3.8974674602122947
-48.22246714649044 2.7735901011847597
-50.28361109708908 2.4288778852099777
-52.34475504768771 0.5667337413575015
-54.40589899828636 2.1702568471891563
-56.467042948885 1.2454320158922991
-58.52818689948364 0.8468228840687632
-60.589330850082284 0.49548871638946557
-62.650474800680925 0.0728202157990796
-64.71161875127957 0.7873553781963134
-66.77276270187821 0.5471931601818848
-68.83390665247684 0.3626476562848407
-70.89505060307549 0.408329735493946
-72.95619455367412 0.46974188309017856
-75.01733850427276 1.0131701428848787
-77.0784824548714 0.6277536181893529
-79.13962640547004 0.5926582598799991
-81.2007703560687 1.0497471540129442
-83.26191430666734 0.3195508200030487
-85.32305825726598 0.21675241358603847
-87.38420220786462 0.3474963460038342
-89.44534615846325 1.2655984322791711
-91.5064901090619 0.36192801929792434
-93.56763405966053 0.17068686243379064
-95.62877801025918 0.17941347209947925
-97.68992196085782 1.1211391041530847
-99.75106591145646 0.31819165653807896
-101.8122098620551 -0.9073052774086702
-103.87335381265373 -0.7260012843421907
-105.93449776325238 0.6804693432528581
-107.99564171385101 1.4543610570586307
-110.05678566444966 0.6432569952071586
-112.1179296150483 0.206143117281328
-114.17907356564695 0.9399157452410699
-116.24021751624558 0.12946582391108208
-118.30136146684421 0.41043070779264423
-120.36250541744288 0.5734587923694687
-122.42364936804151 1.121983897556562
-124.48479331864016 1.0943453138765125
-126.54593726923879 0.21097785488802379
-128.60708121983743 0.2464877675816491
-130.66822517043607 -0.24289795082941973
-132.72936912103472 0.7710988984920352
-134.79051307163334 0.8166985442484684
-136.851657022232 0.9772412418140312
-138.9128009728306 0.8356034702601162
-140.9739449234293 1.3036107187471575
-143.03508887402793 1.178713378763915
-145.09623282462655 1.7267768176623333
-147.1573767752252 0.7815759000855338
-149.21852072582382 0.1288382417624652
-151.2796646764225 2.070050547200625
-153.34080862702112 1.0283733751086461
-155.40195257761977 0.5428622154394424
-157.4630965282184 0.9767179806436003
-159.52424047881703 1.0374856010802207
-161.58538442941568 0.5487369202107367
-163.64652838001433 0.16046559095156923
-165.70767233061295 1.3157087930841485
-167.7688162812116 -0.48640642704516984
-169.82996023181022 0.77804146689645
-171.8911041824089 0.22370609996030033
-173.95224813300752 0.9511100188136457
-176.01339208360616 1.5553001587577275
-178.07453603420478 1.3175774881585163
-180.13567998480346 1.0857855235507916
-182.1968239354021 0.20923143704958502
-184.25796788600073 0.5719640942115287
-186.31911183659938 1.4440500304520292
-188.380255787198 0.3292004151726902
-190.44139973779667 0.153208279901518
-192.5025436883953 0.8646774726488756
-194.56368763899394 1.7275181530380004
-196.62483158959256 1.153694963166791
-198.6859755401912 0.07313851393404851
-200.74711949078986 0.9576225127447466
-202.8082634413885 0.23567502724464612
-204.86940739198712 0.1360027784666773
-206.93055134258577 1.711367786209206
-208.99169529318442 0.3571895748348454
-211.05283924378307 1.5118417595155766
-213.1139831943817 -0.19334266474244874
-215.17512714498034 0.5899355357716856
-217.23627109557896 0.9198354885075395
-219.29741504617763 0.7738768019829201
-221.35855899677628 0.586180820697283
-223.4197029473749 0.4320061296425499
-225.48084689797355 1.1911414014977573
-227.54199084857217 0.6796938845063184
-229.60313479917085 1.2013446970505108
-231.66427874976947 1.0513122822532577
-233.7254227003681 0.7403209440324274
-235.78656665096673 -0.045404137805927246
-237.8477106015654 0.2644195065094472
-239.90885455216403 0.6932637318992986
-241.96999850276268 0.3513289767238307
-244.0311424533613 1.3349961959577443
-246.09228640395995 0.3101235739484573
-248.1534303545586 0.4327219603369371
-250.21457430515724 0.31339971668545524
-252.27571825575586 -0.3599340275346532
-254.3368622063545 -0.4905061148839998
-256.39800615695316 -1.0509830070373665
-258.4591501075518 -0.9035571121385231
-260.52029405815045 -0.5746355661164406
