# BEGINHEADER
# This file contains data from the SALSA 2m radio telescope.
# DATE=2021-11-27T23:58:0046
# GLON and GLAT given in degrees
# GLON=129.83202025359526
# GLAT=-0.16931958008916237
# DATA in two columns below. Col. 1 is velocity relative to LSR [km/s]. Col. 2 is uncalibrated antenna temperature [K].
# ENDHEADER
265.4926414302867 1.8583042669879613
263.431497479688 5.918471875590228
261.3703535290894 6.812432096602756
259.30920957849077 12.009922621961863
257.2480656278921 11.698947447555511
255.18692167729347 10.520179637882134
253.12577772669482 7.985927071042124
251.0646337760962 8.59092863588535
249.00348982549752 6.742165121632209
246.9423458748989 9.28810581415619
244.88120192430026 4.545734753854255
242.82005797370164 11.008457402476465
240.758914023103 9.870875899005075
238.69777007250434 6.61516992879537
236.6366261219057 7.831272724041234
234.57548217130707 12.446573037894268
232.51433822070842 8.177169518597275
230.4531942701098 10.06782693616106
228.39205031951113 11.410690465251545
226.33090636891248 8.615656451893411
224.26976241831386 11.566546269427672
222.2086184677152 10.020200772307478
220.14747451711656 13.902089876809146
218.08633056651792 7.01465096387203
216.0251866159193 9.979189896319493
213.96404266532065 10.048730513931467
211.90289871472203 11.440065541394246
209.84175476412335 12.82724672386841
207.78061081352473 11.098121209628077
205.71946686292608 8.810206701143791
203.65832291232746 11.738782424016746
201.59717896172882 12.399347748538815
199.53603501113017 8.067733517299343
197.47489106053155 11.775754022766147
195.41374710993293 13.89435799582012
193.35260315933425 11.478019998295151
191.29145920873563 9.309147916079722
189.23031525813698 13.70424360100054
187.16917130753833 12.558620265270303
185.10802735693971 10.563469900916138
183.04688340634104 12.598056355035343
180.98573945574242 13.717020833981936
178.92459550514377 12.682306412358834
176.86345155454515 8.714199857677356
174.8023076039465 7.693693067061533
172.74116365334785 11.025672688786184
170.6800197027492 12.557509199025862
168.6188757521506 8.004826596105758
166.55773180155194 12.260158724892367
164.4965878509533 11.3755665358714
162.43544390035464 15.042325387001881
160.37429994975602 10.102631044897258
158.31315599915737 8.657018827699495
156.25201204855875 13.446420433936241
154.19086809796008 10.554187629633859
152.12972414736146 9.449639966321794
150.0685801967628 9.192059032907181
148.00743624616416 8.446682017192012
145.94629229556554 13.609496581044953
143.88514834496686 9.932875488632499
141.82400439436825 9.354971505403777
139.7628604437696 8.431161806694895
137.70171649317098 9.161106163541067
135.64057254257233 11.446448634202838
133.57942859197368 13.35598937556818
131.51828464137503 10.495298827922749
129.4571406907764 7.227689176501975
127.39599674017775 13.501432078638343
125.33485278957912 13.814638678948633
123.27370883898047 10.226849160340914
121.21256488838183 10.386925276379102
119.1514209377832 10.174766577362997
117.09027698718455 12.257764515180202
115.02913303658592 13.055421431372089
112.96798908598727 10.629794655773974
110.90684513538864 11.932530000866807
108.84570118478999 11.453867667822644
106.78455723419135 11.59556669973792
104.72341328359272 14.54547658844774
102.66226933299407 11.139923289960587
100.60112538239544 11.111825184175176
98.53998143179679 12.888232177744543
96.47883748119814 16.34989357653628
94.41769353059951 11.405984289389572
92.35654958000086 8.299655059303037
90.29540562940221 11.67653890729108
88.23426167880356 12.886157703400407
86.17311772820493 11.585728886066299
84.1119737776063 11.583802198533755
82.05082982700765 7.4385921562356945
79.98968587640901 10.389669710805265
77.92854192581036 9.716674966261131
75.86739797521173 10.760283093765779
73.8062540246131 8.783484625387473
71.74511007401445 8.905295242300276
69.68396612341581 12.18876247911124
67.62282217281717 6.791813046192028
65.56167822221853 11.836907766899461
63.50053427161989 6.447183712729744
61.43939032102124 10.175282764358379
59.3782463704226 8.246992391697441
57.31710241982396 8.424325160899336
55.25595846922532 11.147369068587006
53.194814518626686 6.056085607982365
51.133670568028045 11.815645949806449
49.0725266174294 10.812087442460792
47.01138266683076 8.328259015642843
44.95023871623212 9.544135039665571
42.88909476563347 7.035604250281606
40.82795081503483 10.5861920983594
38.7668068644362 9.968146217039592
36.70566291383756 9.589394516190648
34.644518963238916 9.210693392514468
32.583375012640275 8.897397310049305
30.522231062041634 9.099077781947846
28.461087111442993 8.986365159303876
26.39994316084435 8.704218795090743
24.33879921024571 9.481398744057067
22.27765525964707 12.275051204657533
20.216511309048432 8.634932740803732
18.155367358449787 10.69509388281633
16.09422340785115 12.548446469923194
14.033079457252507 15.44613872815142
11.971935506653868 12.45901900378046
9.910791556055226 17.303849820021828
7.8496476054565845 25.571445146637956
5.788503654857945 33.25261319592118
3.727359704259304 53.54703429551503
1.6662157536606632 68.48735218438917
-0.3949281969379774 78.11406302180244
-2.4560721475366183 85.52808560649586
-4.517216098135259 87.58434476317348
-6.5783600487339005 88.88789514004995
-8.639503999332542 81.29300914401236
-10.700647949931183 77.20447296244893
-12.761791900529824 77.1807045761238
-14.822935851128463 65.33196787466306
-16.884079801727104 61.77811531234521
-18.945223752325745 54.17226298775761
-21.006367702924386 49.438292329949284
-23.067511653523027 43.577011347397125
-25.12865560412167 41.17043767145611
-27.189799554720306 43.785184336250175
-29.250943505318947 46.19464872112778
-31.31208745591759 42.16111758973278
-33.373231406516226 47.940345287196855
-35.434375357114874 61.30333623377549
-37.495519307713515 62.975772339822164
-39.556663258312156 71.27248461294373
-41.6178072089108 78.39910141688267
-43.67895115950943 81.06199604535306
-45.74009511010807 78.65492621000716
-47.80123906070671 81.05957240438971
-49.862383011305354 81.10803347170601
-51.923526961903995 85.22018939353498
-53.984670912502644 87.98937184133149
-56.045814863101285 80.5603962548351
-58.10695881369992 79.87129299698192
-60.16810276429856 74.54819306781475
-62.2292467148972 63.23344092254952
-64.29039066549585 54.42256418214802
-66.35153461609448 44.710697676953394
-68.41267856669313 42.05243404348134
-70.47382251729177 40.480587459927136
-72.53496646789041 30.464967536161105
-74.59611041848905 29.422472916858116
-76.6572543690877 29.61539202632011
-78.71839831968633 30.076721954494094
-80.77954227028496 30.767438829390347
-82.84068622088361 29.15460132393399
-84.90183017148225 25.819347934232454
-86.9629741220809 27.033921385917715
-89.02411807267953 22.679883127435374
-91.08526202327818 25.480823557254116
-93.14640597387681 23.876400911098045
-95.20754992447544 23.03023187658292
-97.26869387507409 25.201807885381108
-99.32983782567271 22.101096035707982
-101.39098177627136 22.390658148932694
-103.45212572687001 20.085302030205895
-105.51326967746866 13.301851341576539
-107.57441362806729 13.676188469149285
-109.63555757866594 11.800133771855595
-111.69670152926457 10.298590012231118
-113.7578454798632 9.409803212573484
-115.81898943046185 8.781025747878383
-117.88013338106049 12.288719556144516
-119.94127733165914 10.228304819177778
-122.00242128225777 7.37442107357727
-124.06356523285642 8.546800626995571
-126.12470918345505 9.824837661078885
-128.1858531340537 7.76958293058724
-130.24699708465235 7.372482020964373
-132.30814103525097 8.17643645600299
-134.36928498584962 6.256124533567007
-136.43042893644827 8.893337973203156
-138.4915728870469 8.802813006725557
-140.55271683764553 5.263199385914756
-142.61386078824418 4.812831705677697
-144.6750047388428 4.729869182816252
-146.73614868944148 4.739400383425421
-148.7972926400401 4.948804355156494
-150.85843659063875 6.7715354617366215
-152.91958054123737 5.328605132765786
-154.980724491836 6.9469300861896786
-157.04186844243466 3.834819841368255
-159.1030123930333 4.6814178105169875
-161.16415634363196 6.130600631034396
-163.22530029423058 7.825075773074025
-165.28644424482926 6.602648095285322
-167.34758819542787 3.66355593947817
-169.40873214602652 5.202848105823347
-171.46987609662514 2.243121330762343
-173.5310200472238 7.732270751600112
-175.59216399782244 5.197879551011058
-177.6533079484211 2.6247878345920657
-179.7144518990197 5.571772093210731
-181.77559584961836 4.205310149460778
-183.83673980021698 6.959891463920259
-185.89788375081565 6.328261547281633
-187.95902770141427 9.346698169399179
-190.02017165201292 5.8844677777797605
-192.08131560261154 5.051913373538085
-194.14245955321022 5.865176197447997
-196.20360350380884 9.02882873857108
-198.2647474544075 7.9480854330824195
-200.32589140500616 6.4070544569292744
-202.38703535560478 4.719006767182476
-204.44817930620343 7.306546620123496
-206.50932325680208 4.799421505558861
-208.57046720740072 4.947313761491672
-210.63161115799934 7.132024558429858
-212.692755108598 4.413339957012836
-214.7538990591966 5.998651100219863
-216.8150430097953 5.433709647577647
-218.8761869603939 6.431053204249432
-220.93733091099256 7.411292245221272
-222.99847486159118 6.540336290982847
-225.05961881218983 8.924530364214727
-227.12076276278847 4.0474408835467806
-229.18190671338712 4.807202776686899
-231.24305066398574 1.5800328637031158
-233.3041946145844 3.226384619468127
-235.36533856518304 4.464446144133627
-237.4264825157817 4.0536335813534015
-239.48762646638033 5.786297488093532
-241.54877041697895 3.5237614999573923
-243.6099143675776 6.6211861081536805
-245.67105831817625 7.509154307544627
-247.7322022687749 3.66133488165822
-249.79334621937352 5.710985268839643
-251.85449016997217 6.705261927508003
-253.9156341205708 6.716788180947352
-255.97677807116946 8.687536789896622
-258.0379220217681 2.6919438807679423
-260.0990659723667 6.5615707224532605
