# BEGINHEADER
# This file contains data from the SALSA 2m radio telescope.
# DATE=2021-11-27T23:02:0017
# GLON and GLAT given in degrees
# GLON=164.82779198034598
# GLAT=-0.23843740908862687
# DATA in two columns below. Col. 1 is velocity relative to LSR [km/s]. Col. 2 is uncalibrated antenna temperature [K].
# ENDHEADER
265.4849671744244 1.5920311380465533
263.42382322382576 3.9986969490426194
261.3626792732271 2.6695743200712374
259.30153532262847 3.6789860557432084
257.2403913720299 4.08321896136602
255.17924742143123 3.513889405174364
253.11810347083255 5.483203552635012
251.0569595202339 4.226228064674495
248.99581556963528 4.641829321845277
246.93467161903664 4.919940814574243
244.87352766843802 3.628471719005094
242.81238371783934 3.254643465860786
240.75123976724072 5.570979594360895
238.69009581664207 4.354120534286338
236.62895186604345 5.508676936267454
234.5678079154448 6.061374280505751
232.50666396484615 5.520457750576575
230.4455200142475 5.856187756495762
228.3843760636489 4.436942323692444
226.32323211305024 5.24206630634972
224.2620881624516 5.093022853424924
222.20094421185294 4.542543268025729
220.13980026125432 5.148058309801999
218.07865631065567 5.124844943554962
216.01751236005705 6.1283944550242095
213.95636840945838 5.255247691413244
211.89522445885973 6.426287027727433
209.8340805082611 5.923875054691269
207.77293655766246 5.435905124391852
205.71179260706384 5.141488540491845
203.65064865646517 4.682048687048526
201.58950470586655 5.565622165757137
199.5283607552679 5.6191768885362645
197.46721680466928 5.315407901954079
195.4060728540706 6.08712919840274
193.34492890347198 4.661124397891032
191.28378495287333 5.6886950503625116
189.2226410022747 5.465143044774276
187.16149705167606 6.432091096363428
185.10035310107742 5.635861309616335
183.03920915047877 5.333076285898965
180.97806519988015 6.173979377997925
178.9169212492815 5.962917021639627
176.85577729868288 6.310181052870707
174.7946333480842 7.079625107629978
172.73348939748556 4.7245926185755245
170.67234544688694 5.885562719475339
168.6112014962883 5.950879205633911
166.55005754568967 6.222415678576719
164.488913595091 5.82695437062358
162.42776964449237 5.621744989644782
160.36662569389372 6.681849969782886
158.3054817432951 6.572864143269887
156.24433779269643 5.974982260832782
154.1831938420978 5.753273586417744
152.12204989149916 7.175596504813319
150.06090594090054 5.578793437456043
147.9997619903019 4.887046714701486
145.93861803970324 5.332890886797113
143.8774740891046 6.529630988593003
141.81633013850598 5.519809578734667
139.75518618790733 5.6669321606078595
137.6940422373087 5.2125141949939735
135.63289828671003 6.200105851954359
133.57175433611138 5.249954476110244
131.51061038551276 4.7005422748695125
129.44946643491411 4.607443142186141
127.38832248431548 6.4002651377903295
125.32717853371685 5.159582282130876
123.2660345831182 7.0542557914726505
121.20489063251956 6.638086056271498
119.14374668192092 7.148189828676523
117.08260273132228 5.3701141773526135
115.02145878072362 4.690071452765154
112.96031483012499 5.852929688615298
110.89917087952635 6.036964051450141
108.8380269289277 7.23709623186384
106.77688297832907 6.297594002167827
104.71573902773042 5.217459339569183
102.65459507713179 5.193954261771253
100.59345112653314 4.891246935227325
98.5323071759345 5.502598832809867
96.47116322533587 5.94096716051542
94.41001927473722 6.016488513532803
92.34887532413859 5.602424475861405
90.28773137353994 5.358036976125187
88.22658742294131 4.279558800892537
86.16544347234266 5.389885517056451
84.10429952174403 5.188127421943369
82.04315557114539 4.441326078306584
79.98201162054674 5.243273926478747
77.92086766994811 5.497280566685046
75.85972371934945 5.625435870134825
73.79857976875081 5.826802259926958
71.73743581815216 5.561643411585419
69.67629186755353 5.143489879019862
67.6151479169549 5.447656881369503
65.55400396635625 6.194908062622654
63.492860015757614 4.696828535237278
61.43171606515897 5.84565439472889
59.37057211456033 4.898508711921244
57.30942816396169 5.4029730451306275
55.24828421336305 6.074058428580393
53.18714026276441 4.7431138917911095
51.12599631216577 5.095206067702828
49.06485236156712 5.8413194834287365
47.00370841096848 3.515689376122162
44.94256446036984 4.367982525764613
42.881420509771196 5.185899450285191
40.820276559172555 4.9992252472725545
38.75913260857392 5.170459641725691
36.69798865797528 4.599610575328135
34.63684470737664 5.805583540161191
32.575700756778 5.889631183692486
30.514556806179353 5.206088440008491
28.453412855580716 5.775907318271745
26.392268904982075 6.99271357046293
24.33112495438343 6.671228957510092
22.26998100378479 8.161418179802395
20.20883705318615 8.434241805457724
18.14769310258751 10.10704687736872
16.08654915198887 11.630457938519829
14.025405201390228 13.896548751180536
11.964261250791589 19.618014830276657
9.903117300192948 27.40388835386816
7.841973349594308 42.17778308839181
5.780829398995666 56.158034108236635
3.719685448397025 59.78213992906844
1.6585414977983846 60.37888107398569
-0.40260245280025625 72.90649433420167
-2.463746403398897 80.6202830469488
-4.524890353997538 86.69383551498721
-6.586034304596178 90.42144711339147
-8.647178255194818 89.6115021844657
-10.70832220579346 90.38197372292633
-12.769466156392102 91.19983953768399
-14.830610106990742 92.09619342851752
-16.891754057589385 89.63804813704077
-18.952898008188026 87.07315175511341
-21.014041958786663 82.48531127187177
-23.075185909385304 77.8776313895808
-25.13632985998395 73.81810652530717
-27.197473810582586 68.78553822074498
-29.258617761181227 65.70736349582837
-31.31976171177987 61.39908010809205
-33.38090566237851 56.12522809019491
-35.44204961297715 48.77798963597666
-37.50319356357579 41.44422038857691
-39.56433751417443 35.240096005106246
-41.625481464773074 27.459614791097902
-43.686625415371715 24.139184812790454
-45.74776936597035 19.155069978822976
-47.808913316569 16.105971122096182
-49.87005726716763 14.053007290999405
-51.93120121776627 13.410930647728286
-53.99234516836491 11.252284470308691
-56.053489118963554 10.03132151503672
-58.114633069562196 10.306222640102817
-60.17577702016084 9.363447618927744
-62.23692097075947 9.14924316441374
-64.29806492135812 6.819367557584772
-66.35920887195675 7.0827275512926855
-68.42035282255539 5.520505595935183
-70.48149677315403 5.417761138851418
-72.54264072375267 4.6127693662440485
-74.60378467435132 4.149542056294768
-76.66492862494995 3.611418553146137
-78.72607257554861 3.012913484847194
-80.78721652614725 4.64887468074594
-82.84836047674588 4.019232767666545
-84.90950442734453 2.672301808201791
-86.97064837794316 3.1657483342091357
-89.03179232854181 3.667550414579386
-91.09293627914045 3.1528123747972088
-93.1540802297391 3.1000257656754724
-95.21522418033773 2.9204983923977923
-97.27636813093636 2.8641927941657017
-99.33751208153501 3.14223591122084
-101.39865603213364 3.5778624987478054
-103.45979998273229 2.320690364345395
-105.52094393333093 3.5373802942706756
-107.58208788392957 3.309720833881432
-109.64323183452821 2.5523046498375384
-111.70437578512684 2.514970077480416
-113.76551973572549 2.756146003052188
-115.82666368632412 1.6524410311414666
-117.88780763692279 1.7989078282808093
-119.94895158752142 3.784179149688888
-122.01009553812007 2.289470501632777
-124.0712394887187 2.8361812063586727
-126.13238343931734 1.8999607049065164
-128.19352738991597 1.5190716466424516
-130.25467134051462 2.978693274483482
-132.31581529111324 2.428471292915406
-134.37695924171192 1.5129695843941895
-136.43810319231056 1.6845142742487589
-138.49924714290918 1.796869939686565
-140.56039109350783 1.0847846731967135
-142.62153504410645 1.511792093448998
-144.68267899470513 1.5120018530020183
-146.74382294530375 1.2739360820868142
-148.8049668959024 1.6242810980995315
-150.86611084650102 0.17835592632263442
-152.92725479709966 0.5399348046539096
-154.9883987476983 1.999173483469422
-157.04954269829696 1.4430772771468063
-159.11068664889558 2.132059192553964
-161.17183059949423 1.388990619408859
-163.23297455009288 1.172665010379874
-165.29411850069152 1.1786032329689835
-167.35526245129014 0.41216674008004417
-169.4164064018888 1.4083799096127236
-171.4775503524874 0.9684622217658512
-173.5386943030861 0.9292720209501647
-175.59983825368474 0.923380999538007
-177.66098220428336 0.9852853521958209
-179.722126154882 0.3328457935573711
-181.78327010548063 1.2846134006728502
-183.8444140560793 0.4894290165274382
-185.90555800667792 0.49509282362701296
-187.96670195727657 0.4399985648092495
-190.0278459078752 1.4234692961735649
-192.08898985847387 1.800504831746426
-194.15013380907249 0.07466097264843559
-196.21127775967113 1.3280868420720704
-198.27242171026975 1.891162748945862
-200.3335656608684 0.46015902277222454
-202.39470961146705 1.5600511832988087
-204.4558535620657 -0.020619110973278322
-206.51699751266432 -0.6519017828917713
-208.57814146326297 0.7425128265306639
-210.6392854138616 1.3323690739963845
-212.70042936446026 1.7090126642975185
-214.7615733150589 0.9335147647601002
-216.82271726565753 0.06779508722098604
-218.88386121625618 -0.07674501439808981
-220.9450051668548 0.3975118836693609
-223.00614911745348 0.006157372552206354
-225.0672930680521 1.4697111613179399
-227.12843701865074 0.42557399539160934
-229.18958096924936 0.477816006254996
-231.25072491984804 0.23244820971956806
-233.31186887044666 0.23222865002661122
-235.3730128210453 -0.13258828670953807
-237.43415677164393 0.654199738299327
-239.49530072224258 0.4276917428374238
-241.55644467284122 0.67415956438066
-243.61758862343987 0.9673860605281164
-245.6787325740385 0.3978348575400287
-247.73987652463714 1.3611787806703728
-249.80102047523576 1.0330965456467491
-251.86216442583444 0.8374706508176302
-253.92330837643308 1.3175674683439391
-255.9844523270317 1.9913979861160773
-258.04559627763035 1.769683394818152
-260.106740228229 2.7876614094847882
