# BEGINHEADER
# This file contains data from the SALSA 2m radio telescope.
# DATE=2021-12-04T08:33:0012
# GLON and GLAT given in degrees
# GLON=157.88051363333818
# GLAT=-5.261426312393101
# DATA in two columns below. Col. 1 is velocity relative to LSR [km/s]. Col. 2 is uncalibrated antenna temperature [K].
# ENDHEADER
259.56617018074274 2.1676790655169547
257.5050262301441 3.9817111711065234
255.44388227954545 5.153808844438291
253.38273832894683 6.224540155847693
251.32159437834818 7.558445706962742
249.26045042774953 5.9968915306877975
247.19930647715088 5.878887471082085
245.13816252655226 8.014458814530698
243.07701857595362 6.217938851933046
241.01587462535494 9.046552441549009
238.95473067475632 6.840845233556922
236.89358672415767 12.053169605655452
234.83244277355905 9.030060084127618
232.7712988229604 8.080159052603639
230.71015487236176 9.839818464989296
228.6490109217631 9.528628571833556
226.5878669711645 9.546779942131264
224.52672302056584 8.601840967655114
222.46557906996722 9.567934979943034
220.40443511936854 8.536100530629199
218.34329116876992 8.548756348544984
216.28214721817127 7.40582869811329
214.22100326757266 10.795644389792669
212.15985931697398 11.439109393085607
210.09871536637536 7.682369228934789
208.0375714157767 9.85817285888344
205.9764274651781 8.625827964001765
203.91528351457944 8.04831959653066
201.85413956398077 9.035251906435121
199.79299561338215 9.791431298533128
197.7318516627835 10.381697314470111
195.67070771218488 8.071710623861614
193.60956376158623 10.224587933166388
191.54841981098758 9.50434305216281
189.48727586038893 10.295275640162906
187.4261319097903 9.136965780574796
185.36498795919167 7.974936359452709
183.30384400859305 9.330485541560972
181.24270005799437 8.451337061800245
179.18155610739575 10.23925525489522
177.1204121567971 9.378142735282472
175.05926820619848 7.6067188735934534
172.9981242555998 10.530639828968452
170.93698030500119 9.252110710573964
168.87583635440254 8.389591098686996
166.8146924038039 9.011254869074412
164.75354845320527 10.314514180892607
162.6924045026066 10.89131051856788
160.63126055200797 8.458993162050563
158.57011660140932 8.732664152766079
156.5089726508107 9.872085557128406
154.44782870021206 9.984669918273054
152.3866847496134 10.609089749482994
150.32554079901476 7.443911815902123
148.26439684841614 7.796296835194111
146.2032528978175 8.920638802063676
144.14210894721884 10.274006325400343
142.0809649966202 9.78322432235424
140.01982104602158 7.8395564297434275
137.95867709542293 10.549203865612126
135.8975331448243 10.789565663087382
133.83638919422563 10.00475598057837
131.775245243627 11.341957055001998
129.71410129302836 9.97773473421011
127.65295734242973 9.29963494884178
125.59181339183108 9.231790450992225
123.53066944123245 10.751996735111975
121.4695254906338 10.903325017956101
119.40838154003517 11.654199923240611
117.34723758943652 8.987632927499627
115.28609363883788 10.390732614585882
113.22494968823925 10.53477206574531
111.1638057376406 11.28247783081863
109.10266178704197 11.0354582112438
107.0415178364433 8.891514690696289
104.98037388584467 9.355988951597203
102.91922993524602 9.283702198338561
100.85808598464739 8.01418019170868
98.79694203404875 9.507357204247443
96.7357980834501 9.028198851066275
94.67465413285147 9.923210095471598
92.61351018225282 9.63896667427023
90.55236623165419 10.048582121069916
88.49122228105554 10.224961348063186
86.43007833045691 10.1464531265795
84.36893437985827 12.339334013147395
82.30779042925963 10.183048715273639
80.24664647866099 9.781066039411376
78.18550252806234 10.777241078372658
76.12435857746371 10.256823708126763
74.06321462686506 9.374757635489399
72.00207067626643 10.674045777103661
69.94092672566778 9.277841496686012
67.87978277506913 10.123278827146722
65.8186388244705 10.834716465259064
63.75749487387186 9.970149960494133
61.69635092327322 9.425329483089115
59.635206972674574 8.169566167351604
57.57406302207593 8.759907925780807
55.51291907147729 9.411580105459624
53.45177512087865 8.913429213290033
51.39063117028002 9.542357525521066
49.329487219681376 8.909129157110927
47.26834326908274 10.068868452333588
45.2071993184841 8.076643720411406
43.14605536788546 7.427520603772132
41.08491141728681 10.455324678324574
39.02376746668817 7.638582611930588
36.96262351608953 7.926561884567343
34.90147956549089 7.724848010526357
32.840335614892254 7.715452114391574
30.779191664293613 6.976387983750205
28.718047713694972 5.606370736865662
26.65690376309633 5.967991909683241
24.595759812497686 7.286203514668188
22.534615861899045 6.8199493948905925
20.473471911300404 9.191022149793323
18.412327960701766 8.346812345699977
16.351184010103122 8.549131535191856
14.29004005950448 11.336087930587345
12.228896108905843 10.68106725720912
10.167752158307202 11.896695175553837
8.106608207708561 19.192036544916043
6.04546425710992 32.85115251985951
3.9843203065112798 46.16822876658185
1.9231763559126385 51.61081589232327
-0.1379675946860022 53.35771241632303
-2.199111545284643 54.94880793019324
-4.260255495883284 53.02732345446855
-6.321399446481925 60.66666802415508
-8.382543397080564 65.46352172375357
-10.443687347679207 65.16039983613905
-12.504831298277848 63.06027524838622
-14.565975248876489 62.324199475049916
-16.62711919947513 55.30793595109082
-18.68826315007377 52.151642247915746
-20.74940710067241 50.8009150744759
-22.81055105127105 50.07016027584209
-24.87169500186969 47.42814168590388
-26.93283895246833 44.40927303337278
-28.99398290306697 41.527140788844655
-31.05512685366561 37.233166578961104
-33.11627080426425 35.150885142103206
-35.17741475486289 33.72253536337004
-37.238558705461536 29.36676100594284
-39.29970265606018 26.251938005042387
-41.36084660665882 25.375743041852683
-43.42199055725746 23.50835873827994
-45.4831345078561 20.50830351702294
-47.54427845845474 19.6283409305694
-49.60542240905338 19.151166646032728
-51.66656635965202 18.86345487408841
-53.727710310250664 17.599606668532225
-55.78885426084931 17.518084297166375
-57.849998211447954 18.39270959429314
-59.91114216204659 18.202325940319188
-61.97228611264523 15.025786124874386
-64.03343006324387 13.99850864779647
-66.0945740138425 11.899402106422787
-68.15571796444115 9.959450746805455
-70.21686191503979 9.514400884534998
-72.27800586563843 8.402956723191506
-74.33914981623707 6.680418567320274
-76.40029376683572 5.3606822464032495
-78.46143771743435 6.749803964856507
-80.52258166803298 6.817659884958378
-82.58372561863163 6.276964884107575
-84.64486956923027 5.355103611675438
-86.70601351982893 5.7815123071554195
-88.76715747042756 6.184314946699592
-90.82830142102621 4.963377455441278
-92.88944537162484 6.1346231234683835
-94.95058932222348 3.9741616603226935
-97.01173327282213 3.6141569141679
-99.07287722342076 4.716178735369637
-101.13402117401941 3.9782488534849616
-103.19516512461804 4.880945613513426
-105.25630907521669 3.9833210506943524
-107.31745302581533 4.320530690047051
-109.37859697641396 3.682187715338497
-111.43974092701261 4.635231065786194
-113.50088487761124 3.9864090439984485
-115.56202882820989 4.961925039359826
-117.62317277880852 5.794727737600243
-119.68431672940717 3.1819114791292016
-121.7454606800058 3.0807225688556166
-123.80660463060445 2.6661354570317806
-125.8677485812031 4.382963480195697
-127.92889253180174 3.8927684740013713
-129.99003648240037 6.518220339885335
-132.05118043299902 3.363817238557557
-134.11232438359764 3.8803617934927557
-136.1734683341963 3.605712761719358
-138.23461228479493 4.027254422282814
-140.29575623539358 5.047818724182192
-142.3569001859922 3.0136561599645066
-144.41804413659085 2.890431523374046
-146.47918808718953 3.2325927021804657
-148.54033203778815 5.147283579134349
-150.6014759883868 2.782183118219102
-152.66261993898542 3.6643889313809233
-154.72376388958406 3.1005395455152605
-156.7849078401827 3.0037794052240505
-158.84605179078136 2.287975173036024
-160.90719574137998 3.9021475271113744
-162.96833969197863 2.3141038319188167
-165.02948364257725 4.445964955409632
-167.09062759317592 3.9039863315489858
-169.15177154377454 4.629058404591287
-171.2129154943732 3.1378302303777175
-173.2740594449718 2.5606277179219266
-175.3352033955705 3.2673538524354884
-177.3963473461691 5.548186264395244
-179.45749129676776 2.4997433368010875
-181.5186352473664 2.4589615682142374
-183.57977919796502 4.354521013389867
-185.6409231485637 2.457271644774596
-187.70206709916232 4.980309390338155
-189.76321104976097 2.3368999336337852
-191.8243550003596 3.1242506317979974
-193.88549895095824 3.714932652525376
-195.94664290155688 1.2192270776491134
-198.00778685215553 2.8378536748160417
-200.06893080275415 3.72847186506193
-202.1300747533528 5.2245664404607055
-204.19121870395142 4.301290968795711
-206.2523626545501 5.70161634587142
-208.31350660514872 4.198045010500166
-210.37465055574737 2.3050494611180152
-212.43579450634599 1.5666165568519936
-214.49693845694466 1.4389123519632623
-216.55808240754328 2.127322035668787
-218.61922635814193 3.1277450742888826
-220.68037030874058 3.1312978717778432
-222.7415142593392 2.24424988143022
-224.80265820993787 4.234463244694653
-226.8638021605365 2.8638433706346724
-228.92494611113514 4.150149524353526
-230.98609006173376 3.6991026764937835
-233.0472340123324 2.7471859062962936
-235.10837796293106 3.2832363675749208
-237.1695219135297 3.320522133805381
-239.23066586412833 3.699463954543601
-241.29180981472697 3.678018911054215
-243.35295376532562 1.5641578842253276
-245.41409771592427 3.504519579265581
-247.4752416665229 3.7324053336910334
-249.53638561712154 5.916620893088434
-251.59752956772016 2.778170140854549
-253.65867351831884 2.6889363996041267
-255.71981746891746 4.661492440127166
-257.7809614195161 3.184644469468957
-259.8421053701147 3.240467966918216
-261.90324932071337 4.420326577870648
-263.964393271312 4.120308456585155
-266.02553722191067 4.495892886376314
