# BEGINHEADER
# This file contains data from the SALSA 2m radio telescope.
# DATE=2021-12-05T09:48:0033
# GLON and GLAT given in degrees
# GLON=29.842461916543133
# GLAT=0.17394518636507256
# DATA in two columns below. Col. 1 is velocity relative to LSR [km/s]. Col. 2 is uncalibrated antenna temperature [K].
# ENDHEADER
267.9579618594249 3.2433989416868374
265.8968179088263 5.429615464714554
263.83567395822763 4.818058349793622
261.774530007629 6.288774146614017
259.71338605703033 5.527573220748381
257.65224210643174 5.419185719465886
255.5910981558331 5.1177668649753185
253.52995420523445 6.543683630584285
251.4688102546358 7.064966190836104
249.40766630403715 5.911399459398786
247.34652235343853 4.287198436700707
245.28537840283988 8.032660257299856
243.22423445224126 5.9815691216426226
241.16309050164259 6.588283930513446
239.10194655104397 8.44739435448341
237.04080260044532 5.76662229840143
234.97965864984667 6.544157182666593
232.91851469924802 7.893921216988256
230.85737074864937 6.459304877624484
228.79622679805075 8.071820139523977
226.7350828474521 7.449360240793422
224.67393889685349 8.108578492933889
222.6127949462548 7.292234179346895
220.5516509956562 5.649547760346975
218.49050704505754 7.3802958121036655
216.42936309445892 7.218902986710605
214.36821914386027 5.661363908975531
212.30707519326162 6.651597946636796
210.24593124266298 7.1241090085759256
208.18478729206436 7.614464048503255
206.1236433414657 7.58897343169418
204.0624993908671 7.066042483456617
202.0013554402684 8.388464419768956
199.9402114896698 5.95665626891918
197.87906753907114 7.661940804160433
195.8179235884725 10.113900536953192
193.75677963787385 7.083843768000063
191.6956356872752 7.15815374303531
189.63449173667658 6.339382209751697
187.57334778607793 8.684927873359818
185.5122038354793 7.286672153982772
183.45105988488064 6.813932546391942
181.38991593428202 7.183982887358219
179.32877198368337 5.682862858885173
177.26762803308475 7.098877808293457
175.2064840824861 7.662672718658141
173.14534013188745 7.2895969558774105
171.0841961812888 7.0420940094146
169.02305223069018 7.956318574105031
166.96190828009154 6.750387376500796
164.9007643294929 8.106426322299903
162.83962037889424 7.137638740495668
160.77847642829562 7.876387318608864
158.71733247769697 6.912135204976396
156.65618852709832 6.002162286117633
154.59504457649967 6.5932860312306385
152.53390062590103 7.654416217343434
150.4727566753024 7.775286284703692
148.41161272470376 6.747194028190497
146.35046877410514 8.729922338070427
144.28932482350646 8.303783522790397
142.22818087290784 7.563410051500668
140.1670369223092 6.915879946582043
138.10589297171057 5.995248837974491
136.0447490211119 5.7369480249004035
133.98360507051328 6.748025956083129
131.92246111991463 5.678253424959256
129.861317169316 8.813692022750185
127.80017321871735 5.5899108496781915
125.73902926811871 7.8863277394511195
123.67788531752007 9.46233074889544
121.61674136692143 9.55318985750749
119.5555974163228 8.78582699174617
117.49445346572415 11.247194716821713
115.43330951512552 12.085599111109914
113.37216556452687 14.525655379054703
111.31102161392823 17.576894055894797
109.24987766332958 18.601661796806187
107.18873371273095 23.480490097766495
105.12758976213232 25.692752754971067
103.06644581153367 26.170062798754863
101.00530186093503 31.570860279432623
98.94415791033637 33.33130058704802
96.88301395973774 34.0565358741891
94.82187000913909 34.42713450134949
92.76072605854046 34.491375591982404
90.69958210794182 36.39094808390575
88.63843815734317 35.89768513956959
86.57729420674454 35.20774502207082
84.51615025614589 36.1138368929283
82.45500630554726 37.85908251989375
80.39386235494861 38.03080733296056
78.33271840434998 36.83733037256621
76.27157445375134 37.10862096118955
74.2104305031527 34.93378664446759
72.14928655255406 35.58929409988408
70.08814260195541 35.22803417395259
68.02699865135678 34.8057123351734
65.96585470075813 32.690347944529485
63.90471075015949 33.97812225483039
61.84356679956085 33.00989272736422
59.782422848962206 31.927715178662755
57.72127889836357 34.04917207481906
55.66013494776493 34.96413243985973
53.59899099716629 38.51278074524233
51.53784704656764 39.47821820913976
49.476703095969 38.70307321401051
47.41555914537036 42.542422283142066
45.35441519477172 41.51264010629884
43.293271244173084 40.86966887106415
41.23212729357444 41.56107199896545
39.1709833429758 42.012045076450676
37.10983939237716 39.079735612275094
35.04869544177852 40.24186650578936
32.98755149117987 41.15378610318815
30.926407540581238 44.91758488762655
28.865263589982597 48.67038193660895
26.804119639383956 52.93791796611796
24.742975688785315 57.12522531264754
22.681831738186673 59.25428280867955
20.620687787588036 59.5883145785492
18.559543836989395 60.51724888664399
16.49839988639075 63.79817113468197
14.43725593579211 60.883545073461725
12.37611198519347 64.92363249147145
10.314968034594827 63.177722795453455
8.253824083996188 58.99543869622024
6.1926801333975465 58.55878591704361
4.131536182798906 54.90874024699333
2.0703922322002652 56.78414975047918
0.009248281601624725 54.340988003801186
-2.051895668997016 45.341991526657246
-4.113039619595656 31.71542809445093
-6.174183570194297 25.158999723272935
-8.23532752079294 24.846370782847423
-10.29647147139158 21.96633659258389
-12.35761542199022 20.11378212805214
-14.41875937258886 20.789332196159446
-16.4799033231875 19.75178881057309
-18.54104727378614 21.04010617914638
-20.602191224384786 22.587397674217456
-22.663335174983423 22.68183187559468
-24.724479125582064 23.951381609977165
-26.785623076180705 24.734818026738182
-28.846767026779343 22.52560324678004
-30.907910977377988 24.20917802247204
-32.96905492797663 25.311112991609132
-35.03019887857527 24.019987861753208
-37.09134282917391 25.810535491808444
-39.152486779772545 24.345322938922564
-41.213630730371186 22.503911802027172
-43.27477468096983 22.651232711985937
-45.335918631568475 19.44640392521738
-47.397062582167116 18.72743795104267
-49.45820653276576 15.611049692047951
-51.5193504833644 14.97436022324985
-53.58049443396303 10.8856765048586
-55.64163838456167 9.536905185243555
-57.702782335160315 7.977866690261767
-59.763926285758956 6.237758295643454
-61.8250702363576 8.393909926528764
-63.886214186956245 4.319357313663174
-65.94735813755489 4.369829286979749
-68.00850208815352 4.248795714879121
-70.06964603875217 4.314190889775492
-72.1307899893508 3.7448193799448104
-74.19193393994944 4.8005609276629215
-76.25307789054808 4.633708464810914
-78.31422184114672 5.8502193159509845
-80.37536579174537 2.4307207932293435
-82.436509742344 3.071494623502082
-84.49765369294265 2.8745518989742065
-86.55879764354128 4.020538049889237
-88.61994159413992 4.401772449075669
-90.68108554473856 3.2728186514141884
-92.7422294953372 1.6662061926740928
-94.80337344593586 2.630895718070561
-96.8645173965345 3.601642975079856
-98.92566134713314 4.63416990045514
-100.98680529773178 3.374291215457824
-103.04794924833041 3.7258070323384773
-105.10909319892906 3.0683568966732886
-107.1702371495277 2.316023972203673
-109.23138110012634 2.6433822783251637
-111.29252505072498 3.3442226501542347
-113.35366900132362 3.020799239379007
-115.41481295192226 3.357711067007546
-117.47595690252089 3.352830100538202
-119.53710085311954 2.8627409327808166
-121.59824480371817 2.0229322564654932
-123.65938875431682 2.066437720571328
-125.72053270491546 2.0419593538234397
-127.7816766555141 3.2239076123479395
-129.84282060611275 2.3467837267094795
-131.90396455671137 1.2394092671421806
-133.96510850731002 2.0291997862541056
-136.02625245790867 2.4221804088712524
-138.08739640850732 2.150557754306248
-140.14854035910594 1.6211991512066422
-142.20968430970458 3.611787558411335
-144.2708282603032 2.434364182059257
-146.33197221090188 3.6217701979592962
-148.3931161615005 2.0185986401138587
-150.45426011209915 3.801792346259685
-152.5154040626978 2.740388073253248
-154.57654801329645 3.162201794651083
-156.6376919638951 1.989500008730381
-158.6988359144937 2.515830938456321
-160.75997986509236 2.814231856968414
-162.82112381569098 1.8213001787439311
-164.88226776628966 1.4669685424193764
-166.94341171688828 2.028333371133858
-169.00455566748693 2.4470526649205735
-171.06569961808555 2.9534958654747467
-173.1268435686842 3.0050796100946537
-175.18798751928284 0.5933177385190558
-177.2491314698815 1.2596086869212908
-179.3102754204801 4.316271359944692
-181.37141937107876 1.206843697709783
-183.43256332167738 3.34075057309033
-185.49370727227605 3.0459553928423615
-187.55485122287467 2.662400895549599
-189.61599517347332 4.111434727936078
-191.67713912407197 1.3636852113345599
-193.73828307467062 2.407653845436709
-195.79942702526927 2.7013959488065384
-197.8605709758679 3.055775928878631
-199.92171492646654 1.7893647194263929
-201.98285887706515 1.1184201337003168
-204.04400282766383 1.8215709181956794
-206.10514677826245 1.9945538346382623
-208.1662907288611 2.491938898034912
-210.22743467945972 1.4544994061424565
-212.28857863005837 2.1539950649835795
-214.34972258065702 1.3580143332330585
-216.41086653125566 2.7943306589244923
-218.47201048185428 3.036076306957653
-220.53315443245293 2.314181576095723
-222.59429838305158 1.8576611829732546
-224.65544233365023 2.795772778171072
-226.71658628424885 3.1768521187238186
-228.7777302348475 1.773936034269578
-230.83887418544614 4.161923473278777
-232.9000181360448 1.3848252858008874
-234.96116208664344 0.8870373939057777
-237.02230603724206 2.2799073033712696
-239.0834499878407 0.618317523599263
-241.14459393843933 3.1110961528258914
-243.205737889038 1.9069839384451084
-245.26688183963662 3.4041310173208577
-247.32802579023527 0.7209423833384787
-249.3891697408339 3.1624843250238053
-251.45031369143257 3.2471437914684835
-253.5114576420312 3.482963447237232
-255.57260159262984 4.304626741565644
-257.6337455432285 2.98631982588515
