# BEGINHEADER
# This file contains data from the SALSA 2m radio telescope.
# DATE=2021-12-04T08:20:0020
# GLON and GLAT given in degrees
# GLON=178.86778497076023
# GLAT=4.7451407306745885
# DATA in two columns below. Col. 1 is velocity relative to LSR [km/s]. Col. 2 is uncalibrated antenna temperature [K].
# ENDHEADER
265.0692069029369 5.039489323021107
263.0080629523383 12.0520959518221
260.9469190017397 11.49854310675931
258.885775051141 12.6086733168423
256.8246311005424 12.95774941239711
254.76348714994376 12.69720527375991
252.7023431993451 13.300317246865179
250.64119924874646 12.53220552751521
248.5800552981478 13.165386973650351
246.5189113475492 14.629267879613325
244.45776739695054 13.600875315212514
242.3966234463519 15.250615325327384
240.33547949575325 13.799472720951703
238.2743355451546 14.448785899689085
236.21319159455598 14.910978937946748
234.15204764395733 14.823915858583351
232.09090369335868 13.029797344036837
230.02975974276004 13.066889194557096
227.96861579216142 14.528930179001426
225.90747184156277 14.016551985048302
223.84632789096415 14.616826477314415
221.78518394036547 15.200733938871574
219.72403998976685 13.644526387142674
217.6628960391682 12.595170255122305
215.60175208856958 12.206345001654862
213.54060813797093 15.623373336860652
211.4794641873723 16.954994499387283
209.41832023677364 13.275731857562795
207.35717628617502 15.231385375061713
205.29603233557637 14.927464919183375
203.23488838497772 15.54876921442772
201.17374443437907 15.942476203022428
199.11260048378043 15.17453917970218
197.0514565331818 13.853521564616528
194.99031258258316 15.255762291254046
192.9291686319845 15.570249181098168
190.86802468138586 15.477226821995966
188.80688073078724 13.554478932525182
186.7457367801886 13.733561839855602
184.68459282958997 14.552645627020619
182.6234488789913 15.121852096010592
180.56230492839268 16.762516243981846
178.50116097779403 14.706501487179555
176.4400170271954 13.208748218023427
174.37887307659673 15.678933708885445
172.3177291259981 14.813054333182919
170.25658517539947 15.050572923429527
168.19544122480085 15.621948454303336
166.1342972742022 14.441111080000436
164.07315332360355 13.949877618912245
162.0120093730049 13.449835820918098
159.95086542240625 13.587686515015395
157.88972147180763 13.916105570049188
155.82857752120898 14.096553512569464
153.76743357061034 15.06141406775195
151.7062896200117 12.841114940751535
149.64514566941307 13.983569857054063
147.58400171881442 13.763184345287321
145.52285776821577 14.962290230229247
143.46171381761712 15.956283869961936
141.4005698670185 14.331353592025945
139.33942591641986 15.354736819914791
137.27828196582124 15.216378224758353
135.21713801522256 15.443264744287175
133.15599406462394 15.148904853713477
131.0948501140253 14.885716445729384
129.03370616342667 14.1742878224641
126.97256221282801 15.457099105813557
124.91141826222938 14.058901379426924
122.85027431163073 13.287627122824864
120.7891303610321 13.372417597681928
118.72798641043345 15.053462112880666
116.66684245983481 16.10870046792456
114.60569850923618 13.84541101551108
112.54455455863753 16.825443319767423
110.4834106080389 14.332022022216789
108.42226665744025 15.433701367823238
106.36112270684161 13.34408385272703
104.29997875624296 13.890086982975337
102.23883480564432 11.996872581608093
100.17769085504568 12.408964429893693
98.11654690444705 14.165316277994581
96.05540295384841 13.108525771758076
93.99425900324977 13.787979140744941
91.93311505265113 12.21952130655495
89.87197110205248 12.968119165478672
87.81082715145385 12.440031400830456
85.7496832008552 13.502901016883818
83.68853925025657 14.121233827215098
81.62739529965793 13.7911139964786
79.56625134905929 13.037047284089255
77.50510739846065 13.01009794279751
75.443963447862 13.367317083697358
73.38281949726337 14.342849663620386
71.32167554666472 14.936207731953187
69.26053159606609 14.242693410909482
67.19938764546745 15.01246281939165
65.1382436948688 13.053661023815856
63.07709974427016 13.462913563955953
61.01595579367152 10.749889654517458
58.95481184307288 12.871623072382793
56.89366789247424 11.27666819929305
54.8325239418756 13.996195546879767
52.77137999127695 14.473172571930697
50.71023604067831 13.900339014455295
48.64909209007967 12.966995631698314
46.587948139481036 12.149524735687315
44.526804188882394 13.503219808885694
42.46566023828375 13.021923617276174
40.40451628768511 13.831378945958654
38.34337233708647 12.272387542845955
36.28222838648783 14.401721528569194
34.22108443588919 12.042773558976442
32.15994048529055 12.019730307921108
30.09879653469191 14.388072958415169
28.037652584093266 12.790521340762448
25.976508633494625 12.157306798028538
23.915364682895984 14.278884972548939
21.854220732297343 16.09998593443665
19.793076781698698 18.280314429340066
17.73193283110006 21.15007103964876
15.67078888050142 28.164408748385142
13.609644929902778 36.6791323702564
11.548500979304139 54.05567290891286
9.487357028705498 72.53113036000454
7.426213078106858 83.72126237871191
5.3650691275082165 91.30197184829763
3.303925176909576 97.73153146403916
1.242781226310935 98.47087352191963
-0.8183627242877058 108.27985389558563
-2.879506674886347 108.14041671806747
-4.940650625484987 104.05471171667111
-7.001794576083628 94.56323664084823
-9.062938526682268 86.5192849056699
-11.12408247728091 81.02075028121936
-13.185226427879552 71.97413276458906
-15.246370378478192 64.53424363294636
-17.30751432907683 57.929797689246485
-19.368658279675476 49.15245479459233
-21.429802230274117 40.81723970939337
-23.490946180872754 32.64827324202183
-25.55209013147139 27.417783600205073
-27.613234082070033 23.302604038495197
-29.674378032668677 19.400358372394596
-31.735521983267315 17.78266497698707
-33.79666593386596 14.574425029474419
-35.857809884464594 14.820569482422355
-37.918953835063235 14.971383717714614
-39.980097785661876 14.187028184904765
-42.04124173626052 13.07582981101777
-44.102385686859165 13.90025505307783
-46.163529637457806 15.143300629294464
-48.22467358805645 14.738829257788725
-50.28581753865508 12.025233415382857
-52.34696148925372 10.837345806596796
-54.40810543985236 11.769208305859632
-56.469249390451004 12.627776987492762
-58.530393341049646 13.51584454809409
-60.59153729164829 11.659051893489195
-62.65268124224693 9.564093618012862
-64.71382519284556 12.271674163485901
-66.77496914344421 11.112883048191193
-68.83611309404286 10.323387628526863
-70.89725704464149 9.583697950466444
-72.95840099524013 10.348206839248903
-75.01954494583877 10.545489784667675
-77.08068889643741 11.550121824510782
-79.14183284703606 11.547138256715671
-81.20297679763469 11.03313589126987
-83.26412074823332 11.942307156217723
-85.32526469883197 12.005350528909803
-87.3864086494306 10.232941702050587
-89.44755260002925 10.630142738891651
-91.5086965506279 11.097040306411818
-93.56984050122655 11.81760283636046
-95.63098445182519 10.253230301853701
-97.69212840242382 10.361785527439029
-99.75327235302248 11.236688043266211
-101.81441630362112 11.186027386425932
-103.87556025421976 9.510813103098751
-105.9367042048184 9.795200376040638
-107.99784815541703 9.143714580433523
-110.05899210601568 9.336538550775366
-112.12013605661431 9.042116833013674
-114.18128000721296 9.65426459657147
-116.2424239578116 11.089198818172607
-118.30356790841023 10.328422058233025
-120.36471185900888 9.749161944417915
-122.42585580960751 8.562266083594276
-124.48699976020616 10.013486524546897
-126.5481437108048 8.193900556517336
-128.60928766140344 8.307233601126715
-130.6704316120021 10.576816327513765
-132.7315755626007 9.074403985795925
-134.79271951319936 9.397428076680168
-136.853863463798 8.54960208524325
-138.91500741439665 7.141463046754716
-140.97615136499527 9.699256623231031
-143.03729531559392 9.849514257250721
-145.09843926619257 9.739897406996564
-147.15958321679122 8.686120580827158
-149.22072716738987 9.570106659363194
-151.2818711179885 7.837413137157801
-153.34301506858714 7.980834968523902
-155.40415901918578 7.079518172216607
-157.46530296978443 9.297686098977971
-159.52644692038305 10.125653493683417
-161.5875908709817 8.795312525798483
-163.64873482158032 8.18832871829335
-165.709878772179 7.997735900708573
-167.77102272277762 7.480356508314181
-169.83216667337626 7.243516684798092
-171.89331062397488 9.414712502011332
-173.95445457457353 9.459660434757376
-176.01559852517218 8.815439844482718
-178.07674247577083 8.031223896789692
-180.13788642636945 7.320409104936111
-182.1990303769681 7.893492386168924
-184.26017432756674 7.290094335639917
-186.3213182781654 8.119000906904644
-188.38246222876404 5.918458047590866
-190.44360617936266 7.2889041325839194
-192.5047501299613 8.471103556146687
-194.56589408055996 8.223930418498947
-196.6270380311586 8.173832605845904
-198.68818198175723 8.899334799271852
-200.74932593235587 6.970546341754909
-202.8104698829545 8.351631978976144
-204.87161383355317 8.854114853101684
-206.9327577841518 8.042482103655889
-208.99390173475044 7.7535383212210585
-211.05504568534906 7.92520045363598
-213.11618963594773 8.288002214865523
-215.17733358654635 7.3240309934675265
-217.238477537145 8.129924567031386
-219.29962148774362 8.04410651631805
-221.36076543834227 7.503530967349574
-223.42190938894092 8.290831170720734
-225.48305333953957 7.933958206664238
-227.54419729013821 8.228214456295959
-229.60534124073683 7.81892536195058
-231.66648519133548 8.14257730273857
-233.72762914193413 8.312284023555057
-235.78877309253278 8.74794255343159
-237.8499170431314 7.409953313082347
-239.91106099373005 8.968532906468571
-241.9722049443287 9.36321798729878
-244.03334889492734 8.957655977485441
-246.09449284552596 8.673217364157782
-248.1556367961246 10.105806420333867
-250.21678074672323 8.623608754783763
-252.2779246973219 8.236925341693132
-254.33906864792053 9.607087698724694
-256.40021259851915 9.674564374550933
-258.4613565491178 9.09933571854668
-260.52250049971644 11.534555709104154
