# BEGINHEADER
# This file contains data from the SALSA 2m radio telescope.
# DATE=2021-12-04T07:43:0013
# GLON and GLAT given in degrees
# GLON=101.87656454906679
# GLAT=-0.01765989535065769
# DATA in two columns below. Col. 1 is velocity relative to LSR [km/s]. Col. 2 is uncalibrated antenna temperature [K].
# ENDHEADER
264.5241159074371 5.416271098695253
262.46297195683843 11.437900971008133
260.4018280062398 10.31152292840332
258.34068405564113 13.703330782232834
256.2795401050425 15.756370197123278
254.21839615444387 15.872639424986856
252.15725220384522 17.02197360463314
250.0961082532466 15.526017581432962
248.03496430264795 15.639123080329394
245.9738203520493 17.91445570062824
243.91267640145065 13.909142647298726
241.851532450852 16.847269016058977
239.79038850025339 19.78447936376769
237.72924454965474 19.484175046484058
235.6681005990561 20.104246183793553
233.60695664845744 19.234945615431993
231.54581269785882 18.311039500932555
229.48466874726017 20.044693935436825
227.42352479666155 19.20088104513763
225.36238084606288 20.003740803909267
223.30123689546426 20.7669732465613
221.2400929448656 19.14126777798121
219.178948994267 20.179244583848202
217.1178050436683 19.12028590566261
215.0566610930697 21.10778195720428
212.99551714247104 21.48184011509141
210.93437319187242 19.349175079826605
208.87322924127378 22.063532600916627
206.81208529067513 19.897182162976332
204.75094134007648 20.236912290069952
202.68979738947783 19.955704805435893
200.6286534388792 21.76064180099098
198.56750948828056 18.850801078508553
196.50636553768192 19.92550845064313
194.44522158708327 20.211695990366305
192.38407763648465 22.44440646643637
190.322933685886 20.266686755613623
188.26178973528735 19.713058503281385
186.2006457846887 21.23053275728043
184.13950183409008 20.593182585442023
182.07835788349144 20.52175780373465
180.01721393289282 20.926193247154856
177.95606998229414 20.869222543856605
175.89492603169552 20.736105515639725
173.83378208109687 22.059064672643963
171.77263813049825 20.832363490126102
169.7114941798996 20.363377187244577
167.65035022930093 18.702795267627568
165.5892062787023 18.737801392934035
163.52806232810366 20.7783626890207
161.46691837750504 20.84370707358818
159.40577442690636 21.96649322799607
157.34463047630774 19.910028475419633
155.2834865257091 21.251444893366415
153.22234257511047 19.3419472388722
151.16119862451183 18.353098450721415
149.10005467391318 21.639921128735285
147.03891072331453 21.435795271059902
144.9777667727159 21.20762551796158
142.91662282211726 21.55534234633483
140.85547887151864 20.33566297718133
138.79433492091997 20.64471862710655
136.73319097032135 18.674571448985688
134.6720470197227 20.554158946742117
132.61090306912408 21.61591633945847
130.54975911852543 20.19866966280742
128.48861516792678 17.890878806237108
126.42747121732813 18.820619588689997
124.3663272667295 18.40769685256082
122.30518331613085 19.724329146477128
120.24403936553222 19.611209987885474
118.18289541493357 20.320209158011913
116.12175146433493 19.513891270677025
114.0606075137363 18.132200419768616
111.99946356313765 21.45636930763234
109.93831961253902 20.019276529552428
107.87717566194036 18.218170338154078
105.81603171134172 17.27022808313559
103.75488776074307 17.80971533108325
101.69374381014444 19.891866635581465
99.6325998595458 19.398934322940836
97.57145590894716 17.19031173579662
95.51031195834852 16.221772113155403
93.44916800774988 19.08553347790392
91.38802405715124 19.851192474961653
89.32688010655261 20.433708556869863
87.26573615595396 18.620561941884507
85.20459220535533 18.26560036509393
83.14344825475668 17.878967850867276
81.08230430415804 16.626621212785032
79.0211603535594 18.463139552775843
76.96001640296076 16.535862362224123
74.89887245236213 18.130258019208206
72.83772850176348 17.945225595164768
70.77658455116485 16.159028595315167
68.71544060056618 15.181960127577929
66.65429664996755 17.898695651109968
64.59315269936891 15.459975129695104
62.532008748770274 14.77997542876796
60.470864798171625 15.948614749292515
58.409720847572984 16.6356125049087
56.34857689697434 16.095052486428358
54.28743294637571 15.67463278970953
52.22628899577707 15.82347750382753
50.16514504517843 15.116383282726954
48.10400109457979 14.421949695500784
46.04285714398115 13.710885175296916
43.98171319338251 13.92105013069434
41.92056924278387 14.773489294067
39.85942529218522 13.874398256427677
37.79828134158659 12.610227871182884
35.73713739098795 11.859001160615675
33.675993440389306 11.81116085364622
31.614849489790664 9.86380638322209
29.553705539192023 10.823446026266836
27.492561588593382 11.337889372017472
25.43141763799474 11.963479175785658
23.3702736873961 8.554318316043744
21.30912973679746 9.496825301544172
19.24798578619882 11.249644137214942
17.18684183560018 11.080371726836145
15.12569788500154 13.012049073653857
13.064553934402896 12.055355040476186
11.003409983804255 16.53329144007054
8.942266033205614 23.27704147480213
6.881122082606973 29.398213175400784
4.819978132008333 45.04725713759383
2.758834181409692 56.20421776840583
0.6976902308110515 62.77187821709954
-1.3634537197875893 72.1573861708238
-3.42459767038623 68.40216999891018
-5.485741620984871 62.14590885197979
-7.546885571583512 62.25019682396135
-9.608029522182152 53.19822163246214
-11.669173472780793 48.57591312427466
-13.730317423379432 46.64280176849965
-15.791461373978073 41.86559537852911
-17.852605324576714 44.038249041766804
-19.913749275175356 44.272444010781285
-21.974893225773993 44.13592558631976
-24.036037176372638 41.70343750870351
-26.09718112697128 36.70096058715358
-28.158325077569916 34.53534329393212
-30.219469028168557 33.5919110477757
-32.2806129787672 32.77289283091351
-34.341756929365836 36.62181256640382
-36.40290087996448 36.114246751736324
-38.464044830563125 35.13482194286309
-40.525188781161766 37.12226908266479
-42.58633273176041 38.57690344596492
-44.64747668235905 38.620159506808754
-46.70862063295768 43.27148434626101
-48.769764583556324 45.69109570448869
-50.83090853415497 49.494203396400806
-52.89205248475361 50.27905726538951
-54.953196435352254 47.820299527465075
-57.014340385950895 47.563018496225226
-59.075484336549536 46.86001107269518
-61.13662828714818 45.95096468922911
-63.19777223774682 45.92973926350241
-65.25891618834547 44.817384173490105
-67.3200601389441 41.985622162302214
-69.38120408954273 37.81136296377058
-71.44234804014138 32.74968465697547
-73.50349199074002 28.411708566561433
-75.56463594133866 21.946938662131622
-77.6257798919373 17.11062447832365
-79.68692384253593 16.180354024285073
-81.74806779313458 16.518899770571654
-83.80921174373321 12.623128996092028
-85.87035569433188 14.836304246712462
-87.93149964493051 13.819273694072711
-89.99264359552916 13.498354165212877
-92.0537875461278 16.52939241233128
-94.11493149672643 17.41254027850721
-96.17607544732508 19.292372792692845
-98.23721939792371 21.64706796035958
-100.29836334852236 16.696662969011584
-102.35950729912099 13.55225518345387
-104.42065124971963 13.72719899450049
-106.48179520031827 12.158859175635433
-108.54293915091691 10.330704244567736
-110.60408310151556 8.846578234559017
-112.66522705211419 9.234648577130663
-114.72637100271284 8.164819987756543
-116.78751495331147 6.439943737489674
-118.8486589039101 6.39881537703302
-120.90980285450875 5.721172021202308
-122.97094680510739 3.4101993004188467
-125.03209075570605 2.8951387122399734
-127.09323470630468 2.818048950291799
-129.15437865690333 2.9605229170059624
-131.21552260750198 3.12137158872706
-133.2766665581006 1.8370184031490722
-135.33781050869925 2.79627404384283
-137.39895445929787 1.504179079546104
-139.46009840989652 4.360212267226005
-141.52124236049517 1.6077877049982316
-143.5823863110938 0.9523098528183163
-145.64353026169246 0.624291077078375
-147.70467421229108 2.7216440689186716
-149.76581816288973 3.516556972995345
-151.82696211348838 1.6430605029129806
-153.88810606408703 3.501677924996777
-155.94925001468565 2.6056489520867228
-158.0103939652843 2.822427600198286
-160.0715379158829 1.3213642965859294
-162.1326818664816 1.6050931544870435
-164.1938258170802 0.27111439789822855
-166.25496976767886 2.016016444903359
-168.31611371827748 2.1161174420109545
-170.37725766887615 2.2694360493268166
-172.43840161947477 1.8931685545679224
-174.49954557007342 0.3343298154574089
-176.56068952067204 1.4690847594492884
-178.6218334712707 0.6428350717175512
-180.68297742186937 0.28650470574824716
-182.744121372468 2.138782229393615
-184.80526532306664 1.5576880885391324
-186.86640927366525 1.1712111664642502
-188.9275532242639 2.6882183939402347
-190.98869717486255 1.6970239035825356
-193.0498411254612 2.6353631143415632
-195.11098507605982 3.030631162252511
-197.17212902665847 3.762234880077683
-199.23327297725712 0.8237714792525511
-201.29441692785576 1.6912937338372984
-203.35556087845438 2.7422227027442463
-205.41670482905303 0.4404759679321627
-207.47784877965165 2.4172613370437808
-209.53899273025033 4.31692719974999
-211.60013668084895 2.07423730124826
-213.6612806314476 1.4791513066438415
-215.72242458204622 1.7381736194666464
-217.78356853264486 2.3908808062179983
-219.84471248324354 3.4098418900190617
-221.90585643384216 2.6295742068097487
-223.9670003844408 1.7227524747782115
-226.02814433503943 1.528553222491831
-228.0892882856381 2.4930478966239296
-230.15043223623672 0.5377674724705753
-232.21157618683537 1.7716219836549014
-234.272720137434 3.061017593785575
-236.33386408803264 1.0203801725680783
-238.3950080386313 2.1777263906751334
-240.45615198922994 2.0919910059266273
-242.51729593982856 4.091275406393187
-244.5784398904272 5.364777157311145
-246.63958384102582 4.401662158614334
-248.7007277916245 5.010477236399093
-250.76187174222312 6.529006035139913
-252.82301569282177 4.994772851562698
-254.8841596434204 6.872870198487353
-256.94530359401904 8.754809116268236
-259.0064475446177 6.845956710387997
-261.06759149521633 10.165252281890432
