# BEGINHEADER
# This file contains data from the SALSA 2m radio telescope.
# DATE=2021-11-28T11:26:0020
# GLON and GLAT given in degrees
# GLON=17.850789276796696
# GLAT=0.3027854535539715
# DATA in two columns below. Col. 1 is velocity relative to LSR [km/s]. Col. 2 is uncalibrated antenna temperature [K].
# ENDHEADER
265.0423024754881 -3.448338211241318
262.98115852488945 -7.475779762573269
260.9200145742908 -6.196256841882117
258.85887062369216 -7.092039694465786
256.7977266730935 -7.3809085039167135
254.7365827224949 -7.164645709289147
252.67543877189624 -6.906972625835402
250.61429482129762 -7.100858791786225
248.55315087069897 -8.377034344858524
246.49200692010032 -7.675299569896156
244.43086296950167 -7.747050525228983
242.36971901890306 -7.435722437334475
240.3085750683044 -7.119124072850772
238.24743111770573 -7.165759076667447
236.1862871671071 -8.78935537532094
234.12514321650846 -9.454816587888352
232.06399926590984 -7.341919951034035
230.0028553153112 -8.327372733190384
227.94171136471255 -8.778212563028502
225.8805674141139 -7.1424139169877545
223.81942346351528 -7.245719024809883
221.75827951291663 -7.415364416116647
219.697135562318 -7.830493281504519
217.63599161171933 -7.575370818041373
215.5748476611207 -7.745039297949128
213.51370371052207 -9.451031654818747
211.45255975992345 -7.169097362273111
209.39141580932477 -5.997583363659662
207.33027185872615 -6.421053217480071
205.2691279081275 -6.520381098585228
203.20798395752888 -8.53942336526875
201.14684000693023 -7.536461953683242
199.08569605633156 -7.576704098658896
197.02455210573294 -5.611026818316006
194.9634081551343 -6.551508797733518
192.90226420453567 -8.18358524724323
190.84112025393702 -6.353736312453388
188.77997630333837 -7.243815915488174
186.71883235273972 -7.743709320594308
184.6576884021411 -6.444870898856582
182.59654445154246 -5.673904117886629
180.5354005009438 -7.00562492306605
178.47425655034516 -7.60572049001972
176.41311259974654 -6.64589904226773
174.3519686491479 -7.276585241395438
172.29082469854927 -6.2242826448031225
170.2296807479506 -7.062775212282259
168.16853679735198 -6.572234663274341
166.10739284675333 -5.816685951592637
164.0462488961547 -6.687213932028678
161.98510494555606 -6.031205587488604
159.92396099495738 -6.71970049543264
157.86281704435876 -5.937178407373391
155.80167309376012 -5.960797473423203
153.7405291431615 -6.805242942281421
151.67938519256285 -6.184494938126889
149.6182412419642 -6.013004566045458
147.55709729136555 -5.037612024678045
145.49595334076693 -4.48767483377589
143.43480939016828 -5.653585739280301
141.37366543956963 -4.645373031828244
139.312521488971 -4.727826326091576
137.25137753837237 -3.5027895994303324
135.19023358777372 -4.224837623464992
133.1290896371751 -4.019896376635145
131.06794568657645 -3.3508443946916375
129.0068017359778 -4.449321193258748
126.94565778537915 -2.929715349234396
124.8845138347805 -2.8183371283965117
122.82336988418187 -1.3229049395969616
120.76222593358324 -3.8239520175590007
118.70108198298459 -3.1093169001455645
116.63993803238596 -1.0660123370076693
114.57879408178731 -1.796395925591121
112.51765013118867 -2.6689169043043055
110.45650618059003 -2.0009463217075303
108.39536222999139 -2.9766966453389005
106.33421827939276 -2.0082419251167116
104.27307432879411 -2.2968085881985663
102.21193037819546 -1.8467252386169395
100.15078642759681 -1.8214716032988736
98.08964247699818 -2.6475803433409073
96.02849852639955 -2.3097382885550766
93.9673545758009 -1.3660554195477048
91.90621062520226 -1.97129537971285
89.84506667460361 -2.0867387576786527
87.78392272400498 -1.6362291510336966
85.72277877340633 -0.8385519719910364
83.6616348228077 -0.5494483641099056
81.60049087220906 -0.8375207949290425
79.53934692161042 -1.462870285451106
77.47820297101178 -0.5065780215067006
75.41705902041313 0.11040784421554975
73.3559150698145 1.1066567268790968
71.29477111921585 3.267500948038738
69.23362716861722 2.867573317128188
67.17248321801858 3.4390471421393247
65.11133926741994 3.616896048583168
63.05019531682129 6.18813136082184
60.989051366222654 6.849668779644456
58.92790741562401 7.692126185217088
56.86676346502537 8.421476922215005
54.80561951442672 8.522353853378307
52.74447556382808 8.776159588421148
50.68333161322944 9.632745135702557
48.6221876626308 9.888668683076526
46.561043712032166 11.748550024743555
44.499899761433525 11.424090808932897
42.438755810834884 12.521071685900813
40.37761186023624 12.750563865417728
38.3164679096376 15.372375079016928
36.25532395903896 14.959214160593742
34.19418000844032 15.422569743372001
32.13303605784168 16.784539525663078
30.071892107243038 21.31189522301352
28.010748156644397 23.066765424347214
25.949604206045755 26.379218310961956
23.888460255447118 27.492992182181418
21.827316304848477 29.866882257277755
19.766172354249832 31.86027476309997
17.70502840365119 32.10957894220709
15.643884453052552 33.77240778951737
13.58274050245391 32.39864915606649
11.52159655185527 31.69419283952978
9.460452601256629 29.35464047532617
7.3993086506579875 31.477142629601992
5.338164700059347 30.692875183392417
3.2770207494607067 30.176039900867547
1.215876798862066 28.626516429554044
-0.8452671517365749 25.164307848214715
-2.9064111023352153 20.7332256871825
-4.967555052933856 16.037448183628758
-7.028699003532498 13.310073148019645
-9.089842954131138 11.913951111560602
-11.15098690472978 10.110815468046324
-13.212130855328418 9.283705284876385
-15.27327480592706 9.879580128471583
-17.334418756525704 9.473211123419418
-19.39556270712434 9.890049884296177
-21.456706657722982 9.05595435243009
-23.517850608321623 9.451221871865618
-25.57899455892026 8.062440547505076
-27.640138509518906 8.410609009332392
-29.701282460117547 6.239108396503299
-31.762426410716184 3.783386164277296
-33.82357036131483 3.360892863644676
-35.88471431191346 0.9603872720490805
-37.945858262512104 0.8666500390567712
-40.007002213110745 -0.7556785436968223
-42.06814616370939 -2.131329748380249
-44.129290114308034 -2.6850468902436613
-46.190434064906675 -2.5068573388157436
-48.251578015505316 -3.605773825416664
-50.31272196610395 -3.5940914170005467
-52.37386591670259 -2.7470212400289777
-54.43500986730123 -2.6808584781087985
-56.496153817899874 -3.738976285790725
-58.557297768498515 -3.6401434232908607
-60.618441719097156 -5.3326121191267735
-62.6795856696958 -2.47909421916205
-64.74072962029443 -3.8896754770813726
-66.80187357089308 -3.1965922615770417
-68.86301752149173 -2.589372678760892
-70.92416147209036 -3.808153640158864
-72.985305422689 -5.775156293277936
-75.04644937328764 -4.466199690166186
-77.10759332388628 -3.924171581282993
-79.16873727448493 -5.095367116327489
-81.22988122508356 -4.82103696550929
-83.2910251756822 -3.336891512655906
-85.35216912628084 -4.430385923077877
-87.41331307687948 -3.7950080646888913
-89.47445702747812 -5.486531349109544
-91.53560097807677 -2.925789223066546
-93.59674492867542 -4.005489125152507
-95.65788887927405 -4.436565018992102
-97.71903282987269 -4.8204130718662945
-99.78017678047134 -4.191361436751391
-101.84132073106997 -4.242886599773817
-103.90246468166862 -4.875930040030009
-105.96360863226725 -2.996088241664024
-108.0247525828659 -3.6108673285123034
-110.08589653346453 -3.3455591446097515
-112.14704048406317 -3.836150848112748
-114.20818443466182 -4.072733517380655
-116.26932838526045 -4.306959945486651
-118.3304723358591 -3.4605311567474772
-120.39161628645773 -3.94238259292971
-122.45276023705638 -3.6249620686651993
-124.51390418765502 -4.850660645712198
-126.57504813825365 -3.9436001084448997
-128.6361920888523 -3.3781174045415265
-130.69733603945093 -4.170595934811575
-132.75847999004958 -3.809908952215349
-134.81962394064823 -3.058889438485049
-136.88076789124685 -3.521841181302095
-138.9419118418455 -4.484874122062138
-141.00305579244414 -4.354749997130461
-143.0641997430428 -3.8557197131411916
-145.1253436936414 -3.6100130867057882
-147.18648764424006 -3.6062167960316143
-149.24763159483874 -2.0659879000991266
-151.30877554543736 -2.6601803740630916
-153.369919496036 -3.4828051482444278
-155.43106344663462 -3.698769334501549
-157.49220739723327 -3.92616386283813
-159.55335134783192 -4.691232767085221
-161.61449529843057 -4.1679285326259095
-163.6756392490292 -3.7301927252957214
-165.73678319962784 -3.3272848219132274
-167.79792715022646 -4.444970478205217
-169.85907110082513 -5.444488501532904
-171.92021505142375 -4.057186116970614
-173.9813590020224 -2.849480202973041
-176.04250295262102 -4.648707789234132
-178.1036469032197 -3.093863176116742
-180.16479085381832 -3.4563431757466803
-182.22593480441697 -3.783982377405867
-184.28707875501559 -4.485194278420071
-186.34822270561423 -4.1171125715648555
-188.4093666562129 -3.2169922054177373
-190.47051060681153 -3.0720246982252197
-192.53165455741018 -4.987833398024181
-194.5927985080088 -3.489004204500627
-196.65394245860745 -3.709291180250716
-198.7150864092061 -4.201048501875997
-200.77623035980474 -3.619548460745639
-202.83737431040336 -3.1201364994851764
-204.898518261002 -2.9590371929658157
-206.95966221160066 -4.101162101315974
-209.0208061621993 -3.359581595287226
-211.08195011279793 -3.4803087346712784
-213.14309406339657 -5.415124849870162
-215.2042380139952 -4.244541742707795
-217.26538196459387 -3.5200573604436336
-219.3265259151925 -4.395893095963026
-221.38766986579114 -3.3269712474722843
-223.44881381638976 -4.096205745782931
-225.5099577669884 -2.8424803100727947
-227.57110171758708 -4.283308744890266
-229.6322456681857 -3.244994340722346
-231.69338961878435 -3.9558353324305298
-233.75453356938297 -4.259979330970853
-235.81567751998162 -4.258009347343884
-237.87682147058027 -4.260311302761069
-239.93796542117892 -3.675959214938132
-241.99910937177754 -4.546271774343014
-244.06025332237618 -4.030436681375172
-246.12139727297483 -4.948229198738391
-248.18254122357348 -4.888665817533114
-250.2436851741721 -4.457375921096345
-252.30482912477075 -6.160626614082588
-254.36597307536937 -5.065688818454532
-256.427117025968 -5.108999496570848
-258.48826097656666 -5.203712664322274
-260.5494049271653 -5.628490200832633
