# BEGINHEADER
# This file contains data from the SALSA 2m radio telescope.
# DATE=2021-11-28T11:37:0016
# GLON and GLAT given in degrees
# GLON=38.84670200249221
# GLAT=0.2278671323584707
# DATA in two columns below. Col. 1 is velocity relative to LSR [km/s]. Col. 2 is uncalibrated antenna temperature [K].
# ENDHEADER
265.13557083009755 -3.4291973814223264
263.0744268794989 -7.802606960067139
261.01328292890025 -7.140086199017375
258.9521389783016 -8.85948856076036
256.89099502770296 -7.382498020645894
254.8298510771043 -8.7552424337596
252.7687071265057 -8.489052161224528
250.70756317590704 -6.794994096198895
248.64641922530842 -8.232250744841968
246.58527527470977 -8.110452108220834
244.52413132411112 -8.74913514722706
242.46298737351248 -6.902946319275068
240.40184342291383 -7.741341353924264
238.3406994723152 -8.095140442654637
236.27955552171653 -8.064238895665788
234.2184115711179 -9.044838198033744
232.15726762051926 -6.949351638982481
230.09612366992064 -8.40625511366213
228.034979719322 -9.206024485658812
225.97383576872335 -8.583387226532617
223.9126918181247 -9.800163082900745
221.85154786752608 -9.005776262011477
219.79040391692743 -8.171822668561079
217.7292599663288 -8.70652162475242
215.66811601573013 -8.923779896310087
213.60697206513152 -10.03955170623938
211.54582811453287 -8.085606374182808
209.48468416393425 -7.548477936042644
207.4235402133356 -8.132637440038552
205.36239626273695 -7.339863161026396
203.3012523121383 -8.51221475838407
201.24010836153965 -9.638824160722955
199.17896441094103 -7.433265337244411
197.11782046034236 -7.931873623805933
195.05667650974374 -7.854659298817619
192.9955325591451 -7.765171844599392
190.93438860854647 -8.246629895349024
188.87324465794782 -7.44735002307767
186.81210070734917 -7.142948006117589
184.75095675675053 -7.621348034686245
182.6898128061519 -5.950573349321864
180.62866885555326 -6.472961999302735
178.56752490495464 -7.415447914211199
176.50638095435596 -6.534094630869711
174.44523700375734 -5.417717865472649
172.3840930531587 -8.317805067161421
170.32294910256007 -7.335382967283024
168.2618051519614 -7.608521537988434
166.20066120136278 -7.51024045060962
164.13951725076413 -5.7937343736365206
162.07837330016548 -6.525900008080852
160.01722934956686 -5.427830393985434
157.95608539896818 -4.719497607986297
155.89494144836956 -6.9647666233022685
153.83379749777092 -5.945048277773514
151.7726535471723 -7.199618826252601
149.71150959657365 -6.173243607778978
147.650365645975 -5.541455548216543
145.58922169537635 -6.95811612407612
143.52807774477773 -6.554709911881597
141.46693379417908 -7.166109407794203
139.40578984358044 -6.098681453430961
137.3446458929818 -7.489007304529925
135.28350194238317 -6.158741665596952
133.22235799178452 -6.672037146762656
131.1612140411859 -4.72867505928569
129.10007009058725 -6.739303006129662
127.03892613998859 -6.749687938893621
124.97778218938996 -6.188976297556442
122.91663823879132 -5.92710192285957
120.85549428819267 -7.2839539558634145
118.79435033759404 -5.972494966363312
116.73320638699539 -4.929197490579483
114.67206243639676 -5.988614657547973
112.61091848579811 -6.005123323204591
110.54977453519948 -5.486193607625642
108.48863058460084 -4.966021993527507
106.42748663400218 -4.125747659372781
104.36634268340354 -5.318204056699072
102.3051987328049 -4.625657132877869
100.24405478220626 -5.697468781258522
98.18291083160761 -2.818721061971396
96.12176688100897 -1.4901102904799612
94.06062293041033 -0.5402281424072957
91.99947897981168 0.7886697658231417
89.93833502921305 2.097288529174406
87.87719107861442 4.689463982328538
85.81604712801577 5.9072285367730535
83.75490317741713 6.038060219077663
81.69375922681849 7.136534784733925
79.63261527621985 7.2243806021435475
77.5714713256212 8.440922654586789
75.51032737502257 11.543169529324933
73.44918342442394 11.360012064906597
71.38803947382529 14.060104465394003
69.32689552322665 13.35846818039466
67.26575157262799 15.342785155794848
65.20460762202936 17.45963345327027
63.14346367143072 19.396349513210332
61.08231972083208 21.043143306442406
59.02117577023344 20.717716450528368
56.96003181963479 20.267118940984528
54.89888786903616 20.26591923822681
52.83774391843752 19.596897334896653
50.77659996783888 19.673744341113892
48.715456017240236 18.950256508655144
46.654312066641594 19.80709334976615
44.59316811604295 20.752624057021375
42.53202416544431 23.38887553894962
40.47088021484568 25.630458552677226
38.40973626424703 26.88652854009534
36.34859231364839 27.978020371602057
34.28744836304975 29.0987919657934
32.22630441245111 28.669643251837666
30.16516046185247 27.888978458068667
28.10401651125383 28.915176643283395
26.042872560655187 27.444146027703987
23.981728610056546 24.97327531304219
21.92058465945791 23.45699965259452
19.859440708859267 25.02039111966138
17.798296758260626 25.891226616816514
15.737152807661985 27.89038373813318
13.676008857063346 25.928965093051467
11.614864906464703 27.730344033906487
9.553720955866064 30.11128455171809
7.492577005267423 29.653582590811673
5.431433054668781 29.149617181838355
3.37028910407014 24.425906972644608
1.3091451534714995 21.920806916267296
-0.7519987971271412 14.918977808650503
-2.813142747725782 7.160660903671391
-4.874286698324423 5.5047132303649065
-6.935430648923063 0.2459203190724789
-8.996574599521704 3.148053429923357
-11.057718550120343 -0.14957687163029185
-13.118862500718986 0.12418339434271185
-15.180006451317626 1.6858186280867011
-17.24115040191627 1.5056002454176682
-19.302294352514906 1.8986305377049164
-21.363438303113547 1.7624605159410272
-23.424582253712188 3.2943500989373007
-25.485726204310833 1.9718758570045498
-27.546870154909474 6.089287433795646
-29.608014105508115 6.72478365265913
-31.669158056106752 7.009770875718248
-33.730302006705394 8.307277324735596
-35.791445957304035 8.593591413126072
-37.85258990790268 7.575237903499533
-39.913733858501324 7.176466281817122
-41.97487780909996 8.150915226054122
-44.0360217596986 7.639995611880753
-46.09716571029724 5.935686001960454
-48.15830966089588 6.102658387531231
-50.21945361149452 6.180286642031687
-52.28059756209316 5.014286717950125
-54.341741512691804 5.301418730786233
-56.40288546329044 6.2060252730376195
-58.46402941388909 5.84270286580114
-60.52517336448773 2.629614172181362
-62.58631731508637 0.20171747339824075
-64.64746126568501 -0.8706228559665934
-66.70860521628364 -1.4986060665190357
-68.76974916688229 -2.4732140014122925
-70.83089311748093 -3.5526478103994816
-72.89203706807957 -4.177377836006461
-74.95318101867821 -1.866262785862012
-77.01432496927684 -4.580752717874059
-79.07546891987549 -3.83023643469758
-81.13661287047412 -5.983451044300427
-83.19775682107277 -5.185641113948476
-85.2589007716714 -3.814613912500456
-87.32004472227007 -3.4166017189672404
-89.3811886728687 -3.885326366399184
-91.44233262346734 -4.386929214441082
-93.50347657406599 -3.3755077754290723
-95.56462052466462 -4.264302651514658
-97.62576447526327 -3.792749510225211
-99.68690842586189 -4.8958870982369245
-101.74805237646054 -6.60082758609617
-103.80919632705917 -5.341775033463969
-105.87034027765782 -3.585312489525045
-107.93148422825645 -5.04266804336216
-109.99262817885509 -4.78981390205635
-112.05377212945373 -3.7721019389163812
-114.11491608005237 -3.9423042175360967
-116.17606003065102 -5.782564177390071
-118.23720398124965 -5.048683128448283
-120.2983479318483 -2.8657919963585177
-122.35949188244693 -3.8492551784230464
-124.42063583304557 -3.0922849304438524
-126.48177978364423 -4.238754407700193
-128.54292373424286 -4.203456312684459
-130.6040676848415 -5.752206812011237
-132.66521163544016 -5.077237788504824
-134.72635558603878 -4.84743678988388
-136.78749953663743 -3.7262980388527676
-138.84864348723605 -5.291545801867643
-140.9097874378347 -4.6732718799660855
-142.97093138843334 -4.436485662125302
-145.032075339032 -5.434478702567466
-147.09321928963064 -3.3491876475554663
-149.15436324022926 -3.395772145197183
-151.21550719082794 -4.932215549376459
-153.27665114142656 -4.430078826077034
-155.3377950920252 -5.107246795286273
-157.39893904262382 -3.405724069373535
-159.46008299322247 -4.873476065238182
-161.52122694382112 -4.840571061801343
-163.58237089441977 -3.87822595708121
-165.6435148450184 -5.442631193572924
-167.70465879561704 -3.991597644845666
-169.76580274621566 -4.621917426495991
-171.82694669681433 -3.23274585771279
-173.88809064741295 -5.035900954325298
-175.9492345980116 -5.083892932315938
-178.01037854861022 -4.79906983567699
-180.07152249920887 -5.2776146076859
-182.13266644980752 -3.080118973394738
-184.19381040040616 -3.1642447991514198
-186.2549543510048 -3.455576611929986
-188.31609830160343 -4.705516073233811
-190.3772422522021 -3.583400891786688
-192.43838620280073 -6.8721890382928965
-194.49953015339938 -5.189138608079404
-196.560674103998 -3.44430248044174
-198.62181805459664 -4.250671286275376
-200.6829620051953 -5.156606486073679
-202.74410595579394 -3.5124315027274693
-204.80524990639256 -1.6985451107957825
-206.8663938569912 -4.575720475117672
-208.92753780758983 -3.6070903353541053
-210.9886817581885 -4.159276204492451
-213.04982570878713 -2.790344701090772
-215.11096965938577 -4.384723659408104
-217.1721136099844 -4.363924412138828
-219.23325756058307 -5.558215463466992
-221.2944015111817 -3.5123977034428226
-223.35554546178034 -5.7978592516102125
-225.416689412379 -5.1827411194453825
-227.4778333629776 -4.285813826914425
-229.53897731357628 -5.1731825012889905
-231.6001212641749 -4.3144637072082865
-233.66126521477355 -3.4695216737622316
-235.72240916537217 -3.9712794354762555
-237.78355311597082 -3.759056822710561
-239.84469706656947 -3.5759908307454182
-241.90584101716811 -4.51337729522097
-243.96698496776673 -5.010244413501976
-246.02812891836538 -4.822533075070249
-248.08927286896403 -5.545280718087867
-250.15041681956268 -6.544901240462355
-252.2115607701613 -5.212435756646253
-254.27270472075995 -7.240695040415325
-256.33384867135857 -7.67673339953409
-258.3949926219572 -5.264619588898009
-260.45613657255586 -9.509436154044675
