# BEGINHEADER
# This file contains data from the SALSA 2m radio telescope.
# DATE=2021-12-05T09:53:0038
# GLON and GLAT given in degrees
# GLON=31.821573470723045
# GLAT=0.22761458487460356
# DATA in two columns below. Col. 1 is velocity relative to LSR [km/s]. Col. 2 is uncalibrated antenna temperature [K].
# ENDHEADER
267.93364978354685 0.7805966025618611
265.8725058329482 2.2919482027006017
263.8113618823496 3.450059751462783
261.7502179317509 3.9407347615889146
259.6890739811523 1.7426734804683102
257.6279300305536 2.3952986375227847
255.566786079955 2.91466129115519
253.50564212935637 5.212970190694686
251.44449817875773 4.581145420011533
249.3833542281591 4.574364295658905
247.32221027756043 3.2084020311668358
245.2610663269618 1.9190432091772183
243.19992237636316 3.068544321142792
241.13877842576454 4.282529619112969
239.07763447516587 6.526764218552987
237.01649052456725 5.144161352422278
234.9553465739686 6.048786755279865
232.89420262336995 2.8931040365346137
230.83305867277133 4.818250710500565
228.77191472217265 4.347357401984364
226.71077077157403 5.122509169396185
224.64962682097539 3.62128294155112
222.58848287037677 4.482049180175694
220.52733891977812 5.906588210322882
218.46619496917947 4.729997428505671
216.40505101858082 5.622607673646272
214.3439070679822 4.571546523837231
212.28276311738355 4.955892561902512
210.2216191667849 3.386225700802807
208.16047521618626 4.534562020408893
206.09933126558764 3.293722959539161
204.038187314989 4.338985304517736
201.97704336439037 3.9183021686927657
199.9158994137917 5.134470537074808
197.85475546319302 4.256639850579185
195.7936115125944 5.563566505232425
193.73246756199575 6.007183456874739
191.67132361139713 4.657935290028579
189.61017966079848 3.760393673075053
187.54903571019983 2.8681001559294166
185.48789175960118 4.581816809946927
183.42674780900256 2.9708404128524895
181.36560385840392 6.3735518272987255
179.3044599078053 4.900209648346755
177.24331595720662 2.704427756010494
175.182172006608 5.235190274485059
173.12102805600935 5.376261538630014
171.05988410541073 5.161137501570029
168.99874015481205 4.407620743609708
166.93759620421343 5.795251437339807
164.8764522536148 5.391846034413918
162.81530830301617 4.035165679975965
160.75416435241752 3.3445946512739506
158.69302040181884 3.8499909241458523
156.63187645122022 4.6164579578589935
154.57073250062157 2.907427081802996
152.50958855002295 5.922137424932289
150.4484445994243 4.908570482916682
148.38730064882566 5.081072266750536
146.326156698227 3.511024170047542
144.2650127476284 4.627081430907441
142.20386879702974 4.676802811708404
140.14272484643112 4.882127400292873
138.08158089583245 3.8256267673506184
136.02043694523383 4.553743252512934
133.95929299463518 5.324057087667855
131.89814904403656 4.8013476161183455
129.8370050934379 5.264430728656756
127.77586114283925 6.907471759716211
125.71471719224061 5.504302526869515
123.65357324164198 4.763894370807618
121.59242929104333 5.536009815518232
119.5312853404447 6.341693191666389
117.47014138984605 7.8708050636476585
115.40899743924741 7.124829058937828
113.34785348864877 9.672423380070986
111.28670953805013 14.15443429736663
109.2255655874515 16.005296023238188
107.16442163685285 17.23633382921074
105.10327768625422 21.716721559634433
103.04213373565557 23.948212752675893
100.98098978505692 24.9427813032721
98.91984583445827 28.52179799619693
96.85870188385964 28.90095071171097
94.797557933261 31.345854308159836
92.73641398266236 32.86541519809406
90.67527003206372 32.88984295158541
88.61412608146507 34.71518651295321
86.55298213086644 34.880116503824276
84.4918381802678 34.183767159375066
82.43069422966916 34.19124302783267
80.36955027907052 35.17727299208833
78.30840632847188 36.04060718217308
76.24726237787324 36.2537206307224
74.1861184272746 34.55597517743722
72.12497447667596 33.32372744718783
70.06383052607733 32.402226052357655
68.00268657547868 30.403377628878008
65.94154262488004 33.15776364866332
63.880398674281395 30.80343457954711
61.819254723682754 31.74591788139114
59.75811077308411 34.272133505173635
57.69696682248547 36.78268004745528
55.63582287188683 40.89928573596078
53.57467892128819 41.523310003498345
51.51353497068954 41.667115480823945
49.45239102009091 43.726202585830265
47.391247069492266 44.649330118653374
45.330103118893625 44.97132423943386
43.268959168294984 47.17234191414973
41.20781521769634 45.42185570819323
39.1466712670977 44.01735168980208
37.08552731649906 42.3757044627121
35.02438336590043 42.68509275710803
32.96323941530178 43.04898904041844
30.90209546470314 46.605904775937105
28.8409515141045 49.5763969661138
26.779807563505855 51.1463716798159
24.718663612907218 54.49573124379008
22.65751966230858 57.92844171002077
20.59637571170994 57.90654229918689
18.535231761111294 60.76965207185493
16.474087810512657 63.221874305219536
14.412943859914016 65.93835025740638
12.351799909315377 69.94093729778884
10.290655958716734 68.90567011915107
8.229512008118094 62.3898380592578
6.168368057519452 62.01956968632201
4.107224106920811 54.2536501724469
2.0460801563221707 55.92015441812328
-0.015063794276469962 48.44122485725142
-2.0762077448751106 39.53911106081408
-4.137351695473751 29.164822381484907
-6.1984956460723915 22.27200903902729
-8.259639596671034 18.038761837542474
-10.320783547269674 18.148614261242894
-12.381927497868313 17.796952716363254
-14.443071448466956 17.061262833986206
-16.504215399065597 17.52369410530201
-18.565359349664234 18.73291982183922
-20.62650330026288 20.431175053712092
-22.68764725086152 20.323353445186864
-24.748791201460158 18.898454489709604
-26.809935152058802 20.407986532810813
-28.871079102657443 20.942014704861528
-30.932223053256084 23.170993511933496
-32.99336700385472 20.216837251301694
-35.05451095445336 22.120940744252774
-37.115654905052004 21.270780107308905
-39.176798855650645 21.26208062548467
-41.237942806249286 21.351368657575602
-43.29908675684793 19.75078450937241
-45.360230707446576 19.225498945411744
-47.42137465804521 17.174315555768437
-49.48251860864385 15.500739462430964
-51.54366255924249 13.463842316065369
-53.60480650984113 12.335782114502981
-55.665950460439774 10.704301303397694
-57.727094411038415 6.895720706163181
-59.788238361637056 6.747815548033708
-61.84938231223569 5.874381970254468
-63.91052626283434 4.897088506041872
-65.97167021343299 4.06898158871154
-68.03281416403162 4.850655480797938
-70.09395811463025 2.129652498891757
-72.1551020652289 2.903325143601986
-74.21624601582754 2.5449431749074507
-76.27738996642618 2.9001398259492572
-78.33853391702482 1.986622466473589
-80.39967786762347 1.3524910343496674
-82.4608218182221 1.9187495342385972
-84.52196576882073 2.246803229409222
-86.58310971941938 2.0289419727621776
-88.64425367001802 2.0165398941281723
-90.70539762061667 1.2675108890243583
-92.76654157121531 2.6347293363891784
-94.82768552181395 1.290359240504048
-96.8888294724126 1.7407613309042729
-98.94997342301123 1.764216804307387
-101.01111737360988 0.054926982956932206
-103.07226132420851 3.586258872428565
-105.13340527480716 2.179324608107387
-107.1945492254058 0.26739888435055875
-109.25569317600443 1.3510831349987902
-111.31683712660308 0.20902855438426818
-113.37798107720171 1.593930965112076
-115.43912502780036 0.5786357961746189
-117.50026897839899 1.3741876581116077
-119.56141292899764 -0.1447816581153818
-121.62255687959627 1.368150477184638
-123.68370083019491 2.2280442505181712
-125.74484478079356 0.9128996548012649
-127.80598873139219 1.8699266330562296
-129.86713268199085 -0.3864583360858899
-131.9282766325895 0.2482239466254141
-133.98942058318812 0.20187034543500754
-136.05056453378677 0.9161653279355367
-138.1117084843854 -0.2540732941971842
-140.17285243498404 0.7070565755373166
-142.23399638558269 1.2223884819514381
-144.29514033618133 -0.5794829340953
-146.35628428677995 1.433560515557599
-148.4174282373786 0.7645685579766028
-150.47857218797722 0.46142686902217256
-152.5397161385759 1.0247368031836082
-154.60086008917455 0.5884445780147383
-156.66200403977317 1.223488642461211
-158.7231479903718 -0.05368508303354551
-160.78429194097046 1.1091730174276662
-162.8454358915691 0.20764513061879306
-164.90657984216773 0.22640334723402789
-166.96772379276638 -0.7405987989896631
-169.028867743365 -0.20157008298425427
-171.09001169396367 1.3762226293684927
-173.1511556445623 0.4821513849874339
-175.21229959516094 -0.1797467607878787
-177.27344354575956 -0.3680639555557177
-179.3345874963582 -1.2555762710193288
-181.39573144695686 -1.6372449500362285
-183.4568753975555 1.0397929649216344
-185.51801934815413 0.6755491620836258
-187.57916329875277 -0.6807573505978607
-189.64030724935145 -1.4758176256119713
-191.70145119995007 -0.33681635751376043
-193.76259515054872 0.04178390892342755
-195.82373910114734 0.929109646433651
-197.884883051746 -0.8220306336237939
-199.9460270023446 -0.21844804681807267
-202.00717095294326 1.1862381065034369
-204.06831490354188 -1.5570347385053178
-206.12945885414052 0.22593040990052837
-208.19060280473917 -0.9433229658261202
-210.25174675533782 -0.1328332017799628
-212.31289070593644 0.44327305600821465
-214.3740346565351 -0.6356112038571567
-216.43517860713374 -0.7588703686141846
-218.49632255773238 0.36684031344675944
-220.557466508331 -0.2877341142388713
-222.61861045892965 -0.8232235693021748
-224.67975440952827 -1.3951345965573176
-226.74089836012695 -0.7184908996436834
-228.80204231072557 0.6469245313999535
-230.86318626132422 -1.4636755922858495
-232.92433021192286 1.2441266796366497
-234.98547416252148 -0.8732886736750044
-237.04661811312016 -0.8696601033976106
-239.10776206371878 1.187921496688267
-241.16890601431743 0.43867217988085416
-243.23004996491605 0.5470928442441267
-245.29119391551473 -0.584410751876549
-247.35233786611334 -0.08369223208813953
-249.413481816712 0.4808542813731208
-251.4746257673106 -0.725057005818139
-253.53576971790926 1.333262223980723
-255.5969136685079 1.2853051561889621
-257.65805761910656 0.989194039772675
