# BEGINHEADER
# This file contains data from the SALSA 2m radio telescope.
# DATE=2021-11-27T22:15:0013
# GLON and GLAT given in degrees
# GLON=80.86221605387648
# GLAT=0.022438064601381078
# DATA in two columns below. Col. 1 is velocity relative to LSR [km/s]. Col. 2 is uncalibrated antenna temperature [K].
# ENDHEADER
265.2646681443016 2.325027579155584
263.20352419370295 6.190793560877221
261.1423802431043 5.23028733813074
259.08123629250565 5.061668887065312
257.020092341907 6.613303829486649
254.95894839130838 6.199818821616379
252.89780444070973 6.727995910593058
250.83666049011111 7.665281459895874
248.77551653951247 7.1283999041758435
246.71437258891382 7.024646310494019
244.65322863831517 6.469408946968932
242.59208468771655 7.705772655288597
240.5309407371179 8.676825892730488
238.46979678651925 8.262018142289824
236.4086528359206 7.9128538347878505
234.34750888532196 8.00813745901686
232.28636493472334 6.303047910249831
230.2252209841247 8.719657259999197
228.16407703352604 8.022807267075242
226.1029330829274 7.595231011514138
224.04178913232877 8.993627245437066
221.98064518173013 8.60610124357927
219.9195012311315 6.496592188252716
217.85835728053283 6.646278380847912
215.7972133299342 8.856855837312054
213.73606937933556 8.240856945510812
211.67492542873694 7.500479438880883
209.6137814781383 9.045223368448536
207.55263752753964 8.508925584925285
205.491493576941 7.127675799765663
203.43034962634238 8.880777992007816
201.36920567574373 8.794237181981828
199.30806172514508 9.316654328360613
197.24691777454643 8.206554014626168
195.18577382394776 9.036656186529193
193.12462987334914 8.253296596689875
191.0634859227505 7.4095948644252765
189.00234197215187 8.44698723113052
186.9411980215532 7.169700925956123
184.88005407095457 8.941439573251188
182.81891012035592 8.774456361362487
180.7577661697573 7.859272649606137
178.69662221915866 8.523225763820108
176.63547826856 9.164558292514041
174.57433431796136 8.274950499650753
172.51319036736274 9.404945439790415
170.4520464167641 8.689277866532462
168.39090246616547 8.706343636039714
166.3297585155668 8.375468615738786
164.26861456496815 8.049302166204383
162.20747061436953 9.420724718721086
160.14632666377088 8.173362268880586
158.08518271317226 7.481472989714698
156.02403876257358 9.100888088534845
153.96289481197496 7.4771730300159085
151.9017508613763 8.221731888026117
149.8406069107777 8.39213565196627
147.77946296017902 8.95374492154464
145.7183190095804 8.60905615056897
143.65717505898175 8.042641641449482
141.59603110838313 8.731059978530942
139.53488715778448 9.676033052435308
137.47374320718583 8.252404177711515
135.41259925658719 8.301568120867696
133.35145530598857 8.66887966354974
131.29031135538992 7.828268361073261
129.22916740479127 8.007393169718963
127.16802345419264 8.099620281966338
125.10687950359399 8.693554111023749
123.04573555299535 8.94792044010265
120.9845916023967 8.431892257672255
118.92344765179807 7.919210920370818
116.86230370119942 7.381826892567068
114.80115975060079 8.683126905243384
112.74001580000215 8.278370195461571
110.6788718494035 8.040357102395534
108.61772789880487 8.468691660352238
106.55658394820621 9.08052507778001
104.49543999760758 6.704104759091013
102.43429604700894 7.5612812201229955
100.3731520964103 8.363250360985287
98.31200814581166 8.261832254399389
96.25086419521303 8.19669935500057
94.18972024461439 7.8795561084814
92.12857629401574 7.358708789173875
90.06743234341711 8.198741156364958
88.00628839281846 8.228962636380295
85.94514444221983 8.130801488793052
83.88400049162118 7.444275241169496
81.82285654102255 7.137673598722766
79.76171259042391 7.507976784303771
77.70056863982526 6.834559948717081
75.63942468922663 7.281617151372244
73.57828073862798 6.923206116186667
71.51713678802935 6.017792344318882
69.4559928374307 7.027346519160515
67.39484888683205 7.80105953947644
65.33370493623342 6.529440623457603
63.272560985634776 6.393284733408295
61.21141703503614 6.57251840073928
59.1502730844375 6.910906756309672
57.08912913383885 9.175142402660711
55.02798518324021 7.306102697306683
52.96684123264157 7.44344149381925
50.90569728204293 6.525073129858183
48.84455333144429 7.539768267926322
46.783409380845654 7.527199730123235
44.72226543024701 7.397541387825691
42.66112147964837 8.205567432988714
40.59997752904973 9.12233258410576
38.53883357845108 9.085009611540837
36.47768962785244 8.550372630916472
34.4165456772538 10.099649431312823
32.35540172665517 11.046548902233951
30.294257776056526 12.26958007518135
28.233113825457885 14.143500252681669
26.171969874859244 17.588549082542816
24.1108259242606 21.74060537618537
22.049681973661958 30.80283900563885
19.988538023063317 38.81722558696521
17.92739407246468 56.65543763164296
15.866250121866036 76.22361431493918
13.805106171267395 97.803908581418
11.743962220668754 116.50960519874032
9.682818270070115 129.13404676482432
7.621674319471473 134.81466740349182
5.560530368872832 133.96167756668618
3.4993864182741916 131.77238872871843
1.4382424676755508 124.54734536820436
-0.6229014829230901 125.80953648948503
-2.684045433521731 123.17285651947552
-4.745189384120372 117.03808407527394
-6.806333334719012 109.99428733542489
-8.867477285317653 100.48089632641154
-10.928621235916294 88.33069367055869
-12.989765186514935 77.29536400877862
-15.050909137113575 64.58381457616727
-17.112053087712216 53.67926853496968
-19.173197038310857 47.56803624499263
-21.234340988909498 41.4744735070495
-23.295484939508135 41.130964049250466
-25.356628890106776 39.74248316618493
-27.417772840705418 38.08706059319601
-29.47891679130406 38.51734079949713
-31.5400607419027 41.49044110596011
-33.60120469250134 44.54690528791761
-35.662348643099975 45.22089507192133
-37.723492593698616 46.89229130951571
-39.784636544297264 47.44494213595669
-41.845780494895905 46.88529640553102
-43.906924445494546 48.501422752024624
-45.96806839609319 44.54201734240245
-48.02921234669183 40.3646994805984
-50.09035629729046 37.88543494506829
-52.1515002478891 31.964477011687954
-54.212644198487745 29.62932605974134
-56.273788149086386 31.692064275844743
-58.334932099685034 29.81526882314474
-60.396076050283675 31.864797056729085
-62.457220000882316 37.269096876574906
-64.51836395148095 40.93757231168632
-66.5795079020796 44.43900480829041
-68.64065185267823 46.48390079751521
-70.70179580327687 46.53155855642441
-72.76293975387551 46.996870071908624
-74.82408370447415 45.31917654435799
-76.8852276550728 40.22042650970882
-78.94637160567143 38.13588541827041
-81.00751555627008 35.10246451072052
-83.06865950686871 34.11487199090431
-85.12980345746735 32.3897920303886
-87.19094740806601 28.882566004735683
-89.25209135866464 26.34612557393055
-91.31323530926329 22.571378293821805
-93.37437925986193 19.622799914986288
-95.43552321046057 17.74398833579673
-97.49666716105921 14.586893437411913
-99.55781111165786 13.119688930189067
-101.6189550622565 11.06138965082852
-103.68009901285514 10.155129975992498
-105.74124296345377 9.485847122290185
-107.80238691405242 10.149992957149848
-109.86353086465105 8.828217031825512
-111.9246748152497 8.102678190174132
-113.98581876584834 7.4704460903926915
-116.04696271644698 6.415624529618867
-118.10810666704562 6.769123223659319
-120.16925061764425 4.87612628204703
-122.2303945682429 5.275538357674316
-124.29153851884153 4.646449792035242
-126.3526824694402 3.9508418801606107
-128.41382642003882 4.604618599593425
-130.47497037063746 5.009199506081583
-132.53611432123608 4.888494528898656
-134.59725827183476 4.332303430052282
-136.65840222243338 4.506138446248353
-138.71954617303203 3.34576684357485
-140.78069012363065 4.256335783480211
-142.84183407422933 2.803095102084649
-144.90297802482797 2.4504137840497187
-146.9641219754266 1.5224758265844016
-149.02526592602524 3.463430398366139
-151.08640987662386 3.6008025080429764
-153.14755382722254 3.3041065610429787
-155.20869777782116 1.9773108075896102
-157.2698417284198 2.6249824161250666
-159.33098567901843 2.337890728113811
-161.39212962961707 2.532121949376917
-163.45327358021572 2.991457166078543
-165.51441753081437 1.4993324516128754
-167.575561481413 3.2209190244139303
-169.63670543201164 3.1629314808166784
-171.6978493826103 3.523218815231877
-173.75899333320893 1.95738824265287
-175.82013728380755 1.8122198318130456
-177.8812812344062 1.5181022726974631
-179.94242518500482 2.0401535430058435
-182.0035691356035 1.711154304896749
-184.06471308620215 3.0764040078772874
-186.12585703680077 3.33671394015412
-188.18700098739941 1.0985573334113512
-190.24814493799803 2.2387675590042453
-192.3092888885967 1.5344108477093217
-194.37043283919533 2.4826628629803964
-196.43157678979398 1.1779558387412874
-198.4927207403926 1.7536886373289524
-200.55386469099125 2.192150680097098
-202.61500864158987 1.1517983261000315
-204.67615259218852 0.13927406118181435
-206.73729654278713 1.7136976270358433
-208.7984404933858 3.23040164254578
-210.85958444398443 2.617642844671238
-212.92072839458308 2.3282110826211437
-214.9818723451817 2.041195298335398
-217.04301629578035 1.4355484447607811
-219.104160246379 2.406027115952651
-221.16530419697764 1.6223788276974123
-223.22644814757626 1.4634587015275065
-225.2875920981749 1.5630951539086004
-227.3487360487736 2.7328820870060517
-229.4098799993722 2.3182880609930625
-231.47102394997086 2.8382125778790614
-233.53216790056948 1.7842149363192623
-235.59331185116812 2.453369204482255
-237.65445580176677 2.749691991597858
-239.71559975236542 1.9317929517747052
-241.77674370296404 1.5678024008339748
-243.8378876535627 2.398448571773719
-245.8990316041613 1.1647062030596922
-247.96017555475999 3.0724731914927674
-250.0213195053586 2.1782008028966873
-252.08246345595725 2.4669200197861763
-254.14360740655587 3.0867290233772793
-256.2047513571545 4.473997812915605
-258.26589530775317 4.253759722002895
-260.3270392583518 4.560315079788945
