# BEGINHEADER
# This file contains data from the SALSA 2m radio telescope.
# DATE=2021-11-27T22:11:0023
# GLON and GLAT given in degrees
# GLON=73.83212438409089
# GLAT=0.13242116025524261
# DATA in two columns below. Col. 1 is velocity relative to LSR [km/s]. Col. 2 is uncalibrated antenna temperature [K].
# ENDHEADER
265.2535052228082 2.630720164073556
263.1923612722096 5.266223445995092
261.13121732161096 4.786715061505439
259.0700733710123 5.395809399735836
257.00892942041366 6.442365873209934
254.94778546981505 6.948868008078618
252.88664151921643 6.7152159042291695
250.82549756861775 7.110036196245059
248.76435361801913 7.837273101228647
246.70320966742048 8.166611657996315
244.64206571682186 7.279322214406699
242.5809217662232 7.0228792665456155
240.51977781562456 7.26564449971218
238.45863386502592 7.7317469364701035
236.3974899144273 7.126864131807263
234.33634596382865 7.989532677631698
232.27520201322997 8.0106072919912
230.21405806263135 9.210021226992387
228.1529141120327 8.802755460375447
226.09177016143408 8.309480318755986
224.03062621083544 8.93716693624443
221.9694822602368 8.33379702716345
219.90833830963814 7.175090298620533
217.84719435903952 8.556592153947495
215.78605040844087 8.82493722792643
213.72490645784225 9.022792705754663
211.66376250724358 7.518896696343259
209.60261855664496 8.211260423826227
207.5414746060463 8.664659152008845
205.4803306554477 8.97776879764359
203.419186704849 9.424276676001535
201.3580427542504 8.95038899107295
199.29689880365174 8.942782474753535
197.23575485305315 9.029106664290598
195.17461090245448 8.355438066100483
193.11346695185583 7.912754554262561
191.0523230012572 8.56045684986644
188.99117905065856 9.196881527524145
186.93003510005994 8.168372013463213
184.86889114946126 9.10793956006249
182.80774719886264 8.336298631972591
180.746603248264 8.172219648545665
178.68545929766537 9.492348538709683
176.6243153470667 8.815327799515678
174.56317139646808 9.373729028977046
172.50202744586943 8.61367480245632
170.4408834952708 8.107274690605562
168.37973954467216 8.024932508680692
166.3185955940735 8.690675219309595
164.25745164347487 7.993324072986832
162.19630769287625 8.752950605427793
160.1351637422776 8.334549659461114
158.07401979167898 9.14888573181242
156.0128758410803 8.514320478284844
153.95173189048165 7.946826550514147
151.89058793988303 8.666145310224717
149.82944398928439 8.811535125518638
147.76830003868574 10.209828446061408
145.7071560880871 9.249813972543967
143.64601213748847 8.240522078720153
141.58486818688982 6.792735632953454
139.5237242362912 8.454163817930564
137.46258028569252 9.058250529442953
135.4014363350939 9.275546948617187
133.34029238449526 9.50566421427414
131.27914843389664 8.79434132251696
129.218004483298 8.736510502529788
127.15686053269934 9.5725744110586
125.09571658210069 7.719842664940505
123.03457263150206 7.772764011345551
120.97342868090341 8.436976614181006
118.91228473030478 8.159821184833463
116.85114077970614 7.93801491755924
114.7899968291075 9.066432067399976
112.72885287850886 8.785348815067504
110.66770892791021 7.331293132341857
108.60656497731158 9.126445438459125
106.54542102671293 8.287141662835698
104.4842770761143 9.712181842755832
102.42313312551566 7.617083110796062
100.36198917491701 9.186882585342765
98.30084522431837 9.874199652419355
96.23970127371972 8.58018589050035
94.17855732312107 6.88092327610348
92.11741337252244 9.427667745467364
90.05626942192379 8.26369570541465
87.99512547132515 7.251192769527902
85.9339815207265 7.9994235497999995
83.87283757012787 7.8777966161476165
81.81169361952924 7.591646531529271
79.75054966893059 8.22616665725512
77.68940571833195 7.411038468452022
75.6282617677333 8.717295846187337
73.56711781713467 8.064075059468744
71.50597386653602 8.387844974446905
69.44482991593739 8.267662934036998
67.38368596533876 7.06732720605215
65.32254201474011 8.422167180281567
63.26139806414147 7.887437426226657
61.200254113542826 7.557863364352025
59.139110162944185 8.451411033776099
57.077966212345544 7.75558057702598
55.0168222617469 8.870949385136768
52.95567831114826 7.752274187992369
50.89453436054962 7.338962050243067
48.83339040995098 8.400450265992895
46.77224645935234 8.833188893148495
44.7111025087537 8.161376418265784
42.649958558155056 7.932070946319942
40.588814607556415 8.731886410939195
38.527670656957774 8.767878307101007
36.46652670635914 10.9087445812548
34.4053827557605 11.086423712079233
32.34423880516186 13.976241510265343
30.283094854563213 14.016421959335085
28.221950903964572 17.86324338639575
26.160806953365935 23.1892591804861
24.09966300276729 27.698841692518588
22.03851905216865 34.723495869588106
19.977375101570008 45.43580891943812
17.91623115097137 59.0257836885102
15.855087200372727 75.70832788856242
13.793943249774088 94.44016153987535
11.732799299175447 114.04810660268771
9.671655348576808 130.29347175740017
7.610511397978166 140.04522190154108
5.549367447379526 143.52126740981615
3.4882234967808845 142.45127488694507
1.4270795461822432 130.70826471978378
-0.6340644044163974 128.65607338559292
-2.6952083550150383 118.07322891612773
-4.756352305613678 102.13394116222013
-6.817496256212319 88.21970921455387
-8.87864020681096 76.77672529867601
-10.9397841574096 67.6609902274738
-13.000928108008244 60.46555607357188
-15.062072058606883 53.979726557547714
-17.123216009205525 51.91358076701378
-19.184359959804166 48.29641804997787
-21.245503910402807 46.735162876788664
-23.306647861001448 46.21469380766478
-25.36779181160009 46.29528412163754
-27.42893576219873 44.44597581082795
-29.490079712797368 39.94247184410832
-31.55122366339601 35.29343075804198
-33.61236761399465 32.234330173520824
-35.67351156459329 31.12020783345468
-37.73465551519193 29.35944419954565
-39.79579946579057 28.096469947032226
-41.856943416389214 26.83701056600139
-43.918087366987855 25.338724110706814
-45.979231317586496 26.334460904759382
-48.04037526818514 25.7855043491347
-50.10151921878378 27.817908948509373
-52.16266316938242 31.05267162304772
-54.22380711998106 35.01867450980272
-56.2849510705797 37.11349862527637
-58.34609502117834 39.44828945866527
-60.40723897177698 40.769487785556706
-62.46838292237562 41.905137074040915
-64.52952687297426 44.788078470143255
-66.5906708235729 47.01695560993757
-68.65181477417154 48.99483846526659
-70.71295872477019 49.35820316558716
-72.77410267536882 49.630703040569294
-74.83524662596747 48.204623823737826
-76.8963905765661 46.34577465199636
-78.95753452716475 40.568105866477126
-81.01867847776339 35.7533872758318
-83.07982242836202 30.49719350094345
-85.14096637896067 25.20389538496982
-87.2021103295593 21.30934111209532
-89.26325428015795 16.656594069550184
-91.32439823075659 14.434097087350223
-93.38554218135523 12.644293384575661
-95.44668613195387 11.431890575249078
-97.50783008255252 10.190169237737914
-99.56897403315115 9.727868285885886
-101.63011798374978 8.821839999492223
-103.69126193434843 7.503743183550045
-105.75240588494707 7.874593796032022
-107.81354983554571 7.943690718813589
-109.87469378614435 9.043544108199697
-111.935837736743 8.767416513146614
-113.99698168734163 7.567948095960713
-116.05812563794026 6.273716531135141
-118.11926958853891 5.131599049175071
-120.18041353913755 6.203042854934048
-122.2415574897362 4.26094530522929
-124.30270144033483 4.872629925463136
-126.36384539093348 4.765969242840445
-128.42498934153213 4.96761139056235
-130.48613329213075 4.857307731077701
-132.5472772427294 4.734233654739904
-134.60842119332804 3.9021346411885864
-136.6695651439267 3.304390103542135
-138.7307090945253 2.5147815189515255
-140.79185304512396 3.4139124211932863
-142.85299699572258 3.735617009907037
-144.91414094632125 2.77084847076709
-146.97528489691987 3.353876339479457
-149.03642884751852 4.383014273460995
-151.09757279811714 3.454472804084533
-153.15871674871582 2.4320147371463254
-155.21986069931447 2.2320690195015738
-157.2810046499131 3.4895698917823403
-159.34214860051173 3.0798870837306187
-161.40329255111035 2.609348215784325
-163.46443650170903 1.8969714265149868
-165.52558045230765 2.646056539093507
-167.5867244029063 2.5787432076555423
-169.64786835350492 1.5090508120772308
-171.70901230410357 2.5365913137619516
-173.77015625470221 2.3794114550815815
-175.83130020530086 1.1734413376072161
-177.89244415589948 3.5457327752461723
-179.95358810649813 2.280187893184622
-182.01473205709678 0.898905733416575
-184.07587600769543 2.042506682990125
-186.13701995829405 2.351307205157612
-188.1981639088927 1.8392161576971395
-190.25930785949132 1.8343863037334631
-192.32045181009 2.5782686436030873
-194.38159576068864 1.809090181052782
-196.44273971128726 1.7019714133618047
-198.50388366188594 1.2950380022409482
-200.56502761248456 3.2044184680926575
-202.6261715630832 2.865123066389872
-204.68731551368185 1.3939534762778665
-206.7484594642805 2.4603182320090973
-208.80960341487912 1.6632774710997766
-210.87074736547777 2.748616807928053
-212.9318913160764 2.0892548556500783
-214.99303526667507 0.8992390772581769
-217.05417921727368 2.448997508333678
-219.11532316787233 1.8513666035491956
-221.17646711847095 2.017774407824508
-223.23761106906963 2.1910782811139566
-225.29875501966825 1.9460726984200238
-227.3598989702669 1.1783316394424328
-229.42104292086552 1.6823743425643551
-231.48218687146417 1.5588759510737378
-233.54333082206284 2.5599538561582866
-235.60447477266146 3.0048038540546185
-237.6656187232601 1.1863666453623267
-239.72676267385873 1.2337066755211752
-241.78790662445738 2.366617366677614
-243.84905057505603 1.5406473218137506
-245.91019452565467 2.667947586635991
-247.9713384762533 2.725605503006296
-250.03248242685194 2.660825142142742
-252.0936263774506 3.45969542038148
-254.15477032804924 1.7781665540880027
-256.21591427864786 3.9512194646303196
-258.2770582292465 2.7784823764078195
-260.33820217984515 3.8825723880431577
