# BEGINHEADER
# This file contains data from the SALSA 2m radio telescope.
# DATE=2021-11-27T22:18:0059
# GLON and GLAT given in degrees
# GLON=87.8821410926303
# GLAT=0.01777130812675098
# DATA in two columns below. Col. 1 is velocity relative to LSR [km/s]. Col. 2 is uncalibrated antenna temperature [K].
# ENDHEADER
265.33047647013285 3.886919490496504
263.26933251953415 6.606585780027537
261.20818856893555 5.160536524931994
259.1470446183369 5.66957592784475
257.08590066773826 6.586761868392825
255.02475671713964 7.24644854450248
252.963612766541 7.139747835414519
250.90246881594237 7.784001903180887
248.8413248653437 7.286850092504591
246.78018091474507 7.17516499375254
244.71903696414643 6.713302643992221
242.65789301354778 7.266329652404278
240.59674906294916 7.806831278623522
238.53560511235048 7.708477798106688
236.47446116175186 7.085773560802379
234.4133172111532 6.467964934809621
232.3521732605546 8.065660948629056
230.29102930995595 7.806101992697946
228.2298853593573 6.749748729582159
226.16874140875865 8.847998694066193
224.10759745816003 8.524765881360779
222.04645350756138 9.003918128714677
219.98530955696276 6.404346398352909
217.92416560636408 6.047635554241592
215.86302165576546 9.695723325933047
213.80187770516682 8.241997007605699
211.7407337545682 8.486743154598487
209.67958980396952 9.410366542131397
207.6184458533709 7.180286012685505
205.55730190277225 7.914023544388906
203.4961579521736 8.357480400540448
201.43501400157498 7.98813414452342
199.3738700509763 9.03957679270145
197.31272610037772 8.428447388103143
195.25158214977907 8.15066846417765
193.19043819918042 8.093828596167674
191.12929424858177 8.407151483206949
189.06815029798315 9.444024076452816
187.0070063473845 8.491886628927995
184.94586239678588 6.89910709768655
182.8847184461872 8.50375311471187
180.8235744955886 7.7193442961454375
178.76243054498994 8.061792300573055
176.70128659439132 7.5075190398929745
174.64014264379267 7.24464374713676
172.57899869319402 8.510671216421697
170.51785474259538 9.079032187423966
168.45671079199676 9.5221628799359
166.3955668413981 7.4346556081301465
164.33442289079946 8.580309024296701
162.2732789402008 8.55496942470662
160.21213498960216 8.405380363357686
158.15099103900354 8.693889698157996
156.0898470884049 7.9899709522706805
154.02870313780625 8.32846089421476
151.9675591872076 8.788784603728454
149.90641523660898 8.644556733028184
147.84527128601033 7.701727896416879
145.7841273354117 9.062065004794709
143.72298338481303 8.42459279882382
141.66183943421441 8.789792391325253
139.60069548361577 7.464620520542928
137.53955153301715 8.010437470519628
135.4784075824185 9.144284226946695
133.41726363181985 7.301385268791866
131.3561196812212 9.434585658742753
129.29497573062258 7.651766618462782
127.23383178002392 8.21061007151674
125.17268782942529 9.55662859652682
123.11154387882665 8.381221799160302
121.050399928228 7.556304482805463
118.98925597762937 7.53758494991384
116.92811202703072 8.56392038279716
114.86696807643209 8.447042764482047
112.80582412583344 8.283715529916837
110.7446801752348 8.100566692214647
108.68353622463617 7.326949031877976
106.62239227403751 7.6181140879191425
104.56124832343887 7.810035878627501
102.50010437284023 8.633899384265643
100.43896042224159 8.315302159909702
98.37781647164294 7.486275292054282
96.31667252104431 8.61497167597411
94.25552857044568 7.676225605122082
92.19438461984703 7.821764923520546
90.1332406692484 8.523461765871193
88.07209671864975 7.2710106891162
86.01095276805111 8.227538182368125
83.94980881745246 7.74154575610205
81.88866486685383 8.608311136440381
79.8275209162552 8.192993572508033
77.76637696565655 7.967058986010824
75.70523301505791 7.934405991415654
73.64408906445927 8.847819255716566
71.58294511386063 8.479607866064441
69.52180116326197 8.721327396729569
67.46065721266334 8.484541231510146
65.3995132620647 9.364260595236276
63.33836931146606 7.788816701280517
61.277225360867426 6.793939756823106
59.21608141026878 8.10026646947125
57.15493745967014 7.282984158453505
55.093793509071496 7.974572104693265
53.032649558472855 8.879882402135667
50.971505607874214 7.169848212938294
48.91036165727557 7.687981231255439
46.84921770667694 7.1771658944802645
44.7880737560783 6.423745569947047
42.72692980547966 8.326005896646915
40.66578585488101 8.549041092050455
38.60464190428237 7.641289291038312
36.543497953683726 8.891957638828421
34.482354003085085 8.110755839088096
32.42121005248645 6.90793391837575
30.36006610188781 8.672472605420648
28.29892215128917 10.1371130514319
26.237778200690524 11.498922490281448
24.176634250091883 12.11587707861091
22.115490299493242 13.435085801260751
20.0543463488946 17.98970600027752
17.993202398295963 23.177090032308
15.93205844769732 28.781869316268327
13.870914497098678 41.718580803386686
11.80977054650004 56.730171637570535
9.7486265959014 73.28192637141657
7.687482645302758 85.9522989314428
5.626338694704117 94.80507059022742
3.5651947441054763 98.64049184446822
1.5040507935068355 90.48922959190476
-0.5570931570918053 90.8747364247111
-2.618237107690446 87.14263146757156
-4.679381058289087 84.37591854821682
-6.740525008887728 81.67557744694753
-8.801668959486367 81.64460175400758
-10.86281291008501 79.6933741476115
-12.923956860683651 78.32994623991536
-14.985100811282292 75.17710940448562
-17.04624476188093 70.36954547090856
-19.107388712479572 64.40418092910659
-21.168532663078214 59.30869518174466
-23.229676613676855 52.94949823689828
-25.290820564275492 46.76867669194566
-27.351964514874133 43.261682170121254
-29.413108465472774 42.03021401925021
-31.474252416071415 41.06179770817921
-33.53539636667006 42.098335982936916
-35.59654031726869 46.56277507602561
-37.65768426786734 49.104668243866854
-39.71882821846598 52.82018562890941
-41.77997216906462 55.739677712646014
-43.84111611966326 53.4140060700729
-45.9022600702619 53.90302045982443
-47.963404020860544 51.08721351352601
-50.02454797145918 48.00138351405388
-52.08569192205782 45.06605901634145
-54.14683587265646 41.83454394624174
-56.20797982325511 41.38065931219271
-58.26912377385375 39.053471836949704
-60.33026772445239 36.58453707487623
-62.39141167505103 35.823515463063906
-64.45255562564967 38.14624660482649
-66.51369957624831 41.799075471178455
-68.57484352684695 44.54272673001821
-70.63598747744558 46.76049512604201
-72.69713142804423 49.52243757906468
-74.75827537864286 51.06551102602557
-76.81941932924151 51.45129033605564
-78.88056327984015 50.74450997834621
-80.9417072304388 48.63096161787103
-83.00285118103743 43.7870981349154
-85.06399513163606 40.99801178781562
-87.12513908223472 35.6803296067611
-89.18628303283336 31.348248737380857
-91.247426983432 28.96232063212369
-93.30857093403064 28.514972252588436
-95.36971488462929 27.62335194382564
-97.43085883522792 23.47758801774605
-99.49200278582656 20.712877221368633
-101.5531467364252 19.610864545148814
-103.61429068702384 15.657674067596389
-105.67543463762249 14.80493653048823
-107.73657858822112 12.996932799721584
-109.79772253881977 11.170530779392424
-111.8588664894184 10.503298054546923
-113.92001044001704 9.817785498285842
-115.98115439061569 9.246101740838201
-118.04229834121432 7.262611167414778
-120.10344229181297 6.959990686085942
-122.1645862424116 6.740471994992971
-124.22573019301026 5.613359816300646
-126.2868741436089 4.071776966449435
-128.34801809420753 5.1773147384882
-130.40916204480618 4.66738072275398
-132.4703059954048 4.254217755610355
-134.53144994600345 4.403515927051911
-136.5925938966021 5.102858072417193
-138.65373784720074 4.732755203029459
-140.71488179779936 3.5227624672979716
-142.776025748398 4.337613374688676
-144.83716969899666 4.450034522648231
-146.8983136495953 3.73153155092044
-148.95945760019396 4.354795270764511
-151.02060155079258 3.114068542808364
-153.08174550139123 2.053012258911153
-155.14288945198984 2.922940427966854
-157.20403340258852 3.4375306238214653
-159.26517735318714 2.468965437824372
-161.3263213037858 3.5828188993683776
-163.3874652543844 3.321613923856145
-165.4486092049831 3.503454057668899
-167.5097531555817 3.495626256483203
-169.57089710618035 3.1865271577484813
-171.63204105677897 2.6473044802759786
-173.69318500737762 2.8578300572178583
-175.75432895797627 3.463106954524245
-177.81547290857492 1.9384248938765387
-179.87661685917354 1.2507707574876494
-181.9377608097722 2.5008744613558522
-183.99890476037083 2.961476149013334
-186.06004871096948 2.2734438974759126
-188.12119266156813 3.1035422300659326
-190.18233661216675 2.5906666971666374
-192.2434805627654 3.219196913936007
-194.30462451336402 2.609589420513132
-196.3657684639627 2.113710859042412
-198.42691241456134 2.3216512339985327
-200.48805636516 1.984556177329937
-202.5492003157586 3.6058122420696463
-204.61034426635726 2.6262604832906216
-206.6714882169559 2.943184288412948
-208.73263216755456 3.176308268222825
-210.79377611815318 2.4159210314562896
-212.85492006875182 2.6385667615202144
-214.91606401935044 2.0301654064067605
-216.97720796994912 2.5461041447663875
-219.03835192054777 2.545439865341893
-221.0994958711464 2.0572787780550317
-223.16063982174504 3.2534424425699515
-225.22178377234366 2.4928467692845353
-227.28292772294233 3.3521505248320986
-229.34407167354095 1.9993557231347996
-231.4052156241396 1.8100854252720004
-233.46635957473822 2.050962257908799
-235.5275035253369 0.9383545593590251
-237.58864747593552 2.6811700317572713
-239.64979142653416 2.007228288513435
-241.71093537713278 2.088981772569179
-243.77207932773143 2.8751734898005448
-245.83322327833008 2.755957024989931
-247.89436722892873 3.8905995446727006
-249.95551117952735 3.324298129438789
-252.016655130126 3.175525323807888
-254.07779908072462 3.7868286369242736
-256.13894303132327 4.080684718700325
-258.2000869819219 4.584247010814697
-260.26123093252056 4.545881847947765
