# BEGINHEADER
# This file contains data from the SALSA 2m radio telescope.
# DATE=2021-12-04T08:31:0009
# GLON and GLAT given in degrees
# GLON=157.8624501524409
# GLAT=4.823346614030795
# DATA in two columns below. Col. 1 is velocity relative to LSR [km/s]. Col. 2 is uncalibrated antenna temperature [K].
# ENDHEADER
265.32388899096435 0.1766801814903674
263.2627450403657 2.2156124689217376
261.20160108976705 4.273326227426814
259.1404571391684 3.6997426691630553
257.07931318856976 4.262537464698248
255.0181692379711 4.286205374627605
252.95702528737246 5.2474735721021455
250.89588133677384 5.97005518168363
248.8347373861752 3.1786583347020136
246.77359343557654 4.014808860298481
244.7124494849779 6.427107679273536
242.65130553437928 5.438325342262279
240.59016158378063 5.395663116407782
238.529017633182 5.499153304414653
236.46787368258333 6.409924105040087
234.4067297319847 5.17222150433683
232.34558578138606 4.797711909436091
230.28444183078744 6.474378298797092
228.2232978801888 7.301184006650144
226.16215392959015 6.075486996937415
224.1010099789915 5.466970662227916
222.03986602839288 5.779967414445867
219.97872207779423 6.687266381598032
217.91757812719555 6.674156365356479
215.85643417659693 5.357653291753255
213.7952902259983 6.591874597144389
211.73414627539967 5.173264113795747
209.67300232480102 5.663981737795236
207.61185837420237 5.730367689151916
205.55071442360372 7.20357123218243
203.4895704730051 5.572164639453425
201.42842652240645 6.651525930889137
199.36728257180783 6.928899219274264
197.3061386212092 7.365515331564074
195.24499467061057 6.963377132741839
193.18385072001192 5.521800498822176
191.12270676941327 6.671832218522098
189.06156281881462 4.289577301496106
187.000418868216 6.368034130529547
184.93927491761735 4.078443466060172
182.87813096701873 6.985348419996984
180.81698701642006 5.14363657893316
178.75584306582144 5.205254633755878
176.6946991152228 7.29063458914334
174.63355516462414 6.749048473951552
172.57241121402552 5.761771936655018
170.51126726342684 5.578824540578934
168.45012331282823 6.756102375129899
166.38897936222958 5.509064756483428
164.32783541163096 4.153949921202526
162.26669146103228 5.503812125131001
160.20554751043366 4.019356544618855
158.144403559835 4.772565309873821
156.0832596092364 7.9756382619720085
154.02211565863774 5.85698896327919
151.9609717080391 4.271575682375577
149.89982775744045 5.421496968927547
147.83868380684183 5.9535487331256975
145.77753985624318 7.8284505790724825
143.71639590564456 6.455442542258144
141.65525195504588 5.3579034168391475
139.59410800444726 5.825136994287833
137.53296405384862 3.520452858955445
135.47182010324997 4.04965087157572
133.41067615265132 4.953835990285797
131.34953220205267 7.1476318911313035
129.28838825145405 6.517203493668425
127.22724430085542 5.37048958600628
125.16610035025677 4.566569341204663
123.10495639965814 4.761451557064575
121.04381244905949 4.598461227754989
118.98266849846084 4.824005022761637
116.9215245478622 4.835048059079697
114.86038059726356 5.713040990379415
112.79923664666492 6.653201996275316
110.73809269606627 7.160002076391877
108.67694874546764 5.288599050991303
106.61580479486899 3.9780716808811185
104.55466084427036 5.917171382975246
102.49351689367172 7.306715007891445
100.43237294307308 6.353449878008133
98.37122899247444 6.298851835355298
96.3100850418758 4.943728651952292
94.24894109127716 5.4847509041154
92.18779714067851 6.122882624702335
90.12665319007988 4.640321506149003
88.06550923948124 3.7846976879144565
86.0043652888826 5.350906473355909
83.94322133828396 5.905375677744048
81.88207738768531 4.619645500038123
79.82093343708667 3.86281239735417
77.75978948648802 5.113096535836184
75.69864553588938 3.9671541477088677
73.63750158529075 2.664442204723275
71.5763576346921 4.919900717235874
69.51521368409347 4.379590704781743
67.45406973349482 3.706597817958411
65.39292578289619 3.22353928528413
63.331781832297544 3.812062057766946
61.2706378816989 3.7233694967527335
59.20949393110026 4.648750573105156
57.14834998050162 4.9916675162735835
55.08720602990299 2.7021788710548362
53.026062079304346 5.258101823839844
50.9649181287057 4.053586953422926
48.90377417810705 3.868016299110341
46.84263022750841 3.0338203216288946
44.781486276909774 2.3084204534934725
42.72034232631113 3.802896611208482
40.65919837571249 3.7986584083199744
38.59805442511385 3.4099555488498883
36.53691047451521 2.254160816417524
34.47576652391657 2.3675007376691393
32.41462257331793 1.7712484563956883
30.353478622719287 2.3105639576292067
28.292334672120646 3.577095694479882
26.231190721522005 2.3441279470642105
24.170046770923367 2.4711179314979552
22.108902820324726 2.5841452140231107
20.047758869726085 3.104715245523148
17.986614919127447 2.114856195868077
15.925470968528805 4.077757219127176
13.864327017930163 5.827502407321346
11.80318306733152 10.607723511602492
9.74203911673288 16.37787385026341
7.680895166134239 23.63502021677937
5.619751215535598 32.184077449836806
3.5586072649369576 44.37716360483888
1.497463314338317 52.57054941093284
-0.5636806362603237 63.339801200350685
-2.624824586858965 69.43953641238909
-4.685968537457605 68.01321843012909
-6.747112488056246 63.81501355966084
-8.808256438654888 65.24523927115918
-10.869400389253528 62.32485088963686
-12.930544339852167 57.77841768673055
-14.991688290450808 52.17316731768123
-17.052832241049448 47.56748601990587
-19.11397619164809 43.47282430188006
-21.175120142246733 43.00593516087396
-23.23626409284537 43.67229969123848
-25.297408043444015 43.73766541790689
-27.358551994042653 45.11739204596625
-29.419695944641294 44.91403963940529
-31.48083989523994 45.569966934746034
-33.54198384583858 42.36466504169848
-35.60312779643722 36.731787446880126
-37.66427174703586 31.347654165089327
-39.725415697634496 27.686190350431744
-41.78655964823314 22.916427628888595
-43.84770359883178 20.29052755169942
-45.908847549430426 15.770043966804835
-47.96999150002907 14.755774807927901
-50.0311354506277 11.052080488313567
-52.09227940122634 9.420546220817222
-54.15342335182498 7.624094160067826
-56.21456730242362 6.91569697148599
-58.27571125302226 5.971213166778374
-60.3368552036209 5.722081320215879
-62.39799915421954 4.949775333308822
-64.45914310481818 1.339396317762051
-66.52028705541682 1.505259175379862
-68.58143100601546 1.5971496871599722
-70.6425749566141 1.5459672253973302
-72.70371890721275 3.8707597992075264
-74.7648628578114 0.07201400958432314
-76.82600680841003 0.8526533309814142
-78.88715075900868 1.4788580410084495
-80.94829470960731 1.801994834357859
-83.00943866020596 -0.1657886916972075
-85.07058261080459 0.38202918323751606
-87.13172656140324 0.9896300109122677
-89.19287051200187 -0.8510683979606805
-91.25401446260051 1.893420350466146
-93.31515841319916 0.14325172525180765
-95.37630236379779 -0.2708543015735971
-97.43744631439644 1.3433518941474116
-99.49859026499507 -0.2508854451192856
-101.55973421559372 1.006472073023968
-103.62087816619236 -0.2592406826202631
-105.68202211679099 0.058140321861754496
-107.74316606738964 1.6765051523485017
-109.80431001798827 -0.770707291350337
-111.86545396858692 -1.165808505838723
-113.92659791918557 -1.9916628818014082
-115.98774186978422 -0.2564090973970505
-118.04888582038285 0.3266564765958561
-120.11002977098148 0.22619894110914995
-122.17117372158013 1.7911383820330502
-124.23231767217877 2.9209235978400456
-126.29346162277741 0.30093758943003523
-128.35460557337603 0.21228346819691682
-130.41574952397468 0.48048825638265824
-132.47689347457333 0.6755068170896502
-134.53803742517198 -0.30070310192249156
-136.5991813757706 1.4030575970679344
-138.66032532636927 0.3722715132576224
-140.7214692769679 0.5170074300766795
-142.78261322756654 0.9218860249560238
-144.84375717816516 1.352301764029017
-146.9049011287638 -0.1702189005507034
-148.96604507936246 -0.24887562871007265
-151.0271890299611 0.48597867363858543
-153.08833298055973 1.6488262694493003
-155.14947693115838 0.40967333041847837
-157.21062088175702 0.8322687878895163
-159.27176483235567 -0.4212833965608861
-161.3329087829543 -0.7281659995962279
-163.39405273355294 -0.34200418753347
-165.45519668415156 -0.35627420387216063
-167.51634063475024 0.36432924206927597
-169.57748458534886 0.08341005384713561
-171.6386285359475 0.27031404351402544
-173.69977248654615 1.318499947184715
-175.76091643714477 -0.4236363782919059
-177.82206038774345 0.4418714308710855
-179.88320433834207 1.4293287174608513
-181.94434828894072 0.22073944812170432
-184.00549223953934 0.24318231341555935
-186.066636190138 0.9905085118529426
-188.12778014073663 1.3134844448946568
-190.18892409133528 -0.5291226242953878
-192.2500680419339 -0.23641259662424352
-194.31121199253255 1.0980343553243206
-196.3723559431312 1.222122280502725
-198.43349989372987 1.6632559905977065
-200.4946438443285 0.6043304139867481
-202.55578779492714 0.4593361276238241
-204.61693174552576 0.2553012166102907
-206.6780756961244 0.29586245825099405
-208.7392196467231 0.28990557518627263
-210.8003635973217 1.7983447747146604
-212.86150754792035 1.4042781748700568
-214.92265149851897 0.20052018540155617
-216.98379544911762 1.394960646682836
-219.04493939971627 0.7138148598440429
-221.10608335031492 -0.9647796707804883
-223.16722730091354 -0.2232683984936185
-225.2283712515122 -0.19288090356519733
-227.28951520211083 -1.1924530097249255
-229.35065915270948 -0.8871253928435574
-231.4118031033081 1.2579889078292628
-233.47294705390675 1.7088768183593293
-235.53409100450537 1.2430798330969828
-237.59523495510405 0.30192928503935085
-239.65637890570267 0.5740919776654786
-241.71752285630131 2.03835596546831
-243.77866680689993 -0.2508429272415283
-245.83981075749858 1.158545383968594
-247.90095470809726 2.063495047722415
-249.96209865869588 -1.317722891146772
-252.02324260929453 0.9101178305486767
-254.08438655989315 2.7158868359483046
-256.14553051049177 0.5632545601082095
-258.2066744610905 1.1768301888646486
-260.26781841168906 1.952119698163069
