# BEGINHEADER
# This file contains data from the SALSA 2m radio telescope.
# DATE=2021-12-05T10:06:0036
# GLON and GLAT given in degrees
# GLON=59.885433415309386
# GLAT=0.17418777838771984
# DATA in two columns below. Col. 1 is velocity relative to LSR [km/s]. Col. 2 is uncalibrated antenna temperature [K].
# ENDHEADER
266.78597105641694 1.5811942530426784
264.72482710581835 4.47669086980761
262.66368315521964 3.8456669815483546
260.602539204621 6.02511449466175
258.5413952540224 6.5887577670554105
256.48025130342376 5.07015625675864
254.4191073528251 5.808502114482803
252.3579634022265 5.963340702871095
250.2968194516278 6.0183722991276065
248.2356755010292 6.405905529326176
246.17453155043054 6.639428873163225
244.11338759983192 6.140386352491363
242.05224364923325 6.87163818143626
239.99109969863463 6.708725822122289
237.92995574803598 6.854710981478086
235.86881179743736 6.419976617589081
233.8076678468387 7.537048055913782
231.74652389624006 7.027108455015737
229.68537994564142 5.594290166100074
227.6242359950428 7.07023682719188
225.56309204444415 6.3774327653461125
223.50194809384553 6.615100262549161
221.44080414324685 7.920928309020273
219.3796601926482 6.976229680619442
217.31851624204958 6.397778365375532
215.25737229145093 7.215926505193204
213.1962283408523 5.597671493036968
211.13508439025364 5.738075342969506
209.07394043965502 7.830682529512278
207.01279648905637 7.575468253298121
204.95165253845775 5.543685176823226
202.89050858785907 6.439733082652305
200.82936463726045 8.47571785564819
198.7682206866618 6.432662981359105
196.7070767360632 6.136510394262314
194.64593278546454 7.573174631532503
192.5847888348659 7.429015331120666
190.52364488426724 7.49910525995665
188.46250093366862 7.198443885371543
186.40135698306997 7.830757645868852
184.3402130324713 5.746682553160264
182.27906908187268 5.898905436207034
180.21792513127403 6.517391969090186
178.1567811806754 6.400472079787828
176.09563723007676 5.618407002892237
174.0344932794781 6.622824084862512
171.97334932887946 6.04670312524036
169.91220537828085 5.663368111753491
167.8510614276822 5.320072446354943
165.78991747708358 7.506846595274801
163.7287735264849 7.586831373474565
161.66762957588628 6.883579122702075
159.60648562528763 7.536880782337497
157.545341674689 6.908997494569893
155.48419772409036 5.296400337118615
153.42305377349172 6.513219021491503
151.36190982289307 4.996792836645287
149.30076587229445 5.374473856211561
147.2396219216958 7.114947788571606
145.17847797109712 5.693714555281019
143.1173340204985 7.639437102124492
141.05619006989986 4.577797123094812
138.99504611930124 6.808230163974771
136.9339021687026 7.356311027958821
134.87275821810394 6.743403560586442
132.8116142675053 6.909872473510428
130.75047031690667 5.316866922965934
128.68932636630802 6.579541730384538
126.62818241570939 5.3732110843369565
124.56703846511074 6.763457993143473
122.5058945145121 5.781398441951762
120.44475056391346 7.304754412174176
118.38360661331481 5.532144062450131
116.32246266271618 4.880983053975697
114.26131871211754 6.787320541319432
112.2001747615189 5.957909186023296
110.13903081092026 4.544263692555839
108.07788686032161 6.421857650908802
106.01674290972298 6.002723306506241
103.95559895912433 6.059937044686774
101.8944550085257 6.641409118362463
99.83331105792706 5.462592001587447
97.77216710732843 5.329655915964478
95.71102315672978 6.510768212651113
93.64987920613115 5.1179060138878265
91.58873525553251 6.957215211597539
89.52759130493386 6.931084156174
87.46644735433523 6.233253906255999
85.40530340373657 6.295270379132356
83.34415945313793 5.380244151734043
81.28301550253929 5.385911366784692
79.22187155194065 6.141499781014066
77.16072760134202 6.319640278201882
75.09958365074337 6.156161630017969
73.03843970014474 7.721274606243846
70.97729574954609 5.8230235385457885
68.91615179894745 6.476911573700004
66.8550078483488 7.035496892479868
64.79386389775017 5.797144090684025
62.73271994715153 8.501497269482595
60.67157599655289 7.593212451505704
58.610432045954255 8.995035503098999
56.54928809535561 8.78551653161917
54.488144144756966 11.390630999413109
52.427000194158325 12.519503072050764
50.36585624355968 14.268655815736565
48.30471229296104 15.966418751893405
46.2435683423624 21.161939658449345
44.18242439176377 24.353811881246656
42.121280441165126 30.12109975839407
40.060136490566485 34.30159753752145
37.99899253996784 38.374393980271755
35.937848589369196 44.24985311865434
33.876704638770555 50.87010354931987
31.815560688171917 58.40529896599061
29.754416737573276 65.18446423657788
27.69327278697464 69.6294888608594
25.632128836375998 71.91530774723053
23.57098488577735 72.99210653169779
21.509840935178712 73.88691642549819
19.44869698458007 73.50077665499627
17.38755303398143 76.89904389026036
15.326409083382789 79.56561831497297
13.26526513278415 84.37011062049837
11.204121182185508 87.89581211485256
9.142977231586869 90.58077245763378
7.081833280988228 91.13939259538813
5.020689330389587 86.59626322204223
2.9595453797909452 70.7758768499159
0.898401429192305 67.93798208073721
-1.1627425214063358 62.67595003367306
-3.2238864720049767 54.052336336860414
-5.285030422603617 48.35073259534747
-7.346174373202258 42.4354533641378
-9.407318323800899 39.15195002039342
-11.468462274399538 33.91573454785912
-13.529606224998181 33.34419214200234
-15.590750175596822 29.587548196932826
-17.651894126195465 27.947691869467757
-19.713038076794103 24.447558585776054
-21.774182027392744 20.8847046167817
-23.835325977991385 19.745588503037094
-25.896469928590026 17.813097896695943
-27.957613879188663 15.728119875926922
-30.018757829787305 13.891534005092922
-32.079901780385946 12.757371865327457
-34.14104573098459 12.630566516068317
-36.20218968158323 12.245923519274024
-38.26333363218186 11.780711236123297
-40.32447758278051 12.028746877990972
-42.38562153337915 12.348713259098547
-44.44676548397779 13.375160683039338
-46.50790943457643 16.6848579437757
-48.569053385175074 21.54699984465107
-50.630197335773715 22.907341702731074
-52.69134128637235 28.564260933990354
-54.75248523697099 30.382024275315327
-56.81362918756963 32.534780088176596
-58.87477313816828 33.39073858788844
-60.93591708876692 36.97765517521677
-62.99706103936556 39.7756554303617
-65.0582049899642 37.49193952869963
-67.11934894056283 37.083371802791724
-69.18049289116149 34.7625491089633
-71.24163684176013 31.789362716773834
-73.30278079235876 28.2719024525619
-75.36392474295741 25.874535701564213
-77.42506869355604 24.674411008975312
-79.48621264415469 20.712854642278863
-81.54735659475332 17.356244926796926
-83.60850054535197 16.876261255071057
-85.6696444959506 13.826487854415452
-87.73078844654924 11.432604020123504
-89.79193239714789 10.124580932446326
-91.85307634774652 9.655516983774836
-93.91422029834517 9.497353730630545
-95.9753642489438 7.283795702237034
-98.03650819954245 7.245026628478193
-100.0976521501411 6.846185820907326
-102.15879610073974 5.1030512701112665
-104.21994005133838 5.195267132593292
-106.28108400193703 5.205105804645566
-108.34222795253567 4.163595683191135
-110.40337190313431 3.4575230025529886
-112.46451585373295 3.942966536465938
-114.5256598043316 1.9679807860431517
-116.58680375493023 3.8785159711409767
-118.64794770552888 3.8643673542647483
-120.70909165612751 4.315370106801683
-122.77023560672615 4.632898904589433
-124.8313795573248 4.542685608073034
-126.89252350792343 1.3450388901405423
-128.9536674585221 2.915276475094602
-131.0148114091207 2.452920590648571
-133.07595535971936 1.2053147527592907
-135.13709931031798 2.2628078549559776
-137.19824326091666 0.4062239517781461
-139.25938721151527 1.8526212364549695
-141.32053116211392 0.1540083738296738
-143.38167511271254 2.191528021192327
-145.44281906331122 0.9151220706661444
-147.50396301390984 2.178527701712234
-149.5651069645085 2.678034035377519
-151.6262509151071 1.828262177154005
-153.68739486570576 2.4252261370799135
-155.7485388163044 2.527324833000242
-157.80968276690305 1.8550935221045963
-159.87082671750167 2.9844172468347736
-161.93197066810032 2.6843431774731576
-163.99311461869894 1.1388423885996335
-166.05425856929762 0.1965125961694457
-168.11540251989626 2.1515506136453317
-170.17654647049488 1.6599890074342314
-172.23769042109353 1.350313524052266
-174.29883437169218 0.8459331493153903
-176.35997832229083 2.442683449546197
-178.42112227288945 2.5729699107456443
-180.4822662234881 1.3229223752663066
-182.54341017408672 2.1071204513866704
-184.6045541246854 2.226725186397675
-186.665698075284 2.26846390505345
-188.72684202588266 2.1841393610461814
-190.78798597648128 1.9505045937380274
-192.84912992707993 1.662495700679196
-194.91027387767858 2.059519310439157
-196.97141782827723 2.4936805254000065
-199.03256177887584 1.1969192773046775
-201.0937057294745 1.0568072334374392
-203.15484968007317 1.140003780217578
-205.2159936306718 1.6997161263982454
-207.27713758127044 -0.3312648058904188
-209.33828153186906 0.7589958061411539
-211.3994254824677 2.0326788391201935
-213.46056943306635 -0.7879573875265833
-215.521713383665 1.2823027018016664
-217.58285733426362 1.2610053109598556
-219.64400128486227 2.874921861397016
-221.7051452354609 2.341070583330561
-223.76628918605957 1.1404042175106817
-225.8274331366582 0.9464492783075236
-227.88857708725683 0.7668336043282505
-229.94972103785545 1.812965723199807
-232.0108649884541 -0.5474354200711183
-234.07200893905275 0.4414526737284296
-236.1331528896514 1.8902669281101432
-238.19429684025002 1.4591965104206694
-240.25544079084867 1.4693736501197174
-242.31658474144734 2.056676494638938
-244.37772869204596 1.0219698527507157
-246.4388726426446 2.716396020617209
-248.50001659324323 4.016143352673271
-250.56116054384188 3.194326996434487
-252.62230449444053 1.9754897386738712
-254.68344844503918 2.491640133112477
-256.7445923956378 1.0670759540294352
-258.8057363462364 3.6816536532731687
