# BEGINHEADER
# This file contains data from the SALSA 2m radio telescope.
# DATE=2021-12-04T08:57:0024
# GLON and GLAT given in degrees
# GLON=6.879911635246331
# GLAT=20.30014768283774
# DATA in two columns below. Col. 1 is velocity relative to LSR [km/s]. Col. 2 is uncalibrated antenna temperature [K].
# ENDHEADER
278.9298720126652 -4.78434748941143
276.8687280620666 -7.584520350092755
274.8075841114679 -4.350355839596657
272.7464401608693 -4.810643351850235
270.6852962102707 -4.251378924283289
268.62415225967203 -5.443302065971289
266.5630083090734 -3.873948053229547
264.50186435847473 -5.8172681498641605
262.4407204078761 -2.3485761654619917
260.3795764572775 -2.4314704613100915
258.31843250667885 -4.528308291932746
256.2572885560802 -3.4119880581650546
254.19614460548155 -3.5237512678569263
252.1350006548829 -3.4273702677764257
250.07385670428428 -5.106110633574925
248.0127127536856 -1.149657866572315
245.95156880308696 -3.158058783566222
243.89042485248834 -1.7197583602549251
241.8292809018897 -3.163325513859044
239.76813695129107 -3.2720536605929156
237.7069930006924 -2.262115163988348
235.64584905009377 -3.495151563517619
233.58470509949512 -2.735995491729551
231.5235611488965 -3.365606661553099
229.46241719829786 -3.1602115993368
227.4012732476992 -3.2780029314317276
225.34012929710056 -1.9332445156712492
223.27898534650194 -1.5553569359386332
221.2178413959033 -0.6958430935622257
219.15669744530467 -2.3862391630948827
217.095553494706 -2.7319289970229814
215.03440954410738 0.58716130504082
212.97326559350873 -3.1929586558579888
210.91212164291008 -1.4958160862571013
208.85097769231143 -2.0251876142273963
206.78983374171278 -2.5498589210463742
204.72868979111416 -3.5917534051145945
202.66754584051552 -1.2836353539409826
200.6064018899169 -1.1138758757680958
198.54525793931822 -0.6151016315983913
196.4841139887196 -3.5359570166946632
194.42297003812095 -1.6943372235073548
192.36182608752233 -0.2758105789180188
190.30068213692368 0.6703548132456745
188.23953818632503 -0.3270405287216136
186.1783942357264 -0.9506873269349875
184.11725028512777 -0.48988163626233006
182.05610633452912 -0.7616839461882112
179.99496238393047 3.0544020651928885
177.93381843333182 1.3992615242718878
175.8726744827332 0.7658919403626786
173.81153053213455 0.42003912713304414
171.7503865815359 0.6901141083397845
169.68924263093726 2.3209101788091573
167.6280986803386 2.361418981136155
165.56695472974 1.3797759333849648
163.50581077914134 -1.185963761531421
161.44466682854272 1.284091878582552
159.38352287794405 -1.1953410576925194
157.32237892734543 0.5404217912907565
155.26123497674678 1.1733204312509562
153.20009102614816 -0.9056140869803059
151.13894707554948 -0.7853260761472184
149.07780312495086 2.603715085635912
147.0166591743522 -0.0015819343110094627
144.9555152237536 -1.9042916711863551
142.89437127315495 0.5561412507245143
140.8332273225563 2.807729594458484
138.77208337195765 2.0524191884510095
136.71093942135903 0.5921698740062062
134.64979547076038 -0.4255478402980315
132.58865152016173 -0.08114192062817956
130.52750756956308 0.8277132467077435
128.46636361896444 -1.1866025875049542
126.40521966836582 1.102882715493293
124.34407571776717 0.710130330029951
122.28293176716853 1.4429406672045741
120.2217878165699 -2.1488204110441957
118.16064386597125 -0.621306678270148
116.09949991537262 1.0519277322078329
114.03835596477396 -1.3567046667422682
111.97721201417532 -1.5229094435474078
109.91606806357667 -1.7582598357220183
107.85492411297804 -0.7240828807936882
105.7937801623794 -4.049215884404055
103.73263621178076 -2.5389493953255506
101.67149226118212 -1.2633431658735619
99.61034831058348 -1.0494837160964867
97.54920435998483 -0.35936967340162856
95.4880604093862 0.6076403509873243
93.42691645878755 -1.2220113949803335
91.36577250818891 -0.3571148085830981
89.30462855759026 0.2380606783324995
87.24348460699163 -2.3682278022740855
85.182340656393 -0.044876295643247265
83.12119670579435 0.2254633657990097
81.06005275519571 0.13510973977810764
78.99890880459706 -0.8629832533792665
76.93776485399843 0.10961239411262678
74.87662090339977 -1.5564338196816807
72.81547695280113 -1.7563838046118914
70.7543330022025 0.6156003001311816
68.69318905160385 -3.1275075934558303
66.63204510100522 -1.6241046154940817
64.57090115040658 0.7532484241465377
62.509757199807936 -0.6565437179704576
60.448613249209295 -2.448506913934333
58.387469298610654 -0.16269385730039612
56.32632534801201 -3.3387515535523784
54.26518139741337 -4.079954653508863
52.20403744681474 -1.1917287726170602
50.1428934962161 -3.303502769499316
48.081749545617456 -0.7367271154689725
46.02060559501881 -2.2986801459604758
43.959461644420166 -1.8708302859074002
41.898317693821525 -1.7287466119478898
39.837173743222884 -0.31225179729323244
37.77602979262425 -2.901396857162903
35.71488584202561 -0.7111060222130213
33.65374189142697 -3.879629736590912
31.592597940828323 -2.9929203432047435
29.531453990229682 -0.26081899977329925
27.470310039631045 -3.2278227132554114
25.409166089032404 -3.036277010093664
23.34802213843376 -0.8037074799059271
21.28687818783512 -0.3814686635822373
19.22573423723648 1.6812177669318105
17.16459028663784 0.42314375155767403
15.103446336039198 1.7361931279456255
13.042302385440559 4.4726925823211525
10.981158434841916 9.698880505156444
8.920014484243277 15.264133780964102
6.858870533644636 22.857209586333415
4.797726583045995 30.60008403758757
2.7365826324473543 34.591986576418236
0.6754386818487136 36.662523124628336
-1.3857052687499272 31.566023995735154
-3.4468492193485676 19.916922948301824
-5.507993169947208 9.40586616618915
-7.56913712054585 5.178470323182898
-9.630281071144491 -0.03853466089642011
-11.69142502174313 -0.9088203965354366
-13.752568972341773 -4.103845466337894
-15.813712922940413 -3.4073490651309952
-17.874856873539056 -4.196015822117146
-19.936000824137693 -4.665611832974922
-21.997144774736334 -5.559677930956774
-24.058288725334975 -5.681107345319405
-26.11943267593362 -6.054144597100565
-28.180576626532257 -6.891858608608663
-30.2417205771309 -8.040002775431498
-32.30286452772954 -6.209559502834182
-34.36400847832818 -6.8505774071843435
-36.42515242892682 -8.555552217017283
-38.48629637952546 -8.054014254684818
-40.547440330124104 -7.775045007005901
-42.608584280722745 -8.22722725153914
-44.66972823132138 -7.867026667825463
-46.73087218192002 -8.400305225584555
-48.79201613251866 -7.7004063908756075
-50.85316008311731 -8.05279163068793
-52.91430403371595 -9.838729654498163
-54.97544798431459 -8.483480328113703
-57.03659193491323 -9.648148075441844
-59.09773588551187 -8.923428796183257
-61.15887983611051 -7.356443591023814
-63.22002378670915 -8.574060709211835
-65.2811677373078 -9.628135849224963
-67.34231168790643 -9.649817037704741
-69.40345563850506 -13.323383355808199
-71.46459958910371 -10.180682685611869
-73.52574353970235 -6.643262521969523
-75.586887490301 -9.421572650531674
-77.64803144089963 -9.647504860327505
-79.70917539149828 -10.33034586960983
-81.77031934209693 -9.641777326008912
-83.83146329269556 -10.432494526041388
-85.89260724329421 -8.953330385966664
-87.95375119389284 -11.179874378716207
-90.01489514449149 -10.893607867442606
-92.07603909509012 -11.962980599891443
-94.13718304568876 -10.678103869443005
-96.1983269962874 -10.08222077482608
-98.25947094688604 -13.069637952057596
-100.32061489748467 -10.793146253778513
-102.38175884808331 -12.447296125527044
-104.44290279868196 -11.202104619822373
-106.50404674928059 -10.676179046593328
-108.56519069987924 -10.47920780316275
-110.62633465047787 -10.780335687186017
-112.6874786010765 -12.860633426873875
-114.74862255167515 -10.491640815185498
-116.80976650227379 -10.865285670283074
-118.87091045287245 -12.560929755967383
-120.93205440347108 -12.816279039443534
-122.99319835406973 -12.391557175461188
-125.05434230466837 -12.142136786274081
-127.115486255267 -12.306088016767303
-129.17663020586565 -12.73045385522208
-131.2377741564643 -13.620805468013591
-133.29891810706292 -13.3587843489959
-135.36006205766157 -13.361823992848992
-137.4212060082602 -13.02914632434965
-139.48234995885886 -12.547465985358476
-141.5434939094575 -12.270392847780114
-143.60463786005613 -11.602701537791553
-145.66578181065478 -12.326747903045549
-147.7269257612534 -13.06496696242033
-149.78806971185207 -13.976441705453729
-151.8492136624507 -14.459647196683127
-153.91035761304934 -13.698984077001667
-155.97150156364796 -13.773915028155162
-158.0326455142466 -14.634852016013582
-160.09378946484526 -14.40719476648987
-162.1549334154439 -12.79669298247717
-164.21607736604253 -12.182154659440256
-166.27722131664117 -12.016066718104518
-168.3383652672398 -11.942979097173131
-170.39950921783847 -14.33989394136891
-172.4606531684371 -12.056156443881823
-174.52179711903574 -12.233052961499135
-176.5829410696344 -12.899621630468436
-178.64408502023304 -12.006803063161946
-180.70522897083168 -11.9561460666049
-182.7663729214303 -12.742972637915093
-184.82751687202895 -10.163026946386585
-186.88866082262757 -12.244165400525342
-188.94980477322625 -11.652331671224667
-191.01094872382487 -11.601659656716022
-193.07209267442352 -10.472449143564683
-195.13323662502214 -11.978362364698821
-197.19438057562078 -11.065757327337023
-199.25552452621943 -9.684524050409937
-201.31666847681808 -10.281486670375156
-203.3778124274167 -10.902512023171276
-205.43895637801535 -13.387991300905808
-207.500100328614 -11.69204014029034
-209.56124427921264 -10.570893358554235
-211.62238822981126 -10.290582421829653
-213.6835321804099 -10.627306294054137
-215.74467613100856 -8.916783228531768
-217.8058200816072 -10.859093926480279
-219.86696403220586 -9.552595577411182
-221.92810798280448 -12.322527528336709
-223.98925193340312 -10.073703630284658
-226.05039588400174 -10.254443159682477
-228.11153983460042 -10.87339992119094
-230.17268378519904 -7.685037375785598
-232.2338277357977 -12.060280766608411
-234.2949716863963 -8.248773129517652
-236.35611563699499 -9.656906898331133
-238.4172595875936 -9.60852012685741
-240.47840353819225 -9.017304078798874
-242.53954748879087 -9.216901009219367
-244.60069143938952 -7.633888910890299
-246.66183538998817 -11.174173212165718
