# BEGINHEADER
# This file contains data from the SALSA 2m radio telescope.
# DATE=2021-11-28T11:30:0007
# GLON and GLAT given in degrees
# GLON=24.88326859582931
# GLAT=0.21953213416776768
# DATA in two columns below. Col. 1 is velocity relative to LSR [km/s]. Col. 2 is uncalibrated antenna temperature [K].
# ENDHEADER
265.03986798671104 -5.881357542624858
262.97872403611245 -11.733249019904441
260.9175800855138 -12.206205509457735
258.85643613491516 -12.9144719755064
256.7952921843165 -11.480051869398988
254.73414823371786 -13.629197392556087
252.67300428311924 -12.910634803650332
250.61186033252056 -11.6919762344412
248.55071638192194 -14.08702606745258
246.4895724313233 -15.521865860652149
244.42842848072468 -13.776940133099178
242.36728453012603 -12.356980800193982
240.30614057952735 -12.015592805222973
238.24499662892873 -13.69268672778872
236.18385267833008 -12.20828380439965
234.12270872773146 -12.866419850996328
232.06156477713282 -12.94398209806066
230.00042082653417 -12.960569188890952
227.93927687593552 -14.229997361472387
225.8781329253369 -11.475072096902059
223.81698897473825 -12.602989445725145
221.7558450241396 -13.454251530882111
219.69470107354095 -13.593008280046742
217.63355712294234 -13.904326808694831
215.5724131723437 -13.164109324868518
213.51126922174507 -13.411303124675552
211.4501252711464 -12.467816405162676
209.38898132054777 -13.678845589229569
207.32783736994912 -11.84664169173321
205.2666934193505 -12.505248651816109
203.20554946875185 -13.745428805855541
201.14440551815318 -12.972632721461549
199.08326156755456 -12.073156204805374
197.0221176169559 -12.931803216705942
194.9609736663573 -10.821485997604315
192.8998297157586 -12.072170223632494
190.83868576516 -13.524992175687064
188.77754181456135 -11.97875167415901
186.71639786396273 -12.266349656691306
184.65525391336408 -12.51188260660892
182.59410996276543 -12.511951716420333
180.53296601216678 -12.287219042513785
178.47182206156816 -11.977858792093189
176.4106781109695 -12.088104258243481
174.3495341603709 -12.454301710715402
172.28839020977222 -12.356461870914904
170.2272462591736 -14.18084031420838
168.16610230857495 -10.39991018532011
166.10495835797633 -12.33278684305046
164.04381440737768 -12.28172108196933
161.982670456779 -12.89485464767419
159.92152650618038 -11.248287338436347
157.86038255558174 -11.025182150172869
155.79923860498312 -12.48313940006345
153.73809465438444 -11.387300690716451
151.67695070378582 -11.536276576959795
149.61580675318717 -11.414436744872514
147.55466280258855 -11.006456598594621
145.4935188519899 -11.188207683041883
143.43237490139126 -13.248554941965864
141.3712309507926 -12.181439521461712
139.310087000194 -11.284961829410143
137.24894304959534 -12.131435823703347
135.18779909899672 -10.700860655824805
133.12665514839804 -11.117721882157472
131.06551119779942 -10.89281878915202
129.00436724720078 -11.413749049144933
126.94322329660213 -10.221333514753407
124.8820793460035 -8.738973632032925
122.82093539540486 -8.78028827123099
120.75979144480621 -8.370850127967294
118.69864749420758 -8.216797010124832
116.63750354360893 -5.284536186893468
114.5763595930103 -6.192469496581625
112.51521564241165 -3.9379093151327638
110.45407169181301 -2.3285181865963045
108.39292774121438 -2.069607733497194
106.33178379061573 -0.16686863664465773
104.27063984001708 -0.22785265316420314
102.20949588941843 1.723077555463519
100.1483519388198 1.2663477390446443
98.08720798822117 0.7864549485250739
96.02606403762253 3.6765971183789157
93.96492008702388 0.612768275122936
91.90377613642525 3.3915004480215565
89.8426321858266 4.058531787045585
87.78148823522797 2.05639556055982
85.72034428462933 0.46473661520919246
83.65920033403069 0.6847150392097501
81.59805638343205 0.28979829700765286
79.5369124328334 0.24855866001431523
77.47576848223477 1.4650721064543615
75.41462453163612 1.7228256541308649
73.35348058103749 0.3692712598389495
71.29233663043885 1.9617946881989512
69.2311926798402 2.490002660350589
67.17004872924157 0.927043553089796
65.10890477864292 1.7992926707163284
63.04776082804428 3.601477770471647
60.98661687744564 5.166608851408494
58.925472926847 6.14103076153748
56.86432897624836 5.792764343221166
54.80318502564971 5.827324814085602
52.74204107505108 7.008920893665874
50.680897124452436 7.729525069896195
48.619753173853795 7.7876462067131085
46.558609223255154 7.588064889090177
44.49746527265651 9.091266269515716
42.43632132205787 8.134613489628546
40.37517737145923 8.644873490666903
38.314033420860596 8.552637274549106
36.25288947026195 8.844451891747058
34.19174551966331 9.412702993842128
32.130601569064666 9.073612935309953
30.069457618466025 8.607173114914488
28.008313667867387 9.103211311973382
25.947169717268746 11.811426962743099
23.886025766670105 13.522245866394584
21.824881816071464 14.929943782904628
19.763737865472823 18.042806295173467
17.702593914874182 19.29670648534294
15.641449964275543 20.21466114996193
13.580306013676902 18.62383709540712
11.51916206307826 20.67215595449514
9.45801811247962 18.76776615954729
7.396874161880979 19.216611448224473
5.335730211282337 22.34240985801516
3.2745862606836966 24.005727694041536
1.2134423100850564 24.674298162807613
-0.8477016405135844 19.262736447194793
-2.9088455911122257 10.85853273114188
-4.969989541710866 6.483941282390134
-7.031133492309507 2.923367687101062
-9.092277442908147 1.0994878853923984
-11.153421393506788 1.1832279430308292
-13.214565344105429 -0.4369074726199106
-15.27570929470407 -2.5244664379645076
-17.336853245302713 -2.456943852762042
-19.39799719590135 -3.0090495381736297
-21.45914114649999 -3.4807295656893333
-23.520285097098633 -2.2888403422868224
-25.58142904769727 -1.1872742248121548
-27.642572998295915 -0.886576347864327
-29.703716948894556 1.5780228402574756
-31.764860899493197 -0.29592851675951765
-33.826004850091834 0.7164561241933282
-35.887148800690476 0.1847706890784306
-37.94829275128912 -1.1558106042551726
-40.00943670188776 -1.4867482930415663
-42.070580652486406 -3.866648729489811
-44.13172460308504 -4.679406587250909
-46.19286855368368 -7.2646957263666
-48.25401250428232 -6.893771132790475
-50.31515645488096 -6.961901098915974
-52.376300405479604 -9.292054588978502
-54.437444356078245 -9.357669728941229
-56.498588306676886 -9.6139628534223
-58.55973225727552 -10.56171225225821
-60.62087620787417 -10.758124059128303
-62.68202015847281 -9.674445200874935
-64.74316410907144 -10.732531398056409
-66.80430805967009 -9.921494540704233
-68.86545201026873 -11.060061971654067
-70.92659596086737 -11.232125393575242
-72.98773991146601 -9.216357330036493
-75.04888386206466 -11.302806315254577
-77.11002781266329 -10.248395916141588
-79.17117176326192 -8.84097997350765
-81.23231571386057 -11.455881116940859
-83.2934596644592 -9.746111256518342
-85.35460361505785 -8.56773834811876
-87.41574756565649 -10.355319632986145
-89.47689151625515 -10.610323371724165
-91.53803546685378 -9.333766244295616
-93.59917941745242 -10.849017076914611
-95.66032336805107 -10.43644929049836
-97.7214673186497 -9.528136162375556
-99.78261126924835 -10.630645002268764
-101.843755219847 -10.671318047951548
-103.90489917044563 -10.07506387858952
-105.96604312104428 -9.701687128140446
-108.02718707164291 -9.464937492088152
-110.08833102224156 -10.004676185457415
-112.1494749728402 -10.726485885546124
-114.21061892343883 -10.395188128329469
-116.27176287403748 -10.311080550059195
-118.33290682463611 -11.468014967642116
-120.39405077523476 -9.712236278929016
-122.4551947258334 -8.678040060492533
-124.51633867643204 -8.95769859411077
-126.57748262703068 -9.50676159208361
-128.6386265776293 -10.413446031337626
-130.69977052822796 -9.821030890497047
-132.7609144788266 -8.682963404504207
-134.82205842942523 -9.144885466027072
-136.8832023800239 -9.448630450729262
-138.94434633062252 -9.467158435724349
-141.00549028122117 -9.154249340237957
-143.0666342318198 -8.916966531449757
-145.12777818241844 -7.216693564911819
-147.18892213301712 -9.115839601831917
-149.25006608361574 -9.295989215780718
-151.31121003421438 -9.507314005479326
-153.372353984813 -9.176356876793577
-155.43349793541165 -9.10258950683663
-157.4946418860103 -9.778227750769334
-159.55578583660895 -9.804490459850653
-161.61692978720757 -9.818132396077678
-163.67807373780622 -8.51245943059474
-165.73921768840486 -9.816869708447662
-167.8003616390035 -10.103912902066273
-169.86150558960213 -7.606776703955174
-171.92264954020078 -10.42346374260967
-173.9837934907994 -9.913691439325842
-176.04493744139808 -10.321978178468454
-178.1060813919967 -9.85712833218581
-180.16722534259534 -8.45236560144052
-182.22836929319396 -9.066108218240624
-184.2895132437926 -9.969058733197269
-186.3506571943913 -9.399842022237618
-188.4118011449899 -9.176036076364175
-190.47294509558856 -9.772224656663578
-192.53408904618718 -8.260849855490372
-194.59523299678585 -9.94584466740454
-196.65637694738447 -8.23038824146299
-198.71752089798312 -8.940968813924831
-200.77866484858174 -8.633354113728142
-202.8398087991804 -9.086262978760503
-204.90095274977904 -9.64773160485323
-206.96209670037769 -12.083547656337444
-209.0232406509763 -9.600457291621309
-211.08438460157495 -8.814758901143497
-213.14552855217357 -8.075297951698541
-215.20667250277225 -9.525038379789574
-217.26781645337087 -9.014987954157307
-219.32896040396952 -9.793946704467222
-221.39010435456814 -8.78914378562306
-223.45124830516679 -10.29785819123692
-225.51239225576546 -9.731713113171068
-227.57353620636408 -9.763208475673308
-229.63468015696273 -9.840553489413475
-231.69582410756135 -8.498496738723164
-233.75696805816003 -9.141154763963446
-235.81811200875865 -10.505537557635996
-237.8792559593573 -9.886029751807136
-239.94039990995591 -7.735584090386844
-242.00154386055456 -7.879557375086243
-244.0626878111532 -9.79300705864709
-246.12383176175186 -10.883714486064456
-248.18497571235048 -8.31834008855305
-250.24611966294913 -9.557808009917137
-252.30726361354775 -9.474286276186936
-254.36840756414642 -8.242161983937528
-256.42955151474507 -11.229761668867027
-258.49069546534366 -10.589123665445692
-260.5518394159423 -13.331776584887008
