# BEGINHEADER
# This file contains data from the SALSA 2m radio telescope.
# DATE=2021-11-27T22:41:0022
# GLON and GLAT given in degrees
# GLON=129.81981800971766
# GLAT=-0.1603917258306056
# DATA in two columns below. Col. 1 is velocity relative to LSR [km/s]. Col. 2 is uncalibrated antenna temperature [K].
# ENDHEADER
265.5167484675802 -0.41986372242822717
263.4556045169815 1.9667569990093687
261.3944605663829 0.8948925607300523
259.33331661578427 1.1582675399108282
257.27217266518556 2.2497580489705618
255.21102871458694 2.0845652027109307
253.14988476398833 3.274327328381091
251.08874081338968 3.3365959079381953
249.02759686279106 3.555076317668512
246.96645291219238 2.9417417978614058
244.90530896159376 0.10487314147290847
242.8441650109951 0.36905287422858285
240.7830210603965 2.69924854980331
238.72187710979782 3.052735063491733
236.6607331591992 4.342015449981668
234.59958920860055 3.911391445834302
232.53844525800193 3.2524182081886464
230.47730130740328 3.3533343770137756
228.41615735680463 3.867908190551099
226.35501340620598 3.9033583610193903
224.29386945560736 4.092192344853079
222.23272550500872 3.6153252371092446
220.17158155441007 1.7808052547309687
218.11043760381142 4.741831583730097
216.04929365321277 4.689293301441783
213.98814970261415 4.245310700916027
211.9270057520155 3.708893576190225
209.86586180141686 4.892186410790909
207.8047178508182 5.105063303356326
205.7435739002196 5.174384422641742
203.68242994962094 4.053147681376253
201.62128599902232 4.245754483705417
199.56014204842364 2.690038497261073
197.49899809782505 4.255777857950832
195.4378541472264 6.232935110830883
193.37671019662778 4.797065538724359
191.3155662460291 5.299487821606321
189.2544222954305 5.484785722644074
187.19327834483184 4.672008566671817
185.13213439423322 4.762129112290862
183.07099044363454 3.4844689008980616
181.0098464930359 3.4378297041889625
178.94870254243727 4.02544411425301
176.88755859183863 3.3047685167973895
174.82641464124 3.3190662793444026
172.76527069064133 4.9290975919672935
170.7041267400427 4.8534272378657475
168.64298278944406 3.927258495418237
166.58183883884544 4.496257901275064
164.5206948882468 4.919182330388728
162.45955093764815 3.9682452346273784
160.3984069870495 5.200477838108339
158.33726303645088 5.035594421273561
156.27611908585223 3.7946770710915363
154.21497513525358 3.056870893205475
152.15383118465493 3.1015417316655247
150.0926872340563 3.7932580574091337
148.03154328345767 5.280095864836857
145.97039933285905 4.149655040598353
143.90925538226037 3.610828043425204
141.84811143166172 4.578458552899095
139.7869674810631 4.804403180477244
137.72582353046445 5.081821265023244
135.66467957986583 3.7556108273023443
133.60353562926716 4.445109592741935
131.54239167866854 3.637947314715377
129.4812477280699 1.354197537281354
127.42010377747125 3.8600737621048746
125.35895982687262 4.481531350699958
123.29781587627397 3.1553524330888787
121.23667192567532 3.044410791843907
119.17552797507669 4.031720087671217
117.11438402447804 4.64607469100972
115.05324007387941 5.126603897200141
112.99209612328076 3.3500288388454296
110.93095217268213 3.8946782974623964
108.86980822208349 2.5981299598405188
106.80866427148484 3.083303056749688
104.74752032088621 3.7385957514316894
102.68637637028756 5.524666579144719
100.62523241968893 4.717309930833164
98.56408846909028 3.772962352102598
96.50294451849163 3.534986788479438
94.441800567893 2.3046390596158943
92.38065661729435 2.4859474797204353
90.31951266669572 4.242943653179401
88.25836871609708 4.788546900806804
86.19722476549842 4.045852386939851
84.13608081489978 2.5360680927075467
82.07493686430114 1.8547574468464916
80.0137929137025 2.528939171650995
77.95264896310385 4.277620708706756
75.89150501250522 3.983193909431199
73.83036106190659 4.295728067282384
71.76921711130794 3.180270031235563
69.7080731607093 3.595261250152132
67.64692921011066 4.356358364005548
65.58578525951202 2.2214691187532734
63.52464130891338 2.779763418679418
61.46349735831474 3.711231781229216
59.4023534077161 4.043650861781255
57.34120945711745 2.4691387924690584
55.28006550651882 3.240712072535377
53.218921555920176 3.889940895848965
51.157777605321535 4.207622375406972
49.0966336547229 4.787470119273433
47.03548970412426 3.0712314820909334
44.97434575352562 3.0118360311788814
42.91320180292698 4.118037408376193
40.852057852328336 2.580667728776067
38.7909139017297 2.044566443648621
36.729769951131054 3.906289331924898
34.66862600053241 4.328695108581764
32.60748204993377 3.5311340088513754
30.54633809933513 3.8911491706796673
28.485194148736493 4.056089631412307
26.424050198137852 4.173289614395035
24.362906247539208 4.182609557074441
22.301762296940566 4.798789158133714
20.240618346341925 5.949299229754207
18.179474395743284 6.005302081962294
16.118330445144643 4.80833787345191
14.057186494546004 6.220279280655553
11.996042543947365 7.838709837804776
9.934898593348723 11.71651766349324
7.873754642750083 16.02410857076632
5.812610692151441 24.482792285084276
3.7514667415528007 42.43756794498722
1.69032279095416 57.31003233711214
-0.3708211596444807 66.20837497793957
-2.4319651102431217 72.06703716848075
-4.493109060841762 74.68755409368825
-6.5542530114404025 74.42196335652095
-8.615396962039044 71.52868906607323
-10.676540912637684 68.25435085587223
-12.737684863236325 62.68179320400539
-14.798828813834968 56.60856460422097
-16.85997276443361 50.41081302257128
-18.921116715032248 45.33617892570858
-20.98226066563089 38.27164380401543
-23.04340461622953 34.08122016053308
-25.104548566828168 31.426719814071905
-27.16569251742681 32.44481398504928
-29.22683646802545 32.9039239309413
-31.28798041862409 36.535852060650235
-33.34912436922273 41.610426612564915
-35.41026831982137 49.69726827069671
-37.47141227042001 53.68929843390667
-39.53255622101865 59.77057619027953
-41.5937001716173 65.00989490542952
-43.654844122215934 69.50958297254923
-45.715988072814575 70.7993915281694
-47.777132023413216 70.52790611421534
-49.838275974011864 71.9066219121608
-51.899419924610505 72.99384778371537
-53.96056387520914 75.19783186562962
-56.02170782580778 71.82686552176213
-58.08285177640642 68.51773989178662
-60.14399572700507 59.72946347818701
-62.20513967760371 52.76099431545016
-64.26628362820234 45.11467608094314
-66.32742757880098 38.645910416331894
-68.38857152939964 31.23345922227253
-70.44971547999828 27.328527498460737
-72.51085943059692 23.583267499554324
-74.57200338119556 23.34857105993209
-76.63314733179419 21.594079752481647
-78.69429128239284 20.69858442212424
-80.75543523299147 22.017233476794313
-82.81657918359012 21.02037308470122
-84.87772313418876 20.97592416019059
-86.9388670847874 20.04688410596859
-89.00001103538604 18.73038918116837
-91.06115498598467 17.667744685372202
-93.12229893658332 17.737373533364927
-95.18344288718195 17.15112910881146
-97.2445868377806 15.021547795685859
-99.30573078837922 15.020370974107434
-101.36687473897787 12.51215572047035
-103.4280186895765 12.039057893224372
-105.48916264017515 10.749003073008618
-107.55030659077379 7.439875140123645
-109.61145054137243 5.717078684192077
-111.67259449197108 5.172055889799582
-113.73373844256972 3.177548617931217
-115.79488239316836 2.920973711657199
-117.856026343767 2.848868778029529
-119.91717029436565 1.6862328587695106
-121.97831424496428 2.8379138319069264
-124.03945819556291 2.2469646597179596
-126.10060214616156 0.6765454320978893
-128.1617460967602 1.5772543080550228
-130.22289004735885 1.55751448186195
-132.2840339979575 2.2469044047050524
-134.3451779485561 1.1628088956845728
-136.4063218991548 1.1801966399653563
-138.4674658497534 0.26536577503011377
-140.52860980035206 1.336535040725947
-142.58975375095068 0.8665376207574382
-144.65089770154933 -1.1580457090182734
-146.71204165214797 0.9414735012530464
-148.77318560274662 0.5280142681490282
-150.83432955334524 0.23124407002515798
-152.8954735039439 1.047039878009572
-154.9566174545425 0.5168144399351051
-157.0177614051412 -0.7920881922716495
-159.0789053557398 -0.662699998084808
-161.14004930633845 -0.7962525238880427
-163.20119325693707 1.032748797570141
-165.26233720753572 -0.3086168642076251
-167.3234811581344 1.0467290615790128
-169.38462510873302 -0.8659342820449637
-171.44576905933167 -0.6576602431642938
-173.5069130099303 0.30315056115847205
-175.56805696052896 1.1138462694111588
-177.62920091112758 0.8013777645364675
-179.69034486172623 -0.903099375244994
-181.75148881232485 0.10663284028125472
-183.8126327629235 -0.37360869278456615
-185.87377671352215 1.9492226491402747
-187.9349206641208 -0.6086592929475931
-189.99606461471942 0.47458032224706803
-192.05720856531806 0.7317911215476499
-194.11835251591668 -0.14398891685592927
-196.17949646651536 0.23567382124632294
-198.240640417114 -0.8370761212601846
-200.30178436771266 0.3773532826645243
-202.36292831831128 0.6241252049437234
-204.42407226890992 -0.06951391817304639
-206.48521621950857 0.0948851865083662
-208.54636017010722 -0.008253492249000627
-210.60750412070587 0.06413431264706529
-212.6686480713045 0.11762153720222275
-214.72979202190314 0.44109075923782637
-216.79093597250179 0.1288237613817883
-218.85207992310043 -0.7763825622096062
-220.91322387369905 -1.098142791654239
-222.9743678242977 -0.4965541872453001
-225.03551177489632 -0.577721088691522
-227.096655725495 -1.715713455930589
-229.15779967609362 -0.6502792537715407
-231.21894362669227 -1.1093132296548032
-233.28008757729089 0.8275171766897126
-235.34123152788953 1.384238700594286
-237.40237547848818 0.3312916284790115
-239.46351942908683 -0.41267187860443166
-241.52466337968545 -0.17481015166268557
-243.5858073302841 0.6794873620386319
-245.64695128088277 -1.118335598079851
-247.7080952314814 -0.3048875987976148
-249.76923918208004 -0.03487253792499687
-251.83038313267866 0.4865376042799583
-253.8915270832773 -0.2774650642857019
-255.95267103387596 -0.11428108521334149
-258.0138149844746 -0.5111787957466166
-260.07495893507325 -0.7746623263182822
