# BEGINHEADER
# This file contains data from the SALSA 2m radio telescope.
# DATE=2021-12-04T08:09:0015
# GLON and GLAT given in degrees
# GLON=73.86522332348444
# GLAT=-4.933657293129708
# DATA in two columns below. Col. 1 is velocity relative to LSR [km/s]. Col. 2 is uncalibrated antenna temperature [K].
# ENDHEADER
263.01107744093423 7.648427579819869
260.9499334903356 14.546975643574264
258.8887895397369 13.3961910292139
256.8276455891383 15.15685939764398
254.76650163853964 14.421274256508832
252.705357687941 17.05774984760504
250.64421373734237 17.321556595059626
248.5830697867437 19.63354226697337
246.52192583614507 18.146229897701037
244.46078188554642 19.266743121367877
242.3996379349478 16.940023246347792
240.33849398434913 16.87361806563613
238.2773500337505 19.057553050886806
236.21620608315186 17.202033810212797
234.15506213255324 18.19054650909377
232.0939181819546 18.899315689389827
230.03277423135594 17.448534064218524
227.9716302807573 18.98162901318085
225.91048633015868 18.46881026768321
223.84934237956003 17.84780384880387
221.7881984289614 18.17072582502379
219.72705447836273 19.512177566574387
217.66591052776408 17.183519646087735
215.60476657716546 15.574012255632805
213.54362262656682 16.693470685489217
211.48247867596817 17.887083498651123
209.42133472536952 17.788170128680065
207.3601907747709 19.290454485195948
205.29904682417225 17.973037339335548
203.23790287357363 18.244010396694566
201.17675892297495 18.976065238231538
199.11561497237633 17.315793468947522
197.0544710217777 18.038788402064657
194.99332707117907 18.02895132515359
192.93218312058042 17.083670941457548
190.87103916998177 19.167203479904845
188.80989521938312 18.64675043754234
186.7487512687845 18.803665407725063
184.68760731818585 17.456742852320048
182.6264633675872 17.299443166769397
180.56531941698856 17.889379171818533
178.5041754663899 20.60623566850647
176.4430315157913 19.155936572863226
174.38188756519264 19.63970090804945
172.320743614594 19.624298945367034
170.25959966399535 18.62724105840384
168.19845571339673 20.03540954687111
166.13731176279808 19.548267676533623
164.07616781219946 18.394846065912848
162.01502386160078 19.902654763979235
159.95387991100216 18.9408049029344
157.8927359604035 19.50916471028575
155.8315920098049 21.42290179923316
153.77044805920625 18.898087459900278
151.7093041086076 18.523204006779906
149.64816015800895 20.108246343593667
147.58701620741033 19.476964796789726
145.52587225681168 19.453075176481722
143.464728306213 20.018401176067975
141.40358435561438 20.650562832511657
139.34244040501574 19.616825407648538
137.28129645441712 21.211076963541494
135.22015250381847 22.023079482187768
133.15900855321982 20.676529074612205
131.09786460262117 19.030967177074633
129.03672065202255 20.02496947010117
126.9755767014239 20.950094777709324
124.91443275082527 20.23288645160151
122.85328880022662 20.892485348870757
120.79214484962797 22.416990321242146
118.73100089902934 20.945185067360356
116.66985694843069 21.181035634642072
114.60871299783206 20.925412405761843
112.54756904723342 20.942527877097092
110.48642509663478 22.022791440902722
108.42528114603614 21.08478366437383
106.3641371954375 20.11533845798996
104.30299324483886 19.64460512250509
102.24184929424021 22.422627282301452
100.18070534364158 21.63120617354209
98.11956139304294 21.711147307166154
96.0584174424443 23.959729193130208
93.99727349184566 21.677283317185886
91.93612954124701 21.973550633491786
89.87498559064838 23.589885098439336
87.81384164004973 20.543029856751918
85.7526976894511 21.248848105602175
83.69155373885245 20.93371267978328
81.6304097882538 19.93740566607436
79.56926583765517 21.66815911258063
77.50812188705652 22.934884482098475
75.44697793645788 23.41911363434077
73.38583398585924 22.4244951715683
71.3246900352606 20.905422383187616
69.26354608466197 21.759349914249654
67.20240213406332 24.28176396216131
65.14125818346467 22.21094790954006
63.080114232866045 21.87437173250913
61.018970282267404 22.42485975958121
58.95782633166876 23.218286510702658
56.89668238107012 20.692935237065818
54.83553843047147 23.800447891631606
52.77439447987283 24.13751333214322
50.71325052927419 22.408994584746054
48.65210657867555 23.115397983566105
46.59096262807691 21.426914018520986
44.52981867747827 23.60255023381809
42.46867472687963 23.05585123285972
40.407530776280986 22.984788577743235
38.34638682568235 21.93485176476094
36.2852428750837 20.818964021974914
34.22409892448506 20.762640396800222
32.16295497388642 22.711173587919127
30.10181102328778 22.636965055978468
28.040667072689143 24.348946836321772
25.9795231220905 24.95378268393504
23.918379171491864 25.51663403722671
21.85723522089322 29.960757000175917
19.796091270294582 35.036151597237975
17.73494731969594 42.674019774809324
15.673803369097302 51.959960837811394
13.612659418498659 63.07594778124517
11.55151546790002 77.01285441966843
9.490371517301377 90.70301611320346
7.429227566702737 93.88350617604826
5.368083616104096 95.65947023041547
3.3069396655054555 94.28408983156241
1.2457957149068146 89.12897782641943
-0.8153482356918264 78.18208892262712
-2.8764921862904673 75.37362534714929
-4.9376361368891075 67.85330149709631
-6.998780087487749 59.255086761574645
-9.059924038086388 51.77698917887499
-11.12106798868503 43.73669980022074
-13.18221193928367 40.38930199666338
-15.243355889882313 37.27156758373331
-17.304499840480954 33.26123211549808
-19.365643791079595 33.34491282280358
-21.426787741678233 29.665061714548894
-23.487931692276874 29.541543915295705
-25.54907564287552 29.876943823184412
-27.61021959347416 30.581644532124475
-29.6713635440728 30.210925253574178
-31.73250749467144 27.01482131231667
-33.79365144527008 27.1299236515682
-35.85479539586872 25.490494118387247
-37.91593934646736 25.330019222286893
-39.977083297066 24.22664233309927
-42.03822724766465 23.395973600050763
-44.099371198263285 22.549306507199613
-46.160515148861926 20.415491484629822
-48.22165909946057 19.550274486950535
-50.2828030500592 20.060952656178113
-52.34394700065784 18.660368598560577
-54.40509095125648 18.995584531948854
-56.466234901855124 21.588145939733366
-58.527378852453765 21.48469984556373
-60.5885228030524 22.10034888438385
-62.64966675365105 24.15163063632077
-64.71081070424968 22.905573992548764
-66.77195465484833 23.714443500441913
-68.83309860544696 23.173431097057392
-70.89424255604561 23.474760959871357
-72.95538650664426 23.195876793473516
-75.0165304572429 22.87301001219608
-77.07767440784154 20.41273586531936
-79.13881835844018 19.47409210275204
-81.19996230903881 20.67171718621249
-83.26110625963746 18.255768199707948
-85.32225021023609 15.43297168817661
-87.38339416083474 13.892202115489617
-89.44453811143337 12.977476671937
-91.50568206203202 11.973881589389293
-93.56682601263066 12.147140968690527
-95.62796996322929 11.602723558299394
-97.68911391382794 8.81606430297086
-99.75025786442657 12.164636246466502
-101.81140181502522 9.36886264231076
-103.87254576562385 8.417083688339469
-105.9336897162225 9.463202178358719
-107.99483366682114 8.62223853291463
-110.05597761741979 9.601114803946246
-112.11712156801843 8.627954514548119
-114.17826551861707 6.143721942333203
-116.23940946921572 9.181152057308955
-118.30055341981435 7.891401142400708
-120.361697370413 4.625496146196514
-122.42284132101163 7.964315544155413
-124.48398527161027 7.123914687024807
-126.54512922220891 6.917930957016488
-128.60627317280756 7.362688950469609
-130.6674171234062 5.152883608261486
-132.72856107400483 4.08944324901725
-134.78970502460348 3.2133661698727476
-136.8508489752021 4.566941504133026
-138.91199292580077 5.042252767402729
-140.9731368763994 4.3062399752908584
-143.03428082699804 4.261768743448029
-145.09542477759666 2.381937861475833
-147.15656872819534 5.251836060439879
-149.21771267879396 3.755330503733827
-151.2788566293926 4.594653420538706
-153.34000057999123 3.386571874159038
-155.40114453058987 2.1141928237908156
-157.46228848118852 5.019517147098305
-159.52343243178717 3.980229910753418
-161.5845763823858 3.070458456548768
-163.64572033298444 2.5225028315326203
-165.70686428358306 0.7980257072336453
-167.76800823418174 1.5595207432016913
-169.82915218478038 2.3416972317075326
-171.890296135379 2.356117209833785
-173.95144008597765 2.419912749462798
-176.0125840365763 2.0177988726858263
-178.07372798717495 1.4922237150213382
-180.13487193777357 1.7056091588169338
-182.19601588837222 1.565081507427802
-184.25715983897084 3.312274064150155
-186.3183037895695 2.7086918629268575
-188.37944774016813 2.1298120388779713
-190.44059169076678 2.2038743729461756
-192.5017356413654 4.102053499752053
-194.56287959196405 3.0193600234175175
-196.6240235425627 4.584694621298585
-198.68516749316134 3.4519215571187587
-200.74631144375996 1.7784888682669537
-202.8074553943586 3.6300268935885818
-204.8685993449573 3.2990134848598047
-206.9297432955559 2.2060306455203915
-208.99088724615456 2.3019636398568255
-211.05203119675318 3.3598638200016246
-213.11317514735182 3.7641365162164164
-215.17431909795047 5.848059884688919
-217.23546304854912 5.715079745359684
-219.29660699914774 6.591439650710205
-221.3577509497464 2.459551283982046
-223.418894900345 4.531658347842558
-225.48003885094369 4.881464139847717
-227.5411828015423 5.417500912830448
-229.60232675214095 5.261425520619469
-231.66347070273957 5.513519595623106
-233.72461465333822 4.4632513142629655
-235.78575860393687 6.765252309717415
-237.84690255453552 7.917390285677242
-239.90804650513414 5.260944457524326
-241.9691904557328 5.42117922295158
-244.03033440633146 5.801322050491629
-246.09147835693008 7.89494402741194
-248.15262230752873 7.7383387311132035
-250.21376625812735 7.536724118783377
-252.274910208726 8.96923236076008
-254.33605415932465 11.097393971311151
-256.3971981099233 10.041184439472904
-258.45834206052194 7.8961318400116465
-260.51948601112053 10.849469716157468
-262.58062996171924 13.371282467356556
