# BEGINHEADER
# This file contains data from the SALSA 2m radio telescope.
# DATE=2021-11-27T23:53:0027
# GLON and GLAT given in degrees
# GLON=101.80463158301923
# GLAT=-0.04188625469266854
# DATA in two columns below. Col. 1 is velocity relative to LSR [km/s]. Col. 2 is uncalibrated antenna temperature [K].
# ENDHEADER
265.4095179530355 0.7974987321140974
263.34837400243686 6.031094994556482
261.2872300518382 2.609268432606171
259.22608610123956 6.817128220701989
257.16494215064097 5.836157489268517
255.1037982000423 4.00298218407479
253.04265424944364 3.9872231170228147
250.98151029884502 9.520616797022575
248.92036634824638 6.357541055045136
246.85922239764776 4.438744143770909
244.79807844704908 3.8273158857133094
242.73693449645046 6.2549119806629845
240.6757905458518 9.157155729639058
238.6146465952532 7.63720500011036
236.55350264465454 7.2452381441396865
234.49235869405587 7.774607202761708
232.43121474345725 8.042971637091599
230.3700707928586 6.070187688142473
228.30892684225998 6.467630868121188
226.2477828916613 6.049243182872904
224.18663894106268 6.558082775363573
222.12549499046403 5.334379093953817
220.06435103986541 6.584492650511675
218.00320708926677 5.603199184169003
215.94206313866812 7.1537247458956985
213.88091918806947 8.17202134362354
211.81977523747085 2.903160443970492
209.7586312868722 8.02713100570705
207.69748733627358 8.313566170758191
205.6363433856749 5.350024872104321
203.57519943507629 7.495369953415404
201.51405548447764 8.661387657752567
199.45291153387902 6.2249566790899795
197.39176758328037 8.293593424364516
195.33062363268172 6.151209277373408
193.2694796820831 5.826749713394718
191.20833573148445 5.621282670215024
189.1471917808858 7.690202714109186
187.08604783028716 7.466241581882716
185.02490387968854 8.895882383777709
182.9637599290899 7.96032120291795
180.90261597849127 9.76377228229022
178.8414720278926 7.721424309265272
176.78032807729397 9.165952880708302
174.71918412669532 5.0307978101758675
172.6580401760967 9.079002343750208
170.59689622549803 9.762620363410432
168.5357522748994 7.435249262837527
166.47460832430076 10.070606889745836
164.41346437370214 5.624445869858253
162.3523204231035 10.275597189844866
160.29117647250484 6.9854827555860135
158.2300325219062 9.52246294902656
156.16888857130755 8.639451924026071
154.10774462070893 7.373845149247422
152.04660067011028 3.8857144416205527
149.98545671951163 7.299660518908531
147.92431276891298 6.769234697147498
145.86316881831436 4.122986429956985
143.80202486771572 8.364676877764108
141.74088091711707 6.577519814210803
139.67973696651842 6.538240846863798
137.6185930159198 8.695538239665197
135.55744906532115 10.029010660746742
133.49630511472253 5.677928105160319
131.43516116412385 5.595505035531194
129.37401721352524 8.799656644064072
127.31287326292659 6.547575350207141
125.25172931232795 9.58271481329915
123.1905853617293 6.8609978852094375
121.12944141113067 6.658936232996752
119.06829746053202 5.211768015114814
117.00715350993339 6.941131918784667
114.94600955933474 7.927700857654159
112.8848656087361 10.179327167091943
110.82372165813747 6.008181168484319
108.76257770753882 7.487761325544474
106.70143375694019 10.475062330273662
104.64028980634154 5.074253816744689
102.57914585574291 8.927146068370751
100.51800190514425 10.259967477261862
98.4568579545456 8.628693167117456
96.39571400394696 5.635076905298638
94.33457005334832 5.396833075934986
92.27342610274968 5.505004436930982
90.21228215215105 7.038520606796483
88.1511382015524 8.600860508034566
86.08999425095377 8.502259857061365
84.02885030035512 8.789135173492792
81.96770634975648 5.122904379858228
79.90656239915783 6.694777015382033
77.8454184485592 6.167731987166054
75.78427449796057 5.033665635076506
73.72313054736192 7.089753853188176
71.66198659676328 7.325253765163865
69.60084264616464 5.1119759642280265
67.539698695566 8.603959693954499
65.47855474496735 8.517363712738998
63.41741079436871 4.872995306890982
61.35626684377007 8.563107048820246
59.29512289317143 3.006323619997415
57.2339789425728 5.190018539691224
55.172834991974156 5.165542794315449
53.111691041375515 5.753737684650372
51.05054709077687 5.576785659364717
48.989403140178226 4.715605421053892
46.928259189579585 2.944663701716416
44.867115238980944 7.774660891146967
42.80597128838231 10.811751285667544
40.74482733778367 5.863527006407635
38.68368338718503 4.774387778032109
36.622539436586386 6.816638697550921
34.561395485987745 4.5869479818793435
32.500251535389104 6.2772297444274905
30.439107584790463 7.2734634742410345
28.37796363419182 3.5650085529594073
26.31681968359318 7.288127686109431
24.25567573299454 10.197166203749857
22.1945317823959 6.679909180438855
20.133387831797258 8.538939862215734
18.072243881198617 8.6331045481212
16.011099930599975 13.31407858507114
13.949955980001336 14.227636076586968
11.888812029402697 14.780847446043769
9.827668078804056 23.489412490642838
7.766524128205414 42.325365344456316
5.705380177606773 55.12897100173194
3.6442362270081325 69.34907528246383
1.5830922764094917 84.47610151568892
-0.47805167418914907 97.34189093804083
-2.53919562478779 93.05344373540265
-4.600339575386431 88.09242310561042
-6.661483525985071 77.0902059867998
-8.722627476583712 77.72929985293281
-10.783771427182351 66.02200792206754
-12.844915377780996 60.913149446141894
-14.906059328379635 54.197978423917796
-16.967203278978275 57.9519602239605
-19.028347229576916 58.32855465472109
-21.08949118017556 53.74133411285352
-23.150635130774198 57.01436044182956
-25.21177908137284 49.14789186864917
-27.27292303197148 46.952308004434315
-29.334066982570118 47.56746224872334
-31.395210933168762 46.71762247197732
-33.4563548837674 45.06629609227574
-35.517498834366044 48.78328621313133
-37.578642784964686 51.86601985317858
-39.63978673556332 55.39387348037077
-41.70093068616196 51.732470992512475
-43.7620746367606 49.920146530293046
-45.82321858735925 58.616451794348656
-47.88436253795789 59.24584035981265
-49.94550648855653 61.61499774740625
-52.00665043915517 62.083263386380786
-54.06779438975381 66.4025409886818
-56.12893834035245 63.73050737666805
-58.19008229095109 63.55176346323674
-60.25122624154973 63.9800299606413
-62.31237019214837 59.362602338714915
-64.37351414274701 63.12948218260901
-66.43465809334566 55.556094952291204
-68.4958020439443 48.244526817667406
-70.55694599454294 43.464511116095835
-72.61808994514158 37.071219947090945
-74.67923389574021 31.248843848745725
-76.74037784633886 23.482215207229366
-78.8015217969375 23.729158497921556
-80.86266574753614 22.837754642552408
-82.92380969813478 18.4807514275585
-84.98495364873342 20.202628293636362
-87.04609759933206 17.387367900958488
-89.10724154993069 18.56938080953088
-91.16838550052934 21.58701715058003
-93.22952945112799 24.3986244315923
-95.29067340172664 27.033864683303523
-97.35181735232527 22.483148766510805
-99.4129613029239 22.746922347055683
-101.47410525352254 19.5482198738814
-103.53524920412119 17.84689791745403
-105.59639315471982 16.09293790204576
-107.65753710531847 14.283194309613044
-109.7186810559171 12.571046596741928
-111.77982500651574 12.688559335763737
-113.84096895711438 10.34145758807642
-115.90211290771302 11.03164184946404
-117.96325685831167 7.650470570142925
-120.0244008089103 7.456587804951161
-122.08554475950895 7.498110905170989
-124.14668871010758 4.602567019063911
-126.20783266070622 7.660431663629852
-128.26897661130488 4.549552664886818
-130.3301205619035 3.046589972429177
-132.39126451250215 3.491712419858154
-134.4524084631008 4.861923365139357
-136.51355241369941 3.107945413185959
-138.57469636429806 3.4052029775377965
-140.6358403148967 3.911780486327638
-142.69698426549536 2.077092208276042
-144.75812821609398 1.2714572253179404
-146.81927216669263 1.9207074873865566
-148.88041611729128 3.289295116063631
-150.94156006788992 0.8167386043026544
-153.00270401848857 2.2693721162018856
-155.0638479690872 2.1559748079557943
-157.12499191968584 0.8247044042293592
-159.1861358702845 0.9483744914246444
-161.24727982088314 2.8576308479184065
-163.30842377148176 3.5992763960353034
-165.3695677220804 2.5081031995930383
-167.43071167267902 4.1615850031352775
-169.4918556232777 2.3997843729252586
-171.55299957387632 3.572120206947869
-173.61414352447497 3.199096104626985
-175.6752874750736 3.5225958898479335
-177.73643142567224 3.455093845189328
-179.79757537627088 3.4602790207816243
-181.85871932686953 1.6727601026308117
-183.91986327746815 -1.5439969510128204
-185.9810072280668 2.7631129694846304
-188.04215117866545 1.3829137542639764
-190.1032951292641 3.8501540535553893
-192.16443907986275 5.517997989095796
-194.22558303046137 2.4162469808782863
-196.28672698106 1.4365556429335844
-198.34787093165866 -0.13852674596012976
-200.40901488225734 4.408436717340406
-202.47015883285596 -1.194951136964273
-204.5313027834546 2.7021369617732827
-206.59244673405323 0.777827743304735
-208.65359068465187 -1.0303637541442972
-210.71473463525052 1.7438364615017004
-212.77587858584917 -0.8448829782370647
-214.8370225364478 -0.5664997251502994
-216.89816648704644 -2.423090224352925
-218.9593104376451 -0.391047028545129
-221.02045438824373 0.32857333333106836
-223.08159833884235 3.7209802824113445
-225.142742289441 0.6210327485921212
-227.20388624003962 1.999797330778076
-229.2650301906383 0.360679241853664
-231.32617414123695 3.436417025482698
-233.38731809183557 5.953902895016937
-235.44846204243422 0.6189392839135759
-237.50960599303284 2.1645137818945592
-239.5707499436315 2.5952180821293
-241.63189389423013 1.518239212102087
-243.69303784482878 1.7430228643470458
-245.7541817954274 4.518689680542501
-247.81532574602605 0.708536043054679
-249.8764696966247 0.6152362211121458
-251.93761364722334 2.129266238076902
-253.99875759782196 1.798999014305573
-256.0599015484206 4.405446710103283
-258.12104549901926 3.0921941213768402
-260.1821894496179 4.115968159047728
