# BEGINHEADER
# This file contains data from the SALSA 2m radio telescope.
# DATE=2021-11-27T23:20:0002
# GLON and GLAT given in degrees
# GLON=192.8397971627134
# GLAT=-0.2868117972835528
# DATA in two columns below. Col. 1 is velocity relative to LSR [km/s]. Col. 2 is uncalibrated antenna temperature [K].
# ENDHEADER
265.3130913874098 1.485028474858089
263.2519474368112 2.555707246617528
261.19080348621253 4.281770840639685
259.1296595356139 5.661953785036054
257.0685155850153 3.3332573786036286
255.00737163441664 4.69730399466364
252.946227683818 6.5329575978484655
250.88508373321935 5.676649549488273
248.8239397826207 6.304815577337082
246.76279583202208 6.2385992477858645
244.70165188142343 5.514523678126178
242.64050793082478 6.807139418610743
240.57936398022613 6.987128830004425
238.5182200296275 6.595881723832575
236.45707607902887 7.678351075284726
234.39593212843025 5.65386646672133
232.33478817783157 5.484400951032529
230.27364422723292 5.834825793495551
228.2125002766343 5.632708853790043
226.15135632603565 6.2633576263526844
224.09021237543703 6.7664401433132575
222.02906842483836 8.046739478825973
219.96792447423974 7.868627147323906
217.9067805236411 7.121862960549605
215.84563657304247 8.344966540317621
213.7844926224438 6.256356676787269
211.72334867184517 6.23500334829692
209.66220472124652 6.913188331634502
207.6010607706479 6.262173887746505
205.53991682004926 6.962958112611064
203.4787728694506 7.335168083115388
201.41762891885196 6.906048332493034
199.35648496825334 7.272970675876463
197.2953410176547 6.467141006538592
195.23419706705607 6.733073471431857
193.1730531164574 7.307041414593277
191.11190916585875 7.10020022622374
189.05076521526013 6.764004767138311
186.98962126466148 6.753777636836244
184.92847731406283 7.167751592218193
182.86733336346418 7.872818454509658
180.80618941286556 7.407490202139293
178.74504546226692 6.218838398884748
176.6839015116683 7.046227028464252
174.62275756106962 6.812193279429885
172.561613610471 7.804770127785486
170.50046965987235 6.991745415371403
168.43932570927373 7.4980785346229135
166.37818175867508 6.745409796983955
164.31703780807644 7.549787387303791
162.2558938574778 7.104120942869881
160.19474990687917 8.825276893117355
158.13360595628052 7.72596625118269
156.0724620056819 7.319209553179272
154.01131805508322 6.545392229880268
151.95017410448457 7.470842422334697
149.88903015388595 7.332867473108351
147.8278862032873 7.874351960928341
145.76674225268866 6.09140609470397
143.70559830209 7.518105068084756
141.6444543514914 7.126329251306214
139.58331040089274 5.429828658745965
137.52216645029412 6.256652613379415
135.46102249969545 6.904657908180131
133.39987854909683 7.701078539439537
131.33873459849818 6.48143336256632
129.27759064789953 6.527210825179389
127.2164466973009 6.450182815265594
125.15530274670226 6.926303077486665
123.09415879610361 6.123764914690503
121.03301484550498 5.587558950679324
118.97187089490633 6.908853924797637
116.9107269443077 6.059229498205402
114.84958299370906 6.588683200074502
112.78843904311042 6.983147430031015
110.72729509251178 7.117376678201646
108.66615114191313 6.533912060683721
106.6050071913145 5.85697228561939
104.54386324071585 6.30374688876112
102.48271929011722 6.867204489655294
100.42157533951858 4.860876474125629
98.36043138891995 6.819970207077597
96.29928743832129 6.6414426230473405
94.23814348772265 6.34660944842381
92.17699953712402 6.847114553621647
90.11585558652537 5.6106723219751915
88.05471163592674 6.912722166854542
85.99356768532809 7.268907329677858
83.93242373472945 7.62284553590053
81.8712797841308 6.042453578340277
79.81013583353217 6.328407079156126
77.74899188293354 6.475300266295498
75.68784793233489 6.091884216971103
73.62670398173626 5.592162482672952
71.56556003113761 5.756663798191606
69.50441608053897 6.673220005194906
67.44327212994033 6.215630921564785
65.38212817934169 5.663827495318917
63.32098422874304 6.179740782869788
61.2598402781444 7.624033915425355
59.19869632754577 6.188493751400062
57.13755237694713 6.411209358552954
55.076408426348486 5.6081733872214174
53.015264475749845 6.947045284357681
50.954120525151204 7.394500535872803
48.89297657455256 6.67256146403673
46.831832623953915 6.457695893008464
44.770688673355274 7.266292444505603
42.70954472275663 7.31768494394424
40.64840077215799 10.70791004452839
38.58725682155935 12.685356166863704
36.52611287096071 14.05960371218678
34.464968920362075 18.52200082214739
32.40382496976343 21.57293316730226
30.34268101916479 29.464211382826008
28.28153706856615 37.194562921478415
26.220393117967507 45.15800961422415
24.159249167368866 58.237292259891134
22.09810521677023 72.79018648329982
20.036961266171588 84.88187682115085
17.975817315572947 98.90411540641574
15.914673364974306 112.2166723345479
13.853529414375666 121.74128347586209
11.792385463777023 131.0619671362429
9.731241513178382 136.63320280211033
7.670097562579742 137.68641111203704
5.608953611981102 133.91884258820758
3.5478096613824612 124.44437581985127
1.4866657107838197 106.27631985283588
-0.5744782398148212 97.60610677252446
-2.635622190413462 83.09353274406986
-4.696766141012102 65.29350298648987
-6.757910091610744 52.454975101958865
-8.819054042209384 41.37106083188161
-10.880197992808025 30.65699297755196
-12.941341943406664 24.59273434847751
-15.002485894005305 17.026619619378415
-17.06362984460395 13.118518943261865
-19.124773795202586 12.6404567630231
-21.185917745801227 11.560272372985537
-23.247061696399868 8.127161583273661
-25.308205646998513 6.362899278335122
-27.369349597597154 6.7022865119199535
-29.430493548195795 6.6270554782660165
-31.491637498794432 6.353076638329205
-33.55278144939308 5.3725888121048
-35.613925399991714 6.117017066613499
-37.675069350590356 5.652117842725976
-39.736213301189 5.939476048151439
-41.79735725178764 5.7034415241586665
-43.85850120238628 6.2114970043021716
-45.91964515298492 4.956089684564459
-47.98078910358356 5.818734167271447
-50.0419330541822 6.0003517730096965
-52.103077004780836 5.564252890609775
-54.16422095537948 3.501289592295247
-56.22536490597812 3.9436097669598986
-58.28650885657676 4.955215053677583
-60.3476528071754 2.5311809175190385
-62.40879675777404 4.117355056424457
-64.46994070837269 4.243831407205353
-66.53108465897132 2.2631231767555953
-68.59222860956997 5.190588435983644
-70.6533725601686 3.5860020686470233
-72.71451651076724 3.645758541931305
-74.77566046136589 3.8862662892748268
-76.83680441196452 4.842509558884794
-78.89794836256317 3.6690799284793862
-80.9590923131618 3.817056501978346
-83.02023626376045 3.7364576427412013
-85.08138021435909 3.574147082320901
-87.14252416495772 2.8164837878399425
-89.20366811555637 3.1849720452381316
-91.264812066155 2.7086327208935113
-93.32595601675365 3.3163871974034755
-95.38709996735228 3.6133849071452975
-97.44824391795095 2.4278427244166125
-99.5093878685496 2.513076539156393
-101.57053181914823 2.8594381910074147
-103.63167576974688 2.632813680875996
-105.69281972034551 2.700887918316271
-107.75396367094415 2.2161141377936344
-109.8151076215428 3.413275989649384
-111.87625157214143 2.2685666866743595
-113.93739552274008 2.1272509195625635
-115.99853947333871 2.1992913189010106
-118.05968342393736 1.7772778925022383
-120.12082737453599 1.8412794355094768
-122.18197132513463 1.5966139059079854
-124.24311527573327 2.408824809248928
-126.30425922633191 1.7362835847724676
-128.36540317693056 1.8750789111325816
-130.4265471275292 0.9492443038346505
-132.48769107812782 1.1963022795895728
-134.54883502872647 0.5937127287847479
-136.60997897932512 2.03373966888732
-138.67112292992377 2.711165501796318
-140.7322668805224 1.5830476724133007
-142.79341083112104 2.3854493386214233
-144.85455478171968 2.292771981359761
-146.91569873231833 2.1707860718605643
-148.97684268291695 1.8140751027205777
-151.0379866335156 0.10947366241369443
-153.09913058411422 0.8890696486262405
-155.1602745347129 1.5517815257840801
-157.22141848531155 0.528998682142214
-159.28256243591017 2.079167280651434
-161.3437063865088 1.0819123392216208
-163.40485033710743 0.7754125051095336
-165.4659942877061 1.6414580192945918
-167.52713823830473 1.1406590107314343
-169.58828218890338 0.918972888128874
-171.649426139502 0.9666198352794835
-173.71057009010067 0.9249569424682762
-175.7717140406993 1.0364068399978057
-177.83285799129794 0.33198438592917523
-179.89400194189656 0.04982239291931064
-181.9551458924952 1.7809793563004883
-184.01628984309386 1.4479903204399027
-186.0774337936925 0.9853472798865669
-188.13857774429113 0.7216580176179733
-190.19972169488977 1.506177450364777
-192.2608656454884 0.39111088182231185
-194.32200959608707 0.7225585274437555
-196.38315354668572 1.4763197289229688
-198.44429749728434 -0.12700244236161717
-200.505441447883 0.6542339650729587
-202.56658539848164 0.16702535626881107
-204.62772934908028 1.1491575407120291
-206.6888732996789 0.025329378513420688
-208.75001725027755 0.1732906032925005
-210.81116120087617 1.926838169858967
-212.87230515147485 1.3886984134961935
-214.93344910207347 1.46579629524874
-216.99459305267212 -0.5003092894537176
-219.05573700327074 0.7479547075307247
-221.11688095386938 -0.9622449647295733
-223.17802490446803 -0.5818535907016024
-225.23916885506668 0.77752805483608
-227.3003128056653 0.6588294768280927
-229.36145675626395 0.7939115131312053
-231.42260070686257 0.4576286235062115
-233.48374465746124 0.6292737765111545
-235.5448886080599 0.3570239021654374
-237.6060325586585 0.41325218714100626
-239.66717650925716 1.9426122100437022
-241.7283204598558 1.208331515543267
-243.78946441045446 1.108726747755148
-245.85060836105308 1.7811925695514677
-247.91175231165172 2.6669090534213047
-249.97289626225034 1.9438684381086244
-252.03404021284902 1.1450869859826895
-254.09518416344764 1.909014058603211
-256.1563281140463 1.8655290869181116
-258.21747206464494 1.9861857422839349
-260.27861601524353 3.9967235244455646
