# BEGINHEADER
# This file contains data from the SALSA 2m radio telescope.
# DATE=2021-11-28T14:01:0027
# GLON and GLAT given in degrees
# GLON=45.899178723241064
# GLAT=0.21226253140508355
# DATA in two columns below. Col. 1 is velocity relative to LSR [km/s]. Col. 2 is uncalibrated antenna temperature [K].
# ENDHEADER
265.2036362921757 -2.8347157473545836
263.142492341577 -5.50677108162867
261.0813483909784 -5.361658816125828
259.02020444037976 -5.940443108381728
256.9590604897811 -5.490545470913237
254.8979165391825 -5.821774038372437
252.8367725885838 -6.712287997860812
250.7756286379852 -6.192310641720577
248.71448468738654 -6.424147926830224
246.65334073678792 -6.558840891161579
244.59219678618928 -7.136353753226955
242.53105283559063 -6.6459605648727464
240.46990888499198 -6.488747201264097
238.40876493439336 -6.840068581694453
236.3476209837947 -7.848997030756335
234.2864770331961 -7.0210976119706165
232.22533308259742 -6.43783336084356
230.16418913199877 -6.643669020502947
228.10304518140015 -5.827466208408208
226.0419012308015 -7.094765782482807
223.98075728020285 -7.2610841515115485
221.9196133296042 -6.498965125502945
219.85846937900558 -6.7672897451647716
217.79732542840694 -6.823233689174776
215.73618147780832 -6.78461723798555
213.67503752720964 -6.932104576420722
211.61389357661102 -5.767991871292897
209.55274962601237 -6.077844640384762
207.49160567541375 -6.514586878487961
205.4304617248151 -6.607282485965362
203.36931777421646 -5.24692336241213
201.3081738236178 -5.044947585202116
199.2470298730192 -6.6615620538325
197.1858859224205 -5.845647163160653
195.1247419718219 -6.005405236477501
193.06359802122324 -6.080831835644201
191.00245407062457 -6.3944880574193395
188.94131012002595 -5.831297673118575
186.8801661694273 -4.8663740357912335
184.81902221882868 -6.065842276846164
182.75787826823 -5.635960460275527
180.69673431763138 -6.356093384561534
178.63559036703273 -6.272889680297603
176.5744464164341 -6.431292559149047
174.51330246583547 -5.859983569424817
172.45215851523682 -5.392099636501396
170.39101456463817 -5.922574581005919
168.32987061403955 -4.957768926789644
166.2687266634409 -5.1633564288677745
164.20758271284228 -5.571106236998313
162.1464387622436 -6.08418361336545
160.08529481164499 -6.274701875363891
158.02415086104634 -6.190480073552894
155.96300691044772 -5.66941363530245
153.90186295984904 -6.030424764274256
151.8407190092504 -6.17864511707401
149.77957505865177 -4.563426874621141
147.71843110805312 -4.646493414478951
145.6572871574545 -5.218437742789949
143.59614320685583 -4.588023186647882
141.5349992562572 -5.701433474964729
139.47385530565856 -5.371198957393524
137.41271135505994 -4.869324126527285
135.3515674044613 -5.07312614969421
133.29042345386264 -4.865210638753538
131.229279503264 -5.241199657568673
129.16813555266538 -5.407324804840043
127.10699160206671 -5.456165779031881
125.04584765146808 -5.454878989393672
122.98470370086945 -5.5579269867587415
120.9235597502708 -5.4767717277861845
118.86241579967216 -4.767577717440357
116.80127184907352 -5.019466897079352
114.74012789847488 -5.73471246723158
112.67898394787623 -5.256045199918472
110.6178399972776 -5.075118927931034
108.55669604667897 -6.112815283552102
106.49555209608032 -5.308770708575398
104.43440814548168 -4.8032965997276245
102.37326419488303 -4.655896037414902
100.3121202442844 -4.208642192805079
98.25097629368577 -5.0811861613345854
96.18983234308713 -4.421889854443286
94.12868839248847 -4.31696206130884
92.06754444188984 -4.852617036190549
90.0064004912912 -4.330596983732465
87.94525654069255 -3.7471584339727873
85.88411259009392 -2.543360159919644
83.82296863949527 -1.6246076408742647
81.76182468889664 -0.5090623968648801
79.70068073829799 0.6789967717346621
77.63953678769936 2.225109894244583
75.57839283710072 4.230223336728603
73.51724888650207 6.428775673138288
71.45610493590344 11.518300573024547
69.39496098530479 15.697932689012422
67.33381703470616 18.816346241957152
65.27267308410751 22.43731206126561
63.21152913350887 23.4239512057329
61.15038518291023 26.625251243930556
59.089241232311586 27.239651128697545
57.028097281712945 27.95516395907101
54.96695333111431 26.784879649053305
52.90580938051567 26.247014585430904
50.84466542991703 26.090148307494477
48.78352147931838 25.491284464290047
46.72237752871973 24.44246534068086
44.6612335781211 24.576846672048873
42.60008962752246 24.129831644027494
40.53894567692382 22.19972460323893
38.477801726325175 23.21078477367333
36.416657775726534 23.964072601109745
34.35551382512789 23.110335845863663
32.29436987452925 24.83804082493285
30.23322592393061 24.880165387936607
28.172081973331974 26.28890590106914
26.110938022733333 27.85981448857692
24.049794072134695 29.703165790053795
21.98865012153605 29.78766457236854
19.927506170937413 27.62043652196
17.86636222033877 26.053718225625833
15.80521826974013 25.038464673539046
13.74407431914149 26.065023579505898
11.682930368542848 27.54437900913925
9.621786417944206 31.162144011959374
7.560642467345566 33.34554946431577
5.499498516746925 31.808479910092267
3.4383545661482846 28.199474139737113
1.3772106155496437 22.553554459558157
-0.683933335048997 15.049789926140614
-2.7450772856476378 10.684700409200062
-4.806221236246279 6.029377970545639
-6.8673651868449195 3.6493256131511065
-8.92850913744356 3.152690783778095
-10.989653088042202 3.070948465081683
-13.05079703864084 3.105940871738094
-15.111940989239482 2.0453843111341468
-17.173084939838123 3.0747698349062453
-19.234228890436764 2.2071641246230835
-21.2953728410354 3.277681856561208
-23.356516791634043 2.257432825803966
-25.41766074223269 2.63339026682535
-27.47880469283133 4.670002580985185
-29.53994864342997 4.8983647514767314
-31.60109259402861 4.932757905309416
-33.662236544627255 6.566398831075369
-35.723380495225896 7.354827762498288
-37.78452444582453 7.7574077715182455
-39.84566839642317 8.367655857747328
-41.90681234702181 9.147432596505176
-43.967956297620454 10.352673059810861
-46.029100248219095 9.91706943600523
-48.090244198817736 9.951765863419038
-50.15138814941638 9.816616111275554
-52.21253210001502 10.023484618739394
-54.27367605061365 9.694855049762905
-56.33482000121229 9.85388534962717
-58.395963951810934 8.303461806402924
-60.457107902409575 8.69389028085941
-62.518251853008216 6.585735203777587
-64.57939580360686 5.091048428054878
-66.6405397542055 3.9282354716008845
-68.70168370480414 1.418676290113915
-70.76282765540279 1.1150187841037575
-72.82397160600142 1.1501225015517405
-74.88511555660006 0.8128296810085368
-76.9462595071987 -0.536502354987968
-79.00740345779734 -1.4666528354406612
-81.06854740839599 -1.0536095523737348
-83.12969135899462 -1.806967641546776
-85.19083530959327 -1.527754061479034
-87.2519792601919 -0.9805603604663677
-89.31312321079054 -1.5811596204122262
-91.37426716138918 -1.5587285644795856
-93.43541111198782 -2.3364443956078005
-95.49655506258647 -2.634032229104538
-97.5576990131851 -3.5506444294102106
-99.61884296378376 -2.8977505826708287
-101.67998691438241 -1.8085664141546518
-103.74113086498105 -2.730155944377451
-105.8022748155797 -2.8700740479721523
-107.86341876617833 -2.09855710751452
-109.92456271677696 -3.0279427264593246
-111.98570666737561 -2.4667002665126323
-114.04685061797424 -2.7805046339162076
-116.10799456857289 -2.1575372343379486
-118.16913851917153 -1.3078244742676286
-120.23028246977017 -3.374376285298607
-122.29142642036881 -2.0951243091732943
-124.35257037096744 -3.4972292934177207
-126.41371432156609 -3.2037537820777553
-128.47485827216474 -3.030343995127022
-130.5360022227634 -1.6546009341068086
-132.597146173362 -1.3955978192947434
-134.65829012396065 -2.3816682375069114
-136.7194340745593 -2.182128373455246
-138.78057802515795 -0.9411943967705836
-140.84172197575657 -2.2534785170991443
-142.90286592635522 -1.8717498085410729
-144.96400987695384 -2.1321232528291603
-147.02515382755251 -2.5552728474907163
-149.08629777815113 -2.2961332962881813
-151.14744172874978 -2.799149428616446
-153.2085856793484 -2.5751266032894184
-155.26972962994705 -0.7559159670434933
-157.33087358054573 -1.88651680126712
-159.39201753114435 -2.5760435720489303
-161.453161481743 -2.2885821371346897
-163.51430543234162 -2.4935810205824342
-165.57544938294026 -2.49928606683387
-167.6365933335389 -2.295876281187676
-169.69773728413756 -2.6102411840579736
-171.75888123473618 -2.934641217178298
-173.82002518533483 -2.347373885107591
-175.88116913593348 -2.2706977451356734
-177.94231308653212 -1.9845765679116254
-180.00345703713074 -2.2860091377349043
-182.0646009877294 -2.662898511961112
-184.125744938328 -1.4295505156533315
-186.1868888889267 -2.13719517309192
-188.2480328395253 -2.551861215789925
-190.30917679012396 -2.9402773441022743
-192.37032074072258 -3.0083512742426346
-194.43146469132122 -2.5406296951997605
-196.4926086419199 -2.8317497169067263
-198.5537525925185 -1.7293357520981756
-200.61489654311714 -1.7399354657667243
-202.6760404937158 -1.4594441934299929
-204.73718444431444 -1.7569452027873562
-206.79832839491306 -2.321560753129398
-208.8594723455117 -2.554333614162239
-210.92061629611032 -1.9919584455974875
-212.981760246709 -2.189093487306429
-215.04290419730762 -0.9615208457972239
-217.10404814790627 -1.1997096539741372
-219.1651920985049 -1.1350643082922547
-221.22633604910354 -1.2646757162617253
-223.28747999970219 -1.513935123052783
-225.34862395030083 -1.5576227984957631
-227.40976790089945 -2.694411487306719
-229.4709118514981 -2.1633395023058544
-231.53205580209675 -3.097964913509189
-233.5931997526954 -1.7671022720235507
-235.65434370329405 -0.7981215738653628
-237.71548765389267 -2.7016213841373578
-239.7766316044913 -1.419932212806047
-241.83777555508996 -2.0942535008617575
-243.8989195056886 -2.154654001996185
-245.96006345628723 -2.262719871252894
-248.02120740688588 -2.583462055787979
-250.0823513574845 -2.7171432564354485
-252.14349530808317 -2.75295304017865
-254.2046392586818 -3.461823552242824
-256.2657832092804 -4.684055837479407
-258.32692715987906 -3.4779305483077882
-260.3880711104777 -5.931863622226801
