# BEGINHEADER
# This file contains data from the SALSA 2m radio telescope.
# DATE=2021-11-28T11:40:0008
# GLON and GLAT given in degrees
# GLON=45.86247133417079
# GLAT=0.20295888234831952
# DATA in two columns below. Col. 1 is velocity relative to LSR [km/s]. Col. 2 is uncalibrated antenna temperature [K].
# ENDHEADER
265.16809169577004 -5.206519144576433
263.1069477451714 -10.5008305870487
261.04580379457275 -9.997530178448228
258.9846598439741 -10.889414619284215
256.92351589337545 -8.231582743854032
254.8623719427768 -9.053333560081178
252.80122799217818 -9.704237911613621
250.74008404157954 -9.217818220974845
248.67894009098092 -10.396433146866372
246.61779614038224 -9.995806236727747
244.55665218978362 -10.058370512859371
242.49550823918497 -9.80929492485164
240.43436428858635 -8.611855242744662
238.37322033798768 -9.813400146539605
236.31207638738906 -9.705897952023738
234.2509324367904 -9.257204886349928
232.1897884861918 -8.364809279883618
230.12864453559314 -10.273097291653281
228.06750058499446 -9.018545601251546
226.00635663439584 -9.682304022983216
223.9452126837972 -8.87015393642942
221.88406873319857 -9.02700736084068
219.82292478259993 -8.27144297170256
217.76178083200128 -8.184151047629802
215.70063688140263 -8.738805758941059
213.639492930804 -7.973141305009993
211.57834898020536 -8.22246422820159
209.5172050296067 -8.090502750480551
207.45606107900807 -8.123747658824714
205.39491712840945 -9.485701106478693
203.3337731778108 -9.603111889331007
201.27262922721218 -7.43003103852107
199.2114852766135 -8.944098154795029
197.15034132601488 -8.563961992280971
195.08919737541623 -9.831298833633378
193.0280534248176 -9.225438541904557
190.96690947421897 -8.59196959942521
188.9057655236203 -9.18961070002314
186.84462157302167 -7.751261092808491
184.78347762242302 -7.8912003803408775
182.7223336718244 -7.371776791227312
180.66118972122575 -7.533552656051951
178.6000457706271 -7.212471140870108
176.53890182002846 -7.348605243584513
174.47775786942984 -6.97058579559925
172.4166139188312 -8.187105624692796
170.35546996823254 -7.913510362382782
168.2943260176339 -7.535197306985076
166.23318206703527 -8.39024993787894
164.17203811643662 -8.48599465307203
162.110894165838 -8.65362065709334
160.04975021523933 -7.102447366487976
157.9886062646407 -7.304635691022461
155.92746231404206 -7.279690947409233
153.86631836344344 -7.988834195222843
151.8051744128448 -8.197736922371416
149.74403046224612 -7.787988741846256
147.6828865116475 -8.036931353740608
145.62174256104885 -7.074707162748565
143.56059861045023 -7.400403101889197
141.49945465985155 -7.737343501329395
139.43831070925293 -9.056154025605545
137.37716675865428 -8.310714358994021
135.31602280805566 -7.727286302405172
133.25487885745702 -8.061418840147716
131.19373490685837 -8.438080851366928
129.13259095625972 -9.243549144021493
127.07144700566108 -9.234463402046096
125.01030305506245 -7.976430865348182
122.9491591044638 -7.3777052052971515
120.88801515386517 -7.154741021260059
118.82687120326652 -5.937369793946663
116.76572725266789 -10.149594039138323
114.70458330206924 -8.286714472018
112.6434393514706 -7.809036235264321
110.58229540087197 -7.693104893615541
108.52115145027332 -8.790445453201105
106.46000749967469 -7.383879902562102
104.39886354907604 -8.042240587541592
102.3377195984774 -7.561075639829582
100.27657564787876 -7.67105827050194
98.21543169728012 -7.748843873393579
96.15428774668149 -9.345863935282152
94.09314379608284 -7.4332239879688675
92.03199984548421 -8.056962466879908
89.97085589488555 -5.909002249011233
87.90971194428691 -5.980814227314671
85.84856799368826 -5.663357280431442
83.78742404308963 -4.124874775910594
81.726280092491 -4.311742833254988
79.66513614189235 -2.6275433175857486
77.60399219129371 -0.531805287378057
75.54284824069506 1.4885002628019086
73.48170429009643 1.8048333535361247
71.42056033949778 5.7495608626193775
69.35941638889915 10.686794591192367
67.29827243830051 15.172001629200741
65.23712848770187 18.709871559482846
63.17598453710323 22.21695681263694
61.114840586504585 22.4995440607749
59.05369663590594 22.129183099002528
56.9925526853073 23.287584398951573
54.93140873470866 23.574166412951755
52.87026478411002 22.48444693330016
50.80912083351138 21.169215198073303
48.74797688291274 20.96930195234419
46.6868329323141 20.11226364034102
44.625688981715456 19.097472194652152
42.56454503111681 22.317077225657734
40.50340108051817 20.32891418234541
38.44225712991953 18.91685954595793
36.38111317932089 19.2953279727833
34.31996922872225 19.694034362510703
32.25882527812361 20.12408482376133
30.19768132752497 19.54365198531068
28.136537376926327 22.053219982801572
26.075393426327686 24.228432203122466
24.014249475729045 26.528719693561495
21.953105525130407 25.770783187101504
19.891961574531766 23.82019448298426
17.83081762393312 22.75080596100066
15.769673673334482 19.443472564426852
13.708529722735841 21.83018096570871
11.6473857721372 24.83743851971752
9.586241821538561 26.017647156822363
7.525097870939919 29.690006899970765
5.463953920341279 26.82145595669496
3.402809969742638 23.066565893804743
1.3416660191439973 18.08127006821632
-0.7194779314546434 11.994190622050729
-2.780621882053284 6.853782694321153
-4.841765832651925 2.163951433970147
-6.902909783250566 -1.2525592610027882
-8.964053733849207 -0.5028229571809927
-11.025197684447846 -3.2698306965804074
-13.08634163504649 -2.9774495512480366
-15.147485585645128 -2.389986857193808
-17.20862953624377 -1.4957659215183456
-19.269773486842414 -3.8213720550708454
-21.33091743744105 -3.175911101178727
-23.392061388039693 -3.5497521049820406
-25.453205338638334 -2.3656975782700034
-27.51434928923697 -0.37809830238440395
-29.575493239835616 0.6300576811757136
-31.636637190434257 1.301889955429839
-33.6977811410329 1.2628396969039837
-35.75892509163154 2.2757210761000914
-37.82006904223018 2.414863586388
-39.88121299282882 4.03428421555028
-41.94235694342746 4.787042746007352
-44.0035008940261 4.3748819131982835
-46.06464484462474 5.7685164736125065
-48.12578879522338 6.203390597346894
-50.18693274582201 4.684781546820854
-52.248076696420654 5.434963509561128
-54.3092206470193 4.17668106178122
-56.37036459761794 4.807328955812247
-58.431508548216584 4.024501573095925
-60.492652498815225 3.1917418852565222
-62.55379644941386 2.9718076150197463
-64.6149404000125 1.8252864193164111
-66.67608435061115 0.21743943653908485
-68.73722830120978 -1.8598888577077675
-70.79837225180843 -3.791824802342811
-72.85951620240706 -4.941166456369358
-74.92066015300571 -4.780508872060544
-76.98180410360435 -5.528122695123563
-79.042948054203 -5.766192808292305
-81.10409200480163 -4.349529478709978
-83.16523595540026 -7.924723555843536
-85.22637990599891 -5.990964014694497
-87.28752385659755 -6.181927850989197
-89.3486678071962 -6.289060498602091
-91.40981175779483 -7.848358650975043
-93.47095570839348 -7.914646287311282
-95.53209965899211 -7.104295485565122
-97.59324360959074 -6.599967036981979
-99.65438756018939 -6.964443601030039
-101.71553151078804 -7.418364798910293
-103.77667546138669 -6.906756412024877
-105.83781941198532 -7.340465826139751
-107.89896336258397 -7.575170512226303
-109.9601073131826 -9.095342186611504
-112.02125126378124 -6.945122177861823
-114.08239521437989 -5.552653435260656
-116.14353916497852 -7.9217969248827025
-118.20468311557717 -7.977094211442523
-120.2658270661758 -7.269336752590419
-122.32697101677445 -6.88851488642372
-124.38811496737308 -6.40855903627939
-126.44925891797172 -7.245794531130977
-128.51040286857037 -7.533277069690802
-130.57154681916901 -5.751365906516663
-132.63269076976766 -7.524433261651787
-134.69383472036628 -7.457675698783742
-136.75497867096493 -7.157641720995316
-138.81612262156355 -7.0654351571389045
-140.87726657216223 -7.418008522500523
-142.93841052276085 -6.073790822372898
-144.9995544733595 -5.794545680491678
-147.06069842395812 -8.083082059276945
-149.1218423745568 -5.448207134139266
-151.1829863251554 -7.206392385674136
-153.24413027575406 -7.336211881544432
-155.30527422635268 -6.79050857181077
-157.36641817695133 -6.514065653800929
-159.42756212755 -6.748933923130985
-161.48870607814862 -7.002063101379618
-163.54985002874727 -6.766065940930275
-165.6109939793459 -6.761695881003036
-167.67213792994454 -6.554573545816077
-169.7332818805432 -7.377827990610583
-171.79442583114184 -5.867540791592552
-173.85556978174046 -6.749941475528966
-175.9167137323391 -8.011536486125678
-177.97785768293775 -7.1177147361280015
-180.0390016335364 -8.073056040400692
-182.10014558413502 -7.542727158527625
-184.16128953473367 -7.9750785559554735
-186.2224334853323 -8.369668929062282
-188.28357743593097 -7.847821141749264
-190.34472138652959 -7.058168219656411
-192.40586533712823 -5.625033645094825
-194.46700928772685 -6.0767339686215465
-196.5281532383255 -7.9047985738150315
-198.58929718892418 -6.558095130962205
-200.6504411395228 -7.467670188575449
-202.71158509012145 -6.090499109741938
-204.77272904072007 -6.049762878274627
-206.8338729913187 -7.8512842065758
-208.89501694191736 -7.14953690621845
-210.956160892516 -7.328080552049351
-213.01730484311463 -6.38615179101166
-215.07844879371328 -8.118282476377434
-217.13959274431193 -7.77359608590641
-219.20073669491057 -8.192684162299665
-221.2618806455092 -8.178864657046176
-223.32302459610784 -7.4645595884982034
-225.38416854670646 -8.800118111701318
-227.44531249730514 -7.412755669677546
-229.50645644790376 -9.222451516573999
-231.5676003985024 -7.971545293647787
-233.62874434910103 -8.732305617272633
-235.68988829969967 -8.089133035748127
-237.75103225029835 -8.458284707226165
-239.81217620089697 -9.47955595143328
-241.87332015149562 -6.4825919669701495
-243.93446410209424 -7.630130585779776
-245.99560805269292 -8.562393582170928
-248.05675200329154 -9.214986532702675
-250.11789595389018 -8.540866484459368
-252.1790399044888 -9.07691523420147
-254.24018385508745 -7.879397827309154
-256.3013278056861 -9.682420653329931
-258.3624717562847 -8.532884677755234
-260.42361570688337 -9.552357006410535
