# BEGINHEADER
# This file contains data from the SALSA 2m radio telescope.
# DATE=2021-11-27T23:12:0005
# GLON and GLAT given in degrees
# GLON=178.80723881072925
# GLAT=-0.27099214979370356
# DATA in two columns below. Col. 1 is velocity relative to LSR [km/s]. Col. 2 is uncalibrated antenna temperature [K].
# ENDHEADER
265.40958833883695 2.057572052980904
263.3484443882383 4.293079605142523
261.28730043763966 4.33043877309683
259.22615648704107 4.134625627083158
257.1650125364424 4.498112749695426
255.10386858584377 5.940902515200816
253.04272463524515 5.6778734359667595
250.98158068464647 5.638333618084882
248.92043673404785 6.225759924940562
246.8592927834492 5.6450182795871156
244.79814883285056 6.184402285676775
242.7370048822519 5.669831412389382
240.67586093165326 4.9938658192416625
238.61471698105464 6.221897789513567
236.553573030456 7.3167048348848205
234.49242907985737 6.6636243720398864
232.4312851292587 6.387746352990608
230.37014117866008 4.632335386944443
228.30899722806143 6.390096135449308
226.2478532774628 6.332872252053586
224.18670932686416 6.04399637005608
222.1255653762655 6.387317879558831
220.06442142566686 7.837362153968021
218.00327747506824 5.899957077474974
215.9421335244696 6.338025668176442
213.88098957387095 7.203557730423603
211.8198456232723 5.889082367064624
209.75870167267365 6.593195933556099
207.69755772207503 8.073606260925253
205.63641377147638 6.368180535338918
203.57526982087774 5.46148965085492
201.5141258702791 6.565485224248571
199.45298191968047 5.319104653015373
197.39183796908185 7.772070677245618
195.3306940184832 7.543889218255373
193.26955006788455 5.839193104882506
191.20840611728593 8.930624524460432
189.14726216668728 7.593730848783249
187.08611821608864 5.73770697337478
185.02497426549 5.219014732125973
182.96383031489137 7.328754956642089
180.90268636429272 7.062274250834529
178.8415424136941 6.172288715327546
176.78039846309542 7.327593037547025
174.7192545124968 6.560073932020157
172.65811056189816 7.018966929411787
170.59696661129954 6.5535869495464905
168.5358226607009 6.432519466837269
166.4746787101022 6.629957745907904
164.4135347595036 7.891279577140221
162.35239080890494 7.283357657833196
160.29124685830632 5.049419461378773
158.23010290770765 6.6545107727270825
156.16895895710903 7.829284079885081
154.10781500651038 8.186680171723436
152.04667105591176 6.410301170074952
149.9855271053131 6.122755035837232
147.92438315471446 7.527366316421357
145.8632392041158 7.937168213709072
143.8020952535172 7.5368248331206305
141.74095130291855 7.860233818905636
139.67980735231993 7.1675616661847545
137.61866340172125 6.95333109753029
135.55751945112263 6.914676006241293
133.49637550052398 6.111775935814187
131.43523154992536 7.436708456341966
129.37408759932669 7.073207487672106
127.31294364872807 6.850304173318152
125.25179969812942 7.279932318422718
123.19065574753078 6.555512681644512
121.12951179693214 7.606568695543867
119.0683678463335 5.782990502092286
117.00722389573485 5.840291989604942
114.94607994513622 6.834184913777836
112.88493599453759 5.715054537358884
110.82379204393892 7.423647754749881
108.76264809334029 6.118826363553827
106.70150414274164 6.676420811980515
104.640360192143 5.409158888914292
102.57921624154436 6.894517676933749
100.51807229094572 6.696366659500048
98.45692834034708 7.285359854826345
96.39578438974843 6.772253396411879
94.3346404391498 6.256261601980491
92.27349648855116 6.907147325929411
90.21235253795251 7.361531535219452
88.15120858735388 7.768086573794598
86.09006463675523 7.2686928127403965
84.0289206861566 7.264607559779081
81.96777673555795 7.5126376771643
79.90663278495931 6.581078648793578
77.84548883436068 6.405583421452354
75.78434488376203 7.55805565790246
73.7232009331634 5.727153576033335
71.66205698256474 7.036223165957101
69.6009130319661 7.032522702726922
67.53976908136747 6.295641896341914
65.47862513076882 5.618065298534238
63.41748118017018 6.121058024534189
61.35633722957154 6.866886280701047
59.2951932789729 7.098936282159165
57.23404932837426 5.664457894639763
55.17290537777562 6.488673511487771
53.11176142717698 6.7295959392304185
51.05061747657834 5.898878879072624
48.989473525979705 7.3384135848592855
46.92832957538106 5.825792037494104
44.86718562478242 7.315509161513098
42.80604167418378 6.945284401118509
40.74489772358514 6.964784500083027
38.6837537729865 6.570845445720495
36.62260982238786 6.140600144395557
34.56146587178922 6.16495219716019
32.500321921190576 6.203148867191183
30.43917797059194 8.184887969665523
28.378034019993294 7.900314003651936
26.316890069394653 8.230335294224805
24.255746118796015 9.553309006533222
22.194602168197374 11.509782816445943
20.133458217598733 12.810036488160135
18.072314267000092 17.719599868636198
16.01117031640145 22.877585403919706
13.950026365802811 32.541253893215455
11.888882415204167 50.12310348571452
9.827738464605527 76.46160353196416
7.766594514006886 100.46217453731161
5.705450563408245 116.10325403535838
3.6443066128096047 122.14358355197766
1.583162662210964 123.71530411158759
-0.4779812883876765 136.58814814553443
-2.5391252389863177 138.66999373879383
-4.600269189584958 132.09798330292003
-6.6614131401835985 123.70202815963833
-8.72255709078224 110.69824902291917
-10.78370104138088 102.0670838837079
-12.844844991979521 93.86130131677625
-14.90598894257816 82.51822409586028
-16.9671328931768 70.62917398754186
-19.028276843775444 59.84708913041128
-21.089420794374085 44.69202698857438
-23.150564744972723 33.1616372064946
-25.211708695571364 26.823178253650656
-27.272852646170005 22.040760021535004
-29.333996596768646 18.72558822618346
-31.395140547367287 14.70364169463127
-33.45628449796593 12.750317127062859
-35.51742844856457 11.15396519200794
-37.578572399163214 11.249984304024892
-39.63971634976185 8.67411230729863
-41.70086030036049 7.6276993894641025
-43.76200425095913 7.063686860908986
-45.82314820155777 7.691616218264304
-47.88429215215641 6.881208226639317
-49.94543610275505 6.688599227667535
-52.006580053353694 7.394073158746837
-54.06772400395234 5.374301537873314
-56.128867954550984 4.780000449224502
-58.190011905149625 4.830539653388482
-60.251155855748266 4.317360070462
-62.31229980634691 4.657275765810198
-64.37344375694555 4.323337267230019
-66.43458770754418 4.34329030450466
-68.49573165814283 4.870616848678265
-70.55687560874146 4.613832839159179
-72.6180195593401 4.1782261028781384
-74.67916350993875 5.308436250604649
-76.74030746053738 4.658816762875513
-78.80145141113603 4.193379652599007
-80.86259536173466 4.787624735567137
-82.92373931233332 4.455190266848665
-84.98488326293196 4.296060292933494
-87.04602721353059 2.7245929667057927
-89.10717116412924 4.176132465525263
-91.16831511472787 4.564245779333405
-93.22945906532652 2.622545059808574
-95.29060301592516 4.122704016083199
-97.3517469665238 2.913346809736284
-99.41289091712243 3.400536987654791
-101.47403486772107 3.388569214021605
-103.53517881831971 3.527396563930359
-105.59632276891834 3.0807163018297667
-107.65746671951699 1.5950965533748085
-109.71861067011562 3.3779690532059607
-111.77975462071427 3.958621699588634
-113.8408985713129 3.674015815228587
-115.90204252191155 3.4869674345294435
-117.96318647251019 1.9582100210714488
-120.02433042310882 3.783649989292249
-122.08547437370748 3.1486779409635
-124.14661832430612 2.5407980859304344
-126.20776227490477 2.263780984337425
-128.2689062255034 3.302074075655263
-130.33005017610205 2.5704367035753024
-132.3911941267007 2.624910772184669
-134.45233807729932 2.438206710405892
-136.51348202789796 2.4882855088913383
-138.57462597849658 2.39672406899167
-140.63576992909523 2.919935446806556
-142.6969138796939 2.4611239625207544
-144.75805783029253 2.5822294235991343
-146.81920178089118 2.725179012570824
-148.8803457314898 3.1591931709912213
-150.94148968208845 1.4349856343791252
-153.0026336326871 2.5444318202799865
-155.06377758328574 2.129460202063019
-157.12492153388436 1.4615134789085946
-159.186065484483 2.597037193445901
-161.24720943508163 1.7029821912186196
-163.3083533856803 1.7501282994236005
-165.36949733627893 1.4003045490689678
-167.43064128687757 3.7715057940330103
-169.4917852374762 2.8614046168011797
-171.55292918807487 1.5080198492991348
-173.6140731386735 2.8482226742819927
-175.67521708927214 1.2312721343445474
-177.73636103987076 1.1348138868169804
-179.7975049904694 1.3916994432753058
-181.85864894106808 2.212607828961192
-183.9197928916667 1.1719058979614387
-185.98093684226535 2.3741477248970675
-188.04208079286397 1.2022186041670253
-190.10322474346262 2.144287546203824
-192.16436869406127 1.308400136854415
-194.22551264465991 1.0309484818288133
-196.28665659525853 0.9020067837691814
-198.3478005458572 0.5590710477155555
-200.40894449645583 2.0469574259152465
-202.47008844705448 1.1227358160845564
-204.53123239765313 0.9120086852042517
-206.59237634825178 0.27781891306921236
-208.6535202988504 1.4895708571632538
-210.71466424944904 2.281952584754108
-212.7758082000477 1.5904055941800859
-214.83695215064634 1.0627755687631844
-216.898096101245 0.7998227451241215
-218.9592400518436 1.1079513109781245
-221.02038400244226 1.8321619143026462
-223.0815279530409 1.3784074193580567
-225.14267190363955 0.7731972826443511
-227.20381585423817 0.3738955363478992
-229.26495980483682 0.7871686970653012
-231.32610375543544 0.8465503873225295
-233.38724770603412 1.0050661532657337
-235.44839165663274 1.6386238609932609
-237.50953560723138 0.6014048602875905
-239.57067955783 2.146622555686164
-241.63182350842868 1.901904642036215
-243.6929674590273 2.529459288857102
-245.75411140962595 3.24409795349842
-247.81525536022457 1.5262130092030939
-249.87639931082322 1.491687258240214
-251.93754326142187 1.374200172938358
-253.9986872120205 3.6262828462042096
-256.05983116261916 2.9901580014542346
-258.1209751132178 2.185623069794857
-260.1821190638164 3.563018933132519
