# BEGINHEADER
# This file contains data from the SALSA 2m radio telescope.
# DATE=2021-11-27T22:03:0040
# GLON and GLAT given in degrees
# GLON=59.858363870037714
# GLAT=0.1258272778256604
# DATA in two columns below. Col. 1 is velocity relative to LSR [km/s]. Col. 2 is uncalibrated antenna temperature [K].
# ENDHEADER
265.10066056931106 2.3487777964972527
263.0395166187124 5.332049450460279
260.9783726681138 5.97579736467598
258.9172287175151 6.8859972942392025
256.8560847669165 5.213736983507302
254.79494081631788 6.773626160519073
252.73379686571923 6.661862891269615
250.6726529151206 6.992270651080878
248.61150896452193 8.826239017811343
246.5503650139233 8.235522064767457
244.48922106332466 7.914896516243608
242.42807711272602 7.702343313225604
240.3669331621274 8.078039439721787
238.30578921152872 9.066235078207365
236.2446452609301 9.068718944995844
234.18350131033145 8.73761410103429
232.12235735973283 7.838396320497027
230.06121340913418 8.857618515782619
228.00006945853553 8.960587057718305
225.9389255079369 8.93317020843346
223.87778155733827 8.984202491581382
221.81663760673962 9.033041781481046
219.75549365614097 9.38504921529541
217.69434970554232 8.515559955910348
215.6332057549437 10.031591475174578
213.57206180434505 9.472553284604396
211.51091785374643 9.306912498056485
209.44977390314776 9.622263516065013
207.3886299525491 9.042148830229303
205.3274860019505 10.16966424937193
203.26634205135184 8.9806256610517
201.20519810075322 8.285834286897531
199.14405415015455 9.425075386510063
197.08291019955593 8.706953903623608
195.02176624895728 7.867307192752003
192.96062229835866 9.288357834811176
190.89947834775998 9.25832919198741
188.83833439716136 10.043092609863255
186.7771904465627 9.038772773170514
184.7160464959641 8.793248470595923
182.65490254536545 8.951928195417574
180.5937585947668 10.509043191204604
178.53261464416815 10.169192012510818
176.47147069356953 9.034315324013749
174.41032674297088 7.9024743986906065
172.34918279237226 8.886193702938812
170.28803884177358 9.101867570056006
168.22689489117494 9.002132100854928
166.16575094057632 9.415305907026553
164.10460698997767 9.536667494017642
162.04346303937905 9.344457562825866
159.98231908878037 8.604775789713837
157.92117513818175 10.18707017198429
155.8600311875831 8.51706535536186
153.79888723698448 8.408415352725871
151.7377432863858 8.158585423345952
149.6765993357872 8.85792003721392
147.61545538518854 9.801829450632448
145.55431143458992 10.114176213373652
143.49316748399127 9.609978999209694
141.43202353339262 8.173006767707003
139.37087958279398 7.939026156279693
137.30973563219536 9.147232545904874
135.2485916815967 9.552224266906556
133.1874477309981 8.28124866385995
131.1263037803994 9.307257908586713
129.06515982980076 8.270575722331134
127.00401587920214 7.626547275927063
124.9428719286035 9.089037105135697
122.88172797800486 7.795005929986366
120.82058402740621 9.280984180287481
118.75944007680758 9.762844229420812
116.69829612620894 8.555084031048503
114.6371521756103 8.942333224152087
112.57600822501166 8.278544683761034
110.514864274413 8.26033556202787
108.45372032381437 8.99219799434589
106.39257637321573 9.488896844367078
104.33143242261708 8.758347517113696
102.27028847201845 9.143349183495843
100.2091445214198 9.435032881252226
98.14800057082118 8.761473669575079
96.08685662022253 8.110031513094672
94.0257126696239 8.781494491130914
91.96456871902525 8.809806647810525
89.90342476842662 9.565488960066588
87.84228081782797 8.736906809372764
85.78113686722934 9.719400194924068
83.7199929166307 9.825890181680567
81.65884896603205 9.283531371201224
79.59770501543342 9.082246078776196
77.53656106483477 8.990637677545218
75.47541711423614 8.305943650460675
73.41427316363749 9.774814043207925
71.35312921303886 9.087999077863918
69.2919852624402 7.9954760888832785
67.23084131184156 9.323500255338978
65.16969736124292 8.486645648786757
63.10855341064429 8.865576070873885
61.04740946004564 8.250269520496634
58.986265509447 9.403070624295813
56.92512155884836 9.291012693505941
54.86397760824972 11.692837673030281
52.80283365765108 13.858867791352424
50.741689707052444 16.450904283903718
48.6805457564538 19.648023707788383
46.61940180585516 22.456503735437348
44.55825785525652 26.743754589560762
42.49711390465788 32.85188495283224
40.43596995405923 36.96542003886207
38.37482600346059 42.591267959667626
36.31368205286196 48.81734309959667
34.252538102263316 54.63512779096204
32.191394151664674 61.311905210533034
30.130250201066033 64.1443197578719
28.069106250467392 66.69315727531946
26.00796229986875 68.79261927865845
23.94681834927011 68.95897210793235
21.88567439867147 71.07798487285577
19.82453044807283 74.45156109124608
17.763386497474187 76.77641928732648
15.702242546875548 80.52110474144689
13.641098596276906 84.47841369425642
11.579954645678265 86.30223235239052
9.518810695079623 90.43473131715916
7.457666744480983 88.11432122863371
5.396522793882343 82.49603431700373
3.335378843283702 74.75259540834645
1.2742348926850608 63.56117074810226
-0.7869090579135799 59.73500935087984
-2.8480530085122204 53.822166591716865
-4.909196959110861 46.67239877813554
-6.970340909709503 43.05547383500563
-9.031484860308144 41.10109533066234
-11.092628810906785 37.82435689179457
-13.153772761505422 36.072406198490725
-15.214916712104065 34.01935084220659
-17.276060662702704 31.38190535269573
-19.337204613301346 27.74207283243683
-21.398348563899987 24.965308646865584
-23.459492514498628 21.229571703751553
-25.52063646509727 18.916383956548945
-27.58178041569591 15.951396555232815
-29.642924366294547 15.550438213057323
-31.704068316893192 14.726585401020959
-33.765212267491826 13.518100713692917
-35.826356218090474 13.277904935005719
-37.887500168689115 14.278371285647824
-39.948644119287756 14.55316680084742
-42.0097880698864 14.712783708552074
-44.07093202048504 16.19069471009119
-46.13207597108367 19.83233425727876
-48.193219921682314 22.78373919975845
-50.254363872280955 26.602271753766644
-52.315507822879596 29.763732879613432
-54.37665177347824 30.78706096972702
-56.437795724076885 33.360330204644825
-58.498939674675526 36.81123706145876
-60.56008362527416 38.54240637238613
-62.6212275758728 38.47223319205057
-64.68237152647144 37.97440918126561
-66.74351547707008 34.7943311711633
-68.80465942766872 33.21927136352692
-70.86580337826736 32.56894048846086
-72.926947328866 29.006129964651766
-74.98809127946464 26.051630351908607
-77.04923523006329 24.845884421220266
-79.11037918066192 23.304434540579457
-81.17152313126056 19.368391398777256
-83.2326670818592 16.20866319522105
-85.29381103245785 14.167563108913782
-87.3549549830565 11.702311324899032
-89.41609893365514 10.898730206995154
-91.47724288425378 10.556620457183845
-93.53838683485242 9.68716796770192
-95.59953078545105 8.694148173642148
-97.6606747360497 8.102593849903378
-99.72181868664835 7.628783902257357
-101.78296263724698 7.183446129086339
-103.84410658784563 6.411328014845699
-105.90525053844426 6.529776343046924
-107.96639448904291 6.415837325816223
-110.02753843964155 4.477468866416868
-112.0886823902402 6.637041347804313
-114.14982634083883 5.0952328995250316
-116.21097029143746 5.599733228776077
-118.27211424203611 5.8484400530203295
-120.33325819263474 3.8427498338069817
-122.3944021432334 5.158988317320451
-124.45554609383204 4.823075521737639
-126.51669004443069 4.092139153848573
-128.57783399502932 2.1142769178267984
-130.63897794562794 3.7721949211952657
-132.7001218962266 4.78497955385768
-134.76126584682524 4.860180252779389
-136.82240979742386 4.636296819826481
-138.88355374802254 2.902389100106038
-140.94469769862118 3.936670120971703
-143.0058416492198 4.4621304966752104
-145.06698559981845 3.2762278129990006
-147.12812955041707 3.9992520704810364
-149.18927350101575 3.5752404964634965
-151.25041745161437 4.269963125973565
-153.31156140221302 4.087596212001162
-155.37270535281164 2.6347818762716586
-157.43384930341028 4.59361030137656
-159.49499325400893 4.088870681215221
-161.55613720460758 2.8821341455937155
-163.6172811552062 3.7436039333236173
-165.67842510580485 2.946272495510139
-167.7395690564035 3.751419291609386
-169.80071300700214 2.6924820374704073
-171.86185695760076 3.7715789215731172
-173.9230009081994 2.780832978647471
-175.98414485879803 3.248180717285542
-178.0452888093967 3.8135656613776194
-180.10643275999536 1.7924852841777887
-182.16757671059398 3.5456909920245088
-184.22872066119263 4.121412472687639
-186.28986461179124 3.4589395510101335
-188.35100856238992 5.061453782971088
-190.41215251298854 4.7714868160808726
-192.4732964635872 3.92244832499608
-194.5344404141858 3.0056381853118213
-196.5955843647845 3.0188674071809047
-198.6567283153831 3.3431937701077192
-200.71787226598175 3.306168816773951
-202.77901621658037 3.5320373264045
-204.84016016717902 3.177749274829146
-206.90130411777767 2.059262650267202
-208.96244806837632 2.771185487589744
-211.02359201897494 3.275023548338757
-213.0847359695736 2.3800003713678564
-215.1458799201722 3.1959475873006546
-217.20702387077088 1.9608969200076474
-219.26816782136953 2.362994283043061
-221.32931177196815 2.542050348030949
-223.3904557225668 2.9781913607359765
-225.45159967316542 2.1379885931562317
-227.5127436237641 2.1554456702224645
-229.57388757436271 3.5177808886226027
-231.63503152496136 2.7637809775979814
-233.69617547555998 2.5006305898841474
-235.75731942615866 1.9095605087727625
-237.81846337675728 2.6438930137434906
-239.87960732735593 2.383323862299447
-241.94075127795455 3.764310555346494
-244.0018952285532 4.604332839487737
-246.06303917915184 2.456231931512912
-248.1241831297505 3.653196145655
-250.1853270803491 3.2473355590741355
-252.24647103094776 3.728976370781054
-254.30761498154638 3.680699325497444
-256.36875893214506 4.024941143414505
-258.4299028827437 5.809916687365664
-260.49104683334235 5.482524755546383
