# BEGINHEADER
# This file contains data from the SALSA 2m radio telescope.
# DATE=2021-11-27T23:16:0014
# GLON and GLAT given in degrees
# GLON=185.84775452708286
# GLAT=-0.26396406654295124
# DATA in two columns below. Col. 1 is velocity relative to LSR [km/s]. Col. 2 is uncalibrated antenna temperature [K].
# ENDHEADER
265.3729484396164 2.0134591456804705
263.3118044890177 4.228330069807373
261.2506605384191 5.1281868245072015
259.18951658782044 5.976949313348189
257.1283726372218 6.022721414919669
255.06722868662314 6.639969250101619
253.0060847360245 5.643200598850297
250.94494078542587 6.051761351531694
248.88379683482722 5.266552028079437
246.82265288422857 6.905533820557272
244.76150893362993 7.069247058007262
242.7003649830313 7.24713204014695
240.63922103243266 6.728233277052863
238.578077081834 7.023428282345175
236.51693313123536 7.111696579439258
234.45578918063674 6.288895007605958
232.3946452300381 6.903925879849581
230.33350127943947 6.407663118594742
228.2723573288408 7.394719580032657
226.21121337824215 7.589009286671335
224.15006942764353 6.49684485354552
222.08892547704488 5.986134123504872
220.02778152644626 7.0562479235758815
217.96663757584759 6.177572214261446
215.90549362524897 7.479406225665891
213.84434967465032 6.136852702902726
211.7832057240517 8.920855033521635
209.72206177345302 8.189299044838867
207.6609178228544 7.118832140395047
205.59977387225575 7.638994472767537
203.53862992165713 7.183799158923492
201.47748597105848 7.56648024440679
199.41634202045984 7.869630768147354
197.35519806986122 7.8016511891515705
195.2940541192626 9.010065891489505
193.23291016866395 7.985874082139267
191.1717662180653 7.964209887518609
189.11062226746665 7.8295474340346445
187.04947831686803 6.467303707298261
184.98833436626938 8.589540830070513
182.9271904156707 9.05128457454331
180.8660464650721 7.531795008168763
178.80490251447344 7.264382366258892
176.74375856387482 7.946797066223831
174.68261461327617 8.527644255764736
172.62147066267752 6.653110485451028
170.56032671207888 7.326361498383343
168.49918276148026 8.418379530759184
166.4380388108816 7.277515578160799
164.376894860283 7.039628196024164
162.3157509096843 7.850417039026844
160.2546069590857 8.054926610438898
158.19346300848704 9.112393819871318
156.13231905788842 6.339870882612972
154.07117510728975 8.426342610175974
152.01003115669113 7.780688614172421
149.94888720609248 7.336851658753024
147.88774325549386 8.187719743836299
145.8265993048952 7.917014486465358
143.76545535429653 7.724069829612049
141.70431140369791 6.265725217345567
139.64316745309927 7.783191118907445
137.58202350250065 7.063420319862406
135.520879551902 7.95520776498507
133.45973560130335 8.893287963826651
131.3985916507047 7.275584952388352
129.33744770010608 7.947948080593267
127.27630374950742 6.830975378950608
125.21515979890879 7.606399245310114
123.15401584831015 6.90352922657114
121.0928718977115 7.50273141976599
119.03172794711287 7.73955551709009
116.97058399651422 7.345665437255245
114.90944004591559 8.677350490845102
112.84829609531694 7.824760796314039
110.7871521447183 7.514613534675129
108.72600819411967 6.942751543960353
106.66486424352102 7.291766994453349
104.60372029292239 6.905754552456545
102.54257634232374 8.143184239326544
100.48143239172511 7.334832082133957
98.42028844112646 6.063212856979236
96.35914449052781 7.306597687529934
94.29800053992918 6.858075838106917
92.23685658933053 7.045508365638283
90.1757126387319 7.02239012362332
88.11456868813325 7.829319895302343
86.0534247375346 7.552708969621091
83.99228078693596 7.664714169162208
81.93113683633732 6.374605445678581
79.86999288573868 7.401619921113266
77.80884893514003 6.472772203596961
75.7477049845414 6.972892632478477
73.68656103394277 5.814724646412628
71.62541708334412 6.948316031537461
69.56427313274548 8.238706457346579
67.50312918214684 6.76017371900528
65.4419852315482 6.271306185076129
63.38084128094956 7.359846538914053
61.31969733035092 6.999926323469422
59.25855337975227 6.92041627313044
57.19740942915363 7.174234249871402
55.136265478554996 6.759103590322683
53.075121527956355 7.016237665907825
51.013977577357714 6.494174828309979
48.95283362675907 7.447467059533664
46.89168967616043 8.091659749613765
44.83054572556179 6.266029309428256
42.76940177496315 7.985075723782257
40.70825782436451 7.741593889913758
38.64711387376587 7.277145465485967
36.58596992316723 8.144684932566298
34.524825972568586 8.722968580757877
32.463682021969944 9.810188036454468
30.402538071371307 11.057847624426717
28.341394120772666 12.735022371121556
26.28025017017402 13.920168474042175
24.219106219575384 20.767262227075125
22.157962268976743 23.81971849673283
20.0968183183781 31.3183889966142
18.03567436777946 42.8400635782338
15.974530417180821 59.16628982166601
13.913386466582178 79.67539893204082
11.852242515983539 99.5414690629266
9.791098565384898 117.40298188166031
7.729954614786258 135.01343420326126
5.668810664187617 145.81349514845448
3.607666713588976 143.3686060425602
1.546522762990335 131.82950942102687
-0.5146211876083059 132.8790844461974
-2.575765138206947 118.75498772152002
-4.636909088805587 102.4130297364169
-6.698053039404227 81.9559424639352
-8.759196990002868 61.45239217921819
-10.82034094060151 47.3582334756902
-12.88148489120015 38.41752485684653
-14.942628841798793 29.329358802105606
-17.00377279239743 27.153619208056917
-19.064916742996072 21.71950338811805
-21.126060693594713 17.096397793361255
-23.187204644193358 14.731899076140872
-25.248348594791995 12.338022003958638
-27.309492545390636 10.412827004801416
-29.370636495989277 11.153138014794559
-31.43178044658792 8.867336692954915
-33.492924397186556 7.7724815634239315
-35.5540683477852 7.664556711487835
-37.615212298383845 6.233800803386679
-39.676356248982486 6.803024192303252
-41.73750019958112 5.205069717680718
-43.79864415017976 5.834539114504903
-45.8597881007784 7.054921377984827
-47.920932051377044 5.409060837656615
-49.982076001975685 6.6440597302659885
-52.043219952574326 5.367187828183451
-54.10436390317297 6.067531496649062
-56.16550785377161 5.903376181966593
-58.22665180437025 5.266519904004274
-60.28779575496889 5.183554712592041
-62.34893970556753 4.434423163958791
-64.41008365616617 4.905549365527624
-66.47122760676481 3.7077705423364344
-68.53237155736346 5.078010203496499
-70.5935155079621 5.884622395084625
-72.65465945856074 4.143068428436675
-74.71580340915938 5.079630394394557
-76.77694735975801 3.769640598531389
-78.83809131035666 4.242027212303023
-80.8992352609553 4.9640712528978765
-82.96037921155394 2.7396892492153704
-85.02152316215258 3.933958117435142
-87.08266711275122 5.275392556642325
-89.14381106334986 4.09680827100046
-91.20495501394849 2.8872306318260987
-93.26609896454714 4.039831925175699
-95.32724291514577 3.840535261741104
-97.38838686574442 4.356295158725515
-99.44953081634304 3.4238847499870504
-101.51067476694169 3.8402965640302456
-103.57181871754032 3.5851740561616325
-105.63296266813899 2.9922745307022782
-107.69410661873762 3.402115257356105
-109.75525056933627 2.9284513036858835
-111.8163945199349 3.2599553785885047
-113.87753847053354 3.048278307915395
-115.93868242113219 4.061465895927697
-117.99982637173082 3.36812208810856
-120.06097032232947 2.154930889120624
-122.1221142729281 3.5281253088480615
-124.18325822352674 3.6385541989632717
-126.24440217412538 3.310891334026215
-128.30554612472403 0.7543437105237569
-130.36669007532268 2.3249003978126956
-132.4278340259213 2.583592386104257
-134.48897797651995 2.534143992806996
-136.5501219271186 2.7493652482125164
-138.61126587771724 1.9564032255019466
-140.67240982831586 1.8576573958723233
-142.7335537789145 2.298997632796481
-144.79469772951313 2.0139345863678946
-146.8558416801118 1.120418664366955
-148.91698563071043 2.5433976644427307
-150.97812958130908 1.9468499297747905
-153.0392735319077 3.7517606197237936
-155.10041748250634 2.038185708120737
-157.161561433105 1.5561978125301363
-159.22270538370364 2.3116543362017508
-161.28384933430226 0.731497554292767
-163.3449932849009 2.2896108704646805
-165.40613723549956 2.747909232365586
-167.4672811860982 1.9622194037047627
-169.52842513669685 3.1088458980779334
-171.58956908729547 0.6355790928276583
-173.65071303789412 1.134766915822859
-175.71185698849277 2.045100155114821
-177.77300093909142 1.3151964833113705
-179.83414488969004 2.2648983427266813
-181.89528884028869 1.7063985515479068
-183.9564327908873 1.4272465541602912
-186.01757674148598 3.102839869220716
-188.0787206920846 2.2435834122620615
-190.13986464268325 3.526279147573395
-192.20100859328187 2.1713961085388775
-194.26215254388052 1.5101246953221523
-196.32329649447917 1.7602011691842243
-198.38444044507784 0.9427885125885727
-200.4455843956765 1.2657457033545276
-202.5067283462751 0.8070778000470475
-204.56787229687376 -0.03939220221050444
-206.6290162474724 1.0784646936724744
-208.69016019807106 0.7712932388300412
-210.75130414866967 1.3646461104222554
-212.81244809926832 0.5833900879794325
-214.87359204986694 1.785200767249857
-216.93473600046562 2.1977110180888895
-218.99587995106424 1.5446387690201862
-221.0570239016629 1.44285719278931
-223.1181678522615 0.8212223017795303
-225.17931180286016 0.5676570911060745
-227.2404557534588 1.5678296240685432
-229.30159970405745 0.19003359719138488
-231.36274365465607 0.6177395672692425
-233.42388760525472 0.8124555175761832
-235.48503155585334 0.8835436040249927
-237.54617550645202 0.8586338332616442
-239.60731945705066 1.1686095562147996
-241.66846340764928 1.057727230798206
-243.72960735824793 1.3983455430650578
-245.79075130884658 1.1985079019333125
-247.85189525944523 2.0460481236863486
-249.91303921004385 1.8143683812763822
-251.9741831606425 2.9212667684572953
-254.03532711124112 2.200025657680139
-256.0964710618398 4.154622568742465
-258.15761501243844 2.921932816797159
-260.21875896303703 3.92057779391668
