# BEGINHEADER
# This file contains data from the SALSA 2m radio telescope.
# DATE=2021-12-04T08:24:0048
# GLON and GLAT given in degrees
# GLON=171.87631382819703
# GLAT=-5.21874098350548
# DATA in two columns below. Col. 1 is velocity relative to LSR [km/s]. Col. 2 is uncalibrated antenna temperature [K].
# ENDHEADER
259.41208725264704 6.032923725821019
257.3509433020484 12.58597103625809
255.28979935144977 12.871878057090798
253.2286554008511 14.07456258885175
251.16751145025248 11.452531433512585
249.10636749965383 11.63466589624478
247.0452235490552 14.281494264249869
244.98407959845653 13.374975964714336
242.9229356478579 13.795763266191113
240.86179169725926 13.37473085916426
238.80064774666064 11.629664830873448
236.739503796062 13.726061318007106
234.67835984546335 13.551536981886443
232.6172158948647 15.517985805937442
230.55607194426608 14.784514153421544
228.49492799366743 13.132468404757638
226.4337840430688 13.48565393740098
224.37264009247014 13.351509509798797
222.3114961418715 13.212390223174413
220.25035219127287 14.081938994855006
218.18920824067422 15.118348689998019
216.12806429007557 15.392634356988431
214.06692033947692 12.836082920740267
212.0057763888783 15.945793420946641
209.94463243827965 15.047540689594522
207.88348848768103 14.16828113471537
205.82234453708236 12.88299337266576
203.76120058648374 13.075487207885034
201.7000566358851 13.411304075859388
199.63891268528647 14.268570014527256
197.57776873468782 14.082942260033763
195.51662478408917 14.285621727640706
193.45548083349053 14.712901532493083
191.3943368828919 15.457878697769143
189.33319293229326 12.316241018223284
187.27204898169464 13.299119818566007
185.21090503109596 15.292154191557952
183.1497610804973 13.843173966754295
181.0886171298987 14.17044248984352
179.02747317930005 14.356433930215932
176.9663292287014 14.664221781932449
174.90518527810275 14.823386537956276
172.84404132750413 15.07307407527422
170.78289737690548 13.65395640858945
168.72175342630686 12.51533710930721
166.66060947570818 14.247963208258264
164.59946552510957 13.484073155404852
162.53832157451092 14.446908014798506
160.4771776239123 13.397981471675628
158.41603367331365 13.307722939716712
156.354889722715 15.369877927664962
154.29374577211635 15.605263085072867
152.23260182151773 13.722354091395292
150.17145787091908 12.047843884795519
148.11031392032044 13.202083873162959
146.0491699697218 14.440133237293349
143.98802601912314 13.444616159627133
141.92688206852452 15.24367218859088
139.86573811792587 15.450645315586462
137.80459416732722 12.879255235322248
135.74345021672858 12.514100966557931
133.68230626612996 13.24901039149731
131.6211623155313 12.433975023906596
129.56001836493266 14.213824244210533
127.49887441433403 14.607259570887273
125.43773046373538 15.475300405760294
123.37658651313674 13.25773478527648
121.3154425625381 14.285980133979487
119.25429861193946 13.21635161152596
117.19315466134083 14.630239493985668
115.13201071074218 14.990864241039251
113.07086676014355 14.772301668706952
111.0097228095449 15.853232914666036
108.94857885894626 13.250119291653856
106.88743490834761 13.882821239498991
104.82629095774898 14.950653243322968
102.76514700715035 14.542076695023855
100.7040030565517 14.10083055318192
98.64285910595306 13.31193497692261
96.58171515535442 14.788768081479835
94.52057120475578 13.105486845368723
92.45942725415713 13.675517969455228
90.3982833035585 13.25960847275414
88.33713935295985 15.682046633548138
86.2759954023612 13.834507303877889
84.21485145176257 13.127460907293846
82.15370750116392 15.405611331099639
80.09256355056529 14.027482496056967
78.03141959996664 14.405818762566293
75.970275649368 14.50359848035342
73.90913169876937 13.169861730493459
71.84798774817072 13.367154113547448
69.78684379757209 14.88123019004052
67.72569984697344 11.556014223656739
65.66455589637481 14.951644218573193
63.603411945776166 13.624732116466685
61.542267995177525 13.487079568859036
59.48112404457888 10.725335348946416
57.419980093980236 13.169179910036169
55.3588361433816 13.586844979454481
53.29769219278296 11.492298466293072
51.23654824218432 11.463973734343368
49.17540429158568 13.271367504037345
47.11426034098704 12.255146931318306
45.053116390388396 11.639443687562816
42.991972439789755 12.864062331218934
40.93082848919112 13.059968825544372
38.86968453859247 11.066328889203431
36.80854058799383 14.144189130165552
34.74739663739519 13.3829757721383
32.68625268679655 12.831060577246229
30.625108736197912 14.431257270350004
28.56396478559927 13.31454634389538
26.50282083500063 13.97499473311278
24.441676884401986 12.177159896148437
22.380532933803345 12.41475460637915
20.319388983204707 16.694018125515168
18.258245032606066 13.4103655407676
16.19710108200742 15.87243573528782
14.135957131408782 17.47724791275973
12.074813180810143 20.92650491585376
10.013669230211503 28.66872034818893
7.952525279612861 43.74561073071488
5.89138132901422 58.253975835584775
3.830237378415579 65.708986618953
1.7690934278169386 68.7764413742953
-0.2920505227817022 73.10312883613106
-2.3531944733803427 73.20606224559995
-4.414338423978984 69.54681693074585
-6.475482374577624 70.2038627170129
-8.536626325176265 72.74703689564808
-10.597770275774906 72.2449015268557
-12.658914226373547 66.73736958424155
-14.720058176972188 63.89800587199782
-16.78120212757083 58.62379060700424
-18.84234607816947 53.08269833042595
-20.90349002876811 46.973363393325776
-22.964633979366752 44.70787676555961
-25.02577792996539 41.89049110225721
-27.08692188056403 37.81856063639628
-29.148065831162672 35.409089320594795
-31.20920978176131 34.06857283241731
-33.27035373235995 27.519096669658655
-35.33149768295859 23.912105788512957
-37.39264163355724 21.0233061761003
-39.45378558415588 19.374777115289326
-41.514929534754515 20.24110679943045
-43.576073485353156 18.04729552767082
-45.6372174359518 18.1165499828669
-47.69836138655044 16.466839907490172
-49.75950533714908 15.671689374884162
-51.82064928774772 15.227310482782993
-53.88179323834636 13.388427793040302
-55.942937188944995 13.506898931509985
-58.00408113954364 14.689388265766178
-60.065225090142285 12.518703019350124
-62.126369040740926 13.01717353469032
-64.18751299133956 11.794157234121355
-66.24865694193821 11.399583548951144
-68.30980089253686 11.307719593072724
-70.37094484313549 10.459212475619958
-72.43208879373414 10.766689929966645
-74.49323274433277 9.87721992142584
-76.5543766949314 9.458659124508536
-78.61552064553005 10.955913646074215
-80.67666459612869 11.173660852318545
-82.73780854672734 11.770983551421816
-84.79895249732597 10.18822375757133
-86.86009644792462 10.843865037089238
-88.92124039852325 9.483218566221304
-90.98238434912189 11.296130112343592
-93.04352829972053 10.324757106165853
-95.10467225031917 9.29377129971168
-97.16581620091782 10.243112990323715
-99.22696015151645 11.096065057995359
-101.2881041021151 10.963367080820284
-103.34924805271373 10.618891797314514
-105.41039200331238 10.5017998818311
-107.47153595391103 10.211768700708705
-109.53267990450966 9.064915960133744
-111.59382385510831 9.183382834433603
-113.65496780570695 9.899000506695602
-115.7161117563056 9.264455410241341
-117.77725570690423 9.126092484400901
-119.83839965750286 8.847752757637119
-121.89954360810151 10.280856767816436
-123.96068755870014 8.19511761690587
-126.02183150929879 8.223981246806211
-128.08297545989743 7.717489173528017
-130.14411941049607 8.01486442609868
-132.2052633610947 10.05485219897524
-134.26640731169337 10.214142100836614
-136.327551262292 9.975114793643106
-138.38869521289064 7.561209797096316
-140.44983916348926 8.28008963614572
-142.51098311408794 9.421477368561813
-144.57212706468655 8.688812743510228
-146.6332710152852 8.071148637245138
-148.69441496588382 8.588956364015225
-150.75555891648247 7.609475839166646
-152.81670286708112 8.139456708500695
-154.87784681767977 9.544929662063113
-156.9389907682784 6.759598812977342
-159.00013471887704 7.5441971820580465
-161.06127866947566 8.586961999434335
-163.12242262007433 8.891121006940438
-165.18356657067298 7.957502710483792
-167.2447105212716 8.45732340729262
-169.30585447187025 8.058059280989662
-171.3669984224689 8.247184247343188
-173.42814237306754 7.927612173461694
-175.48928632366616 7.812199358855918
-177.5504302742648 10.002996616845733
-179.61157422486343 8.340036155207713
-181.6727181754621 9.222924843905556
-183.73386212606073 7.253102490799109
-185.79500607665938 9.55366565800865
-187.856150027258 7.438944648667932
-189.91729397785664 8.64986066002984
-191.9784379284553 7.458247435148859
-194.03958187905394 6.057372071660776
-196.10072582965256 8.134186045640094
-198.1618697802512 9.41994461527906
-200.22301373084983 9.2948609014453
-202.2841576814485 8.272467854877268
-204.34530163204715 7.094765172161425
-206.40644558264577 7.2636182780785585
-208.46758953324442 6.513564586240497
-210.52873348384307 7.917919431386768
-212.58987743444172 7.416723309374599
-214.65102138504034 6.7638302566243675
-216.71216533563899 6.507000620164397
-218.7733092862376 7.214842272083012
-220.83445323683628 8.782683945204207
-222.8955971874349 7.606731664251073
-224.95674113803355 7.903163332455102
-227.01788508863217 7.1507172144262166
-229.07902903923082 8.266648877239511
-231.14017298982947 7.3730220958953945
-233.20131694042811 7.312966129880267
-235.26246089102673 8.156456786847455
-237.32360484162538 7.568559990325386
-239.38474879222406 5.1550698537367845
-241.44589274282268 6.021726806137995
-243.50703669342133 8.058287892847547
-245.56818064401995 7.333590179854571
-247.6293245946186 8.813164596796007
-249.69046854521724 9.012111234834501
-251.7516124958159 8.191478314303739
-253.8127564464145 8.503823115809293
-255.87390039701316 8.172085237005545
-257.9350443476118 7.774476232897818
-259.9961882982104 8.914582226176831
-262.0573322488091 9.438463600412263
-264.1184761994077 9.561890018622847
-266.1796201500064 10.683336437400714
