# BEGINHEADER
# This file contains data from the SALSA 2m radio telescope.
# DATE=2021-12-05T09:56:0037
# GLON and GLAT given in degrees
# GLON=39.855420839973604
# GLAT=0.1922813820691649
# DATA in two columns below. Col. 1 is velocity relative to LSR [km/s]. Col. 2 is uncalibrated antenna temperature [K].
# ENDHEADER
267.65106186163445 3.698629527094938
265.5899179110358 6.418844089453057
263.52877396043715 5.125031022276183
261.4676300098385 5.4318353788295015
259.40648605923985 5.006410671617201
257.3453421086412 5.451630856769031
255.28419815804259 6.092501461491728
253.22305420744397 6.823278824246044
251.1619102568453 5.741788544988242
249.10076630624667 5.985890193135558
247.03962235564802 5.4384290346915884
244.9784784050494 5.953439433915633
242.91733445445075 6.90613182204976
240.8561905038521 7.3007752978154405
238.79504655325346 8.183966401660264
236.73390260265484 6.033667786701717
234.6727586520562 6.980631701920954
232.61161470145754 5.913525964993391
230.5504707508589 7.3022268205477125
228.48932680026027 7.602116375754708
226.42818284966162 8.316491335960876
224.367038899063 6.982856128543546
222.30589494846433 5.402439900366253
220.24475099786568 7.074164974904293
218.18360704726706 5.054937471856697
216.1224630966684 6.4175516947918485
214.0613191460698 7.661291974886782
212.00017519547112 7.155556202509182
209.9390312448725 5.562231643924795
207.87788729427385 5.996006135950864
205.81674334367523 6.7276477002022474
203.75559939307655 8.475504374772967
201.69445544247793 8.184376952989094
199.63331149187928 6.10736565797613
197.57216754128066 6.5633917778495325
195.51102359068202 8.295129939468195
193.44987964008337 7.341087926144616
191.38873568948472 6.483766908812936
189.3275917388861 7.247005713906277
187.26644778828745 6.94538752705256
185.20530383768883 8.295766657365403
183.14415988709015 5.94916404825992
181.0830159364915 5.855419953147681
179.0218719858929 5.990407755725185
176.96072803529424 7.614871553024598
174.89958408469562 9.954287993394317
172.83844013409694 8.45145492626541
170.77729618349832 7.093847833611637
168.71615223289967 6.770706102005215
166.65500828230105 7.0033964908094735
164.59386433170238 6.644801291954145
162.53272038110376 6.791771088271292
160.4715764305051 6.7503813496738765
158.4104324799065 7.841440465885854
156.34928852930784 9.01735115101166
154.2881445787092 6.491421675459839
152.22700062811055 6.4424548624661515
150.16585667751193 6.20059187218129
148.10471272691328 7.215790722959499
146.04356877631466 7.275075519319368
143.98242482571598 8.446776237419574
141.92128087511733 6.848332066704062
139.8601369245187 7.039444858234093
137.79899297392006 6.027028198247889
135.73784902332142 7.223282292995282
133.67670507272277 6.298645919583977
131.61556112212415 4.798356701503414
129.5544171715255 5.680252844712154
127.49327322092687 5.615957163465203
125.43212927032823 6.5859988944796175
123.37098531972957 4.737079798975416
121.30984136913094 6.194924958705753
119.2486974185323 7.136180389416999
117.18755346793365 7.23272463889234
115.12640951733502 8.344218426510484
113.06526556673637 8.346135033535374
111.00412161613774 5.251404314896293
108.94297766553909 5.514477530190291
106.88183371494046 8.514170579518188
104.82068976434182 6.808792348408107
102.75954581374317 6.152395113359687
100.69840186314454 8.1384992003547
98.63725791254589 8.738483552886509
96.57611396194724 9.436330533004755
94.51497001134861 12.063006110623101
92.45382606074996 13.198491546462854
90.39268211015133 15.250112773731852
88.33153815955268 17.78868158189394
86.27039420895404 20.42589571533055
84.2092502583554 21.272662035298765
82.14810630775675 24.92360301020353
80.08696235715811 28.828507811205856
78.02581840655947 30.746810766482422
75.96467445596083 35.38873854195341
73.90353050536218 37.64060220068177
71.84238655476355 40.64206124778169
69.78124260416492 42.59117708590843
67.72009865356627 47.60969157411303
65.65895470296763 48.358877617942206
63.59781075236899 52.21200091320756
61.53666680177035 53.358626205484335
59.47552285117171 53.77406833727348
57.41437890057307 55.520463975268186
55.35323494997442 53.779071392947394
53.29209099937578 51.94065811094011
51.23094704877714 51.06922262455708
49.169803098178505 49.785872657078286
47.108659147579864 49.69909227003427
45.04751519698122 48.630865970665354
42.98637124638258 53.95058512237543
40.92522729578394 55.19869911271357
38.8640833451853 61.051136859366
36.80293939458665 64.4868706486547
34.74179544398802 67.87924133244142
32.68065149338938 68.88125887543035
30.619507542790735 65.93525487861224
28.558363592192094 65.9680764746433
26.497219641593453 62.63194858848384
24.43607569099482 60.86631599196197
22.374931740396175 60.167378004119556
20.313787789797534 57.4063965067483
18.252643839198893 58.28619708849567
16.19149988860025 58.36795880059418
14.130355938001612 60.717020589757674
12.069211987402973 62.70405727611988
10.00806803680433 64.60337693401384
7.946924086205691 66.81590350707182
5.88578013560705 64.10126128659367
3.8246361850084085 55.9637636040209
1.7634922344097679 52.60159108217629
-0.29765171618887304 43.11740668543184
-2.358795666787514 31.642076725000532
-4.419939617386154 24.41285947546149
-6.481083567984795 18.658230698716455
-8.542227518583434 17.25176781939367
-10.603371469182077 15.066008925159332
-12.664515419780717 14.101209824151857
-14.72565937037936 15.655155094779449
-16.786803320978002 14.761051873636507
-18.84794727157664 15.922818082976834
-20.90909122217528 15.80277338024866
-22.970235172773922 15.01899170433515
-25.031379123372563 18.116000879842165
-27.092523073971208 21.368183630020646
-29.153667024569845 23.76813045332306
-31.214810975168486 27.120755221177642
-33.275954925767124 25.584598691573532
-35.337098876365765 26.286042381342217
-37.398242826964406 27.822100245634825
-39.45938677756305 26.939186775349892
-41.520530728161695 27.243845627506474
-43.581674678760336 27.53427617870498
-45.64281862935898 26.63056521574073
-47.70396257995761 26.0094721715923
-49.76510653055625 25.67152606628325
-51.826250481154894 24.43170765599966
-53.887394431753535 23.027037147170084
-55.948538382352176 23.75852541601898
-58.00968233295082 24.73232655325945
-60.070826283549465 20.479128626413363
-62.1319702341481 17.69077140624499
-64.19311418474673 15.601411935838126
-66.25425813534538 12.953935089853259
-68.31540208594402 8.99882100257491
-70.37654603654266 8.783952719776643
-72.43768998714131 7.405817806652501
-74.49883393773995 6.604419582809885
-76.5599778883386 5.165327229429572
-78.62112183893723 4.8162085996678705
-80.68226578953588 5.333211076467113
-82.74340974013451 3.190578305360842
-84.80455369073314 4.479387442762963
-86.86569764133179 4.862888491599853
-88.92684159193043 3.443168229169412
-90.98798554252907 3.6374192542115864
-93.04912949312771 4.069337636589727
-95.11027344372634 2.4905694791723714
-97.17141739432499 2.40570927226383
-99.23256134492362 3.4122826636476296
-101.29370529552226 2.2636483632905793
-103.35484924612089 3.4976648734647524
-105.41599319671954 3.7996152386168283
-107.47713714731817 2.511850236505118
-109.53828109791684 3.6448143790704064
-111.59942504851547 3.07214801660673
-113.66056899911412 2.708805022419798
-115.72171294971275 2.7906412439664856
-117.78285690031139 1.9367221765459293
-119.84400085091004 2.21774923954048
-121.90514480150867 2.5863710665066817
-123.96628875210732 1.091684907922381
-126.02743270270595 2.909880214334983
-128.0885766533046 2.7132540351473264
-130.14972060390323 3.791044631776978
-132.21086455450188 3.3850735154037976
-134.2720085051005 3.0179794054293643
-136.33315245569918 2.6557599675159795
-138.3942964062978 3.553520489141852
-140.45544035689645 3.1357104368930955
-142.51658430749507 4.117900328830768
-144.5777282580937 3.207585440091017
-146.63887220869236 3.0816521433060746
-148.700016159291 2.7459607069107106
-150.76116010988963 1.3559858878144482
-152.82230406048828 3.3653288569703967
-154.88344801108693 4.779529347402233
-156.94459196168557 1.2198371637204517
-159.0057359122842 1.2244693004931944
-161.06687986288284 3.368650983097933
-163.12802381348146 2.8695805207923053
-165.18916776408014 2.0555255658549036
-167.2503117146788 1.4428738698007952
-169.3114556652774 3.9087814092582893
-171.37259961587606 3.3588043285332065
-173.43374356647467 2.217572973142086
-175.49488751707335 1.7575717748542696
-177.55603146767197 2.4622418472244973
-179.61717541827062 2.3387785133198804
-181.67831936886924 2.1449628544982677
-183.73946331946792 1.7104413940742298
-185.80060727006654 2.7452569646682363
-187.86175122066518 1.4948311095624456
-189.9228951712638 2.9822107045658033
-191.98403912186245 3.519749489594941
-194.0451830724611 1.4655201286735646
-196.10632702305975 3.442085760155945
-198.16747097365837 1.2057796680899624
-200.22861492425702 1.2500024781864316
-202.28975887485564 1.8952705770915161
-204.3509028254543 1.424591993310984
-206.41204677605296 1.4884411623787797
-208.47319072665158 3.0576091411217554
-210.53433467725023 2.22105760624884
-212.59547862784885 1.1651286723609762
-214.65662257844753 2.849907207456972
-216.71776652904614 2.7782302543562407
-218.7789104796448 1.7997340608039882
-220.8400544302434 2.137710407061633
-222.9011983808421 1.382031683841967
-224.9623423314407 2.905548479918836
-227.02348628203936 0.7639135705985494
-229.08463023263798 3.511604341893797
-231.14577418323663 2.415733425735939
-233.20691813383527 2.063833572488167
-235.26806208443392 3.2242246820720286
-237.32920603503254 1.5367273253032072
-239.3903499856312 1.2900511960239747
-241.4514939362298 2.3993522910447074
-243.5126378868285 2.3301291817317296
-245.57378183742713 2.2556871287745937
-247.63492578802575 3.1769488207640335
-249.6960697386244 3.314024991669154
-251.75721368922305 2.631167831509578
-253.8183576398217 3.7072652320232464
-255.87950159042032 2.2742011799987694
-257.94064554101897 4.6690952313593
