# BEGINHEADER
# This file contains data from the SALSA 2m radio telescope.
# DATE=2021-12-04T07:56:0050
# GLON and GLAT given in degrees
# GLON=59.884532201611385
# GLAT=5.156955991307022
# DATA in two columns below. Col. 1 is velocity relative to LSR [km/s]. Col. 2 is uncalibrated antenna temperature [K].
# ENDHEADER
269.3648565020282 1.1012055659912272
267.3037125514295 4.454263070289249
265.2425686008309 5.4216064795815315
263.18142465023226 4.995431868084396
261.1202806996336 3.7969049217305564
259.05913674903496 4.152216336948083
256.99799279843637 5.424559496691796
254.9368488478377 5.699907570603868
252.87570489723905 6.507107477585474
250.81456094664043 6.201661208615148
248.75341699604178 4.2670646624650495
246.69227304544313 5.210532768224126
244.63112909484448 6.082044499203632
242.56998514424586 6.839911785951373
240.5088411936472 6.745000136519555
238.4476972430486 5.801563636802029
236.38655329244992 7.06493472957703
234.32540934185127 7.434043359669377
232.26426539125265 7.269274640496942
230.203121440654 5.821293242887372
228.14197749005538 7.261272295865733
226.0808335394567 6.076209318565681
224.01968958885809 7.229175380546205
221.95854563825944 5.493307673477079
219.89740168766082 7.467039012832449
217.83625773706217 8.490702617538425
215.77511378646352 7.046043443385084
213.71396983586487 6.9276864488017615
211.65282588526625 5.80461910390062
209.5916819346676 6.179883920494078
207.53053798406896 5.421556730768036
205.4693940334703 8.461267868006487
203.4082500828717 6.296160528930302
201.34710613227304 6.147436398305449
199.28596218167442 8.3396885300829
197.22481823107574 5.709198374719423
195.16367428047707 7.2409702545673795
193.10253032987845 8.028509089200732
191.0413863792798 6.588688749313563
188.98024242868118 5.1692881110103635
186.91909847808253 6.828828575894268
184.85795452748388 8.068484642684357
182.79681057688524 7.319251616713572
180.73566662628662 5.850670697293303
178.67452267568797 7.035099860605307
176.61337872508932 6.462259462721018
174.55223477449067 5.59814097928518
172.49109082389205 8.780528480199548
170.4299468732934 6.4646141907586605
168.36880292269478 5.953333169463161
166.3076589720961 7.08307800011517
164.2465150214975 7.969768679097842
162.18537107089884 6.237317196279435
160.12422712030022 6.587837840741272
158.06308316970157 8.231497012734755
156.0019392191029 7.605589872347262
153.94079526850427 7.5756033202141415
151.87965131790563 7.2573038918738755
149.818507367307 6.288619766740714
147.75736341670836 7.9143514077135455
145.6962194661097 7.864124379418772
143.63507551551106 6.793680909926155
141.57393156491244 7.543739120357339
139.5127876143138 7.621176098983311
137.45164366371515 7.59958293446009
135.3904997131165 6.199211029729121
133.32935576251788 5.901616437175349
131.26821181191923 6.997354407855093
129.20706786132058 7.218394161179634
127.14592391072195 6.4953418043943305
125.0847799601233 7.834774581837188
123.02363600952467 6.069282036057018
120.96249205892602 7.99057006028477
118.90134810832738 6.832235838687464
116.84020415772875 9.52799639114084
114.7790602071301 6.982020264986168
112.71791625653147 5.862832717637531
110.65677230593282 7.311039532144654
108.59562835533418 6.313165351268882
106.53448440473555 8.070175374822137
104.4733404541369 7.008964446288971
102.41219650353827 7.110580231340824
100.3510525529396 6.414343515226226
98.28990860234097 6.183616834607498
96.22876465174232 6.977493160005557
94.16762070114369 8.404388453862017
92.10647675054506 6.543340168656984
90.04533279994641 6.67659141412753
87.98418884934777 6.90467593382616
85.92304489874913 5.618055639364634
83.86190094815049 6.670967990578388
81.80075699755184 7.002658656184595
79.73961304695321 7.651530859723649
77.67846909635458 7.324484249754875
75.61732514575593 6.923037682519722
73.5561811951573 7.538287297438024
71.49503724455865 7.370580450661865
69.43389329396001 8.02726321567169
67.37274934336136 7.5210426259859675
65.31160539276273 6.059865149050608
63.25046144216408 8.649768572770727
61.18931749156544 6.950163894624239
59.1281735409668 8.245317023416252
57.067029590368165 9.04962122814812
55.005885639769524 9.116019804005138
52.94474168917088 8.52571833126352
50.883597738572234 11.349318975354281
48.82245378797359 11.648324333111583
46.76130983737495 10.937308740492124
44.70016588677631 12.384765584494017
42.63902193617768 12.408435240746691
40.577877985579036 15.875929223540941
38.516734034980395 15.967091810945815
36.455590084381754 20.189418351334634
34.39444613378311 20.28696624428083
32.33330218318447 21.537190990954226
30.27215823258583 27.560571776187462
28.211014281987186 25.117595299137303
26.14987033138855 29.517105873085885
24.08872638078991 32.24499643058338
22.02758243019127 33.588864216300614
19.96643847959263 36.60439358744295
17.905294528993988 40.84251963194331
15.844150578395347 45.58844141516489
13.783006627796706 51.78629089670003
11.721862677198065 53.17285618158504
9.660718726599423 63.33690052764458
7.599574776000782 68.07830732780334
5.538430825402142 60.751831250804784
3.477286874803501 55.37864859696307
1.4161429242048602 46.92613114366232
-0.6450010263937803 37.03922425013318
-2.7061449769924213 28.835694662902274
-4.767288927591062 24.280907721902132
-6.8284328781897035 19.25494690281808
-8.889576828788345 15.097491846776181
-10.950720779386984 15.833373808911457
-13.011864729985625 13.06733694861334
-15.073008680584264 13.591993178941495
-17.134152631182904 9.976163213862407
-19.195296581781545 8.71259486194783
-21.25644053238019 10.679472392001589
-23.317584482978827 10.309556895441832
-25.37872843357747 8.314489473490974
-27.439872384176113 7.4955317313221315
-29.50101633477475 7.4046890787548705
-31.562160285373395 8.406116061879034
-33.623304235972036 6.7800677370044475
-35.68444818657068 8.59767685296807
-37.74559213716932 7.2666287603838065
-39.80673608776795 6.815811999247225
-41.86788003836659 8.037693663716654
-43.929023988965234 8.232144950219405
-45.99016793956388 8.972477558180062
-48.05131189016252 11.021375246079051
-50.112455840761164 10.64111723096562
-52.1735997913598 10.749483494246434
-54.23474374195844 12.438974267324243
-56.29588769255708 14.393022873514619
-58.35703164315572 13.18831142074144
-60.41817559375436 13.753499270227433
-62.479319544353004 14.764906558413255
-64.54046349495165 14.354218320896578
-66.60160744555029 14.572343977053473
-68.66275139614893 16.448672548328748
-70.72389534674757 17.71180198939021
-72.78503929734622 17.19605555836776
-74.84618324794485 15.745376109862208
-76.90732719854348 13.742478125326905
-78.96847114914213 14.165828788681292
-81.02961509974077 13.124400675744033
-83.09075905033941 12.977144769614732
-85.15190300093805 12.457542645272714
-87.21304695153668 9.963108155103072
-89.27419090213533 10.108251256374926
-91.33533485273396 9.261988223819214
-93.39647880333263 9.621238260347726
-95.45762275393126 10.41811932536656
-97.51876670452991 9.428329639197731
-99.57991065512854 10.825211044758246
-101.64105460572718 8.811163999454973
-103.70219855632583 8.463353740696927
-105.76334250692446 8.176793529066979
-107.82448645752311 6.6254738034664165
-109.88563040812174 6.2200619324896875
-111.94677435872039 5.12705547955615
-114.00791830931902 4.334789261014285
-116.06906225991766 2.9403422788072002
-118.1302062105163 3.06062895199611
-120.19135016111494 3.3821328386007
-122.25249411171359 3.823829354429113
-124.31363806231222 3.552751720275627
-126.37478201291087 2.406814823622697
-128.4359259635095 2.9957428291316295
-130.49706991410815 1.1733860814573067
-132.55821386470677 2.777773495229323
-134.61935781530545 4.726824230615583
-136.68050176590407 2.62631056015151
-138.74164571650272 3.0362919004960465
-140.80278966710134 4.999179266539841
-142.86393361769998 4.552987549814124
-144.92507756829863 3.283701677360769
-146.98622151889728 2.3852231423955748
-149.0473654694959 3.734539168582622
-151.10850942009455 5.468784787210066
-153.16965337069323 3.1139155874431457
-155.23079732129185 2.8834415095474166
-157.2919412718905 4.346279606062455
-159.3530852224891 2.5587983445844387
-161.41422917308776 2.4615441473602946
-163.4753731236864 4.085843020474981
-165.53651707428506 3.250200061631084
-167.59766102488368 5.053486867383411
-169.65880497548233 3.101844151388096
-171.71994892608095 3.238462615920537
-173.78109287667962 3.456068012331967
-175.84223682727824 3.810283233258471
-177.9033807778769 1.765140474899537
-179.9645247284755 3.236159208867148
-182.0256686790742 3.6939076994059707
-184.0868126296728 2.164183124533187
-186.14795658027145 3.089755017265076
-188.20910053087007 4.816605689972415
-190.27024448146872 2.2584383762905933
-192.3313884320674 5.229552108606418
-194.39253238266602 2.325131216597529
-196.45367633326467 2.229390403898282
-198.51482028386326 3.725394895032254
-200.57596423446194 4.50787362537057
-202.63710818506055 3.998401109525415
-204.6982521356592 4.220580078421457
-206.75939608625782 3.722176825772865
-208.8205400368565 4.750143723413288
-210.88168398745512 3.9494006297212576
-212.94282793805377 2.8307015206503667
-215.0039718886524 2.3548016685828452
-217.06511583925104 3.388417476422371
-219.12625978984968 4.277227697338768
-221.18740374044833 3.128679330669328
-223.24854769104695 1.495328162537283
-225.3096916416456 2.7116045762371472
-227.37083559224422 6.152292451264582
-229.4319795428429 5.195747614120806
-231.49312349344154 1.5467457983568027
-233.55426744404016 1.2109729811687568
-235.6154113946388 2.8438764466269633
-237.67655534523746 4.431028775185507
-239.7376992958361 3.090409964020501
-241.79884324643473 3.4135842856385556
-243.85998719703338 2.155039750648225
-245.921131147632 3.543421168727461
-247.98227509823067 3.4708910324162017
-250.0434190488293 2.2927328575385313
-252.10456299942794 3.970890313180433
-254.16570695002656 4.337755404321022
-256.2268509006252 5.031666441550031
