# BEGINHEADER
# This file contains data from the SALSA 2m radio telescope.
# DATE=2021-12-05T10:01:0029
# GLON and GLAT given in degrees
# GLON=49.843551461669406
# GLAT=0.2158273524721562
# DATA in two columns below. Col. 1 is velocity relative to LSR [km/s]. Col. 2 is uncalibrated antenna temperature [K].
# ENDHEADER
267.2706812480872 4.010415110940977
265.20953729748857 5.191758544127086
263.14839334688986 6.679402906563142
261.08724939629127 6.472548482907004
259.0261054456926 5.940137129169981
256.964961495094 6.039509939253724
254.90381754449535 7.767529232813327
252.8426735938967 7.347452343283858
250.7815296432981 7.387180193278084
248.7203856926994 6.781872024766692
246.6592417421008 7.2658495818717626
244.59809779150214 7.183124177332324
242.5369538409035 8.032707732410598
240.47580989030487 9.210370034161256
238.4146659397062 6.008981103858331
236.35352198910758 8.096674604683075
234.29237803850893 8.400445386356035
232.2312340879103 7.50909895974491
230.17009013731163 9.14544118467992
228.108946186713 7.8935541818912975
226.04780223611436 9.546186075461844
223.98665828551574 9.107649709389333
221.9255143349171 7.0640758404765345
219.86437038431845 8.283428968632894
217.8032264337198 8.496310724719825
215.74208248312118 8.961412459630182
213.68093853252253 10.528777615764826
211.6197945819239 9.491696676132861
209.55865063132524 8.72552333105734
207.49750668072662 9.01710280423948
205.43636273012797 9.995385700728642
203.37521877952932 8.533657249716192
201.3140748289307 7.852838523351217
199.25293087833202 9.373530542339303
197.1917869277334 8.814180073928426
195.13064297713476 9.21981898400471
193.06949902653614 7.1015140304618285
191.00835507593746 9.876761247502714
188.94721112533884 9.773726254602316
186.8860671747402 7.567787942247611
184.82492322414157 7.123899640889954
182.76377927354292 7.368773977524651
180.70263532294427 7.195634927817268
178.64149137234563 6.161674548147048
176.580347421747 7.538995210924527
174.51920347114836 9.663476568028432
172.45805952054974 8.892226954769797
170.39691556995106 7.770790856136926
168.3357716193524 7.543505473111449
166.2746276687538 7.92527627121293
164.21348371815515 9.426487103742913
162.1523397675565 9.730172610173419
160.09119581695785 9.967927316610973
158.03005186635923 8.089010904626637
155.96890791576058 8.033619460590108
153.90776396516196 8.241671891014024
151.84662001456329 7.178414014674856
149.78547606396467 7.1566252888040545
147.72433211336602 8.750217039140194
145.6631881627674 8.32783763835916
143.60204421216875 8.044205575800614
141.5409002615701 9.63565755891532
139.47975631097145 8.136095874725793
137.41861236037283 8.763823900940361
135.35746840977419 6.761868369104068
133.29632445917554 6.6531542375975565
131.2351805085769 6.042437545539494
129.17403655797824 8.495361780524505
127.11289260737962 7.540995290783232
125.05174865678097 7.196296208930714
122.99060470618234 7.887146947713455
120.92946075558369 7.566337888885905
118.86831680498506 6.4917519810604345
116.80717285438642 6.809493114345914
114.74602890378777 8.275766534339406
112.68488495318914 8.618709351024373
110.62374100259049 7.981170469680592
108.56259705199184 7.15501361577412
106.5014531013932 8.201069378421362
104.44030915079456 7.725799985557569
102.37916520019593 6.253819248636848
100.31802124959728 6.138606009640395
98.25687729899863 8.24405148105505
96.1957333484 8.514215327936652
94.13458939780135 8.155613639309875
92.07344544720272 7.462054328391094
90.01230149660407 8.334175144825373
87.95115754600543 7.812067212276541
85.89001359540678 8.711612017342242
83.82886964480815 7.412969482035743
81.76772569420952 8.9760940906174
79.70658174361087 10.4156058614038
77.64543779301223 11.04586874717976
75.58429384241359 13.476737188052544
73.52314989181495 17.788819134624397
71.46200594121629 21.06631548144016
69.40086199061766 27.448765676710202
67.33971804001902 35.48407111670719
65.27857408942037 41.6448927691608
63.21743013882175 48.623227394364214
61.1562861882231 54.63640371881516
59.09514223762446 60.11251023686784
57.03399828702582 65.5107453873495
54.972854336427176 68.57931866077494
52.911710385828535 72.4334517383491
50.850566435229894 74.02294220173144
48.78942248463126 74.93756942453541
46.72827853403262 75.45915955148219
44.66713458343398 69.56941886433208
42.60599063283533 68.59757396267486
40.54484668223669 62.52339967828315
38.48370273163805 60.729595758753234
36.422558781039406 54.71639077995789
34.36141483044077 53.81766389771815
32.30027087984213 53.0585612247337
30.23912692924349 53.433701422091104
28.177982978644845 55.947013356268734
26.116839028046204 60.74721018481617
24.055695077447567 70.17540887479007
21.99455112684893 73.77241890233574
19.933407176250288 74.60003619551769
17.872263225651643 72.35461599676647
15.811119275053004 66.99161261664634
13.749975324454365 70.27663191340473
11.688831373855725 76.88720139806094
9.627687423257083 78.186732094148
7.5665434726584415 84.03375868538508
5.505399522059801 79.08667174158239
3.44425557146116 67.033592114225
1.3831116208625194 66.77923453104937
-0.6780323297361214 52.7746862213286
-2.739176280334762 41.87048188862592
-4.800320230933403 32.426711539143234
-6.861464181532043 25.83450724129171
-8.922608132130685 20.554259822917313
-10.983752082729325 16.4652039711225
-13.044896033327966 17.125489539145658
-15.106039983926607 14.198023733062557
-17.167183934525248 14.505253306696702
-19.228327885123885 14.678477021654833
-21.28947183572253 13.593621963805314
-23.35061578632117 13.739021153323103
-25.411759736919812 14.169653562689222
-27.472903687518453 14.121840522703462
-29.534047638117098 16.746820184416244
-31.595191588715736 18.51323033094005
-33.65633553931437 20.62217582775093
-35.71747948991302 22.14986118389022
-37.77862344051166 22.67326218605316
-39.8397673911103 25.38369132844223
-41.90091134170894 26.068993385169666
-43.96205529230758 27.10364783138264
-46.02319924290622 28.329880284157074
-48.08434319350486 30.476565374379568
-50.1454871441035 31.706662126964822
-52.20663109470214 32.71451730505952
-54.26777504530079 32.50104698442794
-56.32891899589943 29.46700074912389
-58.39006294649807 29.099497555948002
-60.45120689709671 26.552751331989867
-62.512350847695345 24.36591620202134
-64.57349479829399 23.51849575700624
-66.63463874889263 18.039696637880848
-68.69578269949126 16.709776005868825
-70.75692665008991 15.046142341678971
-72.81807060068854 14.184205488374777
-74.87921455128719 10.829495653199475
-76.94035850188583 11.724115460999846
-79.00150245248447 11.55623868111659
-81.06264640308311 8.256450781996996
-83.12379035368174 6.640726136401848
-85.1849343042804 6.979801940990315
-87.24607825487904 7.316016505828761
-89.30722220547769 4.66682264823946
-91.36836615607632 5.310043965976889
-93.42951010667497 4.436346137678692
-95.4906540572736 2.3393591556528195
-97.55179800787224 3.240297874236527
-99.61294195847087 2.278246735758454
-101.67408590906952 3.129332769745935
-103.73522985966815 3.262077002414156
-105.79637381026679 3.342672337308831
-107.85751776086543 2.951208729128957
-109.91866171146407 3.940384875789662
-111.97980566206272 4.567190523743792
-114.04094961266135 2.4673992548980865
-116.10209356325998 4.5409565864487655
-118.16323751385863 3.9038625605037476
-120.22438146445727 3.9416861529248477
-122.28552541505593 2.7301589194532054
-124.34666936565456 2.3588951938524416
-126.40781331625321 2.2565136072917404
-128.46895726685185 1.145709980164962
-130.53010121745046 1.8761865394555313
-132.5912451680491 1.803453430271714
-134.65238911864776 2.420708846887972
-136.71353306924638 3.0063280988153864
-138.77467701984506 2.3073428260602347
-140.83582097044368 1.4947408138602445
-142.89696492104233 1.9421266097977279
-144.95810887164097 0.17972655341402763
-147.0192528222396 0.8985391628983019
-149.08039677283827 1.747844600311793
-151.1415407234369 1.5467992912531494
-153.20268467403554 1.892375891526628
-155.26382862463416 3.4531033326574834
-157.32497257523283 1.7344505323835169
-159.38611652583145 1.8353331810453974
-161.4472604764301 2.0588820956085914
-163.50840442702872 0.7242176967454058
-165.56954837762737 1.4179294366901098
-167.63069232822602 2.6150306358594113
-169.69183627882467 2.45336134315573
-171.7529802294233 1.233812795990873
-173.81412418002193 2.3939563039858274
-175.87526813062055 2.8484479673563725
-177.93641208121923 1.1947789448236836
-179.99755603181785 1.9147868992983472
-182.0586999824165 1.4127886561942709
-184.11984393301515 1.2052949954393524
-186.18098788361377 1.0285996613580652
-188.24213183421244 0.6581147507547643
-190.30327578481106 2.0073465127068566
-192.3644197354097 1.565215134793128
-194.42556368600833 2.925255319520617
-196.486707636607 3.884473882440644
-198.54785158720563 1.847740714156601
-200.60899553780428 2.315037914928252
-202.6701394884029 2.6386339089107365
-204.73128343900154 2.5483537314062126
-206.7924273896002 1.451913292942052
-208.85357134019884 0.18314728976455952
-210.91471529079746 2.173997191203891
-212.9758592413961 1.1283078979901229
-215.03700319199473 0.544953787112671
-217.0981471425934 1.5403354272464727
-219.15929109319205 1.0836011574220326
-221.22043504379067 -0.0926656289266851
-223.28157899438932 2.0610406687885106
-225.34272294498797 1.7712297067303784
-227.40386689558662 2.04815574886746
-229.46501084618524 1.9745295902751785
-231.52615479678389 2.5773889992290355
-233.5872987473825 1.1537389854626308
-235.64844269798118 0.328696897000998
-237.7095866485798 1.742378288159601
-239.77073059917845 2.1547582015415543
-241.83187454977707 2.7185700029188693
-243.89301850037572 1.8540004394925835
-245.95416245097437 1.6650336301423718
-248.015306401573 2.99158094574918
-250.07645035217163 3.281833226782234
-252.13759430277028 1.9553901084867575
-254.19873825336893 3.8387693855945253
-256.25988220396755 4.419275362595082
-258.3210261545662 4.16003744072043
