# BEGINHEADER
# This file contains data from the SALSA 2m radio telescope.
# DATE=2021-11-27T23:54:0011
# GLON and GLAT given in degrees
# GLON=108.86224534806587
# GLAT=-0.024493867721635976
# DATA in two columns below. Col. 1 is velocity relative to LSR [km/s]. Col. 2 is uncalibrated antenna temperature [K].
# ENDHEADER
265.46860924809545 3.7198327031843514
263.4074652974968 6.646520346006199
261.34632134689815 6.520015217770072
259.2851773962995 7.39435765856247
257.2240334457009 7.916402918977439
255.16288949510226 5.478178040504147
253.1017455445036 6.464313726191734
251.04060159390497 5.296986269126194
248.97945764330632 2.8996989011646237
246.9183136927077 7.322387056592062
244.85716974210902 3.933753054985685
242.7960257915104 8.892505332443141
240.73488184091175 8.832853288843248
238.67373789031313 5.464113386425869
236.6125939397145 6.732989849474731
234.55144998911584 7.472600537299429
232.4903060385172 8.983796657126804
230.42916208791854 10.791521625333182
228.36801813731992 8.505032035941797
226.30687418672127 6.353283014039834
224.24573023612263 6.8048874757078925
222.18458628552398 11.073005959681689
220.12344233492536 5.10415534747138
218.0622983843267 8.139517449416156
216.00115443372806 9.926129918123449
213.9400104831294 2.812485056163582
211.8788665325308 8.117017357015012
209.81772258193214 12.029593601871296
207.75657863133353 6.653703551838091
205.69543468073485 6.909033541148448
203.63429073013623 8.009993943668078
201.57314677953758 7.2960993257428965
199.51200282893896 3.972255039517048
197.4508588783403 8.639191920796788
195.3897149277417 6.990562845668399
193.32857097714304 3.9337121444794536
191.2674270265444 7.647994912354978
189.20628307594575 6.3685832760084224
187.1451391253471 9.576160848310828
185.08399517474848 8.853668204229894
183.02285122414983 2.0496815533909327
180.9617072735512 8.627712967728836
178.90056332295254 10.743791046888381
176.83941937235392 8.902338177249542
174.77827542175527 7.805090635825689
172.71713147115665 7.241011022149579
170.655987520558 5.812228087970396
168.59484356995935 4.9939302887581185
166.5336996193607 9.119874373503684
164.47255566876208 8.705858557780086
162.41141171816344 6.0947596605973775
160.3502677675648 9.135592091976157
158.28912381696614 8.681327202170541
156.22797986636752 8.64099174899852
154.16683591576887 7.86081052976191
152.10569196517022 5.59664403299968
150.04454801457157 7.619409094647609
147.98340406397293 7.098869174481517
145.9222601133743 4.854162671709254
143.86111616277566 8.513301105072172
141.79997221217704 3.4595389163130545
139.73882826157836 7.908450676758466
137.67768431097974 9.753617691165319
135.6165403603811 9.523788769211277
133.55539640978247 9.83123674341362
131.49425245918383 8.495246331109755
129.43310850858518 8.866257326141817
127.37196455798653 5.376664344850748
125.3108206073879 6.526283062700365
123.24967665678925 7.132073503462243
121.18853270619061 4.135250078886241
119.12738875559197 10.701374644710372
117.06624480499333 6.308712588360335
115.0051008543947 6.819070055447537
112.94395690379605 7.912669266959809
110.88281295319742 3.9182147845989768
108.82166900259877 7.896254538572581
106.76052505200013 4.791072122771077
104.69938110140149 9.50297495135963
102.63823715080285 7.159914163816863
100.57709320020422 4.697529572408785
98.51594924960557 5.293780385114825
96.45480529900694 7.235395541540027
94.39366134840827 6.5176820899839445
92.33251739780964 6.50776027761699
90.27137344721099 4.43959534814641
88.21022949661236 7.111619812669871
86.14908554601372 7.077625611018085
84.08794159541507 4.418174973725059
82.02679764481644 7.813039664392163
79.96565369421779 7.362390413518484
77.90450974361916 4.90372748460989
75.84336579302052 6.688339412835785
73.78222184242188 4.631235459014595
71.72107789182324 5.328053967681867
69.6599339412246 6.385511483886271
67.59878999062596 5.693859860986948
65.53764604002731 6.718883557950272
63.47650208942867 6.9359859226985
61.41535813883003 8.402243181502314
59.35421418823139 6.354271560069832
57.29307023763275 9.857898109924157
55.23192628703411 9.33809700676121
53.17078233643547 6.491517901292856
51.10963838583683 7.466277626929712
49.04849443523819 8.828543264446747
46.98735048463954 3.7126237224190306
44.9262065340409 6.410832651963485
42.86506258344226 6.759744926183027
40.803918632843626 7.497180735494957
38.742774682244985 8.194117922696126
36.681630731646344 6.85608692731283
34.6204867810477 8.687289199017775
32.55934283044906 6.849918189276796
30.49819887985042 6.9358564969529155
28.43705492925178 7.82229161451452
26.37591097865314 6.731811109817656
24.314767028054497 5.713348281219788
22.253623077455853 6.924431823620913
20.19247912685721 8.152533794357796
18.131335176258574 10.005293063358984
16.070191225659933 9.2236076216332
14.00904727506129 12.26259964329231
11.947903324462652 17.12178719836754
9.88675937386401 20.788717430153625
7.82561542326537 30.24536354969283
5.764471472666729 43.83630158732259
3.7033275220680886 62.53820426758703
1.6421835714694477 79.06065678490832
-0.4189603791291931 101.41726779358453
-2.480104329727834 99.50419110919724
-4.541248280326474 102.04250710940379
-6.6023922309251155 94.77898228217751
-8.663536181523757 88.42217782999752
-10.724680132122398 81.95433773367051
-12.785824082721039 70.06772225770354
-14.84696803331968 56.81833184231368
-16.90811198391832 52.39011828064449
-18.969255934516962 43.67686079110748
-21.030399885115603 37.31695535228419
-23.09154383571424 32.43144364493446
-25.152687786312878 33.694114425322525
-27.213831736911523 38.9455145702157
-29.274975687510164 38.24978034954165
-31.3361196381088 39.59807921969952
-33.397263588707446 47.24710649304945
-35.45840753930609 49.426508110253394
-37.51955148990473 52.7324802926403
-39.58069544050337 57.30787801433641
-41.641839391102 61.21147227235636
-43.702983341700644 71.33305152565708
-45.764127292299285 74.85236956663215
-47.82527124289793 84.08062875387674
-49.886415193496575 91.52651304279603
-51.947559144095216 83.18522952105745
-54.00870309469386 80.40168830632334
-56.06984704529249 79.30488124077382
-58.13099099589113 70.22466896732996
-60.19213494648977 58.32350544820553
-62.253278897088414 50.98648666380888
-64.31442284768706 50.469975937362165
-66.3755667982857 51.050838168826694
-68.43671074888434 49.07245575839951
-70.49785469948299 39.323938234144826
-72.55899865008162 36.44132500951803
-74.62014260068027 29.157870538488094
-76.6812865512789 25.549254147848934
-78.74243050187754 20.204093473084274
-80.80357445247618 17.444736786600263
-82.86471840307482 20.14481054441752
-84.92586235367347 15.28272491375034
-86.9870063042721 13.43562643541104
-89.04815025487075 18.18346116045148
-91.10929420546938 16.925327919743555
-93.17043815606802 20.083549576043076
-95.23158210666666 22.501071052795417
-97.2927260572653 27.018097659907088
-99.35387000786396 23.510642845620147
-101.4150139584626 17.853653347105393
-103.47615790906124 19.59173125623117
-105.53730185965988 15.035663641533123
-107.59844581025851 12.310269560836831
-109.65958976085716 14.34764327615379
-111.7207337114558 11.225633429888308
-113.78187766205444 5.100923659856086
-115.84302161265308 8.71858712573525
-117.90416556325171 8.161443490151045
-119.96530951385036 6.880016620075199
-122.02645346444899 6.330388641117394
-124.08759741504764 3.550398918983739
-126.14874136564627 7.1577963991347975
-128.20988531624494 5.2031698050037685
-130.27102926684356 3.676482428745359
-132.3321732174422 2.5768303372711507
-134.39331716804085 1.8122716246561716
-136.45446111863947 5.405959173501933
-138.51560506923812 2.5504650034845113
-140.57674901983677 1.9486410892281012
-142.63789297043542 3.4954639698926684
-144.69903692103404 3.7306266659759415
-146.76018087163268 3.6413039248105847
-148.8213248222313 2.6310024333232436
-150.88246877282998 2.150588528107698
-152.9436127234286 0.41748095775246113
-155.00475667402725 0.939439440856159
-157.0659006246259 4.335148640562868
-159.12704457522452 4.167978387071489
-161.1881885258232 -0.19526252600117347
-163.2493324764218 1.2436808519427478
-165.31047642702046 1.6000180270367734
-167.37162037761908 -1.2623929612779206
-169.43276432821776 2.9512098489576695
-171.49390827881638 -1.0626593358782166
-173.55505222941503 0.05236777764222614
-175.61619618001365 1.1796846366652254
-177.6773401306123 2.887787157420808
-179.73848408121094 0.30666680545286074
-181.7996280318096 3.7865251797446224
-183.8607719824082 -0.06697088253178497
-185.92191593300686 4.300100948991527
-187.98305988360548 3.8864301628839666
-190.04420383420415 2.349978252507853
-192.10534778480277 4.953035844165528
-194.16649173540142 0.4379791551560861
-196.22763568600007 0.7416662661405907
-198.28877963659872 1.1938972411972597
-200.3499235871974 3.3472021448453666
-202.41106753779601 3.782671178841838
-204.47221148839466 0.583551374569997
-206.53335543899328 1.8166334557584196
-208.59449938959193 2.6383768702628
-210.65564334019058 0.6085515395068134
-212.71678729078923 2.4173982618509258
-214.77793124138785 -1.3448132144180414
-216.8390751919865 2.5543448438241247
-218.90021914258512 2.058067742110319
-220.9613630931838 0.5988543513588779
-223.0225070437824 4.858115661801459
-225.08365099438106 3.0638001500781926
-227.14479494497968 1.8418899197192684
-229.20593889557833 -1.1991323802948572
-231.26708284617698 -1.7430294553409202
-233.32822679677562 0.12406961674964982
-235.38937074737427 1.3263457901122169
-237.4505146979729 2.2109343756899165
-239.51165864857157 0.12579797318472832
-241.5728025991702 0.601471291425182
-243.63394654976884 5.251658630392279
-245.69509050036746 2.64473476273473
-247.7562344509661 2.57068059232245
-249.81737840156475 3.127481600261115
-251.8785223521634 -1.9455278233093916
-253.93966630276202 0.5087632481677811
-256.00081025336067 4.137051935505066
-258.0619542039593 2.714413226519476
-260.12309815455797 4.074698948808518
