# BEGINHEADER
# This file contains data from the SALSA 2m radio telescope.
# DATE=2021-12-04T08:54:0022
# GLON and GLAT given in degrees
# GLON=359.8207315770051
# GLAT=30.29901481671227
# DATA in two columns below. Col. 1 is velocity relative to LSR [km/s]. Col. 2 is uncalibrated antenna temperature [K].
# ENDHEADER
283.9026860931587 4.077194249702515
281.84154214256006 10.083855312867433
279.78039819196147 8.386753722845368
277.7192542413628 7.925511808107379
275.65811029076417 6.673028500592312
273.5969663401655 5.914861458976774
271.5358223895669 7.441115210160721
269.4746784389683 10.420647980344722
267.4135344883696 10.575167331697575
265.35239053777093 10.551829826615583
263.29124658717234 8.525528424133533
261.2301026365737 9.696715086525417
259.16895868597504 11.154974403887714
257.1078147353764 11.04496369635253
255.04667078477777 11.379540445485674
252.98552683417913 11.370621678827106
250.92438288358048 10.703385743369946
248.86323893298183 11.890039668319531
246.8020949823832 12.320001209277905
244.74095103178456 10.614875538930594
242.6798070811859 10.306434987264376
240.61866313058727 10.826524195540495
238.55751917998862 10.261894271969046
236.49637522939 11.51169686741327
234.43523127879135 10.992024104347026
232.37408732819273 10.669066642989462
230.31294337759405 12.360317187911024
228.25179942699543 11.084094023857553
226.19065547639678 10.081488718086261
224.12951152579816 9.827476970716779
222.0683675751995 9.673450242822675
220.00722362460087 11.966608402308388
217.94607967400222 10.708000121889478
215.8849357234036 10.035812984689054
213.82379177280495 12.148770548736032
211.7626478222063 10.715124116184285
209.70150387160766 11.3828989440489
207.64035992100904 7.319339688415296
205.5792159704104 10.943588514356508
203.51807201981174 12.424072747135469
201.4569280692131 13.858097487030436
199.39578411861444 11.86682525204297
197.33464016801582 11.376332764141754
195.27349621741718 11.652062917074742
193.21235226681856 11.226136935750331
191.15120831621988 12.679410262919617
189.09006436562126 13.005769236643939
187.0289204150226 11.080876280310937
184.967776464424 10.466757605342728
182.90663251382531 12.097414955504911
180.8454885632267 10.98927000497289
178.78434461262805 13.020746683330122
176.72320066202943 12.93398239543501
174.66205671143078 10.485212605904781
172.60091276083213 13.105562595118723
170.53976881023348 10.994784799170452
168.47862485963483 11.679317153451523
166.41748090903621 11.91547626871277
164.35633695843757 11.447056750698435
162.29519300783892 11.81955201357361
160.23404905724027 11.063420511390303
158.17290510664165 11.034167293618566
156.111761156043 13.367942524506237
154.05061720544435 11.076618844244974
151.9894732548457 11.240595050733843
149.9283293042471 10.928047099021867
147.86718535364844 11.118491139814246
145.80604140304982 10.175924007448156
143.74489745245114 10.563985951377633
141.68375350185252 12.166231274690377
139.62260955125387 10.294611900073917
137.56146560065525 9.823532010181502
135.5003216500566 9.052693436945077
133.43917769945796 9.18558906985625
131.3780337488593 12.616728927189753
129.31688979826066 10.58876859112958
127.25574584766203 9.512783502397207
125.1946018970634 10.853723682789854
123.13345794646476 9.605544292260106
121.07231399586611 10.840405705597323
119.01117004526748 11.379137812867715
116.95002609466883 10.147562787505802
114.8888821440702 9.604869145922278
112.82773819347155 9.798837347532489
110.76659424287291 9.728588590198555
108.70545029227426 9.178914537142601
106.64430634167562 11.37848722653837
104.58316239107698 10.656311479317639
102.52201844047833 10.362248962324918
100.4608744898797 12.895490680423917
98.39973053928105 10.556566903535922
96.3385865886824 11.44917174558701
94.27744263808377 10.46828785094764
92.21629868748512 8.104513020477404
90.15515473688649 8.955947720828917
88.09401078628785 8.693032584959658
86.0328668356892 10.155123879462886
83.97172288509057 8.64877981028259
81.91057893449192 10.893625613681122
79.84943498389329 8.970173161749035
77.78829103329464 9.292287857962819
75.727147082696 11.235662284223974
73.66600313209737 8.497260325924431
71.60485918149871 9.118744509949119
69.54371523090008 10.240749757718184
67.48257128030143 10.354763446192624
65.4214273297028 9.935646546569059
63.36028337910416 9.806399938843715
61.29913942850551 8.75184287100389
59.23799547790687 9.789725245609633
57.17685152730823 9.665362956929235
55.11570757670959 9.439090421948439
53.054563626110955 7.733480798942949
50.993419675512314 8.428488081102222
48.93227572491367 10.944452464067679
46.87113177431503 8.619572731596733
44.80998782371639 8.741947305452252
42.74884387311774 10.96221761435619
40.68769992251911 8.975157945319632
38.62655597192047 8.538178873905839
36.565412021321826 9.786996446004713
34.504268070723185 9.67242005061668
32.443124120124544 13.42899320181512
30.381980169525907 10.864985695617055
28.320836218927262 12.371712907558278
26.25969226832862 12.737378898561444
24.198548317729983 12.362857807283183
22.137404367131342 12.961958532173457
20.076260416532705 11.289758735530805
18.01511646593406 11.011712856036745
15.95397251533542 13.267832589652372
13.89282856473678 16.476769842253855
11.831684614138139 16.856503452970095
9.7705406635395 19.086572080761727
7.709396712940857 24.384960715128344
5.648252762342216 29.790077048398974
3.587108811743576 39.36267942863659
1.5259648611449357 44.89151287518932
-0.5351790894537053 41.12927139268064
-2.596323040052346 38.53154084403385
-4.657466990650987 26.02163363040689
-6.7186109412496275 16.906343929290244
-8.779754891848269 15.964982321753517
-10.840898842446908 14.20595967923199
-12.90204279304555 12.066663953559972
-14.96318674364419 12.374705561787897
-17.02433069424283 11.392147565345306
-19.085474644841472 9.870666058946574
-21.146618595440113 11.027036405095533
-23.207762546038754 9.43545123033691
-25.268906496637396 10.230329098851312
-27.330050447236037 8.187802153562025
-29.39119439783468 7.686638317856466
-31.452338348433322 6.968635146374751
-33.513482299031956 6.707354841327924
-35.574626249630604 7.421548258015302
-37.635770200229246 8.737723688735763
-39.69691415082789 7.628875358804812
-41.75805810142653 6.646471550798058
-43.81920205202516 7.442934469774673
-45.8803460026238 6.501569590141391
-47.941489953222444 8.701658504740214
-50.002633903821085 9.066051004159638
-52.063777854419726 9.669336322775262
-54.124921805018374 5.36774071740259
-56.18606575561701 8.11223010426645
-58.24720970621565 6.155184156523791
-60.30835365681429 4.40289961680105
-62.36949760741293 6.296553544568168
-64.43064155801157 6.085169808163698
-66.4917855086102 7.062660052319828
-68.55292945920885 5.813517573078617
-70.61407340980749 6.20719592361038
-72.67521736040614 4.7376289463854535
-74.73636131100477 6.847043478258847
-76.7975052616034 5.325043428976137
-78.85864921220205 5.0141055629153986
-80.91979316280069 5.976443143105839
-82.98093711339935 3.223628967286502
-85.04208106399798 6.556995594329347
-87.10322501459663 8.83707639769548
-89.16436896519527 3.808755646521215
-91.2255129157939 6.212048821088702
-93.28665686639255 4.510316955604665
-95.34780081699118 3.9238742704180583
-97.40894476758983 5.364902433594604
-99.47008871818845 4.154600555160081
-101.5312326687871 4.4666284347216445
-103.59237661938573 6.203039065030502
-105.65352056998438 5.841503690261271
-107.71466452058301 4.169771638751944
-109.77580847118166 3.7721956215207864
-111.8369524217803 3.2019699053080153
-113.89809637237893 3.737250142596746
-115.95924032297758 4.263652976568363
-118.02038427357621 6.215487179192525
-120.08152822417486 5.623613710338422
-122.14267217477351 5.502953868564621
-124.20381612537216 5.039001064404541
-126.26496007597079 4.205373371882266
-128.32610402656942 0.7365942803826453
-130.38724797716807 2.9879753144023686
-132.4483919277667 1.8859212130854082
-134.50953587836534 2.622111359390947
-136.570679828964 3.2684761324263474
-138.63182377956264 3.533845813023135
-140.69296773016126 3.61344738761193
-142.7541116807599 3.9445648846795445
-144.81525563135855 4.7594964936985695
-146.8763995819572 4.558760930630145
-148.93754353255585 6.050409388462923
-150.99868748315447 3.072839913774075
-153.05983143375312 2.1913535913286157
-155.12097538435174 3.9717445370462356
-157.18211933495041 3.0287386900057824
-159.24326328554903 2.966884072139907
-161.30440723614768 2.9253521029900815
-163.3655511867463 2.195463595140019
-165.42669513734498 4.591743891001137
-167.4878390879436 3.6583658322401322
-169.54898303854225 4.280264080283874
-171.61012698914087 4.891773355853957
-173.67127093973951 2.645263948157601
-175.73241489033816 4.424241339982847
-177.7935588409368 3.9882988065835474
-179.85470279153543 1.9880494496351335
-181.91584674213408 3.36329399631488
-183.97699069273273 1.373529771690567
-186.03813464333138 3.0246717196059096
-188.09927859393002 3.6583547691099945
-190.16042254452864 5.448155531736014
-192.2215664951273 3.989427126186538
-194.2827104457259 3.7581912312539814
-196.3438543963246 1.8033273694903689
-198.4049983469232 2.1656160953809622
-200.46614229752186 1.4067219537471893
-202.52728624812048 3.0303045485243545
-204.58843019871915 3.2925514234138027
-206.64957414931777 2.7721936911318856
-208.71071809991642 4.076539771564777
-210.77186205051504 2.4927759261260234
-212.8330060011137 3.359765143670074
-214.89414995171234 1.7604175477780166
-216.95529390231098 3.252929066243048
-219.01643785290963 4.335996964097412
-221.07758180350825 4.466934571657391
-223.1387257541069 2.287457650934063
-225.19986970470555 3.334473502594943
-227.2610136553042 2.6424040330225105
-229.32215760590282 5.662362409144181
-231.38330155650146 6.567108409741957
-233.4444455071001 5.898921064842926
-235.50558945769876 3.8431507736942767
-237.56673340829738 4.304927956342715
-239.62787735889603 6.540795702512522
-241.68902130949465 7.044510463256327
