# BEGINHEADER
# This file contains data from the SALSA 2m radio telescope.
# DATE=2021-11-27T23:54:0057
# GLON and GLAT given in degrees
# GLON=115.79953327188291
# GLAT=-0.08219608213471076
# DATA in two columns below. Col. 1 is velocity relative to LSR [km/s]. Col. 2 is uncalibrated antenna temperature [K].
# ENDHEADER
265.47872244703996 9.263973288152068
263.4175784964413 20.10826791293544
261.35643454584266 17.965130104161286
259.295290595244 21.3949731745227
257.23414664464536 19.455108953030315
255.17300269404674 21.080402570222535
253.1118587434481 17.758763451312664
251.05071479284948 16.997467860645074
248.9895708422508 20.21745792052317
246.92842689165218 19.87582387296287
244.86728294105353 20.017251688260266
242.8061389904549 19.385476122729674
240.74499503985626 19.246616102093274
238.68385108925762 20.289180545019573
236.62270713865897 17.34782741873979
234.56156318806035 21.905681056014352
232.5004192374617 21.4741012473913
230.43927528686308 19.72678233293745
228.3781313362644 19.05433920882767
226.31698738566578 21.629578143095266
224.25584343506713 24.875663675786928
222.1946994844685 20.57496548058958
220.13355553386984 20.852251232639695
218.0724115832712 21.277428087357578
216.01126763267257 19.723843614652296
213.95012368207392 24.56050844375955
211.8889797314753 21.421995078058128
209.82783578087663 21.545697401931978
207.766691830278 20.46632269285208
205.70554787967936 19.816802663107712
203.64440392908074 18.916064225928437
201.5832599784821 20.566203643299197
199.52211602788344 18.11474779017485
197.4609720772848 18.971765489798194
195.39982812668617 18.50365881563067
193.33868417608753 18.01036419344489
191.27754022548888 17.50999169935063
189.21639627489023 19.264287395326328
187.1552523242916 20.975025925405006
185.09410837369296 21.37748602496977
183.0329644230943 23.63233358291089
180.97182047249566 23.492845066892123
178.91067652189702 22.26534554020058
176.8495325712984 20.7089448554045
174.78838862069975 19.944807060208763
172.72724467010113 18.485236234073312
170.66610071950245 21.076590879560626
168.60495676890383 20.410961154021315
166.54381281830518 21.69761116588206
164.48266886770656 20.69391245610677
162.4215249171079 21.078024499368574
160.36038096650927 24.63004991159777
158.29923701591062 20.138624225121717
156.238093065312 19.496088371248874
154.17694911471335 19.848374020452834
152.1158051641147 16.445463054674537
150.05466121351606 21.251233428074467
147.99351726291744 20.560852298167056
145.9323733123188 17.576685894178453
143.87122936172014 19.037008190536344
141.8100854111215 20.3940486715854
139.74894146052284 20.15943125725233
137.68779750992422 18.04407317081295
135.62665355932558 22.867768119529295
133.56550960872696 18.763813309769308
131.50436565812828 18.131313596862054
129.44322170752966 18.092773691415196
127.38207775693103 20.04050740378901
125.32093380633236 19.674277232163636
123.25978985573373 24.086464035142722
121.19864590513508 22.921655916801626
119.13750195453645 21.401370287760134
117.07635800393781 22.319429266330367
115.01521405333916 22.076926735562164
112.95407010274053 21.430458880450065
110.89292615214188 21.36114683840257
108.83178220154325 23.583445548318466
106.77063825094461 20.402335217792803
104.70949430034597 19.561888269804893
102.64835034974733 22.020793432172542
100.58720639914868 18.853081887184416
98.52606244855004 21.758894400185635
96.4649184979514 19.852793991960592
94.40377454735275 22.60871629905858
92.34263059675412 18.28514764271032
90.28148664615547 20.207699354805126
88.22034269555682 19.497577309730097
86.15919874495819 20.672506771505844
84.09805479435954 18.29254186080071
82.03691084376091 19.33342599605643
79.97576689316226 20.265080688391233
77.91462294256362 16.02088507750862
75.85347899196498 18.844269185972646
73.79233504136634 20.681968475036015
71.73119109076771 21.1699503580739
69.67004714016906 22.206138328430765
67.60890318957043 21.97809481988501
65.54775923897178 19.21655287090627
63.486615288373144 20.308730287236042
61.4254713377745 21.685425201042897
59.364327387175855 18.382173772512232
57.303183436577214 19.940755234645767
55.24203948597857 21.40014236049189
53.18089553537993 17.42717161398951
51.1197515847813 19.10159631098156
49.05860763418266 18.728995510737278
46.997463683584016 22.08939120092567
44.936319732985375 20.017741556429367
42.875175782386734 17.724596695113863
40.81403183178809 20.9636091534102
38.752887881189444 20.218170236677633
36.69174393059081 19.389291328222054
34.63059997999217 20.09681717076195
32.56945602939353 19.825995874782553
30.508312078794887 20.93174022800286
28.447168128196246 22.53235839539466
26.38602417759761 17.4885106556006
24.324880226998964 19.509179734256907
22.263736276400323 23.107929950301568
20.202592325801685 24.970212902246708
18.141448375203044 26.779500454174954
16.0803044246044 24.56307401326871
14.019160474005762 24.672461323834238
11.958016523407121 27.220790463453394
9.896872572808482 32.39497611092753
7.835728622209841 39.21058074918629
5.774584671611199 53.595493328067285
3.713440721012558 78.37621520406512
1.6522967704139173 95.53987903348583
-0.4088471801847235 103.54736959587942
-2.469991130783364 100.74177902947953
-4.531135081382006 97.57832970745005
-6.592279031980645 97.97379689270707
-8.653422982579286 102.01700211030844
-10.714566933177927 103.7636001704125
-12.775710883776568 92.4570287461217
-14.83685483437521 85.86064610745387
-16.89799878497385 76.3575365722811
-18.95914273557249 67.30130215372844
-21.02028668617113 50.10015548027575
-23.081430636769774 48.47495569986896
-25.142574587368415 45.8655169382125
-27.203718537967056 50.686345406034924
-29.264862488565694 50.98267719361897
-31.326006439164335 60.02886786388896
-33.38715038976297 63.61145715956354
-35.44829434036161 66.67329926818199
-37.50943829096026 73.11198391102351
-39.5705822415589 74.42871815470922
-41.631726192157544 84.67944802564196
-43.692870142756185 90.0790545694357
-45.75401409335482 89.98864201041964
-47.81515804395346 96.44251827946208
-49.8763019945521 94.6297325745917
-51.93744594515074 92.83013618583972
-53.99858989574938 86.27972626907072
-56.059733846348024 85.03734836253668
-58.12087779694667 79.07014145136351
-60.182021747545306 75.73773939992664
-62.24316569814395 73.6663080238336
-64.30430964874259 67.68147513978582
-66.36545359934124 63.2164463745182
-68.42659754993987 54.88874224619835
-70.48774150053852 50.30605131361627
-72.54888545113715 46.926255140428744
-74.6100294017358 43.036892485153324
-76.67117335233443 36.84011651476237
-78.73231730293308 33.759956172094995
-80.79346125353172 31.708886325905635
-82.85460520413035 31.027769626105194
-84.915749154729 31.734369937384994
-86.97689310532763 31.74954458412513
-89.03803705592628 33.908289081403666
-91.09918100652492 36.44527742652569
-93.16032495712356 34.130564598690114
-95.2214689077222 37.39159987862183
-97.28261285832083 40.37380448415608
-99.34375680891947 38.17669806375959
-101.4049007595181 36.15408369529149
-103.46604471011675 35.82974972992767
-105.52718866071538 33.60867318141442
-107.58833261131404 26.614559422538644
-109.64947656191268 27.27104166189935
-111.71062051251133 21.139547849969695
-113.77176446310996 19.477485632683802
-115.8329084137086 23.830277486837844
-117.89405236430724 22.325813716159068
-119.95519631490588 18.71934134692621
-122.01634026550452 24.882896972851263
-124.07748421610316 22.20591813227123
-126.1386281667018 17.931015320715144
-128.19977211730045 16.885841053180044
-130.26091606789907 18.013379054877724
-132.32206001849772 16.135261531355045
-134.38320396909637 18.850555186927075
-136.444347919695 18.086263312670926
-138.50549187029367 18.73077822468313
-140.5666358208923 16.50608245240283
-142.62777977149094 14.095406700125116
-144.68892372208956 14.34267124276974
-146.7500676726882 18.732522835791126
-148.81121162328685 14.93393394385338
-150.8723555738855 16.27472690743857
-152.93349952448412 15.694276478729993
-154.99464347508277 12.5764243798359
-157.0557874256814 13.06403134972778
-159.11693137628006 13.33077067150784
-161.17807532687868 16.443961986041977
-163.23921927747733 15.335613411975554
-165.30036322807598 13.032444082265458
-167.36150717867463 13.561736123158898
-169.42265112927328 16.060941063270167
-171.4837950798719 15.027680249368647
-173.54493903047054 17.09960770458248
-175.60608298106916 18.874208155138678
-177.66722693166784 15.667924054495769
-179.72837088226646 17.669064955693326
-181.7895148328651 13.343448235864184
-183.85065878346373 13.788857590480468
-185.91180273406238 14.349690788590433
-187.97294668466103 15.103884980534582
-190.03409063525967 14.46747394366348
-192.0952345858583 12.946377996528499
-194.15637853645694 15.415071704880004
-196.2175224870556 15.814376331369367
-198.27866643765424 17.771657846269633
-200.33981038825286 14.927268604274161
-202.4009543388515 18.777136207326013
-204.46209828945015 16.64668286452956
-206.5232422400488 16.72412848014347
-208.58438619064745 13.886218215389789
-210.64553014124607 14.759396926244118
-212.70667409184472 15.464922431735369
-214.76781804244334 13.400330757770742
-216.82896199304201 15.202920952358328
-218.89010594364063 10.011468882478656
-220.95124989423928 13.593302001821094
-223.0123938448379 18.125826912662685
-225.07353779543655 15.891093115245717
-227.1346817460352 15.000045873603701
-229.19582569663385 17.728633259855503
-231.25696964723247 17.631911013470205
-233.31811359783111 16.568856621615687
-235.37925754842976 13.833544662609334
-237.4404014990284 19.466685788491855
-239.50154544962703 15.561986830258599
-241.56268940022568 16.04173877431066
-243.62383335082433 13.04487609068079
-245.68497730142298 12.996977718018524
-247.74612125202162 14.43408110648351
-249.80726520262024 15.5570578528794
-251.8684091532189 19.910812288343735
-253.9295531038175 17.809037831126314
-255.9906970544162 14.739309250115754
-258.0518410050148 14.798306161916393
-260.11298495561346 19.288365556038887
