# BEGINHEADER
# This file contains data from the SALSA 2m radio telescope.
# DATE=2021-11-27T23:52:0038
# GLON and GLAT given in degrees
# GLON=94.87120308050072
# GLAT=-0.012925201007101884
# DATA in two columns below. Col. 1 is velocity relative to LSR [km/s]. Col. 2 is uncalibrated antenna temperature [K].
# ENDHEADER
265.3711007191712 0.36436461979533263
263.30995676857253 0.7759749928277848
261.2488128179739 5.350675004010057
259.18766886737524 5.292951038027721
257.1265249167766 6.4507300472154325
255.06538096617794 8.478875019883086
253.00423701557932 4.479126152815037
250.94309306498067 8.503620925634497
248.88194911438205 4.513934058534553
246.8208051637834 5.586677836354764
244.75966121318473 5.323946740146249
242.6985172625861 5.923719468100012
240.63737331198746 7.638655839062229
238.57622936138884 5.621306407495544
236.5150854107902 9.792720197940236
234.45394146019154 8.165383099012308
232.3927975095929 8.354370714767597
230.33165355899428 8.538339595908527
228.27050960839563 7.363836234352442
226.20936565779698 9.315157153073887
224.14822170719833 4.2133921496430355
222.0870777565997 9.527852556951233
220.02593380600106 5.609907950223321
217.96478985540244 5.244284335899637
215.90364590480377 10.528051300866089
213.84250195420515 6.292610700565881
211.7813580036065 7.117101630341985
209.72021405300788 7.436023535926047
207.65907010240923 5.047950482302067
205.59792615181055 8.334266554131439
203.53678220121193 8.455641850571848
201.4756382506133 6.6854740919667455
199.41449430001467 10.150021502564936
197.353350349416 7.107276380992315
195.29220639881737 8.521731693232983
193.2310624482187 9.83469115592108
191.16991849762007 9.199462253357323
189.10877454702143 7.219356976692032
187.0476305964228 5.661425362196838
184.98648664582413 5.631967689308113
182.9253426952255 4.286385681119883
180.86419874462686 5.999528594112124
178.80305479402824 10.963174918524786
176.7419108434296 8.654578199652866
174.68076689283095 6.629618739262292
172.6196229422323 9.554923933549432
170.55847899163365 6.888706255162249
168.49733504103503 4.94140305867077
166.43619109043638 6.201915582956334
164.37504713983773 7.568712498948459
162.31390318923908 5.398364025219358
160.25275923864046 5.701690701616958
158.19161528804182 7.976844900869697
156.1304713374432 4.9778491973620325
154.06932738684452 2.855849327368896
152.0081834362459 4.450049572731774
149.94703948564725 4.275078454799342
147.88589553504863 6.533454649779509
145.82475158444996 8.669944383865248
143.76360763385134 6.533925481788874
141.7024636832527 4.625522781353064
139.64131973265407 7.570312782444751
137.58017578205542 4.826282407074251
135.51903183145677 6.3123700233117805
133.45788788085812 8.331795407024527
131.39674393025948 7.410902376687164
129.33559997966083 7.126155868641685
127.27445602906221 7.110026734243883
125.21331207846357 6.449429949283025
123.15216812786493 7.381044060549675
121.09102417726629 7.812848803454029
119.02988022666764 5.628982211070786
116.96873627606901 7.996360075064215
114.90759232547038 8.529791567662148
112.84644837487171 5.123621058765254
110.78530442427308 8.829212230261692
108.72416047367443 10.51325363284641
106.6630165230758 10.0718060444235
104.60187257247715 7.398710223324614
102.54072862187851 7.395932123074168
100.47958467127988 7.363851547076246
98.41844072068123 7.629014482094189
96.3572967700826 7.8412208896159825
94.29615281948395 7.253379837678806
92.23500886888532 5.247515997003767
90.17386491828667 4.519303644602143
88.11272096768803 7.034688855779955
86.0515770170894 5.198790705327431
83.99043306649075 5.370066301425221
81.92928911589212 6.7104168930599535
79.86814516529347 9.1187976904761
77.80700121469484 6.072478419671212
75.74585726409619 6.520572203496007
73.68471331349754 6.52329446834124
71.6235693628989 7.727621686052514
69.56242541230026 8.043360938641333
67.50128146170162 5.9337263110683685
65.44013751110299 7.921481998628563
63.37899356050434 4.095113005888549
61.3178496099057 3.915570974687657
59.25670565930706 4.238570246282302
57.19556170870842 5.509371013251271
55.13441775810978 5.3948390140252815
53.073273807511136 10.014931926757875
51.0121298569125 5.396544185108911
48.95098590631386 8.609094001156512
46.88984195571522 6.317226368707908
44.82869800511657 7.062922905591206
42.76755405451793 6.530215374463547
40.70641010391929 5.651574705687177
38.645266153320655 3.107868377574559
36.584122202722014 3.6124958549212387
34.52297825212337 8.234719450609777
32.46183430152473 4.4121820210971325
30.400690350926087 9.294078122759997
28.33954640032745 8.131286753595942
26.27840244972881 5.024604291947057
24.217258499130168 7.051819839414623
22.156114548531527 11.843118265220827
20.094970597932885 10.465236981067068
18.033826647334244 12.842838677737616
15.972682696735605 18.146435784626902
13.911538746136964 20.296537563116598
11.850394795538323 27.658998158583383
9.789250844939682 42.30529777797407
7.728106894341041 59.206481843956446
5.6669629437424005 75.83002630842927
3.60581899314376 93.24118313238895
1.544675042545119 91.83559424265448
-0.5164689080535216 95.99889602414211
-2.5776128586521625 99.60413227528791
-4.638756809250804 94.91421735533415
-6.699900759849444 89.21897618091278
-8.761044710448084 86.0313118148664
-10.822188661046727 79.8619962906447
-12.883332611645367 78.25637765872108
-14.944476562244006 71.33304757911924
-17.005620512842647 64.73729330016195
-19.06676446344129 57.24492463745584
-21.12790841403993 52.93770362535935
-23.18905236463857 48.861524014015494
-25.25019631523721 46.177672050981826
-27.31134026583585 43.75806620236177
-29.372484216434493 46.03362066540878
-31.433628167033135 48.619929570721226
-33.494772117631776 54.32865111558686
-35.55591606823042 56.74030741505971
-37.61706001882906 58.62449629061245
-39.6782039694277 61.62682151752993
-41.73934792002634 66.918390555848
-43.80049187062498 64.34139210866066
-45.861635821223615 64.45652243510249
-47.922779771822256 58.09646087543068
-49.9839237224209 58.68338211028544
-52.045067673019545 59.8830554644476
-54.10621162361819 58.7415019921206
-56.16735557421683 55.328043024378744
-58.22849952481546 53.80463576557598
-60.2896434754141 52.894016602936645
-62.350787426012744 55.39279368392293
-64.41193137661139 55.44715546063778
-66.47307532721003 52.92838255843021
-68.53421927780866 52.8604926654022
-70.59536322840731 49.494868870335395
-72.65650717900594 48.35270272032549
-74.71765112960459 41.347833768652336
-76.77879508020322 39.20930137353799
-78.83993903080186 38.55909915326424
-80.90108298140052 33.63997937071135
-82.96222693199915 33.15745522234091
-85.0233708825978 28.322166339165836
-87.08451483319644 27.31547772750627
-89.14565878379508 21.898661773839077
-91.20680273439372 27.115340359369714
-93.26794668499235 28.47195139786668
-95.329090635591 25.687412199933014
-97.39023458618964 27.3474351188749
-99.45137853678828 25.921543205731545
-101.51252248738692 24.990811265207512
-103.57366643798557 19.492492421286947
-105.6348103885842 16.226651529076616
-107.69595433918283 12.716996836721066
-109.75709828978148 12.519249980125053
-111.81824224038012 8.971565185740195
-113.87938619097876 11.692348283650386
-115.9405301415774 10.19721816399451
-118.00167409217605 9.088074884429595
-120.0628180427747 4.522517213838755
-122.12396199337333 6.418364233779064
-124.18510594397198 5.429063728061932
-126.24624989457061 2.147982661295079
-128.30739384516926 1.8689915182157986
-130.36853779576788 3.8188479384028255
-132.42968174636653 2.8013093156426176
-134.49082569696515 2.442891494213462
-136.55196964756382 3.3287696295001257
-138.61311359816247 2.00311341830277
-140.6742575487611 2.735383472155538
-142.73540149935974 0.949497252090405
-144.7965454499584 2.6964974089509925
-146.85768940055704 -0.8618263235436573
-148.91883335115566 7.446293416772139
-150.9799773017543 4.482601823565121
-153.04112125235292 0.5388294171753826
-155.1022652029516 0.6740435969064447
-157.16340915355022 3.5713188567235763
-159.22455310414887 3.228965445781329
-161.2856970547475 -1.9657941742954985
-163.34684100534614 -0.4295146940821866
-165.40798495594478 2.5723195586823824
-167.46912890654343 1.1595634164924196
-169.53027285714205 1.2924682806987038
-171.5914168077407 -2.62378349302036
-173.65256075833935 3.75117022206742
-175.713704708938 4.4928170819918645
-177.77484865953664 3.7713540241172367
-179.83599261013526 2.5539601189343824
-181.8971365607339 -1.9859999095444254
-183.95828051133256 2.952529730744404
-186.0194244619312 -0.6170620385898183
-188.08056841252983 1.3238300800385787
-190.14171236312848 3.7159593123616563
-192.2028563137271 2.0931302954807784
-194.26400026432577 1.8488943439468088
-196.3251442149244 -0.42578218075140223
-198.386288165523 0.18762213931253496
-200.44743211612166 1.1681029093533593
-202.5085760667203 -1.184497119032889
-204.56972001731893 -0.7157100996619934
-206.63086396791758 -0.6824076690050819
-208.6920079185162 -0.5054609789298719
-210.75315186911487 -1.3903097000126832
-212.8142958197135 2.8294182418880913
-214.87543977031214 2.246877977002349
-216.93658372091076 2.4302358136175797
-218.9977276715094 2.457210760075606
-221.0588716221081 0.9316905931505037
-223.1200155727067 2.7409183256501533
-225.18115952330535 0.5367507627142939
-227.24230347390397 -2.781197348628556
-229.30344742450265 -1.3521536595488013
-231.36459137510127 -1.2875525165801454
-233.42573532569992 2.178677489540193
-235.48687927629854 -0.193087750416598
-237.5480232268972 0.6190773015436839
-239.60916717749583 1.6194908936229364
-241.67031112809448 2.8964147596939007
-243.7314550786931 1.6272092515178773
-245.79259902929175 3.189204815951075
-247.85374297989037 4.260727289977898
-249.91488693048905 1.7035141711445476
-251.97603088108767 1.4603513931275307
-254.03717483168631 2.454209405478434
-256.09831878228493 0.434490096877958
-258.1594627328836 2.7319231851482995
-260.22060668348223 4.096550974255641
