# BEGINHEADER
# This file contains data from the SALSA 2m radio telescope.
# DATE=2021-11-27T22:45:0013
# GLON and GLAT given in degrees
# GLON=136.89805733730745
# GLAT=-0.15477983427767647
# DATA in two columns below. Col. 1 is velocity relative to LSR [km/s]. Col. 2 is uncalibrated antenna temperature [K].
# ENDHEADER
265.54041966018457 0.7839160985105753
263.4792757095859 2.3841917316064904
261.4181317589873 1.841828398477851
259.3569878083887 4.4933043039816125
257.29584385779003 4.531384982668576
255.23469990719136 2.7884974802464213
253.17355595659274 3.2812001822029107
251.1124120059941 4.054261855410475
249.05126805539547 4.7383385548477195
246.9901241047968 3.0549809176335843
244.92898015419817 3.915644708751892
242.86783620359952 4.752101916219178
240.8066922530009 5.151203644173482
238.74554830240226 3.367436500386225
236.6844043518036 3.6738794055973405
234.62326040120496 4.878844518546961
232.56211645060634 4.299174073329392
230.5009725000077 5.450795569498379
228.43982854940904 5.059643194039426
226.3786845988104 5.670031156024336
224.31754064821175 4.69424776051999
222.25639669761313 5.552316734178836
220.19525274701448 4.489740762398299
218.13410879641583 4.131721069553346
216.07296484581718 6.661360735901162
214.01182089521856 5.86138568700146
211.95067694461991 5.275354753670262
209.8895329940213 5.9022636522912695
207.82838904342262 5.858159087255653
205.767245092824 5.066170687824214
203.70610114222535 4.727188852404703
201.64495719162673 5.83459976172387
199.58381324102808 4.167266122127858
197.52266929042943 5.520178697426653
195.46152533983076 5.659164432243208
193.40038138923214 4.386452552945349
191.3392374386335 5.774082435630998
189.27809348803484 4.954006072578511
187.21694953743622 6.379836469292903
185.15580558683754 6.675103044166369
183.09466163623892 4.5937396413413465
181.03351768564028 4.582577741177299
178.97237373504166 6.0682231011778995
176.91122978444298 4.949819968506344
174.85008583384436 5.765854605627465
172.7889418832457 5.9727248590626445
170.7277979326471 5.137524378163299
168.66665398204844 6.2870247477499746
166.6055100314498 6.307712312665857
164.54436608085115 6.646293464885481
162.48322213025253 5.8724593922504
160.42207817965388 5.7309513317905045
158.36093422905526 5.105223713915435
156.29979027845658 6.724301882368995
154.23864632785796 6.269568209493083
152.17750237725932 4.558262778397577
150.11635842666067 5.7300217185923215
148.05521447606202 4.860387890894047
145.99407052546337 6.293664948907006
143.93292657486475 4.629294202855333
141.8717826242661 5.3076662919708095
139.81063867366748 5.471673758603069
137.7494947230688 5.5393675332822925
135.6883507724702 5.747841814188762
133.62720682187154 6.388976396951525
131.56606287127292 4.01544346503459
129.50491892067427 4.84355438947424
127.44377497007562 6.048668299679552
125.38263101947697 5.405866844878571
123.32148706887834 6.28205225445745
121.26034311827969 4.559731698704542
119.19919916768106 4.239331222707277
117.13805521708242 4.0501857615084536
115.07691126648378 3.630347800717735
113.01576731588514 5.495126186181915
110.9546233652865 5.589610890722251
108.89347941468786 5.394869693799239
106.83233546408921 5.513985657139065
104.77119151349058 5.4050554387076035
102.71004756289194 5.95729846866383
100.6489036122933 5.241650274461517
98.58775966169466 5.486269329180644
96.52661571109601 4.889404074868013
94.46547176049737 4.670821727205668
92.40432780989872 4.965697379866054
90.34318385930008 4.720417727943509
88.28203990870145 4.886736736691603
86.2208959581028 5.175067033330619
84.15975200750417 4.896724888830462
82.09860805690552 3.8879566442623807
80.03746410630689 4.759115766796389
77.97632015570824 4.642310785801839
75.9151762051096 4.199172796974579
73.85403225451097 4.664432862526435
71.79288830391232 4.4379656792204925
69.73174435331369 4.197126408008001
67.67060040271504 4.27089840446114
65.6094564521164 5.530257687438505
63.548312501517756 4.0840355018484455
61.487168550919115 4.414552278420248
59.426024600320474 3.4101289072468655
57.36488064972183 3.7896530341780617
55.3037366991232 4.008318711301124
53.24259274852456 4.068874348854936
51.18144879792592 3.9597629080636274
49.12030484732728 3.7314909101148004
47.05916089672864 2.761767798239859
44.998016946129994 3.77672713135932
42.93687299553135 4.351219223387449
40.87572904493271 4.892653640577747
38.81458509433408 4.2397542082576
36.75344114373544 3.2518675796206207
34.692297193136795 2.737523562591261
32.631153242538154 4.006340201717602
30.57000929193951 5.176076513144734
28.508865341340872 4.643808616726114
26.44772139074223 4.348655535785356
24.38657744014359 4.478520377267761
22.32543348954495 4.321043338884183
20.264289538946308 5.0453397323566085
18.203145588347667 6.11738172096011
16.142001637749026 6.492113150188721
14.080857687150385 6.2731303306670805
12.019713736551745 8.635239682154598
9.958569785953104 9.415125308923862
7.897425835354464 16.751241419793576
5.836281884755823 28.80674835595883
3.775137934157182 44.69590161011983
1.713993983558541 57.627995624511755
-0.3471499670400998 71.75103773792627
-2.4082939176387406 78.5591849489301
-4.469437868237381 80.70014309827775
-6.530581818836022 78.14748494809344
-8.591725769434662 68.57559756460883
-10.652869720033303 65.03050583658431
-12.714013670631944 63.7161620081743
-14.775157621230585 60.93524191079389
-16.836301571829228 56.58660685403318
-18.897445522427866 50.062495687546495
-20.958589473026507 45.243441426862574
-23.019733423625148 40.67561533724314
-25.08087737422379 39.362089181779055
-27.14202132482243 39.43980967170547
-29.20316527542107 43.56731292258729
-31.264309226019712 49.06639453055033
-33.32545317661835 58.11408720041171
-35.386597127216994 63.07610166902501
-37.447741077815635 68.49467391774388
-39.50888502841428 74.2015741700925
-41.57002897901292 77.85588507112271
-43.63117292961155 77.79240689327223
-45.69231688021019 74.8577237581965
-47.753460830808834 73.46592399972862
-49.81460478140749 68.92683688085195
-51.87574873200613 66.31807458064206
-53.936892682604764 59.58121894570192
-55.998036633203405 53.251863003428866
-58.059180583802046 49.903721315861745
-60.12032453440069 40.86804920990911
-62.18146848499933 32.64880074071942
-64.24261243559798 27.475939980552553
-66.30375638619661 23.87550431700817
-68.36490033679526 20.41364641587082
-70.42604428739389 19.777970441048293
-72.48718823799254 20.911660480621627
-74.54833218859117 23.537807822222888
-76.60947613918981 22.308630341982262
-78.67062008978846 22.151734231394776
-80.73176404038709 18.94694107767332
-82.79290799098574 17.04561200421222
-84.85405194158437 16.209369458564854
-86.91519589218302 14.85569939696359
-88.97633984278166 13.583730715363687
-91.03748379338029 15.103599366376379
-93.09862774397894 14.930209367937062
-95.15977169457757 13.921178886575417
-97.22091564517622 13.27524469923115
-99.28205959577487 10.684800409318433
-101.34320354637352 9.036496522735558
-103.40434749697215 7.14378800868249
-105.46549144757078 3.862684527412047
-107.52663539816943 3.4975146762623632
-109.58777934876807 2.3771968065773277
-111.64892329936671 2.7337612936408595
-113.71006724996535 2.0325370528983915
-115.77121120056398 1.3026089828768184
-117.83235515116263 1.1814082799390264
-119.89349910176126 0.902038894607897
-121.95464305235991 2.3671546584266188
-124.01578700295855 0.8609298755632837
-126.0769309535572 0.09561348331712609
-128.13807490415584 1.2568740612571097
-130.19921885475446 2.0201649305579172
-132.2603628053531 0.5427317281472156
-134.32150675595176 0.2929788498597154
-136.3826507065504 0.515673627069188
-138.44379465714903 0.04369732866547818
-140.50493860774768 -0.9419850800526577
-142.56608255834632 1.0735358344641022
-144.62722650894497 1.5117960815612055
-146.6883704595436 0.2891986883220974
-148.74951441014224 0.06224132249082443
-150.81065836074086 0.312360848053295
-152.87180231133954 0.9095270649503608
-154.93294626193816 -0.48285888561374307
-156.9940902125368 -0.624420085841747
-159.05523416313545 0.168893458222399
-161.11637811373407 0.21202180587027786
-163.17752206433275 0.890741153861747
-165.23866601493137 1.3240846898504892
-167.29980996553002 -1.8526541272331603
-169.36095391612864 -0.5646247056607003
-171.42209786672728 -0.8728001826367848
-173.48324181732593 -0.5208953014263326
-175.54438576792458 0.9340374297269254
-177.6055297185232 -0.17692156940200707
-179.66667366912185 -0.768805075106314
-181.7278176197205 -0.5113891432873099
-183.78896157031915 -0.1769584093559334
-185.85010552091777 -0.5268304083014701
-187.9112494715164 0.4355804370323734
-189.97239342211503 -0.9528487688873932
-192.0335373727137 -0.24560847746050385
-194.09468132331233 -0.4090946540536666
-196.15582527391098 0.11770706485222626
-198.21696922450963 -1.049716508549048
-200.27811317510825 -0.10994071455372596
-202.3392571257069 -1.1238137847980225
-204.4004010763055 -0.9241825057218975
-206.46154502690416 -1.098441364401169
-208.5226889775028 -0.4597900352273815
-210.58383292810146 -0.5274573925320063
-212.64497687870008 -0.26530020599510784
-214.70612082929873 -0.7616558963423234
-216.76726477989735 -0.1436264944006983
-218.82840873049602 -0.2643275839691866
-220.88955268109464 -1.9534860035435226
-222.9506966316933 0.019330815605508516
-225.0118405822919 0.8324401233123682
-227.07298453289056 -1.0758367015999466
-229.1341284834892 0.1634819352625963
-231.19527243408785 -0.05398737821021274
-233.25641638468647 0.14514483541841278
-235.31756033528512 0.5746887179949198
-237.3787042858838 -0.19780523675021636
-239.43984823648242 -0.7729888990291852
-241.50099218708107 -0.3137062829443029
-243.5621361376797 -0.29839484216068923
-245.62328008827834 -0.9418891558632324
-247.68442403887698 -0.2991729943148216
-249.74556798947563 0.32879761738263363
-251.80671194007425 0.8640724378779843
-253.8678558906729 0.6060469897036147
-255.92899984127152 0.7739802561178581
-257.9901437918702 -1.11222456357363
-260.05128774246884 -0.18622237149433665
