# BEGINHEADER
# This file contains data from the SALSA 2m radio telescope.
# DATE=2021-12-04T07:41:0005
# GLON and GLAT given in degrees
# GLON=94.89382886478859
# GLAT=0.021964087807611193
# DATA in two columns below. Col. 1 is velocity relative to LSR [km/s]. Col. 2 is uncalibrated antenna temperature [K].
# ENDHEADER
264.8704219170964 8.32962945346325
262.8092779664977 15.292575502111568
260.7481340158991 14.019417392654356
258.68699006530045 14.929110396890069
256.6258461147018 14.18933008398314
254.56470216410312 15.758740281174108
252.5035582135045 15.180409264389807
250.44241426290586 16.42822743324954
248.38127031230724 16.873830633822028
246.32012636170856 16.260396991093977
244.25898241110994 15.663009684750529
242.1978384605113 17.343634672793613
240.13669450991267 16.40569681997339
238.07555055931402 15.636314093209442
236.01440660871538 15.874187048304817
233.95326265811673 16.333441216851977
231.8921187075181 16.77262401049388
229.83097475691946 16.230516387654937
227.76983080632084 16.55284760262287
225.70868685572216 15.365240422432983
223.64754290512354 16.722707023897698
221.5863989545249 16.471037833352767
219.52525500392625 17.65452299759932
217.4641110533276 16.83840058430439
215.40296710272895 16.742191233347032
213.34182315213033 14.499723601400964
211.28067920153168 15.106100096290776
209.21953525093306 16.732858043429214
207.1583913003344 15.674304352311946
205.09724734973577 14.614471338043755
203.03610339913712 15.2506079995878
200.9749594485385 16.42301225711284
198.91381549793985 17.367928550553465
196.85267154734123 16.839412401251003
194.79152759674258 16.019229990045634
192.73038364614396 16.690476295542503
190.6692396955453 15.951894121161436
188.60809574494667 17.174434298140916
186.54695179434802 14.552282221560667
184.4858078437494 16.85488332413427
182.42466389315075 16.733892859305115
180.36351994255207 16.61596809130942
178.30237599195345 16.33071827281337
176.2412320413548 16.784527992087153
174.1800880907562 16.87890315291421
172.11894414015754 17.131470705721366
170.0578001895589 17.47457735881666
167.99665623896024 16.466094808937434
165.93551228836162 15.571495496865488
163.87436833776297 16.627789478895338
161.81322438716433 16.30974507241258
159.75208043656568 16.262536688305932
157.69093648596706 16.589089895120782
155.6297925353684 16.95586459903531
153.5686485847698 15.38986876696551
151.5075046341711 15.295697506573141
149.4463606835725 16.30360974050463
147.38521673297384 17.209809201548605
145.32407278237523 16.03391616616991
143.26292883177658 15.859225842642097
141.2017848811779 15.845856368439021
139.14064093057928 15.759504351360837
137.07949697998063 15.640540592101983
135.018353029382 15.690858888162092
132.95720907878336 15.315988030665391
130.89606512818472 14.332766253972915
128.83492117758607 14.195912064329335
126.77377722698745 14.215010239048116
124.7126332763888 16.92608180439381
122.65148932579017 14.429901593233424
120.5903453751915 15.602191917868673
118.52920142459287 16.593920356592086
116.46805747399424 15.454864066830899
114.40691352339559 14.569820947211273
112.34576957279695 15.645577203594371
110.2846256221983 12.933643406155435
108.22348167159967 15.669453144590152
106.16233772100104 14.676033455779594
104.10119377040239 14.721161668323996
102.04004981980376 15.041821016263198
99.97890586920511 15.508093478118521
97.91776191860647 13.769611388174896
95.85661796800782 11.979220977316213
93.79547401740919 13.448234579657552
91.73433006681056 14.323648827080216
89.67318611621191 13.721322313631974
87.61204216561327 12.498896511374536
85.55089821501463 13.546031075962272
83.48975426441599 15.433663410555381
81.42861031381733 14.16936313161201
79.3674663632187 14.629821283393348
77.30632241262006 16.963509984541954
75.24517846202141 13.013463934587795
73.18403451142278 15.331162333889058
71.12289056082413 14.893792319526876
69.0617466102255 12.905960406405438
67.00060265962685 13.637111450985044
64.93945870902822 12.958854020036672
62.878314758429575 11.980051233871535
60.817170807830934 15.863013395070098
58.75602685723229 16.297593231548476
56.69488290663366 14.605360658370127
54.63373895603502 15.399447885474753
52.57259500543637 15.686706608861938
50.51145105483773 13.382046268172745
48.45030710423908 15.782539531055729
46.389163153640446 13.16091926279056
44.328019203041805 12.996948046677632
42.266875252443164 14.44443115710349
40.20573130184452 14.301853072539643
38.14458735124588 14.076997971984307
36.08344340064724 12.882428100413028
34.02229945004859 15.253812860753614
31.96115549944996 14.110912035801347
29.900011548851317 12.478147385427633
27.838867598252676 11.745796832234447
25.777723647654035 12.943979578088104
23.716579697055394 15.084441168619787
21.655435746456757 15.762852760505673
19.594291795858112 15.619109139342061
17.53314784525947 16.67043051366926
15.472003894660832 20.353169419616727
13.41085994406219 22.22321085146131
11.34971599346355 27.545451449509432
9.28857204286491 36.82069554020236
7.227428092266268 50.50042580554469
5.166284141667628 68.18281674857934
3.105140191068987 77.58367117488541
1.0439962404703467 78.07738993747958
-1.0171477101282942 85.75477775170538
-3.078291660726935 85.15008855196996
-5.139435611325577 85.12004909996769
-7.200579561924217 85.93840289972728
-9.261723512522858 83.17356595029209
-11.322867463121499 79.95535494391882
-13.384011413720138 75.23224714849592
-15.445155364318781 67.00553498320753
-17.50629931491742 63.5101655211165
-19.56744326551606 59.277590876465624
-21.628587216114703 52.36715113940543
-23.689731166713344 46.617424598939046
-25.75087511731198 44.71047518858891
-27.812019067910626 44.754156578057746
-29.873163018509267 45.525696054790735
-31.934306969107908 48.34475142059316
-33.99545091970655 51.549269471398695
-36.05659487030518 53.16225106182467
-38.117738820903824 55.75430516760825
-40.178882771502465 59.656271512500886
-42.24002672210111 59.399736983032525
-44.301170672699755 58.868171092931235
-46.362314623298396 55.33249133808217
-48.42345857389704 53.93606172139313
-50.48460252449567 53.03089436503384
-52.54574647509431 54.49883519892436
-54.606890425692946 53.36758179971453
-56.66803437629159 53.47818292439134
-58.72917832689023 52.80651977361618
-60.79032227748887 53.00401599729811
-62.85146622808752 56.12174871120377
-64.91261017868615 55.395848819773676
-66.97375412928479 57.82170404113275
-69.03489807988343 53.9791991237679
-71.09604203048207 52.69554149585115
-73.15718598108073 50.47858806408676
-75.21832993167936 45.59362162863341
-77.279473882278 42.58024151720359
-79.34061783287665 37.932204124460796
-81.40176178347528 35.905210594402526
-83.46290573407393 35.400839625331294
-85.52404968467256 31.288243658753327
-87.5851936352712 30.33732617663869
-89.64633758586984 30.74938829623267
-91.70748153646848 32.30275767455525
-93.76862548706713 32.880980313362095
-95.82976943766576 36.38236537268421
-97.89091338826441 33.5818164087394
-99.95205733886304 32.5333330534258
-102.01320128946168 29.29034398541316
-104.07434524006032 26.678668326975668
-106.13548919065896 23.600877650597162
-108.1966331412576 21.750124407312637
-110.25777709185624 18.696622290341853
-112.3189210424549 18.736669963545115
-114.38006499305354 18.69288995219498
-116.44120894365217 16.753466314563664
-118.50235289425082 13.998038717586612
-120.56349684484945 13.019647346702467
-122.6246407954481 15.345965352712788
-124.68578474604674 14.299046687222207
-126.74692869664538 14.148746471475027
-128.80807264724402 12.857802560193765
-130.86921659784267 12.826626988468034
-132.9303605484413 11.874461095612576
-134.99150449903993 13.279003725673022
-137.05264844963858 11.828457416813919
-139.11379240023723 10.38165319932015
-141.17493635083588 11.67078392974454
-143.2360803014345 11.464281875419292
-145.29722425203315 12.026897685306771
-147.35836820263177 11.203240303647435
-149.41951215323044 10.380096416695121
-151.48065610382906 12.519165885793765
-153.5418000544277 10.330485516906295
-155.60294400502633 11.780838175097234
-157.66408795562498 11.126905256544521
-159.72523190622363 11.79061101622989
-161.78637585682227 11.003254521026143
-163.8475198074209 12.011626160017432
-165.90866375801954 11.666535016388769
-167.96980770861822 11.310874041726127
-170.03095165921684 10.430107752606517
-172.0920956098155 11.677306838391283
-174.1532395604141 12.959526377151727
-176.21438351101276 13.050884219263429
-178.2755274616114 12.49291416954959
-180.33667141221005 11.211510939628676
-182.39781536280867 12.467378194728285
-184.45895931340732 12.041807332417761
-186.52010326400594 10.948873121063945
-188.58124721460462 11.562619109813092
-190.64239116520324 11.243100347097615
-192.70353511580188 10.590734177797579
-194.7646790664005 11.479345742434626
-196.82582301699918 11.619444962639157
-198.8869669675978 10.67411593584897
-200.94811091819648 10.723928744907564
-203.0092548687951 10.666317572942337
-205.07039881939374 11.849832534875091
-207.1315427699924 11.427213626800189
-209.19268672059104 9.52127190905606
-211.2538306711897 10.63750097420879
-213.3149746217883 11.739644535628807
-215.37611857238696 11.125476057075089
-217.43726252298558 10.893931229976618
-219.49840647358425 11.511469361834997
-221.55955042418287 9.26716923864909
-223.62069437478152 10.263989147195492
-225.68183832538014 11.756645244269247
-227.7429822759788 12.054677380072643
-229.80412622657744 11.49615717161583
-231.8652701771761 10.969534550138434
-233.9264141277747 12.061292628615703
-235.98755807837335 12.771464838861847
-238.048702028972 11.28656421454745
-240.10984597957065 11.104066172603556
-242.17098993016927 10.456568915941412
-244.23213388076792 9.545608875141875
-246.29327783136657 11.428790665641039
-248.35442178196521 11.776194009534159
-250.41556573256386 11.063539800878353
-252.47670968316248 11.010216789341058
-254.53785363376113 12.931158892253066
-256.5989975843598 14.618157536098925
-258.6601415349584 12.085933347762685
-260.7212854855571 13.942518687379646
