# BEGINHEADER
# This file contains data from the SALSA 2m radio telescope.
# DATE=2021-11-27T22:26:0045
# GLON and GLAT given in degrees
# GLON=101.84814628694745
# GLAT=-0.05473627267820577
# DATA in two columns below. Col. 1 is velocity relative to LSR [km/s]. Col. 2 is uncalibrated antenna temperature [K].
# ENDHEADER
265.4120348015721 0.32110345105587895
263.3508908509735 4.965400317364641
261.28974690037484 4.541742177216581
259.2286029497762 5.370036150315984
257.16745899917754 5.556849169157965
255.10631504857892 5.434425928994737
253.04517109798027 5.6995152454735125
250.98402714738162 5.3067767630934615
248.922883196783 5.84217975797008
246.86173924618436 5.764816567255294
244.80059529558574 4.7339946454273
242.73945134498706 4.134381208673679
240.67830739438844 7.894482101260544
238.6171634437898 8.055073226578877
236.55601949319117 8.327281121102704
234.4948755425925 7.721626274911865
232.43373159199385 7.159462797471844
230.37258764139523 6.612108006890023
228.31144369079658 6.3057948435984805
226.25029974019796 7.803513216644476
224.18915578959928 7.3874404248649155
222.12801183900066 7.966418627399126
220.06686788840202 5.50826607738252
218.0057239378034 6.631327320990978
215.94457998720475 7.914484162574708
213.8834360366061 6.708379506133053
211.82229208600745 6.9382904794765405
209.76114813540883 6.732843536058707
207.70000418481018 8.361207682023567
205.63886023421153 7.360117997496909
203.5777162836129 7.462400496963899
201.51657233301427 7.451693006485678
199.45542838241562 5.884054308023555
197.394284431817 6.091558441286559
195.33314048121835 6.405561679873369
193.2719965306197 6.796036820740177
191.21085258002108 7.683033599864079
189.14970862942243 7.659464576770816
187.0885646788238 7.69580464418484
185.02742072822514 6.004100651806433
182.96627677762652 8.154150250282896
180.90513282702787 7.90618267071464
178.84398887642922 8.812844502513931
176.78284492583057 7.37938030695413
174.72170097523195 7.2246512083536105
172.6605570246333 6.910509627313214
170.5994130740347 8.254913542201528
168.538269123436 7.946568329907467
166.4771251728374 7.607901158662371
164.41598122223874 6.827379463801667
162.35483727164012 8.24467537046982
160.29369332104147 6.260909167349555
158.23254937044283 7.628433658701602
156.17140541984418 8.687777606933798
154.11026146924553 7.155786361393402
152.0491175186469 7.602174915155591
149.98797356804826 8.416656513272104
147.9268296174496 7.903684576539422
145.86568566685096 7.902888380314971
143.80454171625234 8.402868565715254
141.7433977656537 8.171998875168251
139.68225381505505 8.24006944687407
137.6211098644564 6.160784439771662
135.55996591385778 7.1228675566806565
133.49882196325913 9.299179155237029
131.4376780126605 6.72461870078177
129.37653406206186 5.753731775435367
127.3153901114632 6.999987584610863
125.25424616086457 8.688960972415417
123.19310221026592 7.6099557463857606
121.13195825966729 6.556931083039066
119.07081430906865 7.914769080815317
117.00967035847 7.264287721728519
114.94852640787137 8.867388548445158
112.88738245727272 7.358604130225625
110.82623850667409 7.815912883213865
108.76509455607544 7.503403081733556
106.7039506054768 7.250938746876915
104.64280665487817 6.186383502767362
102.58166270427952 6.92682452515323
100.52051875368089 6.919045618403761
98.45937480308223 6.785688927673862
96.39823085248358 6.550044588080761
94.33708690188494 6.000617329920132
92.2759429512863 7.656102561708998
90.21479900068766 7.841589087110026
88.15365505008901 7.83280050311622
86.09251109949038 8.305467411577576
84.03136714889175 6.848281417568161
81.9702231982931 5.599047479260038
79.90907924769446 5.7070533075417496
77.84793529709582 5.831514487978888
75.78679134649718 6.647256397044658
73.72564739589855 7.434598264419097
71.6645034452999 6.20690914553981
69.60335949470127 5.147202057271271
67.54221554410262 5.7586158975751545
65.48107159350398 6.042321857463005
63.419927642905336 6.389883933732379
61.358783692306694 7.637312556531734
59.29763974170805 5.870434872964197
57.23649579110941 7.075012689622379
55.17535184051077 6.731900384343129
53.11420788991214 7.137317983380153
51.053063939313496 7.210925348563479
48.99191998871485 5.705857553837037
46.93077603811621 5.657694352644881
44.869632087517566 6.71891723757749
42.808488136918925 7.12153844357458
40.747344186320284 6.369538160974001
38.68620023572165 6.830831012207588
36.62505628512301 6.134914369565174
34.56391233452437 5.675008739534657
32.502768383925726 8.049168685994102
30.441624433327082 7.84572677886687
28.380480482728444 7.309549843357276
26.3193365321298 7.289430879005555
24.25819258153116 8.00600099149468
22.197048630932517 8.214143693817585
20.13590468033388 9.519771972003575
18.07476072973524 10.779377519549799
16.013616779136598 12.53327784032463
13.952472828537955 14.998618199523332
11.891328877939316 19.961260361388454
9.830184927340675 26.64756785711457
7.769040976742033 36.48800759489717
5.707897026143393 52.266133563988696
3.646753075544753 70.60980212141013
1.585609124946112 82.96658080235844
-0.4755348256525288 91.96263982897554
-2.5366787762511693 91.83305470055157
-4.59782272684981 83.24992834045189
-6.6589666774484515 78.42655029343487
-8.720110628047092 73.04179751306393
-10.781254578645733 64.68633253007415
-12.842398529244374 57.55827330852573
-14.903542479843015 54.32799815724904
-16.964686430441656 54.87296990724562
-19.025830381040297 55.45963844182307
-21.086974331638935 55.09190875494918
-23.14811828223758 52.8323365548744
-25.20926223283622 48.7854536793638
-27.270406183434858 43.96625711096218
-29.3315501340335 44.24444094688125
-31.392694084632144 47.02777998905915
-33.45383803523078 48.940149711558874
-35.51498198582942 48.89924147845767
-37.57612593642806 49.84720054104405
-39.637269887026704 49.55360692872935
-41.698413837625345 48.673245312060516
-43.75955778822398 51.403450098703246
-45.82070173882263 54.8565545916345
-47.88184568942127 59.48112426594847
-49.94298964001991 63.377461282226186
-52.00413359061855 66.0789129679021
-54.06527754121719 66.0890392822672
-56.12642149181583 63.9363774641613
-58.18756544241447 62.397460853437714
-60.24870939301311 59.60330415963766
-62.30985334361175 58.16216836004684
-64.3709972942104 55.89585272109345
-66.43214124480903 53.96022191342268
-68.49328519540768 48.85620673718109
-70.55442914600631 42.71505031676338
-72.61557309660496 37.49777203781932
-74.6767170472036 32.249281515418964
-76.73786099780224 27.13646638045564
-78.79900494840088 23.590409914275703
-80.86014889899951 21.012129065262048
-82.92129284959816 17.730144240263726
-84.9824368001968 17.92644303740005
-87.04358075079544 16.416378017633907
-89.10472470139408 17.53125852733268
-91.16586865199272 21.5450814093943
-93.22701260259136 23.106445937457867
-95.28815655319 24.221198733712157
-97.34930050378865 25.177921039282555
-99.41044445438727 23.394275847876308
-101.47158840498592 21.119723625903195
-103.53273235558456 18.902075653205728
-105.5938763061832 17.274176664360603
-107.65502025678184 14.43363989016121
-109.71616420738049 14.213482958957131
-111.77730815797912 11.539141025638752
-113.83845210857775 9.371630404734422
-115.8995960591764 10.011877425573667
-117.96074000977504 7.968707400774806
-120.02188396037369 6.952515961188047
-122.08302791097232 5.49053369652614
-124.14417186157097 6.1170298579135896
-126.2053158121696 5.534293994335696
-128.26645976276825 4.923353192310361
-130.3276037133669 3.672307460427551
-132.38874766396555 3.5715239031030244
-134.44989161456417 3.9806796876064103
-136.5110355651628 4.291757590103424
-138.57217951576143 3.8546994902251543
-140.63332346636008 4.6049240802323705
-142.69446741695873 3.4372273137247755
-144.75561136755738 2.5113264189411653
-146.816755318156 3.0408033476031964
-148.87789926875465 3.4205478071719146
-150.9390432193533 4.460198313018094
-153.00018716995194 3.401554166228533
-155.0613311205506 2.742870675837666
-157.1224750711492 2.8186867632377632
-159.18361902174786 1.558526803453168
-161.2447629723465 2.515696873593743
-163.30590692294516 0.9890054319914003
-165.36705087354377 1.7838586359528927
-167.42819482414242 3.5194634241837783
-169.48933877474104 2.689685511314355
-171.55048272533972 2.474465428128606
-173.61162667593834 2.7920549479773933
-175.672770626537 1.9840468545049965
-177.7339145771356 0.9048258084120131
-179.79505852773428 1.6250656424447647
-181.8562024783329 0.3181038866587642
-183.91734642893155 1.5890940546293666
-185.97849037953017 1.8776114192193214
-188.03963433012882 2.839568034509805
-190.10077828072747 3.5427134094594623
-192.16192223132612 2.4638939511180205
-194.22306618192476 3.073392714101181
-196.28421013252338 0.06515417336404858
-198.34535408312206 1.442661680548108
-200.40649803372068 1.7710807253353975
-202.46764198431936 1.4976677393862392
-204.52878593491798 2.1570808025347734
-206.58992988551663 2.3658126055741393
-208.65107383611524 1.4823334821354155
-210.7122177867139 1.6986822377946698
-212.77336173731254 2.863155011878726
-214.8345056879112 2.467397444926208
-216.8956496385098 0.9702160705045556
-218.95679358910846 2.2705555455316397
-221.0179375397071 1.2587137705916804
-223.07908149030575 1.3598428567298404
-225.14022544090437 1.9074475671247093
-227.20136939150302 1.53740096449323
-229.26251334210164 2.0067222564344123
-231.32365729270032 2.1543487978067923
-233.38480124329897 1.4118446274010863
-235.4459451938976 3.001365709759012
-237.50708914449623 1.945999834521123
-239.56823309509485 2.4549706394358153
-241.62937704569353 1.2695320637543024
-243.69052099629215 1.5512536372008976
-245.7516649468908 1.1808508392540529
-247.81280889748942 2.604349100897785
-249.8739528480881 2.8108287866153017
-251.93509679868671 3.790468353936268
-253.99624074928536 2.626942628240411
-256.057384699884 3.3050589333621145
-258.11852865048263 2.76792146532382
-260.1796726010813 3.525315766531542
