# BEGINHEADER
# This file contains data from the SALSA 2m radio telescope.
# DATE=2021-11-28T13:52:0047
# GLON and GLAT given in degrees
# GLON=38.83513504659229
# GLAT=0.21341598123786718
# DATA in two columns below. Col. 1 is velocity relative to LSR [km/s]. Col. 2 is uncalibrated antenna temperature [K].
# ENDHEADER
265.16068405355765 -3.4091644654233604
263.099540102959 -7.186163543278812
261.03839615236035 -6.643681641089831
258.9772522017617 -8.188579144475053
256.91610825116305 -6.056902212624862
254.8549643005644 -7.252125445663534
252.79382034996578 -7.717561252349624
250.73267639936714 -7.333968692593394
248.6715324487685 -7.940774695082839
246.61038849816984 -7.580237926771474
244.54924454757122 -7.90387791691059
242.48810059697257 -7.640723668621796
240.4269566463739 -7.1263150686071715
238.36581269577528 -7.267058291248851
236.30466874517663 -6.394846746921001
234.243524794578 -6.698280892722721
232.18238084397936 -7.830367188547737
230.1212368933807 -7.57810455790567
228.06009294278206 -7.923816679679449
225.99894899218344 -7.219183983275991
223.9378050415848 -6.532518868427465
221.87666109098618 -7.710560090393492
219.8155171403875 -7.378845346297815
217.75437318978888 -6.808353313504888
215.69322923919023 -7.510547278809337
213.6320852885916 -6.43683678703628
211.57094133799296 -7.5603717291108
209.50979738739431 -6.463402544962863
207.44865343679567 -7.021812801596391
205.38750948619705 -6.744740195007524
203.3263655355984 -6.495794226223893
201.26522158499972 -8.222205329291846
199.2040776344011 -6.359450825679757
197.14293368380243 -6.694565278649367
195.0817897332038 -6.115746642691628
193.02064578260516 -7.803220725029064
190.95950183200654 -7.315294598493614
188.89835788140786 -7.184415439133657
186.83721393080924 -7.390386551883658
184.7760699802106 -7.11126512986429
182.71492602961197 -6.930848668865827
180.65378207901333 -6.891073381019065
178.59263812841468 -6.5134335084744075
176.53149417781603 -5.7632386424240245
174.4703502272174 -7.436381587550401
172.40920627661876 -6.042371064726494
170.34806232602014 -6.3911040628848195
168.28691837542146 -5.60032229903326
166.22577442482282 -5.8906397663500885
164.1646304742242 -6.706760175910524
162.10348652362555 -6.762161246134764
160.0423425730269 -6.373189804127702
157.98119862242825 -5.909068598867455
155.92005467182963 -6.140872429090459
153.85891072123098 -6.93983711085731
151.79776677063236 -6.219864570423997
149.7366228200337 -5.029089823610672
147.67547886943507 -5.380832644071776
145.61433491883642 -6.547204529146993
143.5531909682378 -6.250048724738287
141.49204701763915 -5.026134119212106
139.4309030670405 -5.6912461304569115
137.36975911644186 -5.791773433934238
135.30861516584324 -4.464012930027963
133.2474712152446 -5.990620047570567
131.18632726464594 -6.385820090397257
129.12518331404732 -5.218731357894471
127.06403936344866 -5.412130803415026
125.00289541285002 -5.980410536668555
122.94175146225137 -6.246581724097209
120.88060751165274 -6.050699998766863
118.81946356105409 -5.965061064895097
116.75831961045546 -6.231193475786432
114.69717565985682 -5.308789616245079
112.63603170925818 -5.101029849975581
110.57488775865954 -4.529225499777628
108.51374380806088 -4.308516900582324
106.45259985746225 -4.552324715297608
104.3914559068636 -4.201221236595875
102.33031195626496 -3.7894720440451723
100.26916800566633 -3.2164686256455703
98.20802405506768 -2.8463619819494466
96.14688010446905 -1.548074759361734
94.0857361538704 -0.49408516164135186
92.02459220327177 1.3974016102489888
89.96344825267312 2.4417311089917626
87.90230430207448 4.7457991409308296
85.84116035147585 5.513066631628609
83.7800164008772 7.661162626126125
81.71887245027857 8.517844075811423
79.65772849967992 10.62479927426869
77.59658454908129 12.372897538661572
75.53544059848264 12.431162205815298
73.474296647884 13.786425120582711
71.41315269728537 14.468031597243339
69.3520087466867 16.217231115788483
67.29086479608807 17.657422706650436
65.22972084548944 18.758024949601733
63.1685768948908 19.000694596214032
61.10743294429215 20.308802504735883
59.04628899369351 20.93211219451021
56.98514504309487 20.735238481877303
54.924001092496226 21.233502693795575
52.86285714189759 21.241221409084933
50.80171319129895 20.98945128297574
48.74056924070031 20.414732784061922
46.67942529010167 20.64809700533578
44.61828133950303 21.882827682060203
42.55713738890439 23.28917683288424
40.49599343830574 25.42231146266471
38.434849487707105 27.295980997678274
36.373705537108464 29.772639547297445
34.31256158650982 30.24809648274985
32.25141763591118 31.043221519149213
30.19027368531254 30.43900289222327
28.129129734713903 29.854876058483182
26.06798578411526 28.27992566145004
24.00684183351662 27.478598749699437
21.94569788291798 25.85488836211034
19.884553932319342 25.016643269913462
17.823409981720697 25.92285713479087
15.762266031122058 28.549346430600597
13.701122080523417 29.88435682756007
11.639978129924778 31.237649789864264
9.578834179326135 30.857064746570664
7.517690228727495 31.961187357436323
5.456546278128854 29.6984355842377
3.3954023275302125 26.91148645053685
1.3342583769315721 22.436630148225778
-0.7268855736670689 14.139088713421902
-2.78802952426571 9.511722514503116
-4.84917347486435 4.915089734302384
-6.91031742546299 3.086357593689116
-8.971461376061633 1.6405696719347065
-11.032605326660272 2.4857744910392148
-13.093749277258912 1.2388452527677614
-15.154893227857555 1.4915447662279524
-17.216037178456194 2.095017663980244
-19.277181129054835 2.940570593912656
-21.338325079653476 2.5750501714479332
-23.399469030252117 3.5387986402146887
-25.46061298085076 6.1733103064547965
-27.5217569314494 6.230287236405231
-29.58290088204804 8.083860693325816
-31.644044832646685 9.084913857362091
-33.70518878324532 8.70021716182813
-35.76633273384397 8.197521645549223
-37.82747668444261 8.093801811939404
-39.88862063504125 7.623826471230519
-41.94976458563989 7.618941028147017
-44.010908536238524 7.085882282567058
-46.072052486837165 6.275085923916407
-48.13319643743581 8.390933143031727
-50.19434038803445 7.469264342499602
-52.25548433863309 6.223749241069289
-54.31662828923173 6.190074609257645
-56.37777223983038 7.074880605297471
-58.43891619042901 6.329590556844508
-60.50006014102765 3.522613354053879
-62.561204091626294 2.749661234007206
-64.62234804222494 1.1016858843524626
-66.68349199282358 -0.42096667905157514
-68.74463594342221 -1.0452718114051611
-70.80577989402086 -1.9111737838540632
-72.86692384461949 -3.5080206584818456
-74.92806779521814 -2.5901579445380736
-76.98921174581677 -2.9714898743213762
-79.05035569641541 -3.3337727413773828
-81.11149964701406 -3.318161778977665
-83.17264359761269 -3.0266266014559746
-85.23378754821135 -2.786892921411981
-87.29493149880999 -3.0568888361675466
-89.35607544940864 -4.204386641282921
-91.41721940000727 -3.2188275526471113
-93.4783633506059 -4.3071089949322126
-95.53950730120455 -4.240824577580306
-97.60065125180319 -4.641450237247113
-99.66179520240183 -4.763303744042025
-101.72293915300047 -3.93624646453982
-103.78408310359912 -3.3454544322261515
-105.84522705419775 -2.7035103006216454
-107.90637100479638 -3.8160052660265045
-109.96751495539503 -3.636602694236331
-112.02865890599367 -3.461023628342899
-114.08980285659231 -3.358903500808214
-116.15094680719095 -3.222481157388858
-118.2120907577896 -4.573890448352157
-120.27323470838823 -4.079358255897274
-122.33437865898686 -3.699315455988131
-124.39552260958553 -3.142189594963264
-126.45666656018416 -3.607797464958419
-128.5178105107828 -3.1428206813138746
-130.57895446138144 -2.486598256812694
-132.6400984119801 -3.4124764014013627
-134.7012423625787 -4.058925088567766
-136.76238631317736 -3.541192060349819
-138.82353026377598 -3.2079533915194114
-140.88467421437466 -3.6593053301939045
-142.9458181649733 -4.1482810653028075
-145.00696211557192 -5.165467714268262
-147.06810606617057 -3.548229611287811
-149.1292500167692 -3.600157511827199
-151.19039396736787 -4.347890664896782
-153.2515379179665 -3.465812107694381
-155.31268186856514 -3.6447054305973667
-157.37382581916376 -3.055123775220209
-159.43496976976243 -4.115536287027717
-161.49611372036105 -2.5991041702651083
-163.5572576709597 -4.449180494332498
-165.61840162155832 -3.4797234208458616
-167.67954557215697 -3.1677739531696996
-169.74068952275562 -3.556547152643022
-171.80183347335426 -4.71860354989452
-173.86297742395288 -3.8058711850646594
-175.92412137455153 -2.458173496162974
-177.98526532515015 -3.777345442571739
-180.04640927574883 -4.482194064365671
-182.10755322634748 -3.478470199358042
-184.1686971769461 -3.3264971145952917
-186.22984112754474 -3.6123235187623726
-188.2909850781434 -4.216158894343387
-190.35212902874204 -3.4428045304343424
-192.41327297934066 -4.115524686381733
-194.4744169299393 -3.4870840274451704
-196.53556088053793 -3.6345960809904043
-198.59670483113658 -3.61894531899642
-200.6578487817352 -3.547024255851107
-202.71899273233385 -3.8114502151195633
-204.78013668293246 -4.769415236692533
-206.84128063353114 -3.6506711968628536
-208.90242458412976 -4.096406711471822
-210.9635685347284 -4.351803733432697
-213.02471248532703 -3.71015568024367
-215.0858564359257 -2.9072712685111073
-217.14700038652433 -2.4233182504450306
-219.20814433712297 -3.8271912734656857
-221.26928828772162 -3.7785015165364992
-223.33043223832024 -3.8176067739625443
-225.39157618891892 -3.4311172445149594
-227.45272013951754 -3.9262527923662836
-229.5138640901162 -3.8575789455985605
-231.5750080407148 -4.345148567068164
-233.63615199131345 -3.5327839468819886
-235.6972959419121 -4.39049213271774
-237.75843989251075 -4.677843686929494
-239.81958384310937 -4.353153866037971
-241.88072779370802 -4.562008974974458
-243.94187174430664 -4.015308648510848
-246.00301569490532 -4.344520369285483
-248.06415964550393 -5.7053885983510035
-250.12530359610258 -5.26146016818593
-252.1864475467012 -4.683044069333949
-254.24759149729988 -4.974743562303825
-256.3087354478985 -6.7816910584339025
-258.3698793984971 -5.0891116485631525
-260.43102334909577 -6.140802780462748
