# BEGINHEADER
# This file contains data from the SALSA 2m radio telescope.
# DATE=2021-12-04T07:08:0050
# GLON and GLAT given in degrees
# GLON=69.84500150195517
# GLAT=0.16060709198569253
# DATA in two columns below. Col. 1 is velocity relative to LSR [km/s]. Col. 2 is uncalibrated antenna temperature [K].
# ENDHEADER
266.09464092788807 7.148046907901247
264.0334969772895 18.105575327248737
261.97235302669077 16.588041072429434
259.9112090760921 16.610542207468303
257.85006512549353 18.635493498954958
255.78892117489488 20.290941973606923
253.72777722429623 18.550079308718644
251.66663327369758 20.587914742582495
249.60548932309894 18.88849358030352
247.54434537250032 18.76399677954989
245.48320142190167 17.6388348174403
243.42205747130305 16.97475875107674
241.36091352070437 18.278054745192424
239.29976957010575 18.6366355766912
237.2386256195071 18.915179206501524
235.17748166890848 19.297117876684386
233.11633771830984 19.73454532578207
231.0551937677112 20.1419052102971
228.99404981711254 20.69844356771694
226.93290586651392 20.048524284517164
224.87176191591527 21.04165397924402
222.8106179653166 18.310659600450126
220.74947401471798 16.636312686814946
218.68833006411933 20.39438999524537
216.6271861135207 20.23197412267053
214.56604216292206 18.432754405285497
212.5048982123234 19.40453459587182
210.44375426172476 20.232523710688383
208.38261031112614 19.80773001010999
206.3214663605275 18.786943670596017
204.26032240992888 19.934470806429356
202.1991784593302 20.118509691977298
200.13803450873158 18.236192384713995
198.07689055813296 17.428366145965345
196.0157466075343 18.603702566269927
193.95460265693566 18.95466973905131
191.89345870633704 19.986595726121326
189.8323147557384 19.09671398793001
187.77117080513977 19.67160455791172
185.7100268545411 20.707593445386618
183.64888290394245 19.250843531923007
181.58773895334383 19.61526114271223
179.52659500274518 20.524301183304704
177.46545105214656 21.668267604741978
175.4043071015479 19.069713967512897
173.34316315094927 19.95136653930172
171.28201920035062 20.787224812830363
169.220875249752 20.42508007649568
167.15973129915332 20.291792562634324
165.0985873485547 21.05904224414813
163.03744339795605 19.046993307578038
160.97629944735743 19.46160493573044
158.91515549675879 19.667875337590985
156.85401154616014 21.264552170800425
154.7928675955615 20.33489695809885
152.73172364496287 18.76435566818859
150.67057969436422 20.895193629998975
148.6094357437656 19.564289179193114
146.54829179316692 20.20741804951858
144.48714784256828 18.581273293441928
142.42600389196966 18.62469278476974
140.364859941371 20.116701157258028
138.30371599077236 20.63304865442613
136.2425720401737 17.830690704087555
134.1814280895751 18.69160282013003
132.12028413897644 19.599692907026526
130.0591401883778 19.760799095373887
127.99799623777918 21.162633928249623
125.93685228718051 20.436599328488303
123.87570833658188 18.915751840924823
121.81456438598325 20.514018612142426
119.7534204353846 17.69579747062917
117.69227648478596 18.40388210573686
115.63113253418732 19.164629326582638
113.56998858358868 18.61157986239805
111.50884463299003 18.35595984596344
109.4477006823914 18.435111903130725
107.38655673179277 18.07683452758336
105.32541278119412 18.078990132147325
103.26426883059548 20.940098159440552
101.20312487999684 19.97645971306978
99.1419809293982 18.194881012458314
97.08083697879955 18.490193179519068
95.01969302820092 17.380505494298195
92.95854907760229 16.036932214529276
90.89740512700364 19.974814376339687
88.836261176405 17.12012828517682
86.77511722580634 18.615023485257243
84.7139732752077 18.25539762005067
82.65282932460906 19.02678077946305
80.59168537401042 19.80021411661494
78.53054142341179 18.80513786972794
76.46939747281314 18.949239636247402
74.40825352221451 17.891779506986225
72.34710957161586 17.940614915471393
70.28596562101723 17.651617989694603
68.22482167041858 18.25789886986293
66.16367771981994 19.68709471759128
64.1025337692213 17.334733762474396
62.04138981862266 17.113668509907534
59.98024586802403 16.80214857642558
57.91910191742538 16.018184784241296
55.85795796682674 19.577315943270936
53.7968140162281 19.241058245687434
51.735670065629456 16.369750041211013
49.674526115030815 18.07182161790465
47.613382164432174 17.70222564172634
45.55223821383354 18.183519383889973
43.4910942632349 19.628998087023355
41.42995031263626 19.145113442192734
39.36880636203761 18.728980348313254
37.30766241143897 19.721751487657386
35.24651846084033 19.429311275043137
33.185374510241694 20.061485943355915
31.12423055964305 24.034971697671757
29.06308660904441 24.494714672292616
27.00194265844577 26.85504490145479
24.940798707847126 34.56138239039422
22.87965475724849 40.620219310632955
20.818510806649847 48.4654024112827
18.757366856051206 58.435553662530815
16.696222905452565 75.24695271538263
14.635078954853924 84.71913819639137
12.573935004255283 95.33729754428315
10.512791053656642 105.73091152623806
8.451647103058002 113.47214405989065
6.39050315245936 120.10712708532206
4.3293592018607185 117.02002409639503
2.2682152512620783 108.54606460610721
0.20707130066343762 106.69135657062537
-1.8540726499352032 98.39660126457807
-3.915216600533844 84.45818801684699
-5.976360551132485 74.4802065299112
-8.037504501731124 67.86149490404598
-10.098648452329765 61.86926574013847
-12.159792402928408 56.653783205309416
-14.220936353527046 54.81370406407568
-16.28208030412569 51.69738828945763
-18.343224254724326 48.03271084650885
-20.404368205322967 47.26875176360471
-22.46551215592161 42.68535247894821
-24.526656106520253 41.348600032827775
-26.58780005711889 42.33985150854897
-28.64894400771753 39.13991249203661
-30.710087958316173 34.74044964121689
-32.771231908914814 32.4466461776862
-34.832375859513455 31.052332894483204
-36.89351981011209 31.06859427904111
-38.95466376071074 29.88781769347842
-41.01580771130938 27.413503374288638
-43.07695166190802 30.404865808491927
-45.13809561250666 29.836272299862657
-47.1992395631053 30.627850727634673
-49.26038351370394 33.06184863970926
-51.32152746430258 35.849206133850835
-53.38267141490122 38.800615302987886
-55.44381536549986 41.80863598966741
-57.50495931609851 42.509782627346
-59.56610326669715 44.92112823009322
-61.62724721729579 47.09351453144204
-63.68839116789442 50.8028942770364
-65.74953511849306 56.04136130493009
-67.81067906909172 55.4341564619848
-69.87182301969035 56.22236837032275
-71.93296697028899 57.42856686988095
-73.99411092088764 53.54424245123543
-76.05525487148627 48.399158838004475
-78.11639882208492 41.98326550631994
-80.17754277268355 37.273657425903764
-82.2386867232822 32.02260963315256
-84.29983067388083 27.39508801972916
-86.36097462447947 24.943102635375713
-88.42211857507812 23.752203263738114
-90.48326252567675 21.19093296911917
-92.5444064762754 21.583176593423385
-94.60555042687403 20.001854514427485
-96.66669437747268 18.781967856624796
-98.72783832807131 20.823803040632573
-100.78898227866995 20.101200986494288
-102.8501262292686 19.760428663458335
-104.91127017986723 20.259923781255743
-106.97241413046589 19.801406670121374
-109.03355808106453 19.109611885676408
-111.09470203166318 17.312384101093475
-113.15584598226181 16.75334446129981
-115.21698993286044 16.23772352299665
-117.27813388345909 14.996805596789832
-119.33927783405773 14.466247694336891
-121.40042178465637 15.169353639218517
-123.46156573525501 14.553839288829927
-125.52270968585364 11.920113690443607
-127.58385363645229 13.930319940555272
-129.64499758705094 14.422723344756761
-131.70614153764956 13.429330226629734
-133.76728548824823 13.297504072085033
-135.82842943884685 12.71857419563564
-137.8895733894455 10.826649906576316
-139.95071734004412 13.297722589955294
-142.01186129064277 12.847206768947416
-144.07300524124142 12.16418495275013
-146.13414919184007 11.271937085040358
-148.1952931424387 12.205751110153521
-150.25643709303733 11.62881935366898
-152.31758104363598 11.635065179705874
-154.37872499423463 13.739050882982768
-156.43986894483325 10.580856285134823
-158.5010128954319 10.909380038205065
-160.56215684603052 10.68783044352115
-162.6233007966292 10.232435408565662
-164.68444474722784 12.935125556668691
-166.74558869782646 13.027224104788395
-168.8067326484251 9.157925072768457
-170.86787659902373 10.765270767517691
-172.9290205496224 11.046162069114333
-174.99016450022103 10.886705851911648
-177.05130845081968 11.448923870717964
-179.1124524014183 11.360797279349985
-181.17359635201694 11.75644334263649
-183.2347403026156 11.360427199842297
-185.29588425321424 11.23290205075307
-187.35702820381286 9.457652925572855
-189.4181721544115 9.153734349065246
-191.47931610501016 11.312648783103999
-193.5404600556088 11.371397049821944
-195.60160400620742 11.029445674925864
-197.66274795680607 12.248190347457035
-199.72389190740472 10.96987538210328
-201.78503585800337 10.893468761372704
-203.84617980860205 10.351556424686988
-205.90732375920066 12.281732089797204
-207.9684677097993 12.38570734563667
-210.02961166039793 9.55071163871874
-212.09075561099658 10.85935155238926
-214.15189956159523 10.015370793201765
-216.21304351219388 9.63411297184151
-218.2741874627925 9.288609599517192
-220.33533141339115 10.012021582095864
-222.3964753639898 11.095181719122136
-224.45761931458844 10.846743482817283
-226.51876326518706 10.976923510380233
-228.5799072157857 10.367303893736986
-230.64105116638433 13.948241616077135
-232.702195116983 9.822563953617703
-234.76333906758163 10.569178431666126
-236.82448301818027 12.474536286361586
-238.8856269687789 11.751383557665221
-240.94677091937754 10.141445845303595
-243.00791486997622 10.79188212191451
-245.06905882057484 11.064468003790774
-247.1302027711735 13.226577644379365
-249.1913467217721 13.05992741689468
-251.25249067237075 14.316748744673811
-253.3136346229694 14.234222357962253
-255.37477857356805 15.101531024510367
-257.4359225241667 13.741429183736265
-259.4970664747653 16.555859552424856
