# BEGINHEADER
# This file contains data from the SALSA 2m radio telescope.
# DATE=2021-12-04T08:13:0031
# GLON and GLAT given in degrees
# GLON=80.86460233901997
# GLAT=5.109145483016755
# DATA in two columns below. Col. 1 is velocity relative to LSR [km/s]. Col. 2 is uncalibrated antenna temperature [K].
# ENDHEADER
268.4274768687044 4.940852302008451
266.3663329181057 10.823087400354272
264.3051889675071 11.017043143531499
262.24404501690844 8.343784742838636
260.1829010663098 10.940803324175384
258.12175711571115 10.698499804821358
256.06061316511256 11.29344742071415
253.9994692145139 12.130046315939515
251.93832526391523 11.311616774390119
249.8771813133166 11.344529585894003
247.81603736271796 8.758535072411691
245.75489341211934 12.446320505625902
243.6937494615207 14.228621017972483
241.63260551092205 13.29831408398006
239.5714615603234 10.82374732005092
237.51031760972478 13.304446622494408
235.44917365912613 11.589157369350884
233.38802970852748 11.538219739509511
231.32688575792884 11.14815125855223
229.2657418073302 12.064192560076327
227.20459785673157 11.843723134104039
225.14345390613292 14.191215064835037
223.08230995553427 11.894737690929922
221.02116600493562 10.99026415479325
218.960022054337 14.41767784207539
216.89887810373835 14.293202771066314
214.83773415313973 13.92415714606476
212.77659020254106 12.69069102577277
210.71544625194244 12.265034331418407
208.6543023013438 15.237664445361663
206.59315835074517 14.031439213647657
204.5320144001465 11.717165353580851
202.47087044954787 12.651498770818913
200.40972649894923 12.483411480991947
198.3485825483506 14.277236239418654
196.28743859775196 13.40098052296716
194.22629464715334 12.821150274270801
192.1651506965547 12.993475294658095
190.10400674595607 13.23031017032224
188.04286279535742 13.168041328519301
185.98171884475875 11.44974263496959
183.92057489416013 14.194398989460039
181.85943094356148 13.23172396474166
179.79828699296286 12.358659113990363
177.73714304236418 10.932597671292148
175.67599909176556 12.52876516181727
173.6148551411669 12.9161080221578
171.5537111905683 12.374334803514984
169.49256723996965 12.287756653639315
167.431423289371 11.61856229591628
165.37027933877235 14.00602785101916
163.30913538817373 13.216806809579005
161.24799143757508 13.460289561715108
159.18684748697646 14.282151739773186
157.12570353637778 13.227857607804953
155.06455958577916 12.586237871342256
153.00341563518052 12.786117426475895
150.9422716845819 10.975944883914341
148.88112773398322 11.873402011593532
146.81998378338457 12.843001826811713
144.75883983278595 14.222412960362496
142.6976958821873 13.715125598718048
140.63655193158868 11.357022876823487
138.57540798099 11.862823181452452
136.5142640303914 13.525550836810526
134.45312007979274 12.696558197278584
132.39197612919412 12.524069118339867
130.33083217859547 13.0840341390606
128.26968822799682 12.362290803713027
126.20854427739818 11.528423338206428
124.14740032679954 12.161894049326174
122.0862563762009 13.659565327388657
120.02511242560226 14.181074573458355
117.96396847500363 14.095878983115252
115.90282452440498 12.94065576409238
113.84168057380634 14.757032836979993
111.7805366232077 13.524819042039883
109.71939267260906 11.61806915547549
107.65824872201041 13.595937907224583
105.59710477141178 14.305991976078626
103.53596082081314 11.615872286827
101.4748168702145 13.015516119304529
99.41367291961586 11.331919385170147
97.35252896901721 11.311320141403694
95.29138501841858 10.605116671649347
93.23024106781992 13.33567543616058
91.16909711722128 13.543641668260346
89.10795316662265 12.456858831971209
87.046809216024 12.999263527133337
84.98566526542537 12.589363698482915
82.92452131482672 12.688188379009796
80.86337736422809 12.567715804330017
78.80223341362945 12.159689181553848
76.7410894630308 11.671551783019304
74.67994551243217 12.956547749801327
72.61880156183352 10.097453929600542
70.55765761123489 14.022832948735036
68.49651366063624 11.364940933585135
66.4353697100376 12.165463179548897
64.37422575943896 11.482639467875078
62.313081808840316 10.566124303805706
60.251937858241675 13.805772299556748
58.19079390764304 11.424956577618932
56.1296499570444 11.837197241405683
54.06850600644576 10.861161649074663
52.00736205584712 12.349014117514555
49.94621810524848 11.700078964076123
47.885074154649836 11.814102657862403
45.823930204051194 10.929846740671682
43.762786253452546 11.712981862491638
41.701642302853905 12.266194200848725
39.640498352255264 12.710060994287717
37.57935440165662 12.74702599434905
35.51821045105798 14.05618554890061
33.45706650045935 13.40775810082084
31.395922549860703 12.425648957210095
29.334778599262062 14.537501895286379
27.27363464866342 15.860495134678528
25.21249069806478 19.63575196295064
23.151346747466143 21.591176686335817
21.090202796867505 25.680569238437837
19.02905884626886 33.82649407579637
16.96791489567022 42.971597395574506
14.90677094507158 52.699785967633254
12.845626994472939 71.59596071237934
10.784483043874298 81.79432497920163
8.723339093275655 94.56811440974116
6.662195142677015 97.97109096632795
4.6010511920783745 91.38189392634925
2.5399072414797343 102.97198775648454
0.4787632908810935 105.0620805773231
-1.5823806597175472 105.00051999746798
-3.643524610316188 99.89644477609737
-5.704668560914829 91.92689676038121
-7.76581251151347 87.03783263105876
-9.826956462112111 82.74478928256858
-11.888100412710752 71.58387437634475
-13.949244363309392 62.932977735290464
-16.01038831390803 50.47280920768055
-18.071532264506676 45.40147675173658
-20.132676215105313 41.42417716729875
-22.193820165703954 36.30517265952353
-24.254964116302595 31.45830195537193
-26.316108066901236 30.383257068617375
-28.37725201749988 27.823593817056608
-30.438395968098522 25.277836314220547
-32.49953991869716 28.009607956353477
-34.56068386929581 27.113012599096688
-36.62182781989444 27.38807500130379
-38.68297177049308 27.816237255875297
-40.744115721091724 25.697660104077777
-42.805259671690365 28.275181448181044
-44.866403622289006 25.3837224747487
-46.92754757288765 23.73278877605089
-48.98869152348628 23.708059717500213
-51.04983547408492 26.425964561282957
-53.11097942468356 22.693099169505686
-55.172123375282204 21.547048996255928
-57.233267325880846 22.827423361713258
-59.29441127647949 23.328944929582846
-61.35555522707813 24.096504672232474
-63.41669917767677 24.72933045515105
-65.47784312827541 26.294218184953053
-67.53898707887406 24.72313208951235
-69.60013102947269 26.48125694020724
-71.66127498007134 29.050107662664097
-73.72241893066997 28.006257218587212
-75.78356288126861 29.493719150776574
-77.84470683186726 29.766883772903853
-79.90585078246589 29.341907728397075
-81.96699473306454 28.323798216888136
-84.02813868366317 29.355655947609097
-86.08928263426182 28.82310126758229
-88.15042658486045 26.592619782031317
-90.21157053545909 23.872249632580015
-92.27271448605774 22.61378691061745
-94.33385843665637 21.125653836811146
-96.39500238725502 18.58930576764949
-98.45614633785365 16.892756900689832
-100.51729028845232 16.612775438757748
-102.57843423905095 16.49720662050472
-104.63957818964958 15.90827372800268
-106.70072214024823 15.508305217934398
-108.76186609084687 16.200535849722822
-110.82301004144551 15.687751449231117
-112.88415399204415 14.340835115688966
-114.94529794264278 14.794400213131718
-117.00644189324143 13.584533301017396
-119.06758584384006 13.48303251970209
-121.12872979443871 10.636832228047341
-123.18987374503735 13.080693276102087
-125.251017695636 11.665284025444626
-127.31216164623463 11.395175970956005
-129.37330559683326 9.629386789540566
-131.4344495474319 10.044785297195826
-133.49559349803056 8.348666216836314
-135.5567374486292 11.503485297240454
-137.61788139922783 9.44025548763669
-139.67902534982647 9.295405912711297
-141.74016930042512 8.4141338570713
-143.80131325102377 7.686109277146113
-145.8624572016224 7.771736443243617
-147.92360115222104 10.002090349887357
-149.98474510281966 7.9339555984439425
-152.04588905341834 7.865126463387373
-154.10703300401696 8.365563871884222
-156.1681769546156 9.367190900468
-158.22932090521422 8.830332199136759
-160.29046485581287 8.938863399712133
-162.35160880641155 7.769329722564922
-164.41275275701017 9.232119273750707
-166.47389670760882 8.344495000735632
-168.53504065820744 8.157639126674875
-170.59618460880608 7.094197819665642
-172.65732855940473 6.391267398341531
-174.71847251000338 9.135919493205096
-176.779616460602 8.966391224972792
-178.84076041120065 8.251901323770573
-180.9019043617993 7.234049260553853
-182.96304831239794 6.517449442835322
-185.02419226299656 8.271299875148253
-187.0853362135952 8.55496391151917
-189.14648016419383 8.976782451710902
-191.2076241147925 8.770628858094078
-193.26876806539113 8.26870420468267
-195.32991201598978 8.260030738004504
-197.3910559665884 7.861553132967426
-199.45219991718707 5.738691918558688
-201.51334386778572 9.208391387299898
-203.57448781838437 8.371307849012489
-205.63563176898302 5.952583575625498
-207.69677571958164 8.542862465415935
-209.75791967018029 9.246643539764191
-211.8190636207789 7.548961249455262
-213.88020757137758 7.902859564967294
-215.9413515219762 7.512284778736507
-218.00249547257485 7.245214816448149
-220.06363942317347 9.092973465651609
-222.12478337377215 6.556597658651564
-224.18592732437077 8.466022399584862
-226.24707127496941 6.702230774295068
-228.30821522556803 8.380734663135831
-230.36935917616668 8.705646645704219
-232.43050312676533 7.07835064239092
-234.49164707736398 8.808413538695682
-236.55279102796263 7.726411449761304
-238.61393497856125 9.465599625065423
-240.6750789291599 8.546405614622754
-242.73622287975854 8.17919366454088
-244.7973668303572 8.441379275625376
-246.8585107809558 7.887418477826513
-248.91965473155446 7.829933117705814
-250.9807986821531 9.095872313564291
-253.04194263275176 8.68477623900595
-255.10308658335038 8.984467524267668
-257.164230533949 10.485841184308399
