# BEGINHEADER
# This file contains data from the SALSA 2m radio telescope.
# DATE=2021-12-04T08:28:0052
# GLON and GLAT given in degrees
# GLON=164.7844496759202
# GLAT=-5.234935333085291
# DATA in two columns below. Col. 1 is velocity relative to LSR [km/s]. Col. 2 is uncalibrated antenna temperature [K].
# ENDHEADER
259.47406256030513 4.95746322988495
257.41291860970654 11.297089000221042
255.3517746591079 9.431940553180802
253.29063070850924 10.745917144485215
251.22948675791062 11.411351083022556
249.16834280731194 12.481971874680324
247.10719885671332 13.479810221846298
245.04605490611468 11.917726513565297
242.98491095551606 14.281644418254606
240.92376700491738 12.016906623691607
238.86262305431876 10.751622770031508
236.8014791037201 14.459436258590323
234.74033515312146 13.544901526902999
232.67919120252284 14.41788154383669
230.61804725192417 14.216556107910234
228.55690330132555 14.840415548090341
226.4957593507269 15.71252173566487
224.43461540012828 13.125496977355512
222.37347144952963 15.430641296024964
220.31232749893098 16.100081856915672
218.25118354833234 15.41555397143242
216.19003959773372 14.421181009972392
214.12889564713507 16.601022153852636
212.06775169653642 15.075320742052263
210.00660774593777 13.685153574965192
207.94546379533915 15.937609643591244
205.8843198447405 14.154438030381893
203.82317589414188 16.80320098888258
201.7620319435432 17.070193950742954
199.70088799294456 17.021701465026563
197.63974404234597 14.145073407537543
195.57860009174732 15.049908577147535
193.51745614114867 13.179576909756406
191.45631219055002 13.442762243236823
189.3951682399514 16.90898655532742
187.33402428935275 14.002181111315503
185.2728803387541 13.488757569952895
183.21173638815546 15.916569991899543
181.15059243755684 14.94879688348698
179.0894484869582 14.654233068450038
177.02830453635957 15.051335795321126
174.9671605857609 16.145408779192998
172.90601663516227 15.943141067790513
170.84487268456363 14.286133330219517
168.783728733965 15.072437066932393
166.72258478336636 15.17252852924903
164.6614408327677 14.815162766704221
162.60029688216906 14.76035633504962
160.53915293157044 14.950285396640853
158.4780089809718 16.060203797238106
156.41686503037312 16.337588355054642
154.3557210797745 15.225415275945469
152.29457712917585 14.728814627756611
150.23343317857723 13.1065076675812
148.17228922797858 14.182596391481598
146.11114527737993 14.227125433318145
144.05000132678128 14.522705411855277
141.98885737618266 14.837953646196937
139.92771342558402 15.101359303250648
137.8665694749854 15.336228141285897
135.80542552438672 15.503367723985471
133.7442815737881 14.380368123511124
131.68313762318945 17.34774834999192
129.6219936725908 14.68061089714366
127.56084972199217 13.282866520181528
125.49970577139354 14.932476545501787
123.43856182079489 13.149469192993694
121.37741787019625 14.102064894636445
119.3162739195976 15.331309210033904
117.25512996899897 14.306281801346657
115.19398601840032 14.246469783264677
113.13284206780169 14.260930501727987
111.07169811720306 15.102130556084752
109.01055416660441 15.002181536713463
106.94941021600577 15.366240666535159
104.88826626540713 14.446109617468034
102.82712231480849 13.96607066589858
100.76597836420983 13.855663684592312
98.7048344136112 12.222693522927868
96.64369046301256 12.74531292742419
94.58254651241391 13.352148154087223
92.52140256181528 11.664151713079669
90.46025861121663 12.852280266836495
88.399114660618 15.300341277129311
86.33797071001935 11.13536624138803
84.27682675942071 11.54858039182701
82.21568280882208 13.031007888978387
80.15453885822343 12.393919459936543
78.0933949076248 12.832488325921462
76.03225095702615 13.650874442690736
73.97110700642752 15.65137343817301
71.90996305582888 13.603512161076445
69.84881910523023 13.291259995490401
67.7876751546316 13.106101460114706
65.72653120403295 11.768722514693296
63.66538725343431 10.917311253541445
61.60424330283567 11.64238906430023
59.54309935223703 12.219874273184459
57.48195540163839 12.997506333124882
55.42081145103975 12.980264668039098
53.359667500441105 10.267398000356849
51.29852354984246 10.767720734430629
49.237379599243816 12.347126460627063
47.176235648645175 12.11343279495053
45.115091698046534 11.772191362076109
43.05394774744789 10.511325527822658
40.99280379684925 11.753214066855866
38.93165984625062 9.91808941234529
36.87051589565198 9.803139997216398
34.809371945053336 9.484687280106348
32.74822799445469 9.804432195172145
30.68708404385605 9.157539731634715
28.62594009325741 6.681383574344512
26.564796142658768 9.686658636279864
24.50365219206013 7.304530295925163
22.44250824146149 7.48939332673818
20.38136429086285 7.551445143303597
18.320220340264207 7.136389229210816
16.25907638966557 8.90763191619363
14.197932439066927 10.28378802281256
12.136788488468287 11.138381289889534
10.075644537869644 15.550696718979003
8.014500587271005 25.210301423965557
5.953356636672363 44.77704726872474
3.892212686073722 57.75284761951024
1.8310687354750814 60.49894385850821
-0.23007521512355908 57.549488993044164
-2.2912191657222003 54.06409140847921
-4.352363116320841 52.50880882437923
-6.413507066919482 55.78474908291508
-8.474651017518122 59.6270083810334
-10.535794968116763 58.498941513687186
-12.596938918715404 56.09447708629245
-14.658082869314043 53.54796884501394
-16.719226819912684 53.7167202847802
-18.780370770511325 52.65632113945075
-20.841514721109967 46.62570283059469
-22.902658671708608 42.27025787761231
-24.96380262230725 37.38865338818734
-27.02494657290589 35.02625607497163
-29.086090523504534 33.68915142718578
-31.147234474103175 29.368987093735754
-33.20837842470181 29.687379565219626
-35.269522375300454 28.252526277950825
-37.330666325899095 25.606634028958315
-39.391810276497736 23.105754026867345
-41.45295422709638 21.697153564472224
-43.51409817769501 20.115096629196675
-45.57524212829366 18.860445790695493
-47.6363860788923 19.694323885324774
-49.697530029490935 19.50229492931233
-51.758673980089576 17.26091915853615
-53.81981793068822 15.180720718053546
-55.88096188128686 12.124897909543638
-57.9421058318855 12.509989265535916
-60.00324978248413 11.95002616253471
-62.064393733082774 11.529496421936287
-64.12553768368142 12.855969608380398
-66.18668163428006 9.321140165701546
-68.2478255848787 8.530826244257868
-70.30896953547735 6.901722701557992
-72.37011348607598 6.79880855805144
-74.43125743667463 6.639748052124383
-76.49240138727326 8.036423900356741
-78.55354533787191 5.8806457363411955
-80.61468928847054 5.606533711750149
-82.67583323906918 5.127313690810503
-84.73697718966783 6.268019295546259
-86.79812114026646 5.61296185025869
-88.85926509086511 6.899137299219704
-90.92040904146374 5.487989243640701
-92.9815529920624 3.873932205147123
-95.04269694266104 5.108736130439425
-97.10384089325967 4.422276323954504
-99.16498484385832 5.955050288097725
-101.22612879445695 8.837602748303054
-103.2872727450556 6.471697448451384
-105.34841669565424 4.084522692408536
-107.40956064625288 5.52471984912143
-109.47070459685152 4.433794302030677
-111.53184854745015 4.940549747822863
-113.5929924980488 6.422591956391086
-115.65413644864744 5.99256076088009
-117.71528039924608 6.534532583727014
-119.77642434984472 5.817549343696292
-121.83756830044335 5.504076225905085
-123.898712251042 6.104970909366024
-125.95985620164063 6.232255184381714
-128.02100015223928 6.026145998183042
-130.08214410283793 6.719087023069155
-132.14328805343655 7.314236898447985
-134.20443200403523 4.9631096330262086
-136.26557595463385 4.094337026103761
-138.3267199052325 4.754571841511502
-140.3878638558311 5.687520920838594
-142.44900780642976 6.299455464491437
-144.5101517570284 5.896924004480521
-146.57129570762706 5.449923503622717
-148.63243965822568 5.944501101386688
-150.69358360882433 7.886300981322134
-152.75472755942297 6.9904751155340765
-154.81587151002162 5.221016550964568
-156.87701546062027 5.871624928040172
-158.9381594112189 6.841045726524257
-160.99930336181754 4.348142504633678
-163.0604473124162 6.681624081841507
-165.12159126301484 7.527250482934042
-167.18273521361346 5.914190081197702
-169.2438791642121 5.804176488584762
-171.30502311481072 4.645160322120839
-173.3661670654094 4.896368288328926
-175.42731101600802 6.0970047340305
-177.48845496660667 6.886951461211546
-179.5495989172053 6.272111589977446
-181.61074286780394 5.200066194497581
-183.67188681840258 5.894461936597679
-185.73303076900123 6.845166361536024
-187.79417471959985 4.889264127308245
-189.8553186701985 4.62962397645296
-191.91646262079715 6.714469919176693
-193.9776065713958 5.713566600101283
-196.03875052199444 6.162432352681111
-198.09989447259306 7.49170792201274
-200.16103842319174 7.325873047748053
-202.22218237379036 5.817857635949443
-204.28332632438904 5.544965851516344
-206.34447027498766 6.076911807308122
-208.4056142255863 7.276841420506558
-210.46675817618492 5.798812221580809
-212.52790212678357 5.109271978180258
-214.58904607738222 6.7587786974648045
-216.65019002798087 7.298812076335853
-218.7113339785795 4.684593395819161
-220.77247792917814 4.81155329664501
-222.83362187977676 6.641072077922283
-224.89476583037543 5.596224483132344
-226.95590978097408 5.800327258856491
-229.0170537315727 4.111947711941895
-231.07819768217135 4.9736295993697555
-233.13934163276997 5.682845223002508
-235.20048558336865 5.1490351093720435
-237.26162953396727 5.097814843902827
-239.32277348456591 6.325185881448619
-241.38391743516453 4.32086113227455
-243.4450613857632 4.942917073660858
-245.50620533636183 5.932717466219491
-247.56734928696048 5.2456423098454055
-249.6284932375591 5.394352452986304
-251.68963718815775 5.96997304763525
-253.7507811387564 5.463710682742735
-255.81192508935504 5.94222374408831
-257.8730690399537 6.202201075208252
-259.9342129905523 9.53921696857644
-261.99535694115093 8.880938504545101
-264.0565008917496 6.220177811053566
-266.1176448423482 10.190587016957373
