# BEGINHEADER
# This file contains data from the SALSA 2m radio telescope.
# DATE=2021-12-04T07:28:0039
# GLON and GLAT given in degrees
# GLON=97.89063008780049
# GLAT=0.031929573293265255
# DATA in two columns below. Col. 1 is velocity relative to LSR [km/s]. Col. 2 is uncalibrated antenna temperature [K].
# ENDHEADER
264.73750076023157 5.48203345564442
262.676356809633 13.964663002928553
260.61521285903433 15.127561714206688
258.5540689084357 15.62439937588297
256.49292495783703 15.319490818741443
254.43178100723838 18.292442376197187
252.37063705663974 17.784728667617788
250.30949310604112 19.30135424571065
248.24834915544247 17.740806120383088
246.18720520484382 16.803448979886078
244.12606125424517 17.6730561258017
242.06491730364655 20.63724034993816
240.0037733530479 18.949585323883927
237.94262940244928 18.861429973707846
235.8814854518506 21.054434267899577
233.82034150125196 19.434949679123026
231.75919755065334 19.146884730813685
229.6980536000547 21.628198025671075
227.63690964945607 19.868793243325342
225.5757656988574 22.807951071757934
223.51462174825878 21.430022942308604
221.45347779766013 19.048786593819624
219.3923338470615 17.856571508308363
217.33118989646286 21.63514938916077
215.2700459458642 22.215032247027157
213.20890199526556 20.55983692434714
211.14775804466694 21.68918284770235
209.0866140940683 20.82729466659817
207.02547014346965 18.878085409741836
204.964326192871 20.307068072586258
202.90318224227238 20.343586460609966
200.84203829167373 20.936150501526402
198.7808943410751 20.467732639759927
196.71975039047643 20.251701399302217
194.65860643987776 20.561777772938473
192.59746248927914 20.82350325382353
190.5363185386805 20.306341508049044
188.47517458808187 19.59817842038476
186.41403063748322 19.73851586113703
184.35288668688457 20.608610789414573
182.29174273628593 21.57451516249978
180.2305987856873 20.605611714814167
178.16945483508866 22.050825995672643
176.10831088449 21.06470214706594
174.04716693389136 20.11051619420086
171.98602298329274 19.915522325828164
169.9248790326941 20.210835775893564
167.86373508209547 21.338167584975952
165.8025911314968 19.503289347590623
163.74144718089818 21.96781922478061
161.68030323029953 20.337647117637804
159.6191592797009 19.62057568473625
157.55801532910226 19.991453066919437
155.49687137850358 19.891787336936257
153.43572742790496 20.95563441310237
151.37458347730632 19.311908918776272
149.3134395267077 18.727211645742198
147.25229557610905 19.55472698396263
145.1911516255104 18.89730144657911
143.13000767491175 19.559565750736123
141.06886372431313 19.7092194816132
139.00771977371448 18.786512619635975
136.94657582311584 20.464224296116818
134.8854318725172 18.482315546684088
132.82428792191857 18.47786542484919
130.76314397131992 18.540569383145343
128.70200002072127 18.243689176016385
126.64085607012264 19.148780764489622
124.57971211952399 17.707080192749675
122.51856816892536 18.59613635165628
120.45742421832671 17.633909003736797
118.39628026772807 16.620270236957708
116.33513631712944 17.368149021408108
114.27399236653079 17.811629052995894
112.21284841593216 17.40525663361031
110.15170446533351 17.25152725686729
108.09056051473488 16.059459032993367
106.02941656413624 17.633371645638547
103.9682726135376 17.192202062725237
101.90712866293896 16.66373518929253
99.8459847123403 16.05292635107056
97.78484076174166 16.536905194219607
95.72369681114301 17.795469797739468
93.66255286054438 15.893711350631492
91.60140890994575 16.86807747727758
89.5402649593471 16.60534119905273
87.47912100874846 15.864043052708093
85.41797705814982 16.751273168496883
83.35683310755118 15.82303299642605
81.29568915695253 16.256465157140916
79.2345452063539 14.849610879993952
77.17340125575527 17.743569218569846
75.11225730515662 16.190663362574398
73.05111335455798 15.297524709385794
70.98996940395934 16.02930092043529
68.9288254533607 15.748704891163156
66.86768150276205 16.01381469681184
64.80653755216342 16.17942375792541
62.74539360156477 15.872443655769022
60.68424965096613 15.571994754062422
58.62310570036749 16.00926360508338
56.561961749768855 15.118744320029002
54.500817799170214 15.248672800348437
52.43967384857157 14.10106179660206
50.378529897972925 15.637479784065253
48.31738594737429 15.3429439282413
46.25624199677565 14.258259412252615
44.19509804617701 13.8555990513166
42.13395409557837 14.143502190630166
40.072810144979734 13.281670500932291
38.01166619438109 12.988479030790703
35.95052224378245 13.254508134821773
33.88937829318381 13.044708570093123
31.828234342585166 11.732387589833102
29.767090391986528 13.193908744018215
27.705946441387887 13.347725017479073
25.644802490789242 13.530087193274483
23.583658540190605 12.908765642631337
21.522514589591964 11.74731349028005
19.461370638993323 13.540933685178764
17.400226688394678 16.004920999653216
15.33908273779604 15.940235755153127
13.2779387871974 16.662755606938
11.21679483659876 21.13756923447469
9.155650886000117 28.658974633840543
7.094506935401478 42.088255683636284
5.033362984802837 56.22716872806981
2.972219034204196 67.37371439751799
0.9110750836055551 71.44850152764553
-1.1500688669930859 74.9685310602476
-3.2112128175917265 78.2170254593832
-5.272356768190367 76.04747642443827
-7.333500718789008 74.1020281577122
-9.394644669387649 70.27769708081144
-11.45578861998629 64.3031283648995
-13.51693257058493 61.92038306444049
-15.578076521183572 55.29402712060504
-17.639220471782213 56.90836484640972
-19.70036442238085 54.0667371391342
-21.761508372979495 51.258450298120344
-23.822652323578136 48.15262534251296
-25.883796274176774 43.7547590930867
-27.944940224775415 43.253996836959324
-30.006084175374056 41.90843090583942
-32.0672281259727 43.485929128835004
-34.12837207657134 46.700172895261936
-36.18951602716998 46.509432831081405
-38.25065997776862 47.01869986075203
-40.31180392836726 50.17467817144148
-42.372947878965896 47.344431832959195
-44.43409182956454 47.721588077204046
-46.495235780163185 46.21468767261196
-48.556379730761826 43.897030850038355
-50.617523681360474 47.943057903666165
-52.67866763195911 46.33220428265246
-54.73981158255775 48.692747474718786
-56.80095553315639 49.9134820560209
-58.86209948375503 49.816773050296156
-60.92324343435367 50.047550146252114
-62.98438738495231 50.54103659399271
-65.04553133555096 51.12185612213295
-67.1066752861496 48.77946622559795
-69.16781923674824 45.1268160062116
-71.22896318734688 43.91029080711175
-73.29010713794551 39.66285661313636
-75.35125108854416 33.770895977110584
-77.4123950391428 30.05103397411787
-79.47353898974144 26.142877622403596
-81.53468294034008 23.996656650657354
-83.59582689093872 21.64011723107153
-85.65697084153736 22.815812076077112
-87.71811479213599 21.481550863878134
-89.77925874273464 23.313289325029253
-91.84040269333327 23.686399840354653
-93.90154664393194 25.294428453893524
-95.96269059453057 25.283259556663204
-98.02383454512922 23.90368610744015
-100.08497849572785 22.164872120483963
-102.14612244632649 20.958853178339954
-104.20726639692514 20.243432635894518
-106.26841034752377 17.002747752612475
-108.32955429812242 14.787651028170927
-110.39069824872105 12.738249530247455
-112.4518421993197 11.798924491711357
-114.51298614991833 11.981900415162976
-116.57413010051697 10.010620047356229
-118.63527405111562 8.572827059364766
-120.69641800171425 7.824184357445861
-122.7575619523129 9.165258172988876
-124.81870590291153 7.626143356889342
-126.87984985351018 5.653793696298044
-128.9409938041088 7.948641129451529
-131.00213775470746 6.580116883765384
-133.06328170530608 7.295128345117225
-135.12442565590476 8.274726791768188
-137.18556960650338 6.34596309918614
-139.24671355710203 4.762215801045137
-141.30785750770065 3.6917336678128416
-143.3690014582993 7.483654628991645
-145.43014540889794 6.4606552816352885
-147.4912893594966 5.888536363547499
-149.5524333100952 5.71096637537009
-151.61357726069386 5.763935662821339
-153.67472121129254 5.062419463183336
-155.73586516189116 7.000968708761503
-157.7970091124898 6.739267127147605
-159.85815306308842 6.062254445100974
-161.91929701368707 6.81174246565666
-163.98044096428572 4.408297806936766
-166.04158491488437 5.420336605601718
-168.102728865483 6.527097269959804
-170.16387281608164 5.340209416850595
-172.22501676668026 6.006544003895266
-174.28616071727893 6.924412142714443
-176.34730466787755 5.685182727364356
-178.4084486184762 5.2486168859159
-180.46959256907482 5.840345732762217
-182.5307365196735 4.2339341631911385
-184.59188047027212 5.251269639834008
-186.65302442087076 6.713322174247434
-188.71416837146938 6.018195471534483
-190.77531232206803 6.136922133356768
-192.8364562726667 6.273977120973014
-194.89760022326533 5.2963012894089125
-196.95874417386398 5.091894729617398
-199.01988812446257 4.797125594750894
-201.08103207506124 5.415898807166662
-203.14217602565986 5.72534667537017
-205.2033199762585 4.3036137391033495
-207.26446392685713 5.043168187607028
-209.3256078774558 5.844924263832015
-211.38675182805443 7.381306957583917
-213.44789577865308 6.0293838025077235
-215.5090397292517 4.501061340490849
-217.57018367985035 6.4521841763124295
-219.631327630449 6.193111524309968
-221.69247158104764 4.232795966718404
-223.75361553164626 5.75425412183562
-225.8147594822449 7.761764611048917
-227.87590343284353 6.4425568430292355
-229.9370473834422 4.674448425447658
-231.99819133404085 5.424075256846354
-234.05933528463947 5.26080614386617
-236.12047923523812 6.912215609865295
-238.18162318583677 5.360199678190422
-240.24276713643542 5.486392298120981
-242.30391108703404 7.246558321650451
-244.3650550376327 6.788399812513635
-246.4261989882313 9.322822246404069
-248.48734293882998 7.842924673065919
-250.5484868894286 9.008875542210141
-252.60963084002725 10.017087641314287
-254.67077479062587 10.525548279782262
-256.7319187412245 10.397783791582754
-258.7930626918232 8.947942993917248
-260.8542066424218 12.614429300421772
