# BEGINHEADER
# This file contains data from the SALSA 2m radio telescope.
# DATE=2021-12-04T08:48:0010
# GLON and GLAT given in degrees
# GLON=59.93101516911773
# GLAT=20.112554407169256
# DATA in two columns below. Col. 1 is velocity relative to LSR [km/s]. Col. 2 is uncalibrated antenna temperature [K].
# ENDHEADER
277.6128799323053 5.962362299678353
275.5517359817067 10.63278259810669
273.49059203110806 8.09279753075368
271.42944808050936 12.56654151444666
269.36830412991077 10.702690343392941
267.3071601793121 9.797891496876028
265.2460162287135 8.119823007951968
263.1848722781148 9.402403838898904
261.12372832751623 11.889460222082834
259.0625843769175 10.723848771361746
257.00144042631894 11.670865061739747
254.9402964757203 12.576231320129342
252.87915252512164 9.74525318363679
250.818008574523 10.630154123182738
248.75686462392434 12.791814625710247
246.69572067332572 12.358993692480073
244.63457672272708 12.667327267017562
242.57343277212843 14.74978822536305
240.51228882152978 12.850232853586041
238.45114487093113 12.32357816463878
236.3900009203325 13.522515635048299
234.32885696973386 10.930232242991051
232.26771301913524 12.635023357545712
230.20656906853657 11.80037222193029
228.14542511793795 9.465413241318641
226.0842811673393 11.207246879240804
224.02313721674068 12.264111132409921
221.961993266142 10.99756440360065
219.90084931554338 12.571376041133696
217.83970536494473 13.021822932041605
215.77856141434611 9.749737496026892
213.71741746374747 12.587979352009388
211.65627351314882 12.78932501000832
209.59512956255017 14.052668771069733
207.53398561195152 14.265081853265162
205.4728416613529 12.547702811925726
203.41169771075425 11.686816334097786
201.3505537601556 12.742106385480337
199.28940980955696 11.190488958772741
197.22826585895834 13.48923078431385
195.1671219083597 13.101384142052304
193.10597795776107 12.701691132288158
191.0448340071624 14.644036927636156
188.98369005656377 13.763202584581835
186.92254610596513 13.05459915882493
184.8614021553665 15.296171369956465
182.80025820476783 12.440127876423082
180.7391142541692 11.610937046321059
178.67797030357056 11.863939917722263
176.61682635297194 12.312161151454221
174.5556824023733 12.585404625720798
172.49453845177464 12.954645461233346
170.433394501176 13.962585341298253
168.37225055057735 10.30500050548812
166.31110659997873 12.865140973507133
164.24996264938008 10.344163649719112
162.18881869878143 12.696743135674698
160.12767474818278 15.427901835802029
158.06653079758416 12.768985060924969
156.00538684698552 10.903065886771627
153.94424289638687 11.703942419104324
151.88309894578822 11.75089562339063
149.8219549951896 12.092720287979384
147.76081104459095 11.890000629250851
145.69966709399233 10.187161827581525
143.63852314339366 11.442496625086529
141.57737919279504 13.698527646903353
139.5162352421964 14.407429628817143
137.45509129159777 11.68659825064667
135.39394734099912 11.099524349968764
133.33280339040047 12.305156179901594
131.27165943980182 10.84308489294775
129.21051548920317 11.67660525318871
127.14937153860454 10.375891931937502
125.0882275880059 11.683066431196211
123.02708363740727 9.87197246565233
120.96593968680862 10.942838841897684
118.90479573620999 9.243722623728521
116.84365178561134 12.882912489635792
114.78250783501271 13.78029263684113
112.72136388441406 12.11166008341081
110.66021993381541 13.084951780598363
108.59907598321678 12.7299543127894
106.53793203261813 12.569979394859455
104.4767880820195 13.184453675941866
102.41564413142085 12.208886719656261
100.35450018082221 13.739261487421201
98.29335623022357 11.595987011061524
96.23221227962493 11.509902999228599
94.1710683290263 11.356936777441538
92.10992437842765 13.405182232766998
90.04878042782902 11.698354016467464
87.98763647723037 10.79966030290312
85.92649252663173 11.813554157422356
83.86534857603309 10.908674095892417
81.80420462543445 11.589160110827411
79.74306067483582 11.179668042632168
77.68191672423717 9.957549991271183
75.62077277363854 11.008815689510838
73.55962882303989 11.391279992976479
71.49848487244124 11.117149938130018
69.4373409218426 12.771596699497344
67.37619697124396 12.84172170820894
65.31505302064532 10.260332691655236
63.25390907004668 10.046106065513753
61.19276511944804 11.948212915199058
59.1316211688494 9.992412650811838
57.07047721825076 10.804021679621387
55.00933326765212 10.82547179105755
52.948189317053476 11.805351779706749
50.887045366454835 11.517676440720338
48.825901415856194 9.060301280985929
46.76475746525756 11.866496821747901
44.70361351465892 11.9927202135853
42.64246956406027 13.29905473263037
40.58132561346163 10.445875711208556
38.52018166286299 13.131256088447241
36.45903771226435 9.966782686289923
34.39789376166571 11.208954730987967
32.336749811067065 12.933200939286946
30.27560586046843 14.53717978095828
28.214461909869787 14.006856484979714
26.153317959271146 13.966601787506253
24.092174008672508 14.324274842574566
22.031030058073867 16.030341191527395
19.969886107475226 14.838350252567576
17.90874215687658 18.652455206636834
15.847598206277944 22.14287960293206
13.786454255679303 22.060226948386962
11.725310305080662 26.77808721764218
9.66416635448202 26.341361953625192
7.60302240388338 27.609119765441005
5.541878453284739 29.382765583782454
3.4807345026860985 27.78211942510884
1.419590552087458 27.758176980797156
-0.6415533985111828 26.111085653071633
-2.7026973491098234 23.36321185690434
-4.7638412997084645 21.580041653755636
-6.824985250307106 17.69587241469208
-8.886129200905746 18.150415013471385
-10.947273151504387 13.799937310453062
-13.008417102103028 12.686453609045842
-15.069561052701669 11.800226801400354
-17.130705003300307 10.949844384035877
-19.191848953898948 10.979029851049557
-21.252992904497592 12.300813474001567
-23.314136855096233 10.32456349596051
-25.37528080569487 9.989914745499023
-27.436424756293512 10.07868056239031
-29.497568706892157 9.353346297634817
-31.558712657490794 11.73544414179979
-33.619856608089435 8.689660319631685
-35.681000558688076 8.323349195453417
-37.74214450928672 9.525093816771127
-39.80328845988536 7.126066067180992
-41.864432410484 9.975581707172227
-43.92557636108264 6.978441008432734
-45.98672031168128 8.823693600213415
-48.047864262279916 8.758353523416762
-50.10900821287856 8.562589596786978
-52.1701521634772 9.634534899981293
-54.231296114075846 7.79775257480697
-56.29244006467449 8.95942182684547
-58.35358401527313 10.315245521939945
-60.41472796587177 9.237356683627336
-62.4758719164704 9.705121440532032
-64.53701586706904 7.731309601782551
-66.59815981766769 8.686462288189711
-68.65930376826633 9.353713985150703
-70.72044771886496 9.598550773404604
-72.78159166946361 10.343954193214115
-74.84273562006224 8.150286490821959
-76.90387957066089 9.128606438408763
-78.96502352125952 9.886052505822274
-81.02616747185817 8.725996182464193
-83.08731142245682 7.445338486318042
-85.14845537305546 7.5200504343865004
-87.2095993236541 9.30261309409662
-89.27074327425274 7.717180204511754
-91.33188722485139 8.32478636832324
-93.39303117545002 8.325977162554656
-95.45417512604867 9.357617515697441
-97.5153190766473 9.58456524493653
-99.57646302724594 10.140302780572434
-101.63760697784458 9.939343707301187
-103.69875092844322 10.705765270329884
-105.75989487904187 5.634993564330299
-107.8210388296405 10.379383089622372
-109.88218278023915 7.667444049214285
-111.94332673083778 7.470122818129256
-114.00447068143642 7.70929634744679
-116.06561463203506 7.689057032893643
-118.1267585826337 11.442200980140962
-120.18790253323235 7.6077873543795596
-122.249046483831 8.54815494933815
-124.31019043442963 7.092920597228597
-126.37133438502828 8.036359589097142
-128.4324783356269 7.283852679548689
-130.49362228622556 7.4298488460589
-132.55476623682418 7.328325601348399
-134.61591018742283 5.400032013889099
-136.67705413802148 8.023456676708761
-138.73819808862012 6.272961653548493
-140.79934203921877 8.355875276483829
-142.8604859898174 8.643773015650115
-144.92162994041604 8.173489006988405
-146.9827738910147 7.136546391080394
-149.04391784161334 4.81033210683606
-151.10506179221196 7.6473898412063415
-153.1662057428106 9.359188486074153
-155.22734969340922 7.146506871612623
-157.2884936440079 8.363988907228073
-159.34963759460652 6.282411246487042
-161.41078154520517 8.57714876676522
-163.4719254958038 10.005274041513639
-165.53306944640246 7.834275542867762
-167.59421339700108 7.93345564091701
-169.65535734759973 7.536997513651573
-171.71650129819835 6.25522276730517
-173.777645248797 10.350918099873939
-175.83878919939565 5.886764230009627
-177.8999331499943 6.665340336020676
-179.96107710059295 6.975658260962046
-182.02222105119156 6.21085287264841
-184.0833650017902 7.355529879552465
-186.14450895238886 6.520918743167567
-188.2056529029875 9.289263497245376
-190.26679685358613 7.615410363255114
-192.32794080418478 7.206446615156191
-194.3890847547834 7.767755402609052
-196.45022870538207 6.009410197945451
-198.5113726559807 4.144861078490414
-200.57251660657934 7.752033595621094
-202.63366055717796 10.308251645830877
-204.69480450777664 7.625579674339517
-206.75594845837526 7.075364861183829
-208.8170924089739 5.9058703906552035
-210.87823635957253 7.16209311382367
-212.93938031017117 7.185451595267534
-215.00052426076982 8.113435726570453
-217.06166821136847 7.490641961028355
-219.12281216196712 5.9218981371433115
-221.18395611256574 8.614463217105882
-223.2451000631644 7.691873424784601
-225.30624401376303 8.759206159914733
-227.36738796436168 7.72957018483536
-229.4285319149603 6.402232405699527
-231.48967586555895 8.40772477004077
-233.5508198161576 6.710647691409195
-235.61196376675625 5.6320685972462154
-237.67310771735487 7.8610849932499365
-239.73425166795352 8.320212566353748
-241.79539561855213 10.635690874415461
-243.8565395691508 8.931391309177936
-245.91768351974943 7.246479507222111
-247.97882747034808 8.353247779345924
