# BEGINHEADER
# This file contains data from the SALSA 2m radio telescope.
# DATE=2021-11-27T23:32:0046
# GLON and GLAT given in degrees
# GLON=213.8977760805045
# GLAT=-0.24629345772344702
# DATA in two columns below. Col. 1 is velocity relative to LSR [km/s]. Col. 2 is uncalibrated antenna temperature [K].
# ENDHEADER
265.1582902156619 1.6301513108253975
263.0971462650633 4.534138684889808
261.03600231446467 3.262852931137291
258.974858363866 3.5270190280246623
256.91371441326737 4.477304967292893
254.85257046266872 4.783702859910264
252.7914265120701 5.2169217308144615
250.73028256147145 5.056083377870771
248.66913861087284 6.0299528249022165
246.6079946602742 5.616269597174755
244.54685070967554 6.412570375519859
242.4857067590769 4.969205316896178
240.42456280847824 6.45110330259813
238.36341885787962 6.910542246695614
236.30227490728095 5.082087275292317
234.24113095668233 5.672988512157294
232.17998700608368 6.3301813078544935
230.11884305548506 6.018370403778945
228.0576991048864 6.253180741887652
225.99655515428776 7.157484924860079
223.9354112036891 6.05678029139131
221.8742672530905 6.762963929669215
219.81312330249185 7.0749377561872775
217.75197935189323 5.841177839813673
215.69083540129455 7.850887290271494
213.62969145069593 7.104874475529997
211.56854750009728 6.482522974094204
209.50740354949866 6.118731551474495
207.4462595989 7.667391017731546
205.38511564830137 7.910060771383164
203.32397169770272 7.353596687505916
201.26282774710407 7.481898259526806
199.20168379650545 6.883715048663561
197.1405398459068 8.10954197943585
195.07939589530818 7.331632735884957
193.01825194470953 8.189744217624222
190.9571079941109 7.112895615800419
188.89596404351224 7.569878959672559
186.83482009291362 7.42271561627662
184.77367614231497 6.622394875709122
182.71253219171635 6.9048263344082645
180.6513882411177 6.977317196892672
178.59024429051905 7.784934944641708
176.5291003399204 7.089404109263605
174.46795638932178 7.290922988294906
172.40681243872314 8.108140717704421
170.3456684881245 7.5812351089061725
168.28452453752584 8.37608637426941
166.22338058692722 6.694614253954217
164.16223663632857 6.808070667553229
162.10109268572992 8.2608019025988
160.03994873513128 5.1478829660965415
157.97880478453263 6.227228648540956
155.917660833934 8.289270532968501
153.85651688333536 5.989266928588004
151.79537293273674 8.88803328371302
149.73422898213806 8.237761368838383
147.67308503153944 7.360868058939534
145.6119410809408 9.075914182512385
143.55079713034218 7.114510343799007
141.4896531797435 6.561803676121733
139.42850922914488 7.6052393432622205
137.36736527854623 7.945037769148369
135.3062213279476 7.1749921896935565
133.24507737734896 7.0687995424665555
131.18393342675031 8.023439528446513
129.12278947615167 7.871369326654245
127.06164552555303 8.093936561474504
125.0005015749544 7.970534030395983
122.93935762435575 7.682360147679937
120.87821367375712 8.084878587068093
118.81706972315847 5.6997510744173665
116.75592577255983 7.032520542669396
114.69478182196119 7.750418489583934
112.63363787136255 6.511242394512851
110.57249392076392 8.102080523193061
108.51134997016527 8.428371538631541
106.45020601956664 6.254601775772043
104.38906206896797 7.4914632125961855
102.32791811836934 5.889894467301011
100.26677416777069 6.533510223094897
98.20563021717204 6.425431413227663
96.14448626657341 7.461482183594921
94.08334231597476 6.422801084069111
92.02219836537613 8.244056307571247
89.9610544147775 7.814556834792841
87.89991046417884 8.759134864455142
85.83876651358021 8.821361816666714
83.77762256298156 8.18078552812795
81.71647861238293 8.708708095267813
79.65533466178428 8.81113880360097
77.59419071118565 9.637684848860745
75.53304676058701 9.98613070850473
73.47190280998836 12.98936856889563
71.41075885938973 14.532660831297415
69.34961490879108 15.834721057069341
67.28847095819245 18.685464835579612
65.2273270075938 21.404471681854076
63.16618305699516 26.204041104900167
61.10503910639652 31.671577571403294
59.04389515579788 38.525228100677616
56.98275120519923 45.52026919010115
54.921607254600595 51.951839529691526
52.860463304001954 62.660868972653645
50.79931935340331 68.48910189879044
48.73817540280467 72.44915803028748
46.67703145220603 74.21789742008255
44.61588750160739 73.59468227663903
42.554743551008755 72.71230495735908
40.493599600410114 68.75818212017438
38.43245564981147 63.04001307581096
36.371311699212825 57.49841974316915
34.310167748614184 55.16719775774271
32.24902379801555 59.484156081838364
30.187879847416905 67.14918591228266
28.126735896818264 73.22896954955111
26.065591946219623 75.70424057740539
24.004447995620986 71.80360063069148
21.94330404502234 68.0932113597027
19.8821600944237 66.21655098895891
17.821016143825062 65.38420415064896
15.75987219322642 67.59477665425804
13.698728242627778 68.71876930063256
11.63758429202914 70.93353775725083
9.576440341430498 73.67654860381992
7.515296390831858 70.98560933395453
5.4541524402332175 66.01703989493762
3.393008489634576 54.17647066224892
1.3318645390359352 39.48961122296959
-0.7292794115627054 28.951181732786463
-2.7904233621613463 20.930904194558433
-4.851567312759987 17.44961256686035
-6.912711263358628 15.070326280695852
-8.973855213957268 11.86105738378926
-11.03499916455591 11.521234743460566
-13.096143115154552 8.727584538007529
-15.157287065753192 8.204098629932938
-17.218431016351833 7.262602231125574
-19.279574966950474 6.348310350549904
-21.340718917549115 7.124866010277548
-23.401862868147752 5.577194214705419
-25.463006818746397 4.968386599693174
-27.524150769345038 4.940810198362272
-29.58529471994368 5.561733830966239
-31.646438670542317 5.4254165195788095
-33.70758262114096 3.9002959133457176
-35.7687265717396 5.038600298690951
-37.82987052233824 5.099094431690119
-39.89101447293689 5.262216628279693
-41.95215842353552 5.811500491942793
-44.01330237413416 5.818806652749459
-46.074446324732804 4.192179756026719
-48.135590275331445 5.0976774587684
-50.196734225930086 3.21463683629132
-52.25787817652873 2.8009496990285863
-54.31902212712736 6.365477388865269
-56.380166077726 4.3720898341568795
-58.441310028324644 3.618222396620174
-60.50245397892329 4.828262476372738
-62.56359792952193 3.7340721424368235
-64.62474188012057 3.567782319610075
-66.68588583071922 3.7937483527636666
-68.74702978131785 2.8154532117319366
-70.8081737319165 4.438775355944121
-72.86931768251513 3.9426229237128387
-74.93046163311377 3.639711678958361
-76.99160558371241 3.459670740213072
-79.05274953431105 3.326920080684453
-81.1138934849097 2.7413730133442145
-83.17503743550833 3.047409706965215
-85.23618138610698 2.528083461783423
-87.29732533670561 2.7885811676181618
-89.35846928730426 3.5734690445595803
-91.41961323790291 2.3136468279278826
-93.48075718850154 3.759689221487393
-95.54190113910019 3.303268246383938
-97.60304508969882 2.8655288470559674
-99.66418904029746 1.8219209308938917
-101.72533299089609 2.722126662571598
-103.78647694149474 2.108441262639682
-105.84762089209337 2.802523462245085
-107.90876484269202 2.5286573878798957
-109.96990879329066 2.8310894316244894
-112.03105274388929 2.938844881628436
-114.09219669448794 0.9552831384522783
-116.15334064508657 1.5014116042412273
-118.21448459568522 2.227760638853836
-120.27562854628385 1.949849072522871
-122.3367724968825 2.734682238781872
-124.39791644748114 2.9892541938983497
-126.45906039807977 1.6733098343872599
-128.52020434867842 3.5150773993222453
-130.58134829927707 0.9934096239328809
-132.64249224987572 1.0843358232333489
-134.70363620047434 1.90561198655613
-136.76478015107298 3.228662073608797
-138.8259241016716 2.2873844451320955
-140.88706805227028 3.269254008417448
-142.9482120028689 1.682781695695901
-145.00935595346755 1.4995210264545669
-147.07049990406617 1.0653122631837488
-149.13164385466484 1.8243073998568131
-151.1927878052635 1.0936178831054473
-153.2539317558621 2.204045649747811
-155.31507570646076 3.530145439600368
-157.37621965705938 2.244240102007945
-159.43736360765806 2.291666850735994
-161.49850755825668 0.7579792155028093
-163.55965150885532 1.0566996638855815
-165.62079545945394 0.9314823010274333
-167.6819394100526 -0.11793716586317393
-169.74308336065124 1.4519699874631884
-171.8042273112499 1.3455770096220048
-173.8653712618485 0.12794957851563488
-175.92651521244716 1.0893050555007755
-177.9876591630458 1.61461657611326
-180.04880311364445 0.7091328475756549
-182.10994706424307 0.6914202611503876
-184.17109101484172 1.5646999753450554
-186.23223496544037 0.8021660052111286
-188.29337891603902 0.4419776499368613
-190.35452286663767 1.2738839750355362
-192.41566681723629 1.3428014990016175
-194.47681076783493 0.983806601829944
-196.53795471843355 1.0689277263374666
-198.59909866903223 1.0391002541828873
-200.66024261963088 1.7071263082292718
-202.72138657022953 -0.34911285446423834
-204.78253052082815 0.18072535574271192
-206.8436744714268 0.0649757183841877
-208.90481842202541 0.7795421694941956
-210.9659623726241 0.9337870147615123
-213.0271063232227 1.2446735732782004
-215.08825027382136 0.771534541571049
-217.14939422441998 0.3039377269346901
-219.21053817501866 0.7385375674466501
-221.27168212561728 -0.1743057616216392
-223.33282607621592 1.069796894387336
-225.39397002681457 0.5410604147013256
-227.4551139774132 0.4357133115562971
-229.51625792801187 0.7579892167650467
-231.5774018786105 0.3704187172411038
-233.63854582920914 -0.6969845519874807
-235.69968977980776 1.181073429773585
-237.7608337304064 0.12196127464985533
-239.82197768100505 1.3732049127631774
-241.8831216316037 2.127791546964449
-243.94426558220232 1.8099708032574244
-246.00540953280097 0.45337836372907403
-248.0665534833996 0.3049455390210418
-250.12769743399826 1.126916211186764
-252.18884138459688 2.723022592067279
-254.24998533519553 2.3749791842097783
-256.31112928579415 2.5032329878952577
-258.3722732363928 2.098458463638996
-260.43341718699145 2.3727102829692592
