# BEGINHEADER
# This file contains data from the SALSA 2m radio telescope.
# DATE=2021-11-27T23:49:0041
# GLON and GLAT given in degrees
# GLON=69.89803536255204
# GLAT=0.0977352079531943
# DATA in two columns below. Col. 1 is velocity relative to LSR [km/s]. Col. 2 is uncalibrated antenna temperature [K].
# ENDHEADER
265.2011485795392 4.85932269674779
263.1400046289406 10.175564398453195
261.0788606783419 10.388538621187891
259.0177167277433 2.7068166826390203
256.95657277714463 6.723090592645835
254.89542882654598 10.813754049271859
252.83428487594736 7.53321807902285
250.7731409253487 8.28176159909243
248.71199697475004 6.336909808688285
246.65085302415142 7.37781454058654
244.58970907355277 8.034738270630887
242.52856512295415 6.125334796787818
240.4674211723555 11.853016321351493
238.40627722175685 11.26900760696948
236.3451332711582 9.314230202296715
234.28398932055958 10.229075304168141
232.22284536996094 9.301326522553795
230.1617014193623 9.422601812838883
228.10055746876364 8.585086047862792
226.03941351816502 11.044424769278985
223.97826956756637 10.24434080604594
221.91712561696775 11.38979497453528
219.85598166636908 10.511064228450737
217.79483771577046 13.051079023726311
215.7336937651718 8.668688786687348
213.6725498145732 7.9006632865576405
211.61140586397454 9.942104408859286
209.55026191337586 10.093925006632364
207.48911796277724 10.804720898282678
205.4279740121786 12.461713912576267
203.36683006157998 12.261999980233968
201.3056861109813 6.559410751896686
199.24454216038268 7.791227848848
197.18339820978403 12.628313582326484
195.1222542591854 10.152726588354605
193.06111030858676 9.686624150378416
190.99996635798811 8.499225282456347
188.93882240738947 11.496937459795957
186.87767845679085 9.362067142671135
184.8165345061922 8.50311783461901
182.75539055559358 6.857174619128892
180.6942466049949 9.853906619351479
178.63310265439628 9.107228533201617
176.57195870379763 7.645902120877
174.51081475319899 10.245890998754398
172.44967080260037 9.376019115810836
170.3885268520017 4.61436346235843
168.32738290140307 7.1471759468337055
166.26623895080442 12.035079147132986
164.2050950002058 11.5512427773206
162.14395104960713 12.10842201286009
160.0828070990085 10.800362268752568
158.02166314840986 13.449881259491116
155.96051919781124 12.907910461210948
153.8993752472126 8.18915180106392
151.83823129661394 8.864880089977508
149.7770873460153 10.8952389292392
147.71594339541667 9.853930850286002
145.65479944481802 8.812311591742992
143.5936554942194 10.52621765878554
141.53251154362073 10.266628534263218
139.4713675930221 10.95052499045351
137.41022364242346 9.430029570866617
135.3490796918248 10.026735582337627
133.28793574122616 9.025956784021178
131.22679179062752 11.841349562005849
129.1656478400289 8.469007627592168
127.10450388943026 8.465173923151596
125.04335993883161 13.827673575553995
122.98221598823298 6.996007339021594
120.92107203763433 10.93712148062023
118.8599280870357 9.66870985413183
116.79878413643705 9.372950780905095
114.7376401858384 6.710649340359887
112.67649623523977 11.271529069634196
110.61535228464112 8.583161165743467
108.55420833404249 12.253304086267361
106.49306438344384 9.605443107881285
104.4319204328452 8.876032492105647
102.37077648224657 10.583389068632801
100.30963253164792 9.282556761499833
98.24848858104929 11.969873145971333
96.18734463045064 11.384723678748035
94.126200679852 9.275417300496601
92.06505672925336 7.8533082486031764
90.00391277865472 11.418424518488434
87.94276882805609 9.550219642414657
85.88162487745744 9.179187692164726
83.8204809268588 10.258654854141561
81.75933697626016 10.75504709011433
79.69819302566152 6.062284300155401
77.63704907506286 7.804112518472541
75.57590512446423 10.563103479324262
73.5147611738656 9.749893089640507
71.45361722326695 7.140555044757155
69.39247327266831 8.863836076306841
67.33132932206966 10.669604072603391
65.27018537147103 11.370250736488382
63.20904142087239 7.488519343494102
61.14789747027375 9.351718946651237
59.086753519675106 9.009088208594202
57.025609569076465 10.060779520979741
54.96446561847783 6.717033830975297
52.90332166787919 7.971777829932569
50.84217771728055 8.241519710824871
48.781033766681894 6.938925264554107
46.71988981608325 12.163930988733792
44.65874586548462 8.789447169427236
42.59760191488598 10.32862572146976
40.53645796428734 9.315388702679222
38.475314013688696 8.823193051399933
36.414170063090054 11.896168351771601
34.35302611249141 10.890366141023172
32.29188216189277 13.028133090634867
30.23073821129413 16.282622663514456
28.16959426069549 15.60271937520159
26.108450310096853 21.475828182935665
24.04730635949821 26.851506720014818
21.98616240889957 34.45765205996014
19.92501845830093 44.10345150205791
17.863874507702292 55.94820475395263
15.802730557103649 71.66378373476702
13.74158660650501 80.40415815909621
11.680442655906365 91.24748034301503
9.619298705307726 99.28771079063726
7.558154754709085 102.38895438094195
5.4970108041104435 97.21879316124792
3.435866853511803 98.7428246496289
1.3747229029131622 95.21724955871188
-0.6864210476854785 80.31410087872496
-2.747564998284119 74.59671426555434
-4.808708948882761 60.72392812069521
-6.8698528994814 50.888193211044644
-8.930996850080042 49.63105455218087
-10.992140800678683 49.294413013297465
-13.053284751277323 42.388124007169445
-15.114428701875962 34.205609033569424
-17.175572652474603 38.83990025994973
-19.236716603073244 32.730579989655695
-21.297860553671885 32.2325496223805
-23.359004504270526 29.65930780910283
-25.42014845486917 25.94380977054998
-27.481292405467812 25.54823497151106
-29.54243635606645 24.33861265444125
-31.60358030666509 21.5351021948348
-33.664724257263735 19.19055108778147
-35.725868207862376 19.160848938063637
-37.78701215846102 18.652681223493513
-39.84815610905965 17.165007084000553
-41.90930005965829 16.797748707717897
-43.970444010256934 15.259729371852607
-46.031587960855575 20.099907684242133
-48.09273191145422 21.1240588773677
-50.15387586205286 18.871694297452112
-52.2150198126515 19.820854969873274
-54.27616376325014 26.123733421976567
-56.33730771384877 30.893015471919224
-58.398451664447414 28.223779103645214
-60.459595615046055 31.136622111951887
-62.520739565644696 38.7003533217
-64.58188351624334 40.5144952759007
-66.64302746684197 46.917724756445914
-68.70417141744062 41.30683743069951
-70.76531536803925 40.462088569013325
-72.8264593186379 40.089536939381716
-74.88760326923654 37.66364327693012
-76.94874721983518 28.476421464375907
-79.00989117043383 24.274066144741063
-81.07103512103247 20.83026681812399
-83.13217907163111 16.180543879696106
-85.19332302222975 16.510311455771145
-87.2544669728284 14.075097894588994
-89.31561092342703 10.845376787862461
-91.37675487402566 13.69464431390114
-93.43789882462431 11.699605532008425
-95.49904277522295 10.434044037601405
-97.5601867258216 6.689781335908227
-99.62133067642023 4.91597990816559
-101.68247462701888 3.9115658448438104
-103.74361857761751 7.840403238931358
-105.80476252821614 10.7235054740355
-107.8659064788148 9.685332014398282
-109.92705042941343 4.8471497578988485
-111.98819438001208 9.531120659306048
-114.04933833061071 7.3877938999654384
-116.11048228120937 5.552039842804035
-118.171626231808 6.946493277228656
-120.23277018240664 5.151691793091436
-122.29391413300529 5.141925084242428
-124.35505808360392 5.979114730774776
-126.41620203420257 6.844960865963545
-128.4773459848012 4.467453049040287
-130.53848993539984 2.5126624197065834
-132.5996338859985 5.821636404185409
-134.6607778365971 5.226868777269792
-136.72192178719575 4.112714886719819
-138.78306573779443 2.881213692595576
-140.84420968839305 1.625339002438987
-142.9053536389917 4.330607638253061
-144.96649758959032 7.427813463018431
-147.02764154018897 2.6421502843131695
-149.08878549078761 2.0906506160362492
-151.14992944138626 8.135910040828179
-153.21107339198488 5.065034686300823
-155.27221734258353 3.9670068177872144
-157.33336129318218 1.3907170171632313
-159.39450524378083 1.3965005274045739
-161.45564919437945 1.7057030843668743
-163.5167931449781 4.406843248816789
-165.57793709557671 3.1315094961057954
-167.6390810461754 3.0430364956829137
-169.700224996774 1.5761413429807574
-171.76136894737266 2.619757734499196
-173.8225128979713 7.039019089469877
-175.88365684856993 5.017201672452732
-177.9448007991686 4.872034934728182
-180.00594474976722 6.83418061542518
-182.06708870036587 5.820224906238754
-184.1282326509645 1.9744024992410518
-186.18937660156317 2.42835155922036
-188.2505205521618 1.6118754752495226
-190.31166450276044 4.478621507117725
-192.37280845335906 5.8371161822763975
-194.4339524039577 3.657703490289005
-196.49509635455635 3.5980214305774325
-198.556240305155 5.9983679980241735
-200.61738425575362 4.378998199368607
-202.67852820635227 1.0380865164430209
-204.7396721569509 5.19503125803237
-206.80081610754957 5.875873041119199
-208.86196005814818 6.728363147107616
-210.92310400874683 2.850649628679569
-212.98424795934548 2.5819846816920045
-215.0453919099441 3.282598872125935
-217.10653586054278 5.3187922119607025
-219.1676798111414 2.297032966956029
-221.22882376174005 1.6058854591401028
-223.28996771233867 4.468799717206083
-225.35111166293734 3.5358505547556405
-227.41225561353596 1.610184206758644
-229.4733995641346 3.9160492766730295
-231.53454351473323 5.048841996800569
-233.59568746533188 4.722969285582521
-235.65683141593053 3.0436333315686914
-237.71797536652917 0.6581387977440345
-239.7791193171278 4.858412181730818
-241.84026326772644 5.014625921948195
-243.90140721832506 2.0526881353742388
-245.96255116892374 1.425428705312624
-248.02369511952236 3.1280334671108343
-250.084839070121 8.748299493626474
-252.14598302071965 5.456576570605171
-254.2071269713183 6.151888138062859
-256.26827092191695 3.6030670988535514
-258.3294148725156 2.321096147184756
-260.3905588231142 6.009611230236789
