# BEGINHEADER
# This file contains data from the SALSA 2m radio telescope.
# DATE=2021-12-04T07:30:0035
# GLON and GLAT given in degrees
# GLON=104.85635593636937
# GLAT=-0.07456906895326584
# DATA in two columns below. Col. 1 is velocity relative to LSR [km/s]. Col. 2 is uncalibrated antenna temperature [K].
# ENDHEADER
264.356883262218 11.423228800110913
262.2957393116194 27.304808631237798
260.2345953610207 26.64608320735895
258.1734514104221 28.925273678177224
256.11230745982346 27.959649677100522
254.0511635092248 31.515667630063515
251.99001955862616 32.559060232944894
249.9288756080275 34.65395435341031
247.86773165742886 35.1811001255123
245.80658770683024 36.806027779724104
243.74544375623157 37.48782101067349
241.68429980563295 35.87271663211723
239.6231558550343 36.62871934823873
237.56201190443568 37.32580481348542
235.50086795383703 36.93393072607423
233.43972400323838 39.29536509296839
231.37858005263973 39.63099051042904
229.3174361020411 40.420655181461704
227.25629215144247 40.66496796467635
225.19514820084385 40.58937527126829
223.13400425024517 40.80371601159139
221.07286029964655 41.37146122904204
219.0117163490479 41.50280543226367
216.95057239844928 42.36691464801561
214.88942844785063 44.46705611618589
212.82828449725199 41.95501775792935
210.76714054665334 40.48146668423005
208.7059965960547 41.08885537771193
206.64485264545607 39.697365096830644
204.5837086948574 43.97564606849987
202.52256474425877 41.08340105443848
200.46142079366012 43.18730116125037
198.4002768430615 43.321472618032
196.33913289246286 40.83029306273008
194.2779889418642 41.81717518706616
192.21684499126556 43.45290909838491
190.15570104066694 41.51215349978515
188.0945570900683 41.73428044391757
186.03341313946967 42.783427869696645
183.972269188871 41.724149110989686
181.91112523827238 42.108436473424184
179.84998128767373 43.88940220026856
177.7888373370751 43.54319944304297
175.72769338647643 43.656129961736724
173.6665494358778 43.02113281974901
171.60540548527916 43.698983113070426
169.54426153468052 42.09424148771927
167.4831175840819 44.00472975309331
165.42197363348322 46.77219706664321
163.3608296828846 42.35774945045691
161.29968573228595 43.52092423178565
159.23854178168733 42.52385412134015
157.17739783108868 43.31284858161259
155.11625388049004 43.493673003682524
153.0551099298914 41.48979981328518
150.99396597929277 44.66446136964186
148.93282202869412 42.63348257844428
146.87167807809547 44.55357585677395
144.81053412749682 42.799506519869574
142.7493901768982 42.668225802511444
140.68824622629955 43.134844367315644
138.62710227570093 44.06673533894985
136.56595832510226 43.4267592367029
134.5048143745036 43.53237059047016
132.443670423905 44.53424663696631
130.38252647330634 41.94258542401543
128.3213825227077 41.314187681080966
126.26023857210907 42.309002858518824
124.19909462151043 43.81214606030747
122.13795067091179 44.18534936110654
120.07680672031314 41.78152610344081
118.01566276971451 41.77033413887669
115.95451881911588 43.16561306430352
113.89337486851721 43.1565291517443
111.83223091791858 42.51329074929902
109.77108696731993 42.342301289286574
107.7099430167213 42.856060598789114
105.64879906612265 42.303529638807206
103.58765511552402 43.07355644131552
101.52651116492538 39.26647735964657
99.46536721432673 40.668948430939224
97.40422326372808 41.60106725140962
95.34307931312945 41.78644478611368
93.2819353625308 40.82286046881452
91.22079141193217 41.50255988742456
89.15964746133352 40.60115497441126
87.09850351073489 40.2623058651821
85.03735956013624 39.81545929063446
82.9762156095376 40.32019600595571
80.91507165893897 40.62637110981293
78.85392770834032 40.61704573140703
76.79278375774169 40.298508242526616
74.73163980714303 40.30279608415001
72.67049585654439 39.9246775944655
70.60935190594574 37.571697408974465
68.54820795534711 39.947684362738535
66.48706400474848 38.558154401451745
64.42592005414983 38.92224202794455
62.36477610355119 37.544818553793455
60.30363215295255 37.41086859201688
58.24248820235391 35.967415775575176
56.18134425175527 35.89774156481666
54.12020030115663 34.68630143336334
52.05905635055799 33.937122328148014
49.99791239995935 32.83988177294405
47.93676844936071 32.39656534453379
45.875624498762065 30.729166794603504
43.814480548163424 28.194386267387323
41.75333659756478 27.09803227952175
39.69219264696614 26.17981552951101
37.6310486963675 24.970173978284006
35.569904745768866 23.960854544607525
33.508760795170225 21.88516435896808
31.44761684457158 23.220062999712443
29.38647289397294 21.392256704490382
27.3253289433743 18.632267526346332
25.26418499277566 21.291446810875517
23.20304104217702 18.043035344167073
21.14189709157838 18.112900292022378
19.080753140979738 17.06781339235996
17.019609190381097 17.934506236381758
14.958465239782456 17.87926825276617
12.897321289183816 17.59348797771793
10.836177338585173 22.313727039907334
8.775033387986534 25.429051134846723
6.713889437387892 31.42224258285804
4.652745486789252 41.42427826162927
2.5916015361906113 52.74844167003148
0.5304575855919705 60.65427380726852
-1.5306863650066702 69.80871468404256
-3.5918303156053106 71.38449019266884
-5.652974266203952 67.14706072849692
-7.714118216802593 61.75658913842848
-9.775262167401234 59.34989971788494
-11.836406117999875 54.21309551298341
-13.897550068598514 47.90214378729609
-15.958694019197155 42.1517397501497
-18.019837969795795 38.448631310388244
-20.080981920394436 36.67176393540308
-22.142125870993077 34.24219010668944
-24.203269821591718 33.56378151070114
-26.264413772190363 33.540627528944746
-28.325557722789004 31.185764300373243
-30.38670167338764 31.58353503538792
-32.44784562398628 33.372884115565725
-34.50898957458492 33.96209381482407
-36.570133525183564 35.199333174001865
-38.631277475782205 34.90033399463619
-40.69242142638085 36.65386473992687
-42.75356537697949 36.65696243399974
-44.81470932757813 41.96376151755905
-46.87585327817677 46.610281860543495
-48.936997228775404 48.92588798156415
-50.99814117937405 53.65386054777725
-53.05928512997269 50.622180326033074
-55.120429080571334 51.007584828184406
-57.181573031169975 47.51960673770697
-59.242716981768616 46.109730861118905
-61.30386093236725 41.30033270263752
-63.36500488296589 41.731686322794154
-65.42614883356454 41.57000501543923
-67.48729278416317 39.735373649914216
-69.54843673476181 34.74668237961691
-71.60958068536046 28.52225247924824
-73.67072463595909 23.571205343876606
-75.73186858655774 17.956225236977886
-77.79301253715637 15.592009067758891
-79.85415648775503 13.814190084713651
-81.91530043835367 13.251037997743252
-83.9764443889523 15.253930451787973
-86.03758833955095 11.479600461933403
-88.09873229014958 11.59621640139417
-90.15987624074823 12.216222848056907
-92.22102019134687 14.102304573490391
-94.28216414194551 17.236568065235275
-96.34330809254415 17.897520951156974
-98.40445204314278 19.444802780704073
-100.46559599374142 17.99796889495712
-102.52673994434005 15.694435835104201
-104.5878838949387 13.853639464973257
-106.64902784553733 10.837023880127946
-108.71017179613598 11.480589287271517
-110.77131574673462 9.385681269314428
-112.83245969733326 9.037584740321206
-114.8936036479319 8.127534040061855
-116.95474759853053 7.328363817057987
-119.0158915491292 4.827697274891939
-121.07703549972783 6.602726240843167
-123.13817945032648 6.422266130751484
-125.19932340092511 5.826195479107772
-127.26046735152376 7.01271896049861
-129.3216113021224 4.492486504602992
-131.382755252721 5.145967977130335
-133.44389920331966 6.080243619240636
-135.5050431539183 5.2805544378616736
-137.56618710451696 5.394529906170789
-139.6273310551156 5.4486829618966794
-141.68847500571422 7.7562050664731155
-143.7496189563129 6.878443055498619
-145.81076290691152 7.268894456827708
-147.87190685751017 8.165706545332464
-149.9330508081088 6.124309446888268
-151.99419475870744 7.554447308475084
-154.05533870930608 6.323431598288357
-156.11648265990473 5.604122438295598
-158.17762661050335 5.591317090956967
-160.238770561102 6.321098402141721
-162.29991451170062 5.45357788106773
-164.3610584622993 6.715501373135118
-166.42220241289792 5.810368155903831
-168.48334636349657 5.862208559729564
-170.54449031409519 5.431523581721632
-172.60563426469383 5.5465253960347125
-174.66677821529248 6.136303092344402
-176.72792216589113 6.624069179771086
-178.78906611648978 5.214505588862209
-180.8502100670884 5.639620135423965
-182.91135401768707 4.516343041667572
-184.9724979682857 5.743412651827874
-187.03364191888434 4.837602948745452
-189.09478586948296 5.914296530425729
-191.1559298200816 4.318511485240072
-193.21707377068026 4.938110854410399
-195.2782177212789 6.59606275006838
-197.33936167187753 5.031321825849415
-199.40050562247617 5.691353279030402
-201.4616495730748 6.547783702243181
-203.52279352367347 4.8997322441925295
-205.5839374742721 7.333425080646252
-207.64508142487074 8.733278444052429
-209.70622537546936 5.41146036822486
-211.76736932606804 4.6452656964072805
-213.82851327666668 5.863184081508283
-215.8896572272653 8.05031626696669
-217.95080117786395 5.842011132900106
-220.01194512846257 5.636023106021283
-222.07308907906125 6.736843048275245
-224.13423302965987 6.434314061475756
-226.19537698025852 6.89849655190193
-228.25652093085714 7.807602245804166
-230.31766488145578 7.345403029659963
-232.37880883205443 7.219399332829738
-234.43995278265308 7.662434792902447
-236.5010967332517 8.618454336587405
-238.56224068385035 8.477826037563613
-240.623384634449 8.755044446993082
-242.68452858504764 8.071143912490852
-244.74567253564626 7.791493201627632
-246.8068164862449 10.30695456726006
-248.86796043684353 11.498192935214457
-250.9291043874422 13.857482078387676
-252.99024833804086 15.422754645862279
-255.05139228863948 15.49709524922551
-257.1125362392381 20.067383696498794
-259.1736801898368 18.790073450057033
-261.2348241404354 22.946813625302532
