# BEGINHEADER
# This file contains data from the SALSA 2m radio telescope.
# DATE=2021-12-04T08:42:0052
# GLON and GLAT given in degrees
# GLON=143.83331392994137
# GLAT=-5.235250795429185
# DATA in two columns below. Col. 1 is velocity relative to LSR [km/s]. Col. 2 is uncalibrated antenna temperature [K].
# ENDHEADER
259.9074024306987 5.996155422801415
257.84625848010006 10.669823517914299
255.7851145295014 8.143089709661407
253.7239705789028 9.8692394903662
251.66282662830415 11.94256087952547
249.6016826777055 11.928044052448666
247.54053872710685 10.952642948337502
245.47939477650823 11.961600978242076
243.41825082590958 10.400517167124569
241.35710687531093 11.019041803343066
239.29596292471228 12.46324721307743
237.23481897411364 11.008959906625995
235.17367502351502 11.253517704300268
233.11253107291637 11.364528777062674
231.05138712231772 12.091422233167405
228.99024317171907 12.806373280336024
226.92909922112045 10.951028557155205
224.8679552705218 11.43476744247446
222.80681131992318 11.040231188529237
220.7456673693245 11.030990794668721
218.6845234187259 12.23403333263461
216.62337946812724 12.781542443030574
214.56223551752862 11.860656530169592
212.50109156692997 12.918819244661464
210.43994761633132 11.128882617711634
208.37880366573268 12.026624647803487
206.31765971513406 13.86015908454552
204.2565157645354 10.53753840348453
202.19537181393676 10.7491437158941
200.1342278633381 11.62985850893213
198.07308391273946 12.406272428330755
196.01193996214084 11.367703908567837
193.9507960115422 13.670133813052699
191.88965206094355 11.053245233090768
189.8285081103449 11.799058666802612
187.76736415974628 13.729136158126687
185.70622020914763 12.62667367721282
183.645076258549 10.58767804085696
181.58393230795033 13.023779373261874
179.52278835735171 10.539941128520361
177.46164440675307 14.312277300150155
175.40050045615445 12.567711074264393
173.33935650555577 11.076894685606643
171.27821255495715 11.925832905110378
169.2170686043585 11.269695839408305
167.15592465375988 11.13474550264642
165.09478070316123 11.168183957084144
163.03363675256256 13.564767110510212
160.97249280196394 13.907405606325028
158.9113488513653 12.66682724787862
156.85020490076667 11.40756207150083
154.78906095016802 10.839606183206227
152.72791699956937 10.822564214659016
150.66677304897073 12.89282280274513
148.6056290983721 13.099680143665053
146.54448514777346 11.687479915209448
144.4833411971748 12.1380758233373
142.42219724657616 12.312779528513126
140.36105329597754 12.880520049186465
138.2999093453789 10.458977157191253
136.23876539478027 10.596609854628822
134.1776214441816 12.446705795845432
132.11647749358298 10.761145327954182
130.05533354298433 13.278528680611656
127.9941895923857 12.599000319954024
125.93304564178705 12.837426776868112
123.87190169118841 12.746708686367926
121.81075774058976 12.2528023356189
119.74961378999113 12.026053193979864
117.68846983939248 11.48480306894607
115.62732588879385 12.630407584092357
113.56618193819521 14.368452214562213
111.50503798759657 11.002773751701557
109.44389403699793 11.772194241680378
107.38275008639928 13.519606280168558
105.32160613580065 13.216467596028947
103.26046218520199 12.057902025563758
101.19931823460335 12.141910838597914
99.13817428400472 12.219396907750443
97.07703033340609 14.915316206576792
95.01588638280745 13.07926482306838
92.9547424322088 11.59551089536314
90.89359848161017 12.023428077364882
88.83245453101152 11.514008808947038
86.77131058041289 10.59980777120762
84.71016662981424 12.343982819420614
82.6490226792156 11.733886338052978
80.58787872861697 12.505378498807962
78.52673477801832 11.89262357563333
76.46559082741969 11.26139079277745
74.40444687682104 10.836790021660619
72.3433029262224 10.577583230540421
70.28215897562376 10.26914679942589
68.22101502502512 9.264365567723141
66.15987107442649 12.660174208903546
64.09872712382783 12.874825058648202
62.037583173229194 11.57372917676614
59.97643922263056 9.155192930402968
57.91529527203192 10.728601727781808
55.85415132143328 11.237355398442997
53.79300737083463 11.124557444583393
51.73186342023599 11.62558472958231
49.67071946963735 11.82996589742284
47.60957551903871 11.62524015033907
45.548431568440066 10.600342602917959
43.487287617841424 12.60161685871356
41.42614366724278 10.867969739305595
39.36499971664414 10.833678550625327
37.3038557660455 10.934558559228257
35.24271181544686 10.243218106488246
33.18156786484822 10.155433005847934
31.120423914249578 11.033512560629152
29.059279963650937 9.871036349179915
26.998136013052296 10.32556776409167
24.93699206245366 11.003192854485727
22.875848111855017 10.87523339092211
20.814704161256373 11.80211226101174
18.753560210657735 10.50317163254789
16.692416260059094 10.381562946408044
14.631272309460451 10.20886309441762
12.570128358861812 11.148269924421665
10.508984408263172 15.47970455660723
8.44784045766453 17.899896108781167
6.38669650706589 26.267014377055876
4.32555255646725 37.53545447277664
2.2644086058686086 45.78158301639403
0.20326465526996781 57.22486756837437
-1.8578792953286731 61.59107677419994
-3.9190232459273133 52.40182360689043
-5.980167196525954 53.637833273677515
-8.041311147124595 55.33918924480106
-10.102455097723237 52.42064822351273
-12.163599048321878 49.938928997862796
-14.224742998920517 49.36961350522878
-16.28588694951916 50.49773162868514
-18.3470309001178 50.22252088586203
-20.408174850716442 46.57050469287213
-22.46931880131508 42.41204159197785
-24.53046275191372 37.575409176293256
-26.591606702512365 37.9813231473331
-28.652750653111006 40.88235760157664
-30.713894603709644 37.658064456793774
-32.77503855430828 40.147634767624055
-34.83618250490692 39.65928168590573
-36.897326455505564 39.543751648756
-38.958470406104205 38.77180995055366
-41.01961435670285 37.094509125861386
-43.080758307301494 33.91123035883141
-45.141902257900135 32.11212842068478
-47.20304620849877 31.360550295532036
-49.26419015909741 27.491004828100852
-51.325334109696044 26.71289941514511
-53.386478060294685 25.80754962813938
-55.447622010893326 24.667653358060626
-57.50876596149197 22.978752361233735
-59.56990991209061 20.420049765286453
-61.63105386268926 20.447612705047387
-63.69219781328789 14.353571144597845
-65.75334176388654 16.607512842225166
-67.81448571448517 16.792016125227164
-69.87562966508382 16.074969007359392
-71.93677361568245 15.741702442398983
-73.99791756628109 15.030601689909798
-76.05906151687974 15.514732452743525
-78.12020546747837 15.562254564602323
-80.18134941807702 15.355839546963244
-82.24249336867565 13.758962848360135
-84.30363731927429 11.593725715328754
-86.36478126987294 12.643187864000751
-88.42592522047157 13.241149075008016
-90.48706917107023 12.540576619503813
-92.54821312166887 10.019222282886263
-94.60935707226751 10.605022887658325
-96.67050102286615 10.78465589521652
-98.73164497346478 10.846886387439303
-100.79278892406344 10.546711445204462
-102.85393287466208 8.486721251654137
-104.91507682526071 8.902562086783792
-106.97622077585936 8.089474790151423
-109.037364726458 7.7175871763440975
-111.09850867705664 7.15754030298417
-113.15965262765528 9.38913532589685
-115.22079657825392 8.180812907837918
-117.28194052885256 8.639221158698813
-119.34308447945119 8.673625933946974
-121.40422843004984 7.058888284634868
-123.46537238064847 7.452319618380523
-125.52651633124712 7.442072987378562
-127.58766028184576 5.702132690711558
-129.6488042324444 7.305805371598315
-131.70994818304305 7.438914735396611
-133.77109213364167 6.339710184171752
-135.83223608424032 8.023932418280083
-137.89338003483897 7.759834070193967
-139.95452398543762 6.970361220649558
-142.01566793603624 7.764824855911303
-144.07681188663489 7.614744713508767
-146.13795583723353 7.120124165573817
-148.19909978783218 6.881388236119438
-150.26024373843083 7.334903735824396
-152.32138768902945 5.204869115244935
-154.3825316396281 7.162169822756656
-156.44367559022675 8.882634999517103
-158.5048195408254 7.512424859018051
-160.56596349142401 6.53582601230199
-162.62710744202266 7.081388670273029
-164.68825139262128 6.909888046937122
-166.74939534321996 8.666309381528043
-168.81053929381858 8.360025631532382
-170.87168324441723 6.049594398884585
-172.93282719501585 8.175154664736645
-174.9939711456145 4.970218114434093
-177.05511509621314 6.440942645859123
-179.1162590468118 6.286906694433348
-181.1774029974104 5.670926294161606
-183.23854694800906 7.291257737560893
-185.29969089860774 6.370543004944782
-187.36083484920636 6.938985633298798
-189.421978799805 6.708565171783007
-191.48312275040362 6.278522834584103
-193.54426670100227 7.02462797723255
-195.60541065160092 6.14556502036769
-197.66655460219957 7.041989359940132
-199.7276985527982 6.850437230164548
-201.78884250339684 6.122536932409601
-203.84998645399546 7.218997698130406
-205.91113040459413 5.4917821534384
-207.97227435519275 6.031533417873179
-210.0334183057914 5.123914997200189
-212.09456225639002 5.807451796462731
-214.1557062069887 6.21489024857719
-216.21685015758732 7.4217308893995
-218.27799410818596 6.740949880095517
-220.33913805878458 7.101690111501348
-222.40028200938323 8.309651015734666
-224.4614259599819 3.78967078007164
-226.52256991058053 7.395138482649589
-228.58371386117918 6.725063063669527
-230.6448578117778 6.552527443467146
-232.70600176237645 5.558014725478523
-234.7671457129751 4.755510609328097
-236.82828966357374 6.490271533583016
-238.88943361417236 6.504912677138438
-240.950577564771 7.0105691456385175
-243.01172151536966 5.024127903477062
-245.0728654659683 6.417980285270052
-247.13400941656693 6.16459138182075
-249.19515336716557 6.127821987212674
-251.2562973177642 5.95185671366019
-253.31744126836287 6.031360205757377
-255.3785852189615 6.512395953823095
-257.4397291695601 9.18249945111693
-259.50087312015876 7.905633557201552
-261.5620170707574 7.805233712255353
-263.62316102135605 6.303359769796376
-265.6843049719547 8.542725779149777
