# BEGINHEADER
# This file contains data from the SALSA 2m radio telescope.
# DATE=2021-11-27T22:54:0006
# GLON and GLAT given in degrees
# GLON=150.86471870605394
# GLAT=-0.21700294889106328
# DATA in two columns below. Col. 1 is velocity relative to LSR [km/s]. Col. 2 is uncalibrated antenna temperature [K].
# ENDHEADER
265.5192801548436 1.4270641661244883
263.45813620424497 4.881144627146842
261.3969922536464 3.5044789339248164
259.33584830304767 4.36433936156225
257.274704352449 4.4952675418534564
255.2135604018504 4.755562764245016
253.15241645125178 5.350280424262223
251.0912725006531 4.301200245861356
249.03012855005449 6.533529057097546
246.96898459945584 6.357651063460569
244.90784064885722 4.245574638375469
242.84669669825857 4.708986852241271
240.78555274765992 6.302223710498611
238.72440879706127 7.339297782570249
236.66326484646265 6.180516182889389
234.602120895864 7.2563318950328295
232.54097694526538 7.104574143058571
230.4798329946667 7.639937291625436
228.4186890440681 6.100125408428361
226.35754509346944 6.741250607982931
224.29640114287082 5.97900111703098
222.23525719227217 6.930827427293111
220.17411324167352 5.490572208331808
218.11296929107488 7.0771522776266655
216.05182534047623 7.989719631323232
213.9906813898776 7.973889043010424
211.92953743927893 8.45155906699816
209.8683934886803 5.888600589278
207.80724953808166 8.090703208214988
205.74610558748304 7.56799866980321
203.6849616368844 8.335016897630643
201.62381768628575 7.482506313621661
199.5626737356871 6.803263192199116
197.50152978508848 6.4856079691903945
195.44038583448983 6.668239928767684
193.3792418838912 7.884876953624474
191.31809793329253 8.339308052944347
189.25695398269391 7.74731277506139
187.19581003209527 7.603058882659795
185.13466608149665 8.603156129625944
183.07352213089797 8.247138966318353
181.01237818029935 7.199323191164744
178.9512342297007 7.9929388479678085
176.89009027910205 6.4251865835952175
174.82894632850343 8.164812417224237
172.76780237790476 8.694975109835985
170.70665842730614 7.157343291922188
168.6455144767075 7.185218190152303
166.58437052610887 7.51011352698174
164.52322657551022 7.925957441870948
162.46208262491157 7.42137114318021
160.40093867431293 7.973288574725815
158.3397947237143 6.868044474172183
156.27865077311566 8.856250009548344
154.217506822517 8.671572979645246
152.15636287191836 7.4638296283854535
150.09521892131974 7.318894147968598
148.0340749707211 8.964518403887586
145.97293102012247 9.09223202090918
143.9117870695238 8.359598961493408
141.85064311892515 7.741320917671319
139.78949916832653 8.300207173011131
137.72835521772788 7.925211676744247
135.66721126712926 8.267942007393644
133.60606731653058 7.944267567138913
131.54492336593196 8.321702554764657
129.48377941533332 7.637734994181387
127.42263546473468 7.517619494021657
125.36149151413605 9.036429977462168
123.30034756353741 7.937323538937632
121.23920361293875 6.889459830699567
119.17805966234012 7.743358756931931
117.11691571174147 8.488346748397763
115.05577176114284 6.632839591325209
112.99462781054419 7.561577140586482
110.93348385994555 6.777847447051512
108.87233990934692 8.506521984576871
106.81119595874827 8.663408568724206
104.75005200814964 7.974771793242907
102.68890805755099 8.248542777642529
100.62776410695236 7.149706741594052
98.56662015635371 8.30206212122083
96.50547620575507 8.038738367798011
94.44433225515644 7.738117733713839
92.38318830455779 7.446160149812533
90.32204435395916 6.794587688233415
88.26090040336051 8.732255486360554
86.19975645276187 7.184332981087628
84.13861250216324 6.119559930001067
82.07746855156458 5.559195947181855
80.01632460096594 6.802186594256439
77.9551806503673 6.617621965801716
75.89403669976866 7.17081731807425
73.83289274917001 7.790112080503495
71.77174879857138 7.224889478376773
69.71060484797275 6.982194996767237
67.6494608973741 7.592407600458996
65.58831694677546 6.807687018655859
63.527172996176816 6.420898692351973
61.46602904557818 7.928458577087176
59.40488509497954 6.497166199062466
57.3437411443809 8.049106936124932
55.28259719378226 9.533129640583253
53.22145324318361 7.674855598933648
51.16030929258497 7.419883995629142
49.099165341986335 7.003694294968245
47.038021391387694 6.800196993098306
44.97687744078905 7.377540829178102
42.91573349019041 7.772140848195097
40.85458953959177 6.361701252871898
38.79344558899313 8.265730129757571
36.73230163839449 6.680145406212522
34.67115768779585 6.897588545765606
32.61001373719721 6.822525858488449
30.54886978659857 7.587920473841797
28.487725835999925 8.712739838699976
26.426581885401284 7.547475935680806
24.365437934802646 7.633452180655447
22.30429398420401 9.554269672943054
20.243150033605364 9.795164578507105
18.182006083006723 11.507042546984334
16.120862132408085 11.283501686439275
14.059718181809444 11.667315447380677
11.998574231210801 14.425590956036688
9.937430280612162 19.418899359707336
7.876286330013521 28.412804266798783
5.81514237941488 45.378545858162425
3.7539984288162387 59.766521023733844
1.6928544782175978 67.94924929006453
-0.36828947238104304 80.17785852458123
-2.4294334229796837 87.6994542188098
-4.490577373578324 94.35020210402257
-6.551721324176964 96.97784579074552
-8.612865274775606 92.54407899887464
-10.674009225374245 88.82060040666396
-12.735153175972886 83.64986190629958
-14.796297126571528 80.45100102405299
-16.85744107717017 82.02409652625555
-18.91858502776881 79.80930420852908
-20.97972897836745 78.55937291756759
-23.040872928966092 79.36297532950584
-25.102016879564733 85.42529291295378
-27.163160830163374 90.28148639911218
-29.22430478076202 98.31314015736774
-31.285448731360656 105.63313931475078
-33.3465926819593 106.07216221624975
-35.407736632557935 97.54401288743234
-37.468880583156576 90.48138155264273
-39.53002453375522 87.2068622385838
-41.59116848435386 78.50003740001134
-43.652312434952506 68.00585996001497
-45.71345638555115 62.679433678385834
-47.77460033614978 59.5115100640917
-49.83574428674842 54.720601959476014
-51.89688823734706 52.257544609679904
-53.958032187945705 48.46106371120611
-56.019176138544346 42.331043089914985
-58.08032008914299 36.50332905538073
-60.14146403974163 30.246516364720684
-62.20260799034027 24.979402329050277
-64.2637519409389 20.517250612810532
-66.32489589153755 19.626936227749702
-68.38603984213619 17.571142450990678
-70.44718379273482 15.657914624288358
-72.50832774333348 15.55365107145112
-74.56947169393212 13.034651366730587
-76.63061564453076 12.259402924848132
-78.6917595951294 11.108908307462263
-80.75290354572805 7.60922953200188
-82.81404749632668 7.56542040432647
-84.87519144692531 8.301864377985867
-86.93633539752396 7.0548093834523975
-88.9974793481226 7.0316375671927736
-91.05862329872124 5.7588180672681215
-93.11976724931988 4.274900025502051
-95.18091119991853 5.199969367136222
-97.24205515051716 4.0587142242653425
-99.3031991011158 3.5890533881643667
-101.36434305171444 3.74623749429041
-103.42548700231308 3.775824331479075
-105.48663095291172 4.519479746142981
-107.54777490351036 4.061527226483195
-109.60891885410899 3.3709968288884675
-111.67006280470765 3.8399607001780898
-113.73120675530629 2.9930957599550227
-115.79235070590494 4.050154258413445
-117.85349465650357 3.4286830294113417
-119.91463860710222 3.6140947290481775
-121.97578255770085 4.063286807223762
-124.03692650829949 2.8922670844141587
-126.09807045889814 3.20690581120679
-128.15921440949677 3.0858952043100296
-130.22035836009542 3.6679923357078827
-132.28150231069407 2.9986697432690677
-134.34264626129269 2.1948644446637973
-136.40379021189136 2.326316383005495
-138.46493416248998 2.257005941292056
-140.52607811308863 2.922435614437048
-142.58722206368725 2.812090543852108
-144.6483660142859 1.4402514558022543
-146.70950996488455 1.9351197097500539
-148.7706539154832 2.2312604853454423
-150.8317978660818 3.75112362419271
-152.89294181668046 2.5806506812259933
-154.95408576727908 1.768211650515267
-157.01522971787776 1.7298032766435898
-159.07637366847638 1.344790384142429
-161.13751761907503 3.38200085020949
-163.19866156967365 1.5714234860035454
-165.2598055202723 1.8348875774485098
-167.32094947087094 1.2942172307959556
-169.3820934214696 1.667870438283247
-171.44323737206824 1.4177020814448058
-173.50438132266686 1.5100035935166474
-175.56552527326554 1.124628160715006
-177.62666922386416 0.158593322042137
-179.6878131744628 0.8917573678781775
-181.74895712506142 0.2707805154844326
-183.81010107566007 1.374980881737128
-185.87124502625872 2.1184978561076835
-187.93238897685737 1.7236147229524228
-189.993532927456 1.3647618793400778
-192.05467687805464 1.9187864500923224
-194.11582082865326 1.7828796097229271
-196.17696477925193 0.960374994367888
-198.23810872985055 1.841382201592345
-200.2992526804492 -0.27075316366892793
-202.36039663104782 1.8227318786425992
-204.4215405816465 1.8793219125739133
-206.48268453224514 0.01290478239033729
-208.54382848284376 0.5826820778768944
-210.6049724334424 1.5825220015882546
-212.66611638404103 0.9844421537313106
-214.7272603346397 0.8553878631479473
-216.78840428523833 1.1016462439555021
-218.84954823583698 1.1891440611886048
-220.9106921864356 1.8303506248309866
-222.97183613703424 -0.14019558021274975
-225.0329800876329 0.9292979943039749
-227.09412403823154 1.0069631419996095
-229.15526798883016 1.5725809248011542
-231.2164119394288 1.8385386766984086
-233.27755589002746 0.3408368785243373
-235.3386998406261 0.03967156499389291
-237.39984379122473 0.625070156439647
-239.46098774182337 0.8194749353698857
-241.522131692422 0.29585950671388184
-243.58327564302067 2.295594909783345
-245.64441959361932 0.061919559494956984
-247.70556354421794 1.7509706099990008
-249.7667074948166 1.5417712845782034
-251.8278514454152 2.3335653291093856
-253.88899539601388 0.47491430568620735
-255.9501393466125 2.0184077613523046
-258.01128329721115 3.2670760874064197
-260.0724272478098 2.9427567361259936
