# BEGINHEADER
# This file contains data from the SALSA 2m radio telescope.
# DATE=2021-11-27T23:36:0057
# GLON and GLAT given in degrees
# GLON=220.81292263130834
# GLAT=-0.19573049098486123
# DATA in two columns below. Col. 1 is velocity relative to LSR [km/s]. Col. 2 is uncalibrated antenna temperature [K].
# ENDHEADER
265.11975371226373 2.019176278911205
263.0586097616651 4.765939629760475
260.99746581106643 2.895316386048855
258.9363218604678 2.8656253630686965
256.87517790986914 4.8786358233683895
254.81403395927052 5.343258646906771
252.7528900086719 5.370186861037646
250.69174605807325 5.110969129433776
248.63060210747457 4.83477498428718
246.56945815687595 6.104226391926265
244.5083142062773 7.04086564579852
242.44717025567869 5.50660127972289
240.38602630508004 6.5704792542178
238.3248823544814 6.424994376591081
236.26373840388274 5.910296656713053
234.20259445328412 6.45621148506611
232.14145050268547 6.304589754581492
230.08030655208682 6.57868840073686
228.01916260148818 5.833819459251879
225.95801865088956 6.826248434654217
223.8968747002909 6.031738651406476
221.8357307496923 5.249849484284318
219.7745867990936 5.854012595769704
217.713442848495 5.86524379236238
215.65229889789634 7.397300796031304
213.59115494729772 7.02483637162997
211.53001099669908 6.790850800769176
209.4688670461004 6.630474569783778
207.40772309550178 7.225353020323827
205.34657914490313 6.635301884692947
203.2854351943045 5.513005697056652
201.22429124370584 7.35801917122611
199.16314729310722 6.894425684771012
197.10200334250854 6.535957210597973
195.04085939190992 7.25890969653778
192.97971544131127 7.232469122095137
190.91857149071265 7.015696763876068
188.85742754011397 6.54398204588753
186.79628358951535 7.634259845030381
184.7351396389167 5.704996364491397
182.6739956883181 5.382824473735257
180.61285173771944 7.3106225663176705
178.5517077871208 6.594378367734719
176.49056383652214 7.391766426858226
174.4294198859235 6.78546788168409
172.36827593532487 7.1654303534517085
170.30713198472623 7.400988462669421
168.24598803412758 7.608173286706009
166.18484408352893 6.416269315164645
164.1237001329303 5.938509948677912
162.06255618233166 5.734747362857589
160.001412231733 7.319083968717153
157.94026828113437 6.972127252216226
155.87912433053575 7.357310241071152
153.8179803799371 6.452764787284213
151.75683642933848 7.114100726295803
149.6956924787398 6.292400234002399
147.63454852814118 6.602038149496639
145.57340457754253 7.4548366159491035
143.5122606269439 5.8344540443306725
141.45111667634526 8.01575030074009
139.38997272574662 7.019603696408351
137.32882877514797 6.643723671845477
135.26768482454932 5.731965221492578
133.2065408739507 7.090522641328458
131.14539692335202 5.951937346695417
129.0842529727534 7.826118437132399
127.02310902215477 6.33625719453402
124.96196507155614 5.92532182970802
122.90082112095749 7.374990536865125
120.83967717035885 7.088839031980634
118.7785332197602 5.968698435476047
116.71738926916156 6.197972410559892
114.65624531856292 6.624724337720976
112.59510136796428 6.469699914681017
110.53395741736564 7.223099767726753
108.472813466767 8.277334947266564
106.41166951616836 7.422771918808514
104.35052556556971 7.404543826709172
102.28938161497108 7.288732223903111
100.22823766437244 7.863709011977514
98.1670937137738 8.558377223363026
96.10594976317516 6.314571108750664
94.04480581257651 8.67628648153589
91.98366186197788 8.041552676533843
89.92251791137923 9.694966093092239
87.8613739607806 9.590496300593022
85.80023001018196 10.11139567196159
83.73908605958331 12.822049599664036
81.67794210898468 11.772627745387867
79.61679815838603 13.543340202066442
77.55565420778738 15.595892025383263
75.49451025718874 17.331453701752068
73.4333663065901 19.662660648278454
71.37222235599147 26.31473922580162
69.31107840539282 31.518857460845936
67.24993445479419 37.828847774938474
65.18879050419555 44.76261184831005
63.127646553596904 52.24275884401333
61.06650260299826 56.52765688799084
59.00535865239962 64.37407794599723
56.94421470180098 68.49829616192773
54.88307075120234 70.21528072879671
52.821926800603705 70.84349111109879
50.760782850005064 64.11768013640189
48.69963889940642 57.88543576710086
46.63849494880778 52.81060584566927
44.57735099820914 50.04521002887207
42.5162070476105 49.687835677827216
40.45506309701186 53.43818690853245
38.39391914641322 54.917178642744155
36.33277519581458 54.89438512026742
34.27163124521594 53.14899049166545
32.2104872946173 53.12329343960543
30.149343344018657 52.414537039533805
28.088199393420016 53.583623950493276
26.027055442821375 55.88883815200584
23.96591149222273 60.98912088918845
21.90476754162409 68.27850227208663
19.84362359102545 75.62607175717626
17.78247964042681 83.15952092490143
15.721335689828168 84.46162560794006
13.660191739229527 76.61597303562607
11.599047788630887 62.61217870286818
9.537903838032248 48.63836407517327
7.476759887433606 43.608221870338745
5.415615936834966 39.270669054755885
3.354471986236324 38.984088667855985
1.2933280356376835 35.21941545693909
-0.7678159149609571 29.599359213541415
-2.828959865559598 22.79119558712565
-4.8901038161582395 17.89705301782005
-6.95124776675688 14.085972773187759
-9.01239171735552 10.72379435323545
-11.073535667954161 9.971376748315992
-13.134679618552802 9.510886776145417
-15.195823569151443 7.975217417191923
-17.256967519750084 7.974038900706461
-19.318111470348725 7.1741822484145015
-21.379255420947363 7.705179382919625
-23.440399371546008 6.7853572865649
-25.501543322144645 6.040524463039068
-27.562687272743286 6.206514589855093
-29.623831223341924 4.59411878234054
-31.684975173940565 4.647047744144668
-33.746119124539206 5.386596701594346
-35.80726307513785 4.598499850880195
-37.86840702573649 5.633715149810454
-39.92955097633513 5.917687262492161
-41.99069492693377 6.267981477734228
-44.05183887753241 3.4628284947836896
-46.11298282813105 4.249960666979464
-48.17412677872969 5.453016806108935
-50.23527072932834 5.443718107155895
-52.29641467992698 4.298553639130877
-54.357558630525624 4.926934815075802
-56.418702581124265 4.70892292406983
-58.4798465317229 4.038219891865505
-60.54099048232154 5.1737421293234815
-62.60213443292018 3.3489687082713013
-64.66327838351883 4.3081619950995265
-66.72442233411746 4.548166346079191
-68.7855662847161 5.358908555413212
-70.84671023531475 2.7483285795534713
-72.90785418591338 3.6686548273792896
-74.96899813651203 2.739381259951936
-77.03014208711068 2.1953678493791995
-79.09128603770931 4.123144647228304
-81.15242998830796 3.1233831379492893
-83.21357393890659 2.7390653266985177
-85.27471788950524 3.621226798225013
-87.33586184010387 3.5932523022583727
-89.39700579070252 1.7364085965761016
-91.45814974130116 3.798450271204655
-93.51929369189979 2.343024769608215
-95.58043764249844 2.3987327857658385
-97.64158159309707 3.0256196333346015
-99.70272554369572 2.254309662012683
-101.76386949429435 1.766883036543224
-103.825013444893 1.1457845311256185
-105.88615739549164 2.2666552515733556
-107.94730134609027 1.8789087191004579
-110.00844529668892 2.0713359894946075
-112.06958924728755 2.7912576151167974
-114.13073319788622 1.6427107524008209
-116.19187714848485 3.1682034983270735
-118.2530210990835 2.0163495837403507
-120.31416504968213 2.755266431118478
-122.37530900028077 1.2757841461673254
-124.43645295087941 2.3324038086216583
-126.49759690147805 3.190312440265799
-128.55874085207668 1.5664962910925442
-130.61988480267533 1.2132727885904497
-132.68102875327398 3.611517191771806
-134.74217270387263 2.490595321701106
-136.80331665447125 2.7531768444229265
-138.8644606050699 2.232724608121038
-140.92560455566854 1.4633400607890483
-142.9867485062672 1.313266171819429
-145.0478924568658 1.3711617378381626
-147.10903640746446 1.1415973091716132
-149.17018035806308 1.0807657658170637
-151.23132430866175 1.861177497648868
-153.29246825926037 1.5912999837512394
-155.35361220985902 1.961375500466217
-157.41475616045764 2.9497211161374706
-159.47590011105632 1.824073988107759
-161.53704406165494 1.9973794741591722
-163.5981880122536 1.1915709674158985
-165.6593319628522 1.32627029070947
-167.72047591345085 1.5785263820939994
-169.7816198640495 0.858063378394039
-171.84276381464815 0.804340228363688
-173.9039077652468 0.1638794991530674
-175.96505171584542 0.6534610251758394
-178.02619566644407 1.0713572781997054
-180.08733961704272 0.6983430296912908
-182.14848356764136 1.8151416186817713
-184.20962751823998 0.6945829114308987
-186.27077146883863 1.264164436275559
-188.33191541943728 1.4894591646159303
-190.39305937003593 1.0614143500692932
-192.45420332063455 1.5042034983699413
-194.5153472712332 0.26385788600701304
-196.57649122183182 1.3556636652478
-198.63763517243046 2.0971348768436022
-200.69877912302908 1.8634183250091703
-202.75992307362773 0.9276289376374761
-204.82106702422635 -0.19056969468909774
-206.88221097482503 0.8448327818870243
-208.94335492542365 2.095514211185567
-211.0044988760223 -0.25861613674673944
-213.06564282662094 1.8077453220415975
-215.1267867772196 0.21858229784716174
-217.18793072781824 -0.07323854222662211
-219.24907467841686 0.9809251722664543
-221.3102186290155 -1.0880713027685422
-223.37136257961413 0.47891142125649344
-225.4325065302128 -0.09904015687610866
-227.49365048081143 0.5037752257944891
-229.55479443141007 1.2824225197700938
-231.6159383820087 0.8171071151899532
-233.67708233260734 0.1612044190411553
-235.738226283206 1.0479097653331344
-237.79937023380464 1.5789259312640442
-239.86051418440326 1.2967541642397948
-241.9216581350019 1.070588151221907
-243.98280208560053 0.13512425169562242
-246.0439460361992 0.5681035265848978
-248.10508998679782 1.3558997000095203
-250.16623393739647 1.909351325800919
-252.22737788799512 0.8114745986738768
-254.28852183859377 1.3801879552629779
-256.3496657891924 1.5491030574605287
-258.41080973979103 2.5133827328886524
-260.4719536903897 1.5687379304313196
