# BEGINHEADER
# This file contains data from the SALSA 2m radio telescope.
# DATE=2021-12-04T08:49:0044
# GLON and GLAT given in degrees
# GLON=60.02469583176214
# GLAT=45.12315540481281
# DATA in two columns below. Col. 1 is velocity relative to LSR [km/s]. Col. 2 is uncalibrated antenna temperature [K].
# ENDHEADER
289.23489029698055 9.826347921905967
287.1737463463819 18.619227029516814
285.11260239578326 14.381664904010561
283.05145844518466 16.68059270568602
280.99031449458596 15.954849442880853
278.92917054398737 13.873733180438043
276.8680265933887 15.810491309671418
274.80688264279 19.228524483865503
272.7457386921914 18.520647652314448
270.6845947415928 19.149090476171775
268.6234507909942 13.867694151340926
266.5623068403955 13.838597628618066
264.50116288979683 15.847838644712475
262.44001893919824 21.1536477669789
260.3788749885996 18.32942188320116
258.31773103800094 19.18440054923387
256.2565870874023 19.817664640434607
254.19544313680368 15.53610829177815
252.13429918620503 17.60086294318858
250.07315523560638 18.8337730454546
248.01201128500773 18.99644411797406
245.9508673344091 17.412574513288803
243.88972338381046 17.006197581149337
241.8285794332118 17.865008729744154
239.76743548261317 20.13501211004046
237.70629153201452 18.356104671676118
235.6451475814159 17.49405338342698
233.58400363081725 18.822380183744947
231.5228596802186 17.25192637820503
229.46171572961995 17.80302065507135
227.40057177902133 19.347946531342714
225.33942782842269 17.66237647205323
223.27828387782407 19.100317404077767
221.2171399272254 18.81120429777486
219.15599597662677 18.790766165113954
217.09485202602812 18.828213123110427
215.0337080754295 19.031426882593415
212.97256412483082 19.609601676192252
210.9114201742322 18.523797500335647
208.85027622363356 18.483026092787636
206.78913227303494 18.41496240695806
204.7279883224363 19.91435879735043
202.6668443718376 17.25828785526821
200.605700421239 17.618454473913282
198.54455647064034 16.444223939951396
196.4834125200417 15.918464748359801
194.42226856944305 19.699517698685227
192.36112461884443 19.501856270954406
190.29998066824575 16.85845774039574
188.23883671764713 18.943507305981143
186.17769276704848 18.35224993378642
184.11654881644986 17.423771724253772
182.05540486585122 17.833165576904626
179.99426091525257 19.050947026227547
177.93311696465392 16.99857393223682
175.8719730140553 17.23454551617361
173.81082906345665 19.717306424552085
171.749685112858 19.647359270291677
169.68854116225936 19.357292456093155
167.62739721166074 17.273781593968355
165.5662532610621 16.980680917708145
163.50510931046344 17.61253692246817
161.4439653598648 15.555350473115022
159.38282140926614 17.81171511564956
157.32167745866752 18.04155895731591
155.26053350806887 17.774712334206004
153.19938955747025 15.087444962068622
151.13824560687158 16.86120649756325
149.07710165627296 17.913935677029578
147.0159577056743 16.188179962066105
144.9548137550757 18.640950559699867
142.89366980447704 18.09158064636253
140.8325258538784 18.450646730306882
138.77138190327975 17.610874531895234
136.71023795268113 18.286970248551473
134.64909400208248 18.408270242684466
132.58795005148383 16.43509991847033
130.52680610088518 16.777340206812646
128.46566215028656 19.88901314611907
126.40451819968791 17.32268680182196
124.34337424908927 19.47334677562578
122.28223029849063 18.07335975616999
120.22108634789198 16.88866824546543
118.15994239729335 20.46325724220819
116.0987984466947 17.011031705400704
114.03765449609607 17.938163596033515
111.97651054549743 17.71499877249218
109.91536659489879 18.040924006846716
107.85422264430015 15.60450592886459
105.79307869370149 16.763707801716087
103.73193474310285 20.5350581743563
101.67079079250422 17.77868243765764
99.60964684190557 15.50218994039056
97.54850289130694 17.597305557091826
95.4873589407083 16.093849099783966
93.42621499010967 17.38096463826479
91.36507103951102 19.166197791058927
89.30392708891239 15.897633257111117
87.24278313831374 16.505446632936934
85.1816391877151 17.667103604479866
83.12049523711646 18.96360429553352
81.05935128651782 14.078811453651173
78.99820733591919 16.336225104995645
76.93706338532054 16.839377485470155
74.87591943472191 17.1904278376714
72.81477548412326 16.62747755274622
70.75363153352463 16.38259622616423
68.69248758292598 19.91459503488621
66.63134363232733 17.241518522415785
64.5701996817287 14.932314261695822
62.509055731130054 16.239569053449728
60.44791178053142 16.621730430889276
58.38676782993277 14.278093732415554
56.32562387933413 19.274227574456322
54.26447992873549 18.469217829976884
52.20333597813685 16.22659820564601
50.14219202753821 18.586668138927422
48.08104807693957 17.825406932276135
46.01990412634093 15.122531498028117
43.95876017574229 15.473945918740181
41.89761622514365 16.81319219316406
39.83647227454501 15.927612072675606
37.77532832394636 15.623104758583668
35.71418437334772 19.18657729402256
33.65304042274908 19.384625168957573
31.59189647215044 17.604401906512166
29.5307525215518 16.44000871429774
27.469608570953163 18.086099709077285
25.408464620354522 15.977282866425618
23.347320669755877 19.09236523143192
21.28617671915724 19.08825887337393
19.2250327685586 19.157850623381417
17.163888817959958 19.487299940507476
15.102744867361316 16.40826968707799
13.041600916762677 17.95478869501187
10.980456966164034 22.15499835119526
8.919313015565393 19.442753793907258
6.858169064966753 19.13014888675357
4.797025114368112 20.988283772202845
2.7358811637694713 19.66310579299693
0.6747372131708302 20.566698291698426
-1.3864067374278104 18.824933888660883
-3.4475506880264506 19.753199903932043
-5.508694638625093 22.624889666228494
-7.569838589223733 20.46591093510723
-9.630982539822373 17.88839659684496
-11.692126490421016 19.477673369600247
-13.753270441019655 18.22746185688918
-15.814414391618294 18.988379770545553
-17.875558342216937 17.4073009040886
-19.936702292815575 16.917324347048964
-21.997846243414216 14.347052004165299
-24.05899019401286 14.09241891914823
-26.120134144611498 18.569431895195883
-28.18127809521014 16.796375967618104
-30.24242204580878 15.075528954355848
-32.30356599640742 14.311212432051807
-34.36470994700606 13.845432817998848
-36.425853897604696 16.154656769204614
-38.486997848203345 16.636673464079383
-40.548141798801986 14.811719558982226
-42.60928574940063 15.085687872950544
-44.67042969999927 15.869233206973195
-46.73157365059791 13.879008029003309
-48.79271760119655 13.07294771622331
-50.853861551795184 14.114191593997866
-52.915005502393825 14.509062276215763
-54.976149452992466 14.293319983053426
-57.03729340359111 16.46932738320742
-59.098437354189755 15.78984118161964
-61.1595813047884 13.870010485893866
-63.22072525538704 14.73189872537488
-65.28186920598567 15.751352329637566
-67.34301315658432 13.139784634426057
-69.40415710718295 14.905017558166138
-71.46530105778159 11.19535326728716
-73.52644500838024 15.362181211541067
-75.58758895897887 12.707356037401466
-77.64873290957752 11.73654672333306
-79.70987686017615 15.861769635275147
-81.7710208107748 11.904319729152435
-83.83216476137343 12.1632606830878
-85.89330871197207 15.233707693729952
-87.95445266257073 12.244323871269783
-90.01559661316936 12.781593633504345
-92.07674056376801 14.115853004775454
-94.13788451436665 13.125279546598259
-96.1990284649653 14.439130172423253
-98.26017241556393 14.131038709521105
-100.32131636616258 12.695533696950552
-102.38246031676123 12.568783817569743
-104.44360426735986 15.101355520747477
-106.5047482179585 12.349484289065217
-108.56589216855714 11.786625021895544
-110.62703611915578 14.500963170896826
-112.68818006975442 13.57027519152526
-114.74932402035306 14.192823811762747
-116.8104679709517 14.832516126296273
-118.87161192155034 13.558137414652085
-120.93275587214897 14.097795664081307
-122.99389982274762 12.122710770971448
-125.05504377334627 12.556285225526334
-127.11618772394492 12.727724798280951
-129.17733167454355 13.575999042136448
-131.2384756251422 11.561636742723172
-133.29961957574082 11.899187426038399
-135.36076352633947 11.847260480580205
-137.4219074769381 10.862463563700773
-139.48305142753676 13.332307195387674
-141.54419537813538 14.636551894473103
-143.60533932873403 11.733931167908846
-145.66648327933268 15.612277477825847
-147.7276272299313 11.474851780061494
-149.78877118052998 12.074047714764827
-151.8499151311286 12.177206651035958
-153.91105908172725 13.428003653801415
-155.97220303232587 13.719451742268657
-158.03334698292454 12.744313507685977
-160.09449093352316 11.171924323306188
-162.1556348841218 11.308809092959667
-164.21677883472043 12.206175735476345
-166.27792278531908 13.85655179907965
-168.33906673591773 15.33256785107492
-170.40021068651637 13.281065461526673
-172.461354637115 12.210756716208058
-174.52249858771364 11.670458832141566
-176.58364253831226 10.295596027605034
-178.64478648891094 13.619647504556688
-180.70593043950956 11.59965304490301
-182.7670743901082 11.210940331921575
-184.82821834070685 12.941837097819633
-186.8893622913055 12.561849153814883
-188.95050624190415 13.608916634835994
-191.01165019250277 10.998121714741316
-193.07279414310142 12.247205436639362
-195.13393809370004 11.578559312196735
-197.19508204429872 13.474060754952038
-199.2562259948973 11.357011706787835
-201.31736994549595 12.820296026599964
-203.37851389609457 15.304194288214159
-205.43965784669325 12.108933026616972
-207.50080179729187 13.122175683102665
-209.56194574789052 12.467877253465982
-211.62308969848914 13.021088872607718
-213.68423364908782 14.176446201107051
-215.74537759968644 13.38330279866505
-217.80652155028508 12.485825119376988
-219.8676655008837 12.415742234593486
-221.92880945148235 13.9918124298773
-223.98995340208103 12.582207962718128
-226.05109735267965 13.990687074417119
-228.1122413032783 15.408959220842
-230.17338525387692 12.767918214793388
-232.23452920447556 14.81923899058865
-234.2956731550742 11.190482955392248
-236.35681710567286 15.71243891218887
