# BEGINHEADER
# This file contains data from the SALSA 2m radio telescope.
# DATE=2021-11-28T11:34:0030
# GLON and GLAT given in degrees
# GLON=31.80260516583515
# GLAT=0.31376817910500876
# DATA in two columns below. Col. 1 is velocity relative to LSR [km/s]. Col. 2 is uncalibrated antenna temperature [K].
# ENDHEADER
265.1370392620636 -5.372172730975958
263.07589531146493 -10.970689316997683
261.0147513608663 -9.554710341387336
258.95360741026764 -12.077435533812997
256.892463459669 -9.788179073234456
254.83131950907034 -10.826329455465649
252.77017555847172 -11.259146835846623
250.70903160787307 -10.466332127361843
248.64788765727445 -12.081900225636373
246.58674370667578 -11.591673850846547
244.52559975607713 -12.404977091218882
242.4644558054785 -11.185326331068058
240.40331185487986 -12.28273573821041
238.34216790428124 -10.625007727121769
236.28102395368256 -10.67174422154857
234.21988000308394 -12.235767160794747
232.1587360524853 -12.121466528806923
230.09759210188668 -11.41718053024073
228.036448151288 -12.032240575548984
225.97530420068938 -12.560287835446482
223.91416025009073 -11.860917012717696
221.8530162994921 -10.818313970356
219.79187234889346 -12.97587925657858
217.73072839829481 -12.601277376161377
215.66958444769617 -12.257973338763854
213.60844049709755 -12.044336998913623
211.5472965464989 -11.269589359763467
209.48615259590028 -11.857293119075706
207.4250086453016 -11.83495693802107
205.36386469470295 -11.104215819074337
203.30272074410433 -11.10761533531419
201.2415767935057 -10.519360899802034
199.18043284290704 -11.343953781101709
197.1192888923084 -11.894351492945797
195.05814494170977 -10.054616827961716
192.99700099111112 -11.64653312132325
190.9358570405125 -10.682842588916913
188.87471308991383 -10.10449176322426
186.8135691393152 -10.999220996185027
184.75242518871656 -11.752973298603084
182.69128123811794 -10.46664517114361
180.6301372875193 -11.042904060031049
178.56899333692064 -10.133243029594835
176.507849386322 -10.836742422449523
174.44670543572337 -11.341909593002859
172.38556148512473 -10.195735154991407
170.3244175345261 -11.119584449126137
168.26327358392743 -10.552470547203871
166.20212963332878 -10.784913419633696
164.14098568273016 -9.410736866949428
162.0798417321315 -11.939260081649506
160.01869778153286 -10.174632897115664
157.95755383093422 -9.725852615938853
155.8964098803356 -11.499061619812087
153.83526592973695 -10.34400202895272
151.77412197913833 -10.444617513526401
149.71297802853965 -11.230446399206896
147.65183407794103 -10.789360305508701
145.59069012734238 -10.652563882391451
143.52954617674376 -10.068769634127138
141.46840222614512 -9.917870146754174
139.40725827554647 -8.827396620171927
137.34611432494782 -11.499007519133905
135.2849703743492 -11.101602918086375
133.22382642375055 -9.6241186375161
131.16268247315188 -12.334814031974853
129.10153852255326 -10.437333640281848
127.04039457195462 -10.199227299401338
124.97925062135599 -8.819821689438488
122.91810667075734 -9.112345036966605
120.8569627201587 -10.051768650650692
118.79581876956006 -8.414859497466553
116.73467481896142 -7.328734261947516
114.67353086836279 -6.317642177183456
112.61238691776414 -6.367655370228892
110.55124296716549 -4.038173825463838
108.49009901656684 -2.430792632664824
106.42895506596821 -1.3524233586673342
104.36781111536956 1.6615444880333976
102.30666716477093 3.7609767712904882
100.2455232141723 3.697090751211028
98.18437926357363 5.470687063625968
96.123235312975 5.371575082285998
94.06209136237636 5.982713275390615
92.00094741177772 5.590517210963784
89.93980346117908 7.50476736275842
87.87865951058043 8.302927228592091
85.8175155599818 8.042245429555864
83.75637160938315 8.379173938443795
81.69522765878452 8.07385256747007
79.63408370818588 9.724763546550212
77.57293975758724 8.279651108378854
75.5117958069886 8.874352389308262
73.45065185638994 6.921981281718731
71.3895079057913 8.150174921280037
69.32836395519266 7.264827161717097
67.26722000459402 6.76520695656528
65.20607605399539 7.0637944202793115
63.14493210339674 6.028785741460084
61.0837881527981 7.915750340232909
59.022644202199466 6.386586334411452
56.961500251600825 8.318322724084702
54.900356301002184 10.804242351907986
52.83921235040354 12.476191171463709
50.7780683998049 10.90593303036567
48.71692444920627 13.495758275040197
46.655780498607626 14.708808007142792
44.59463654800898 13.562578802683376
42.533492597410344 14.067745403991902
40.4723486468117 12.606771691833458
38.41120469621306 12.27798963950773
36.35006074561442 12.869168320278956
34.28891679501578 12.097952946807474
32.22777284441714 14.798631327094522
30.1666288938185 15.886371457386346
28.105484943219857 17.24271355513925
26.044340992621215 19.70306729376368
23.983197042022578 21.94713258235969
21.922053091423937 19.73496405040306
19.860909140825292 22.473947884490077
17.799765190226655 22.86501122145913
15.738621239628014 27.446813166928
13.677477289029374 30.49595929464663
11.616333338430731 27.11695350280854
9.555189387832092 26.375598236262995
7.494045437233451 25.665945400888738
5.43290148663481 23.067681927257308
3.371757536036169 24.1865027183469
1.310613585437528 20.466277355751046
-0.7505303651611128 17.220414968974797
-2.811674315759754 9.539763989869702
-4.872818266358394 5.085243076861483
-6.933962216957035 2.088335472070718
-8.995106167555676 -0.42104374643863113
-11.056250118154315 -1.06157630327238
-13.117394068752958 -0.4564366134396608
-15.178538019351597 1.2840024916343795
-17.239681969950237 0.6707446640634401
-19.30082592054888 0.2534764659677267
-21.361969871147522 1.8254095438662534
-23.42311382174616 2.5063354045907853
-25.4842577723448 0.637432570046246
-27.545401722943442 1.4787510861790556
-29.606545673542083 2.1071696901401498
-31.667689624140724 2.8920535203689273
-33.72883357473937 2.7736677134483334
-35.78997752533801 2.977145230627558
-37.85112147593665 2.5413605335486102
-39.912265426535285 1.9028016399118284
-41.973409377133926 0.7380245363673994
-44.03455332773257 0.09734944427949928
-46.09569727833121 2.015304322342316
-48.15684122892985 -1.3628083998557363
-50.2179851795285 -1.9913895981736902
-52.27912913012714 -0.765811477280911
-54.34027308072578 -3.8309714285654746
-56.40141703132442 -5.752702835912047
-58.46256098192306 -4.860625149974093
-60.5237049325217 -6.204000389889012
-62.584848883120344 -5.53596095713561
-64.64599283371898 -6.439293034892552
-66.70713678431763 -5.553735765654892
-68.76828073491626 -6.910516974451281
-70.82942468551491 -6.879154128379139
-72.89056863611354 -5.226044977053804
-74.95171258671218 -8.601978717622872
-77.01285653731082 -8.672532599278101
-79.07400048790946 -6.934028329265395
-81.13514443850812 -5.8203875625197785
-83.19628838910675 -8.837623897320002
-85.25743233970539 -7.565354696517596
-87.31857629030404 -8.647870713328075
-89.37972024090267 -9.644399345352886
-91.44086419150132 -7.212279318679746
-93.50200814209995 -7.91546966355865
-95.5631520926986 -7.7958690038858025
-97.62429604329724 -7.965769751906207
-99.68543999389587 -8.39120261596014
-101.7465839444945 -7.539526014648332
-103.80772789509315 -8.14843515363586
-105.86887184569179 -8.333704711328853
-107.93001579629042 -7.336874653080877
-109.99115974688907 -7.5524871068141195
-112.0523036974877 -7.874701592746662
-114.11344764808635 -7.140851981348535
-116.17459159868498 -8.312112902835946
-118.23573554928363 -8.141551209922463
-120.29687949988227 -7.669593086146832
-122.35802345048091 -8.183516061775345
-124.41916740107956 -6.43801545225448
-126.4803113516782 -8.073812884156503
-128.54145530227683 -8.80959839649115
-130.60259925287548 -5.695415884650848
-132.66374320347413 -8.137269643908553
-134.72488715407275 -7.71558840067896
-136.7860311046714 -7.970952769064611
-138.84717505527001 -7.659877279518049
-140.9083190058687 -7.278444777504038
-142.96946295646734 -7.627942879197309
-145.03060690706596 -7.13772245730871
-147.0917508576646 -6.702009826551974
-149.15289480826323 -8.323318116688904
-151.2140387588619 -10.119120506378271
-153.27518270946052 -7.210528992921171
-155.33632666005917 -8.124101202877293
-157.3974706106578 -7.422197955154869
-159.45861456125647 -7.171919221281801
-161.5197585118551 -7.607096210097206
-163.58090246245374 -7.563539688878341
-165.64204641305236 -9.380693917254716
-167.703190363651 -7.331452884209999
-169.76433431424965 -6.407309557548817
-171.8254782648483 -8.661646388797575
-173.88662221544692 -8.688692936874311
-175.94776616604557 -7.8480991371794815
-178.0089101166442 -7.656813583666229
-180.07005406724286 -7.072371903855024
-182.1311980178415 -6.506328184893096
-184.19234196844013 -7.191767339503516
-186.25348591903878 -7.512233361798595
-188.31462986963743 -7.927213894619637
-190.37577382023608 -8.408246145325434
-192.4369177708347 -8.267911258181426
-194.49806172143334 -7.629834636372543
-196.55920567203196 -8.820021132856565
-198.62034962263064 -7.18545636129747
-200.68149357322926 -7.577863140633586
-202.7426375238279 -7.437425218250773
-204.80378147442653 -6.462993199177701
-206.86492542502518 -8.718367145454396
-208.92606937562383 -8.318329344768744
-210.98721332622247 -6.169575832786586
-213.0483572768211 -9.088599054006435
-215.10950122741974 -8.40541236700499
-217.17064517801836 -7.811468380679566
-219.23178912861704 -8.103246893148581
-221.2929330792157 -7.534052144172071
-223.3540770298143 -8.147396416598102
-225.41522098041295 -6.784044686417867
-227.4763649310116 -8.231546420825728
-229.53750888161025 -8.745152312876991
-231.59865283220887 -9.32687931977239
-233.65979678280752 -9.131304338722085
-235.72094073340614 -8.070795426375948
-237.78208468400481 -9.793329435294025
-239.84322863460343 -8.544801902377458
-241.90437258520208 -8.016941133116143
-243.9655165358007 -7.587650836199636
-246.02666048639935 -8.541128861444832
-248.087804436998 -9.325530563904865
-250.14894838759665 -7.831175161232689
-252.21009233819527 -7.891151700128232
-254.27123628879392 -9.1528842021713
-256.3323802393926 -9.588738940812398
-258.39352418999124 -8.154247450633372
-260.45466814058983 -11.345121599061471
