# BEGINHEADER
# This file contains data from the SALSA 2m radio telescope.
# DATE=2021-11-27T23:05:0059
# GLON and GLAT given in degrees
# GLON=171.8030099659878
# GLAT=-0.24851687827996136
# DATA in two columns below. Col. 1 is velocity relative to LSR [km/s]. Col. 2 is uncalibrated antenna temperature [K].
# ENDHEADER
265.4552842224768 1.312163345807831
263.3941402718781 3.8141936881367857
261.3329963212795 3.3974908532620858
259.27185237068085 4.6937022969544495
257.2107084200822 5.661315413605199
255.14956446948358 3.0053788443766085
253.08842051888493 6.166116440565095
251.02727656828628 4.723294198255059
248.96613261768763 5.116984482983854
246.90498866708901 5.976827039583284
244.84384471649037 6.027656601627041
242.78270076589175 6.219670279590925
240.72155681529307 5.864562117822345
238.66041286469442 6.5944108183828964
236.5992689140958 6.101886151358356
234.53812496349715 7.48881901340874
232.47698101289853 5.947262860289864
230.41583706229986 7.063978397643697
228.35469311170124 6.405725212396301
226.2935491611026 7.386897641790078
224.23240521050397 6.646075874312716
222.17126125990532 5.377073506444659
220.11011730930667 5.571256482532087
218.04897335870803 4.958094111717142
215.9878294081094 7.1850656343075405
213.92668545751076 6.735046121457108
211.8655415069121 7.5924276552377306
209.80439755631346 6.4421918998978756
207.74325360571484 7.183615680166387
205.6821096551162 6.640238904021216
203.62096570451757 6.654592570203857
201.5598217539189 6.339802956338702
199.49867780332025 6.764423596830139
197.43753385272163 6.740159647996402
195.37638990212298 6.333260078752009
193.31524595152436 6.547156903017565
191.25410200092568 7.336782129137676
189.19295805032706 6.900161556715459
187.13181409972842 6.9522739407880625
185.0706701491298 7.35295117444322
183.00952619853112 6.210296394930935
180.9483822479325 6.866128348953012
178.88723829733385 6.7856138953052465
176.82609434673523 6.301329936203639
174.76495039613658 7.053843857964132
172.70380644553794 6.276473630078689
170.6426624949393 6.494977037129478
168.58151854434067 7.731326826939994
166.52037459374202 5.9449636460917255
164.4592306431434 6.597910935313677
162.39808669254472 7.302332154963979
160.33694274194607 7.321298752645574
158.27579879134746 6.489173165276652
156.2146548407488 6.851462986848004
154.15351089015016 6.77940053595231
152.0923669395515 5.675727980319173
150.0312229889529 6.458692002706966
147.97007903835424 7.123791896771595
145.90893508775562 5.947109960803609
143.84779113715695 7.005648675843418
141.78664718655833 6.742687027887857
139.72550323595968 6.354769874035168
137.66435928536106 6.503661889931625
135.6032153347624 5.804603040978221
133.54207138416376 5.824495236513426
131.4809274335651 6.7686478546940805
129.4197834829665 5.786154389560641
127.35863953236783 5.737994449153075
125.2974955817692 5.8550175923352255
123.23635163117056 6.5316461751338375
121.17520768057192 6.277429726677875
119.11406372997328 6.0563519409272555
117.05291977937463 6.67522599836077
114.991775828776 6.7437747209881085
112.93063187817735 7.25488591985804
110.86948792757872 7.093238165862893
108.80834397698008 7.074477874144816
106.74720002638144 6.217506184686015
104.68605607578279 5.685804623954239
102.62491212518414 5.3788661332642915
100.5637681745855 6.7305881268813
98.50262422398687 5.678660293198894
96.44148027338824 6.7615022080589515
94.38033632278959 6.800365013791262
92.31919237219095 5.886093336939562
90.25804842159232 5.654274476797039
88.19690447099367 5.872741101898911
86.13576052039504 6.843975293831068
84.07461656979639 7.3669865609765175
82.01347261919776 6.547165063562183
79.95232866859911 5.915020818467765
77.89118471800047 6.253287955404505
75.83004076740184 5.48187915498136
73.76889681680319 5.1722785258254556
71.70775286620456 4.014119072118903
69.64660891560591 5.947679435682557
67.58546496500728 5.119947260848887
65.52432101440863 6.008047945981642
63.46317706380999 5.5288989289431
61.402033113211345 4.363249460944436
59.340889162612704 6.150585609723973
57.27974521201406 6.801887861511159
55.21860126141542 6.04723647580934
53.15745731081678 5.10089906676786
51.09631336021814 4.712989911785918
49.0351694096195 5.356856864836464
46.97402545902086 5.338078135598708
44.91288150842222 4.780012983745873
42.851737557823576 4.587972531165499
40.79059360722494 5.056102751374106
38.7294496566263 5.205532634375626
36.66830570602765 6.439917656738184
34.60716175542901 5.703062542652891
32.54601780483037 6.268754129578024
30.484873854231733 5.892304641807579
28.42372990363309 5.293842820860503
26.36258595303445 6.558240308957149
24.301442002435813 7.486417275558971
22.24029805183717 7.659853812972077
20.179154101238527 10.061013058278695
18.11801015063989 12.023051459630581
16.05686620004125 13.424609596318666
13.995722249442606 18.38382366049552
11.934578298843967 25.911102786395904
9.873434348245324 39.75490283082391
7.812290397646684 57.696305722445985
5.751146447048043 77.45508692375338
3.6900024964494027 92.21920089299802
1.628858545850762 96.08360661077595
-0.4322854047478788 108.67119568754786
-2.4934293553465197 112.22533115111727
-4.55457330594516 120.21779903759538
-6.615717256543801 123.37848294289081
-8.67686120714244 123.41566483725836
-10.738005157741084 120.45466300818221
-12.799149108339723 117.81518239361114
-14.860293058938364 112.18462954232133
-16.921437009537005 105.43971330987905
-18.982580960135646 95.60770766477059
-21.043724910734287 84.30348337329814
-23.10486886133293 73.3828917552592
-25.166012811931566 60.14314645122082
-27.22715676253021 48.9346346207729
-29.28830071312885 38.25992686400915
-31.34944466372749 30.435953941826686
-33.41058861432613 23.94685045494615
-35.47173256492477 22.512740094719494
-37.53287651552341 18.90393517382977
-39.59402046612205 14.459073201284763
-41.655164416720694 12.986697301111562
-43.716308367319336 13.244942356244202
-45.77745231791798 10.95097017286559
-47.83859626851662 11.456533599709077
-49.89974021911526 9.277133947591077
-51.9608841697139 9.629480494388925
-54.02202812031254 7.935401078370925
-56.083172070911175 6.425133523978409
-58.144316021509816 6.189681558800169
-60.205459972108464 4.919683314170043
-62.266603922707105 4.329722329199495
-64.32774787330574 4.6562976039597865
-66.38889182390439 3.3960796317665625
-68.45003577450302 4.645674865989221
-70.51117972510167 4.216847499681644
-72.5723236757003 3.147630176494603
-74.63346762629895 3.1263504840657923
-76.69461157689759 3.9605087599621998
-78.75575552749622 2.460196010644672
-80.81689947809487 4.034658024632578
-82.8780434286935 5.092003216178168
-84.93918737929215 3.8195384369969356
-87.00033132989078 2.3307213946506367
-89.06147528048942 3.00850221972526
-91.12261923108808 2.989167538315075
-93.18376318168671 2.447159985107051
-95.24490713228536 4.6160969173603705
-97.306051082884 3.329540290003088
-99.36719503348264 2.3698608258367897
-101.4283389840813 3.011751709182817
-103.48948293467993 2.6246874141248036
-105.55062688527858 3.3788790552447785
-107.61177083587721 2.4901002793408162
-109.67291478647586 2.2510530941581646
-111.73405873707449 2.816475173985993
-113.79520268767313 2.540961447781751
-115.85634663827177 2.2219932864779404
-117.91749058887041 2.212078760244276
-119.97863453946906 1.6366540806793144
-122.03977849006769 3.016993449076628
-124.10092244066632 1.9393471394959059
-126.16206639126497 0.926924613774368
-128.22321034186362 0.9148637255492934
-130.28435429246227 2.2722250882976995
-132.3454982430609 2.567005727031798
-134.40664219365954 2.3049523476944227
-136.46778614425818 1.851578793627492
-138.52893009485683 1.9443920951608498
-140.59007404545545 2.2612547894677206
-142.6512179960541 1.0783654903547981
-144.71236194665272 2.451303389160936
-146.7735058972514 1.471194742413592
-148.83464984785005 0.4314467796991802
-150.89579379844866 1.1973738186693046
-152.9569377490473 1.6708611131402764
-155.01808169964593 1.2327250833891013
-157.0792256502446 0.5083032222259962
-159.14036960084323 1.9754397980025127
-161.20151355144188 0.8397488180225797
-163.2626575020405 2.4309298383097393
-165.32380145263915 1.3002868256569917
-167.3849454032378 1.0881125561907108
-169.44608935383644 0.39782355581775714
-171.50723330443506 -0.5924298826178667
-173.5683772550337 0.840679191405352
-175.62952120563236 0.8796178618235048
-177.690665156231 1.0693427126885806
-179.75180910682963 -0.05538029711145123
-181.81295305742827 1.0397898296153245
-183.8740970080269 0.42280527011687513
-185.93524095862557 -0.5165433870828886
-187.99638490922422 -0.018214377549455058
-190.05752885982284 1.9177239664270613
-192.1186728104215 0.1840943558904065
-194.1798167610201 0.18765511823718672
-196.24096071161878 0.7319297155837561
-198.3021046622174 0.7901392950950459
-200.36324861281605 0.626429054700772
-202.42439256341467 -0.11889311620517921
-204.48553651401335 0.15842156101990945
-206.54668046461197 0.1981988158954363
-208.60782441521062 -0.04787310196323985
-210.66896836580923 -0.44806356615268667
-212.73011231640788 -0.6074125224112796
-214.79125626700653 -0.2922212548113371
-216.85240021760518 -0.3105528323325813
-218.9135441682038 -0.6978504099390378
-220.97468811880245 0.35051632268309757
-223.03583206940107 1.65595854074863
-225.09697601999974 0.2046612617923352
-227.1581199705984 0.7228536677050201
-229.219263921197 0.8291137395395429
-231.28040787179566 0.3031626541210642
-233.3415518223943 1.0003275909976537
-235.40269577299296 1.582378963352499
-237.46383972359158 1.4299113072420602
-239.52498367419022 0.3875861451592317
-241.58612762478884 1.8806477457486195
-243.64727157538752 1.0924269493487946
-245.70841552598614 1.2555075707500456
-247.7695594765848 1.94773970121055
-249.8307034271834 2.0263720446627476
-251.89184737778206 1.0208407680919203
-253.9529913283807 1.406338681744674
-256.0141352789793 2.827143933572432
-258.075279229578 2.2445362445135255
-260.1364231801766 3.617615372884494
