# BEGINHEADER
# This file contains data from the SALSA 2m radio telescope.
# DATE=2021-12-04T08:22:0035
# GLON and GLAT given in degrees
# GLON=171.80914692932993
# GLAT=4.764902769890774
# DATA in two columns below. Col. 1 is velocity relative to LSR [km/s]. Col. 2 is uncalibrated antenna temperature [K].
# ENDHEADER
265.1121575160894 3.601221675676268
263.0510135654908 7.493633028198886
260.98986961489214 6.294070457765125
258.9287256642935 8.289438552965278
256.86758171369485 7.30090664962446
254.80643776309623 8.418841471709657
252.74529381249755 7.676106215983621
250.68414986189893 7.762137200309562
248.62300591130028 9.853353469789566
246.56186196070166 10.48533508272426
244.50071801010301 8.70657856722313
242.43957405950434 8.683298682212248
240.37843010890572 10.511012968863277
238.31728615830707 10.405325778699865
236.25614220770845 11.327771005135432
234.1949982571098 11.130531233471462
232.13385430651115 9.855326030935617
230.0727103559125 13.041434716640635
228.01156640531389 10.14087706615561
225.95042245471524 9.666351932867881
223.88927850411662 9.423958699529706
221.82813455351794 8.670399053721766
219.76699060291932 11.184120477661224
217.70584665232067 9.354203739936791
215.64470270172205 11.168306051206327
213.58355875112338 9.38749745928258
211.52241480052476 10.525114694676947
209.4612708499261 9.448045884537311
207.4001268993275 9.325289134792037
205.33898294872884 10.16704058983194
203.27783899813016 9.85574155016931
201.21669504753154 10.162600513507265
199.1555510969329 9.037226450970294
197.09440714633428 10.214120020906831
195.03326319573563 11.890649740684943
192.97211924513698 9.254494386328949
190.91097529453833 8.691253709698964
188.8498313439397 9.347778032240877
186.78868739334106 9.211416333533558
184.72754344274242 10.323003134498627
182.66639949214377 10.700957032250347
180.60525554154515 10.799815493359358
178.5441115909465 9.140801575663502
176.48296764034788 9.591495823204593
174.4218236897492 10.272159873283957
172.36067973915058 8.514825203603898
170.29953578855194 9.82997298846242
168.23839183795332 9.404890472681071
166.17724788735467 10.200905177886991
164.116103936756 10.65016456207422
162.05495998615737 9.433169695002038
159.99381603555872 10.352875091737703
157.9326720849601 10.518099009671642
155.87152813436145 9.108851196164478
153.8103841837628 8.625867295342676
151.74924023316416 8.417125612024867
149.68809628256554 10.139206903191802
147.6269523319669 8.738627452023293
145.56580838136824 10.571451911123413
143.5046644307696 9.341190740877797
141.44352048017097 10.175987667111292
139.38237652957233 9.62193964363718
137.3212325789737 9.923069654223607
135.26008862837503 9.05218316092624
133.1989446777764 11.53527977541197
131.13780072717776 8.559161673169918
129.0766567765791 8.23120962036378
127.01551282598048 9.028575484499653
124.95436887538185 8.571437386992828
122.8932249247832 9.912065902632536
120.83208097418456 10.012641682628821
118.77093702358592 10.356737770193039
116.70979307298728 8.25151934453922
114.64864912238863 9.156611778309038
112.58750517179 8.69268989203512
110.52636122119137 8.851231179671434
108.46521727059272 9.229233829816112
106.40407331999407 8.778855483935484
104.34292936939542 8.661332541100803
102.28178541879679 9.924701314170484
100.22064146819815 9.133343031704873
98.15949751759949 8.7599706066256
96.09835356700086 8.725120084214653
94.03720961640221 7.119491094166502
91.97606566580357 9.497222706451382
89.91492171520494 9.056326002739471
87.85377776460629 10.274176226153918
85.79263381400766 9.542463673057094
83.73148986340901 8.352246107866254
81.67034591281038 6.636215213672167
79.60920196221174 8.669745738146377
77.5480580116131 7.995607249746732
75.48691406101446 9.47196885053408
73.42577011041581 9.311001621908261
71.36462615981718 6.755744512853901
69.30348220921852 10.525424323246316
67.24233825861988 10.393339911731434
65.18119430802125 7.648012769767944
63.120050357422606 9.252945903195014
61.058906406823965 8.65431366555221
58.99776245622532 9.375742426391362
56.93661850562668 8.558688531107297
54.87547455502804 7.390315306290227
52.8143306044294 7.806875870607777
50.75318665383076 7.633806148679969
48.692042703232126 6.708437495536593
46.630898752633485 7.998137765376522
44.56975480203484 8.629682278993647
42.5086108514362 7.5639432088615415
40.44746690083756 7.186194596353974
38.38632295023892 7.049801118312281
36.32517899964028 7.664185640494281
34.26403504904164 6.0995203527561515
32.202891098443 6.60591417707729
30.14174714784436 8.497263572100156
28.08060319724572 8.15813673705986
26.019459246647074 8.994992319391224
23.958315296048433 10.37904847301041
21.89717134544979 11.444577364714583
19.83602739485115 9.531302399146913
17.774883444252513 8.816041797350291
15.71373949365387 14.82822342049137
13.652595543055229 19.360726365104686
11.591451592456588 27.678558523532406
9.530307641857949 41.09768042756701
7.469163691259307 58.77153240309966
5.408019740660666 76.59716983070831
3.346875790062025 82.74895159368104
1.285731839463384 78.46937564523977
-0.7754121111352565 85.59423815595089
-2.836556061733897 93.51093890804326
-4.897700012332538 99.2875319461214
-6.958843962931179 99.9383895303641
-9.01998791352982 96.97308855754754
-11.08113186412846 97.42897974361418
-13.142275814727101 87.83356112126111
-15.203419765325743 83.06346152637761
-17.264563715924382 76.95906955307356
-19.325707666523023 66.94722225540934
-21.386851617121664 56.086674892972646
-23.447995567720305 44.29306635755414
-25.509139518318943 31.38991507000233
-27.570283468917584 25.844127794253705
-29.631427419516225 22.72944500534062
-31.692571370114862 17.93170647750332
-33.7537153207135 16.20778882219081
-35.814859271312145 14.706515105931075
-37.87600322191079 14.257001242362866
-39.937147172509434 12.070601137766028
-41.99829112310807 11.855731224087199
-44.05943507370671 10.457877693289287
-46.12057902430535 9.576336583954658
-48.18172297490399 9.404918075891073
-50.24286692550264 9.202829978542411
-52.30401087610127 8.092241992104675
-54.365154826699914 8.204415447799063
-56.42629877729856 8.257502369933013
-58.487442727897204 7.731211123796141
-60.548586678495845 7.40518332795062
-62.609730629094486 6.9158624104438715
-64.67087457969312 9.048404163759056
-66.73201853029177 4.0586244286380415
-68.7931624808904 5.850970361226025
-70.85430643148905 5.717444078325928
-72.91545038208768 5.794581864409458
-74.97659433268632 5.622399035909474
-77.03773828328497 5.581570567751946
-79.0988822338836 4.65084945586023
-81.16002618448225 6.490328793262452
-83.22117013508088 6.044232611386575
-85.28231408567954 4.648321955562175
-87.34345803627818 5.808222592424553
-89.40460198687681 3.937290478863679
-91.46574593747546 5.02845496434074
-93.5268898880741 5.701720969320365
-95.58803383867274 6.411719907762528
-97.64917778927138 5.98716701096997
-99.71032173987001 4.183775165309369
-101.77146569046864 4.632498334454985
-103.8326096410673 2.5668120866992417
-105.89375359166593 5.927076468180106
-107.95489754226456 3.2886725405308255
-110.01604149286321 4.154471960699621
-112.07718544346184 5.439506539028771
-114.13832939406049 3.1270415185960188
-116.19947334465913 2.326808437734835
-118.26061729525777 3.8468747667640057
-120.32176124585641 3.118191579052085
-122.38290519645504 3.44721445202193
-124.4440491470537 4.187053783186972
-126.50519309765234 4.376641235560285
-128.56633704825097 4.420890528797282
-130.62748099884962 3.5091128844243062
-132.68862494944824 3.1813678625014012
-134.7497689000469 2.1397906064692647
-136.81091285064554 0.8358789978316146
-138.87205680124418 2.694737009100691
-140.9332007518428 2.695706428612037
-142.99434470244145 1.0862173240738922
-145.05548865304013 1.9048125506381002
-147.11663260363875 2.412739369109522
-149.1777765542374 2.884604764843537
-151.23892050483602 1.1025525832723095
-153.30006445543466 2.186989473231018
-155.3612084060333 1.3175764710446742
-157.42235235663196 1.583021842950335
-159.48349630723058 2.2278730641142457
-161.54464025782923 2.6596046629347274
-163.60578420842785 1.4491449337290958
-165.66692815902653 3.37646297339334
-167.72807210962515 1.5253899806911029
-169.7892160602238 2.0912759251348407
-171.8503600108224 3.274918925880139
-173.9115039614211 2.4098110791391454
-175.9726479120197 1.817049964310809
-178.03379186261836 1.9977894448110802
-180.09493581321698 2.23237614834852
-182.15607976381563 3.255988270558673
-184.2172237144143 2.387029021289578
-186.27836766501292 3.6078657891092973
-188.33951161561157 2.2616921842387323
-190.4006555662102 2.495578579040356
-192.46179951680884 1.2608708260477741
-194.5229434674075 0.5298605486653659
-196.58408741800613 0.9563318105513913
-198.64523136860475 1.701558106357491
-200.7063753192034 2.794321216372887
-202.76751926980205 3.628746249007338
-204.8286632204007 2.567419965180222
-206.88980717099932 2.572842011770832
-208.95095112159797 1.834905070347119
-211.0120950721966 2.7728479283574563
-213.07323902279526 0.4989533384096073
-215.13438297339388 0.9289926452895697
-217.19552692399253 0.5125077857231158
-219.25667087459115 0.8327136764161823
-221.3178148251898 1.3036648249608667
-223.37895877578848 0.6989214276081259
-225.4401027263871 2.8788053524542887
-227.50124667698574 1.8994668749786157
-229.56239062758436 1.7183917540543696
-231.623534578183 1.5201872440932231
-233.68467852878166 2.875185626276562
-235.7458224793803 1.6737233891251573
-237.80696642997893 1.679745445151672
-239.86811038057758 2.5590000622354996
-241.92925433117622 2.3552886189197157
-243.99039828177487 2.3133084513376896
-246.0515422323735 2.2517855271978178
-248.11268618297214 2.3068466277312956
-250.17383013357076 2.8664900793376935
-252.23497408416944 3.5082723512678844
-254.29611803476806 2.5987245210982253
-256.3572619853667 4.280358539059357
-258.4184059359653 3.938608073625898
-260.479549886564 4.1784581001467975
