# BEGINHEADER
# This file contains data from the SALSA 2m radio telescope.
# DATE=2021-11-28T11:44:0053
# GLON and GLAT given in degrees
# GLON=59.89200941429733
# GLAT=0.16361347482244623
# DATA in two columns below. Col. 1 is velocity relative to LSR [km/s]. Col. 2 is uncalibrated antenna temperature [K].
# ENDHEADER
265.2368412108158 -3.419821393927178
263.17569726021713 -6.629653333922513
261.1145533096185 -4.1272036689082405
259.05340935901984 -3.7494740328149425
256.9922654084212 -1.2672708017849992
254.93112145782257 -0.9063750334692604
252.86997750722392 -0.47666307472687913
250.80883355662527 -2.1457510926015795
248.74768960602663 -0.027946332479100187
246.686545655428 1.6826430680252347
244.62540170482936 -1.5563822560661265
242.56425775423074 -0.10313047726040615
240.50311380363206 3.524073789333593
238.44196985303344 1.880289605878564
236.3808259024348 3.6877481011366315
234.31968195183617 1.929499846080004
232.25853800123753 1.204864316619765
230.19739405063888 2.5505949541766073
228.13625010004023 3.6339920104743886
226.0751061494416 3.64271758627577
224.01396219884296 3.602480731326446
221.95281824824428 3.511653520585459
219.89167429764566 2.043502030906818
217.83053034704702 2.7449283073461848
215.7693863964484 3.2629409112478913
213.70824244584975 3.252200324150299
211.6470984952511 3.256072468978037
209.58595454465245 2.230834842965981
207.52481059405383 2.4776574770536306
205.46366664345518 3.528479455078399
203.40252269285656 3.276480000203872
201.3413787422579 1.98184353082745
199.28023479165927 4.1236526782412275
197.21909084106062 4.6635405583107055
195.157946890462 4.381662979741232
193.09680293986332 2.980103095952792
191.0356589892647 3.1438377869691356
188.97451503866606 2.0914786451332223
186.91337108806744 2.6528377003007235
184.8522271374688 3.6173791122171024
182.7910831868701 3.980123408897619
180.7299392362715 4.704576848313867
178.66879528567284 2.2535544723758503
176.60765133507422 2.2041164768428465
174.54650738447558 3.022043052698339
172.48536343387693 2.0129074603110175
170.42421948327828 2.427076709572765
168.36307553267966 2.1901520691863627
166.301931582081 2.9361846059383536
164.2407876314824 3.5284822412390784
162.17964368088371 1.0466121247435731
160.1184997302851 3.326764643964224
158.05735577968645 3.567604660908086
155.99621182908783 2.724348113207356
153.93506787848915 2.913244897907253
151.87392392789053 3.108502972708169
149.81277997729188 2.9437231753164377
147.75163602669326 3.5610663555630446
145.6904920760946 3.4180739084247596
143.62934812549594 3.2110238101930726
141.56820417489732 1.1139926510356228
139.50706022429867 1.8871419162316736
137.44591627370005 1.747203860449718
135.3847723231014 2.132328178434735
133.32362837250275 3.0554234243449128
131.2624844219041 2.750276656731921
129.20134047130549 1.1089767577215095
127.14019652070684 1.6563127295829978
125.07905257010819 1.9821642359486684
123.01790861950954 1.889824929170556
120.9567646689109 0.6887345161649522
118.89562071831227 1.5357724040306182
116.83447676771362 1.7568563396683337
114.77333281711499 2.3283304228688464
112.71218886651634 -0.28002543021247234
110.65104491591771 2.8695428372043796
108.58990096531907 0.5300306643468835
106.52875701472043 1.3617326596967925
104.46761306412179 0.7622653915386287
102.40646911352314 1.7436864127741498
100.34532516292451 0.8544707732856693
98.28418121232586 1.4232076692206905
96.22303726172721 0.4820118805421821
94.16189331112858 0.11088278051581765
92.10074936052993 -0.3471310017786422
90.0396054099313 0.32435011427056454
87.97846145933266 0.5583216972294163
85.917317508734 -0.897933170002848
83.85617355813537 0.1778619274760502
81.79502960753672 0.6006690892385251
79.73388565693809 -0.31019157350934096
77.67274170633944 1.0184460230216028
75.6115977557408 -1.9758974676314356
73.55045380514217 -1.7059433231716028
71.48930985454352 -0.41017611659088543
69.42816590394489 -0.8768710706773721
67.36702195334624 0.10455129942369008
65.3058780027476 0.2280379291038791
63.244734052148964 0.4686571987132336
61.18359010155032 0.8436909581987159
59.12244615095168 -0.5756690301361886
57.06130220035303 2.0550898033160987
55.00015824975439 2.3343648553087437
52.93901429915576 2.6562294461015306
50.87787034855712 5.034075602403205
48.816726397958476 4.631613804555021
46.755582447359835 7.546734892598825
44.694438496761194 8.5271765344887
42.63329454616255 11.96273088744735
40.57215059556391 13.153605753307396
38.51100664496527 17.654913286578086
36.44986269436663 18.002850583112572
34.38871874376799 22.289914499162265
32.32757479316935 25.429118698865356
30.266430842570706 29.888432216377332
28.20528689197207 28.89809055379667
26.144142941373428 30.262615032251478
24.082998990774787 29.436425084556568
22.021855040176145 30.790824775436878
19.960711089577508 33.48215684157104
17.899567138978867 34.817633593456186
15.838423188380224 35.33256641002193
13.777279237781585 35.99454504545556
11.716135287182944 38.5871795276815
9.654991336584303 38.857370007070756
7.593847385985662 36.72084486237489
5.532703435387021 35.83750371325478
3.4715594847883806 31.623099709481135
1.4104155341897393 26.554332788148933
-0.6507284164089014 24.087166543054895
-2.7118723670075426 21.4612283132001
-4.773016317606182 16.422118612276392
-6.8341602682048235 14.691916997720678
-8.895304218803464 12.190194617224243
-10.956448169402105 11.124843757852785
-13.017592120000746 11.397934242838952
-15.078736070599387 7.705308394339205
-17.139880021198028 7.651521329896989
-19.20102397179667 5.75340393827444
-21.262167922395307 4.298620787499434
-23.323311872993948 3.569823080820706
-25.384455823592596 2.023041549112455
-27.445599774191233 -0.09898760347356939
-29.506743724789875 -1.1508090009071013
-31.567887675388516 -2.7215014672640407
-33.62903162598715 -0.8820064435373215
-35.690175576585794 -1.5621764133421117
-37.751319527184435 -1.6941790511717212
-39.81246347778308 -2.4917152249757084
-41.873607428381725 -1.2116008451928904
-43.93475137898036 0.5070148301263688
-45.995895329579 2.7289229080239847
-48.05703928017764 2.536657186679026
-50.11818323077628 2.928805923609118
-52.17932718137492 5.592578380905082
-54.240471131973564 7.855921740158907
-56.301615082572205 6.638045969440413
-58.362759033170846 10.056513491362935
-60.42390298376949 7.681603188358277
-62.48504693436813 9.331622003438786
-64.54619088496676 11.224481385057745
-66.6073348355654 8.908845087337303
-68.66847878616406 6.234140979435108
-70.72962273676269 5.013963087696783
-72.79076668736134 5.522222323086638
-74.85191063795997 5.240075205455409
-76.91305458855862 3.202631419641258
-78.97419853915726 1.2205828990762546
-81.03534248975589 -1.6617271812994694
-83.09648644035454 -1.0583813568621534
-85.15763039095317 -3.0905356996635285
-87.21877434155182 -3.9427809412212627
-89.27991829215046 -4.651154166135942
-91.3410622427491 -5.159443132797639
-93.40220619334774 -6.3829912194527525
-95.46335014394637 -5.488545034000292
-97.52449409454502 -5.766928741374183
-99.58563804514364 -4.141608205986954
-101.64678199574229 -7.741427074452795
-103.70792594634092 -7.104538153382921
-105.76906989693957 -6.062363444512027
-107.83021384753822 -10.116929325183564
-109.89135779813687 -7.283653311710691
-111.9525017487355 -7.188107225338226
-114.01364569933413 -9.151404443544678
-116.07478964993278 -9.108020800405113
-118.13593360053142 -8.013860305217882
-120.19707755113006 -9.089406735805603
-122.2582215017287 -9.899898452314005
-124.31936545232735 -9.230998466167346
-126.38050940292598 -9.713702560792285
-128.44165335352463 -9.24796910870999
-130.50279730412328 -9.340669672131526
-132.5639412547219 -8.3416314669844
-134.62508520532054 -9.613579761946912
-136.6862291559192 -8.486986671454169
-138.74737310651784 -10.150648522405833
-140.80851705711646 -9.251449854098583
-142.8696610077151 -8.732373086325008
-144.93080495831373 -9.939158770645395
-146.9919489089124 -8.958978256899112
-149.05309285951103 -10.381144151896724
-151.11423681010967 -11.004763432246893
-153.1753807607083 -10.243575127168908
-155.23652471130694 -9.041075336480505
-157.2976686619056 -9.798499210695091
-159.35881261250424 -9.810989596585282
-161.41995656310286 -11.927963173700226
-163.4811005137015 -10.083666941530044
-165.54224446430018 -8.972880343381092
-167.6033884148988 -11.076915394333342
-169.66453236549745 -10.476414619175902
-171.72567631609607 -10.03127511194864
-173.78682026669472 -10.244580378775115
-175.84796421729337 -11.535179962133464
-177.90910816789201 -10.539395710364618
-179.97025211849063 -13.012194636412787
-182.03139606908928 -9.6830666455308
-184.0925400196879 -10.443129118997273
-186.15368397028658 -10.53011531453796
-188.2148279208852 -10.474688969737262
-190.27597187148385 -9.86632406987236
-192.33711582208247 -11.585731382181486
-194.39825977268114 -11.309196545937867
-196.45940372327976 -12.113707756998814
-198.5205476738784 -11.213955567505653
-200.58169162447703 -12.008662932829012
-202.64283557507568 -12.299591694699833
-204.70397952567436 -12.163288521831378
-206.76512347627298 -10.673098895535224
-208.82626742687162 -12.264951152248
-210.88741137747024 -12.16722262699134
-212.9485553280689 -10.98512420288813
-215.00969927866754 -13.291529446017647
-217.0708432292662 -11.237088307265333
-219.1319871798648 -14.808481484834891
-221.19313113046346 -11.72428302046489
-223.25427508106208 -12.05588175544862
-225.31541903166075 -13.56069464714646
-227.37656298225937 -12.75236641048174
-229.43770693285802 -11.838203006674435
-231.49885088345664 -12.604806504872855
-233.55999483405532 -12.313129281064008
-235.62113878465394 -13.996960621913404
-237.68228273525258 -12.822050178624389
-239.7434266858512 -12.743585214113159
-241.80457063644985 -11.893991258463453
-243.86571458704853 -13.038015270540484
-245.92685853764715 -11.34860104688775
-247.9880024882458 -10.208655943804194
-250.04914643884442 -11.096287211375625
-252.11029038944307 -11.422361186685059
-254.1714343400417 -8.622475132888626
-256.23257829064033 -8.551364163750375
-258.293722241239 -8.05223511521692
-260.35486619183763 -8.89014346135668
