# BEGINHEADER
# This file contains data from the SALSA 2m radio telescope.
# DATE=2021-12-05T09:58:0056
# GLON and GLAT given in degrees
# GLON=44.88125161825088
# GLAT=0.17560808646477627
# DATA in two columns below. Col. 1 is velocity relative to LSR [km/s]. Col. 2 is uncalibrated antenna temperature [K].
# ENDHEADER
267.45208491717034 4.267803358494256
265.39094096657175 8.522158641522225
263.3297970159731 6.586173736410774
261.26865306537445 8.814051283736381
259.2075091147758 8.603045940514718
257.14636516417715 7.90409112448239
255.08522121357854 9.43703225214785
253.0240772629799 9.839363612190029
250.96293331238124 9.965098297538852
248.90178936178262 7.9951396759061
246.84064541118397 8.752012665880166
244.77950146058532 8.246181709830601
242.71835750998667 9.193567002354168
240.65721355938805 9.367183044862427
238.5960696087894 11.217704713467873
236.5349256581908 9.401743643639112
234.4737817075921 10.534944084056765
232.41263775699346 10.706234070704264
230.35149380639484 9.086920811331135
228.2903498557962 11.801702396072088
226.22920590519757 11.392546971676559
224.1680619545989 11.519708775027414
222.10691800400028 9.848352394187568
220.04577405340163 10.248688276063541
217.984630102803 9.754000607255985
215.92348615220433 11.25105850327197
213.8623422016057 11.336492312663463
211.80119825100707 10.380395688234263
209.74005430040845 10.143315788457533
207.6789103498098 9.093292706244677
205.61776639921115 9.242747001743933
203.5566224486125 8.921563511454396
201.49547849801388 9.060980136743229
199.43433454741523 10.250406304000528
197.3731905968166 10.105582041458558
195.31204664621794 9.92311537607661
193.2509026956193 9.398820513314948
191.18975874502067 10.920508541422745
189.12861479442202 10.92157143800398
187.0674708438234 9.413691689015085
185.00632689322472 11.218402152538323
182.9451829426261 11.056016655394673
180.88403899202746 10.323298295687712
178.82289504142884 8.705421349126148
176.76175109083016 9.330806890265718
174.70060714023154 10.40362127629215
172.6394631896329 10.222092406425446
170.57831923903427 9.925481383851157
168.51717528843562 9.53920314511147
166.45603133783698 10.40318716723085
164.39488738723833 12.111615866763978
162.3337434366397 8.831502647308529
160.27259948604106 9.78671613712925
158.21145553544244 9.807082366645119
156.15031158484376 8.40202901375632
154.08916763424511 10.109247591022436
152.0280236836465 10.825188517474626
149.96687973304785 9.51963387779898
147.9057357824492 11.423491035596113
145.84459183185055 9.887775397511756
143.78344788125193 9.896310770491459
141.72230393065328 11.509229722811012
139.66115998005466 9.751701835778274
137.600016029456 9.932710879184823
135.53887207885737 9.298070656708171
133.47772812825872 9.066728925739024
131.4165841776601 8.429202484280525
129.35544022706145 7.14180155615412
127.2942962764628 10.226210305234623
125.23315232586415 9.682396467593966
123.17200837526552 8.81708298648496
121.11086442466687 11.368295519348774
119.04972047406824 9.65665632545384
116.9885765234696 10.046120441656996
114.92743257287096 10.918549781889201
112.86628862227232 9.735664356396086
110.80514467167367 8.849078043840123
108.74400072107504 10.361530389596966
106.68285677047639 11.21758783364092
104.62171281987776 8.458812204089128
102.56056886927912 8.478194080935216
100.49942491868048 8.940999588883718
98.43828096808183 9.705937209521224
96.3771370174832 10.750871370606289
94.31599306688456 9.871496830047121
92.25484911628591 10.23060455358894
90.19370516568728 11.393207177519457
88.13256121508863 11.853393223500793
86.07141726449 11.497601227600704
84.01027331389135 11.080807822243017
81.94912936329271 14.30591909342531
79.88798541269408 17.303202397983753
77.82684146209543 17.24164980118401
75.7656975114968 23.317675049957007
73.70455356089815 28.232029237814228
71.64340961029951 33.675423519461894
69.58226565970088 41.603893748378475
67.52112170910223 46.4261582864863
65.45997775850358 52.17226648625454
63.39883380790494 55.409442318308
61.33768985730631 61.31569428303869
59.27654590670767 64.65476921172782
57.21540195610903 66.70861131655197
55.154258005510385 66.01881792364425
53.093114054911744 63.67228135523055
51.0319701043131 62.598788166035376
48.970826153714455 62.608175461475106
46.909682203115814 58.081404262732484
44.84853825251717 57.47160001234585
42.78739430191853 58.92374037126835
40.72625035131989 55.46490410305481
38.66510640072126 57.9822879252838
36.603962450122616 58.75738533957449
34.542818499523975 57.78625732371018
32.481674548925334 58.4816909802017
30.42053059832669 60.51259694686962
28.35938664772805 60.97512768437116
26.29824269712941 64.1143979553577
24.237098746530766 65.18715704000012
22.175954795932125 65.64023147178544
20.114810845333487 65.16555946641853
18.053666894734846 63.06447498200241
15.992522944136205 58.45598015035611
13.931378993537562 60.372718408287874
11.870235042938925 63.21866165577005
9.809091092340283 65.26975179032105
7.747947141741642 70.85578082253821
5.686803191143002 68.09736103080184
3.6256592405443606 58.22710285362955
1.5645152899457198 56.8339093688579
-0.49662866065292094 49.26004023713175
-2.5577726112515617 34.56461371560329
-4.618916561850202 26.949729792403396
-6.6800605124488435 22.955099785265723
-8.741204463047483 19.768495061009645
-10.802348413646126 17.239355132066574
-12.863492364244767 16.988874088267064
-14.924636314843406 17.835406888298326
-16.98578026544205 18.176003430584455
-19.04692421604069 16.728526871763243
-21.108068166639328 17.75581660937262
-23.169212117237972 18.497750995739842
-25.230356067836613 18.340864529586085
-27.29150001843525 18.903404090544527
-29.352643969033892 19.676973240878272
-31.413787919632533 22.418447689392796
-33.474931870231174 23.026234003905188
-35.536075820829815 25.381618544876
-37.597219771428456 27.43356720062727
-39.6583637220271 28.988213294046243
-41.71950767262574 28.56344439198102
-43.78065162322438 29.378523744328547
-45.84179557382301 28.990654131965076
-47.90293952442166 29.25726289548902
-49.964083475020296 29.417532159762132
-52.02522742561894 30.17330395272278
-54.08637137621758 29.133941002894463
-56.14751532681622 30.549541580134782
-58.20865927741486 29.700639644621145
-60.2698032280135 26.846080314903816
-62.330947178612135 22.817569698559456
-64.39209112921078 20.656314283508134
-66.45323507980943 19.66392586561166
-68.51437903040807 18.073946133173663
-70.5755229810067 14.164184611025442
-72.63666693160535 12.188009147468495
-74.69781088220398 11.93336009649621
-76.75895483280263 10.10340753577049
-78.82009878340126 8.142759183903594
-80.88124273399991 8.126900018997791
-82.94238668459855 6.698974277672563
-85.00353063519718 6.660612307208332
-87.06467458579583 5.583373915229761
-89.12581853639446 5.775075729942085
-91.18696248699311 6.347661861088989
-93.24810643759174 6.383864314316067
-95.3092503881904 5.365336259164473
-97.37039433878904 5.490363202442148
-99.43153828938769 3.6632919445951955
-101.49268223998634 5.406257020069405
-103.55382619058497 5.134828787866996
-105.6149701411836 2.379746841125086
-107.67611409178225 4.48533353113979
-109.73725804238089 4.001104233685927
-111.79840199297954 3.5551564424432653
-113.85954594357817 3.496865819403439
-115.92068989417682 5.0613219062500825
-117.98183384477545 4.294528969355992
-120.04297779537409 5.421251192866675
-122.10412174597273 6.074884539695927
-124.16526569657137 4.101183441440531
-126.22640964717002 4.572246060646435
-128.28755359776866 4.419060959487595
-130.3486975483673 4.797122533139006
-132.40984149896593 5.438088879907775
-134.47098544956458 5.608156577269936
-136.53212940016323 4.574298254074071
-138.59327335076185 3.9463463990071084
-140.6544173013605 3.6390973295504785
-142.71556125195914 4.479718793714908
-144.7767052025578 4.410273454452845
-146.8378491531564 4.9078861930868625
-148.89899310375506 3.5318226960819556
-150.96013705435368 5.5359589349097655
-153.02128100495236 5.377874020124082
-155.082424955551 4.924955336805763
-157.14356890614962 3.8991046130963376
-159.20471285674827 4.58824312226334
-161.2658568073469 4.453654360476236
-163.32700075794557 4.003227965819911
-165.3881447085442 3.401423708630226
-167.44928865914284 4.811605224513048
-169.51043260974146 3.8536056869570485
-171.57157656034013 4.06581695883622
-173.63272051093875 4.603201253128692
-175.6938644615374 5.4779492850908715
-177.75500841213602 3.8516818909956307
-179.81615236273467 4.7761000790613615
-181.87729631333332 4.128160697370035
-183.93844026393197 3.3365885483250928
-185.99958421453059 4.090664018903515
-188.06072816512923 4.447365513371115
-190.12187211572785 3.8773596036406643
-192.18301606632653 5.2202707079053825
-194.24416001692518 4.32921587628467
-196.3053039675238 3.0903048562665187
-198.36644791812245 3.1126149884056034
-200.42759186872107 5.181971188622274
-202.48873581931974 3.7129369648006088
-204.54987976991836 4.907618577177085
-206.611023720517 3.2450160697265074
-208.67216767111563 3.6068664283542335
-210.7333116217143 3.8232223602717315
-212.79445557231293 4.073708382091112
-214.85559952291158 3.895160542788022
-216.9167434735102 4.72841853605254
-218.97788742410884 4.6127209902559345
-221.0390313747075 4.119195138631843
-223.10017532530614 3.8800458192056264
-225.16131927590476 3.264476963533171
-227.2224632265034 4.227998194010997
-229.28360717710203 6.049635372713684
-231.3447511277007 3.876418795161781
-233.40589507829935 2.9085849516478723
-235.46703902889797 2.5327517368848222
-237.52818297949662 6.493673242546491
-239.58932693009527 3.924581466175649
-241.65047088069392 2.9179097368244236
-243.71161483129254 4.942005598633578
-245.77275878189118 4.478769894954111
-247.8339027324898 5.884032881458671
-249.89504668308848 6.0403565842351705
-251.9561906336871 6.428189030689213
-254.01733458428575 5.403425335348709
-256.07847853488437 5.1970888245594615
-258.139622485483 5.487355468844102
