# BEGINHEADER
# This file contains data from the SALSA 2m radio telescope.
# DATE=2021-12-09T14:15:0017
# GLON and GLAT given in degrees
# GLON=95.84953243012573
# GLAT=0.022933845879466376
# DATA in two columns below. Col. 1 is velocity relative to LSR [km/s]. Col. 2 is uncalibrated antenna temperature [K].
# ENDHEADER
264.48477905102385 4.514978811917043
262.42363510042514 4.42581060180749
260.36249114982655 5.418526964561993
258.3013471992279 5.038859256893718
256.24020324862926 7.600874805989478
254.1790592980306 6.183366524698024
252.11791534743196 6.272630375051087
250.05677139683334 7.388519669793624
247.9956274462347 9.193059824973318
245.93448349563604 7.073526791409943
243.8733395450374 7.405473040319745
241.81219559443878 12.203233605025165
239.75105164384013 7.177412013557268
237.6899076932415 7.88134742424333
235.62876374264283 8.761747599558499
233.56761979204418 7.893393036933554
231.50647584144556 7.849262597795955
229.44533189084692 6.3062666971487396
227.38418794024827 11.205038428156017
225.32304398964962 9.694564445730359
223.261900039051 9.60719309453511
221.20075608845235 9.597904516285677
219.13961213785373 7.636855171308243
217.07846818725505 7.855843535493865
215.01732423665644 9.19004432896929
212.9561802860578 8.193612524115649
210.89503633545917 8.15620323572932
208.83389238486052 8.106856137326663
206.77274843426187 6.300900514358561
204.71160448366322 9.047760916839266
202.6504605330646 10.783953313192649
200.58931658246595 9.952429498731814
198.52817263186733 9.555131341649327
196.46702868126866 7.579913349682047
194.40588473067 8.831212898475778
192.3447407800714 9.72027916879187
190.28359682947274 8.88373617090193
188.2224528788741 9.788364348980828
186.16130892827545 7.192707932499318
184.10016497767683 7.337217636648644
182.03902102707818 10.257509213719253
179.97787707647956 8.711651234815735
177.91673312588088 11.94207930196231
175.85558917528226 8.404397119427939
173.7944452246836 7.551949873018768
171.733301274085 7.832433641574975
169.67215732348635 8.323372484725386
167.6110133728877 8.622845835182433
165.54986942228905 7.352464380842519
163.48872547169043 9.114105889803302
161.42758152109178 5.753854294024183
159.3664375704931 9.21367183400701
157.30529361989448 7.969381374326122
155.24414966929584 8.575397129118556
153.18300571869722 8.953734834259782
151.12186176809857 6.416615711640298
149.06071781749992 6.868073701224527
146.99957386690127 7.300456931470948
144.93842991630265 8.127213625061342
142.877285965704 6.996890236628407
140.81614201510538 6.2174071543552065
138.7549980645067 8.563166682288093
136.6938541139081 8.518713888622253
134.63271016330944 7.882961056944702
132.57156621271082 11.211663675861672
130.51042226211217 8.733857823581587
128.44927831151352 8.51882120669604
126.38813436091488 5.109798854395576
124.32699041031624 9.733806512535292
122.2658464597176 8.574250232498615
120.20470250911896 7.166450398298266
118.14355855852031 7.072519758342085
116.08241460792168 7.804322250487317
114.02127065732304 7.779874752753225
111.9601267067244 8.08448988486042
109.89898275612576 5.5910549636814215
107.83783880552711 7.634813918767671
105.77669485492848 7.767205332877268
103.71555090432983 8.321168418925746
101.6544069537312 9.092494692154627
99.59326300313255 9.990425132203223
97.5321190525339 6.6469843442087475
95.47097510193527 8.232156021786528
93.40983115133662 7.886855084871435
91.34868720073798 9.216506681934128
89.28754325013934 8.868260121033494
87.2263992995407 7.800843784469253
85.16525534894207 7.657862002729951
83.10411139834342 7.750176735421025
81.04296744774479 8.001146846671936
78.98182349714614 8.536285115741949
76.9206795465475 7.024914525017397
74.85953559594887 8.170150884237358
72.79839164535022 6.157751795033589
70.73724769475159 8.095592699337937
68.67610374415294 6.564808726402407
66.6149597935543 4.533662835652314
64.55381584295566 6.635237416531333
62.492671892357016 5.72859269505948
60.431527941758375 5.3334050155065995
58.370383991159734 5.920435865012695
56.30924004056109 8.352126328818002
54.24809608996246 7.815480604193011
52.18695213936381 4.415249098368259
50.12580818876517 6.644132557815635
48.06466423816652 6.879033540427575
46.00352028756788 6.685106160927143
43.94237633696924 7.109122528683871
41.881232386370606 6.252872370343628
39.820088435771964 7.345338814016241
37.75894448517332 5.858539883380443
35.69780053457468 4.590787351017835
33.636656583976034 5.972600279989352
31.5755126333774 6.585475452201185
29.51436868277876 8.405031917792817
27.453224732180114 8.041904678631994
25.392080781581477 6.085561390579416
23.33093683098284 10.282213021858112
21.2697928803842 9.607793600011009
19.208648929785557 12.829904591469873
17.147504979186916 13.241492359123285
15.086361028588275 14.83237326061386
13.025217077989634 15.404304992437064
10.964073127390993 24.999459363769013
8.902929176792354 38.242493209959676
6.8417852261937115 54.39748692329197
4.780641275595071 75.39811966281624
2.7194973249964307 85.02150432874508
0.6583533743977895 85.6697582472174
-1.4027905762008515 91.26932292358978
-3.4639345267994917 94.55475815270654
-5.525078477398132 92.3835433160236
-7.586222427996773 89.17840863425766
-9.647366378595414 85.37283097263266
-11.708510329194054 79.42366165488207
-13.769654279792697 69.11647229108463
-15.830798230391336 70.33412747569623
-17.891942180989975 66.258129786541
-19.95308613158862 58.19192060710294
-22.01423008218726 51.49328328020322
-24.0753740327859 48.90944275077497
-26.136517983384543 44.70446205986212
-28.197661933983184 47.256218299050396
-30.258805884581825 48.17206105613912
-32.319949835180466 49.726504765452106
-34.38109378577911 52.18502022055008
-36.44223773637775 56.42650874998824
-38.50338168697639 56.33715290277299
-40.564525637575024 63.24105029804729
-42.625669588173665 60.92303445396515
-44.68681353877231 62.6561402148154
-46.747957489370954 58.71105878531076
-48.809101439969595 55.219890065174425
-50.87024539056823 57.99857948543154
-52.93138934116687 55.270823442492336
-54.99253329176551 54.54644622908423
-57.053677242364145 53.03907109554825
-59.114821192962786 55.55339377713182
-61.17596514356143 56.45386777943105
-63.23710909416007 55.67609583860961
-65.29825304475871 56.027260285666486
-67.35939699535736 55.11599423553499
-69.42054094595599 56.44928412583567
-71.48168489655464 52.668264202779355
-73.54282884715327 47.16708290770591
-75.60397279775192 40.95304718256298
-77.66511674835056 35.34411805469809
-79.72626069894919 35.771811472627256
-81.78740464954784 28.90032743534667
-83.84854860014647 28.369385565323235
-85.90969255074512 25.552266787105783
-87.97083650134375 27.528326632117043
-90.0319804519424 27.89280877307986
-92.09312440254104 26.940019169894324
-94.15426835313968 28.92084307219664
-96.21541230373833 31.09476889883719
-98.27655625433697 27.77708067358324
-100.33770020493562 21.1416152691598
-102.39884415553425 20.1735682340292
-104.4599881061329 17.7405839045863
-106.52113205673153 15.731743315236029
-108.58227600733017 13.755014530528873
-110.64341995792881 9.436060653705745
-112.70456390852745 9.462228335021003
-114.7657078591261 10.569038518566817
-116.82685180972473 6.426288678278065
-118.88799576032336 6.502947450352156
-120.94913971092201 5.741795979460822
-123.01028366152065 3.683180953710263
-125.0714276121193 4.125216689586767
-127.13257156271793 4.725363780550178
-129.1937155133166 4.6462446195163505
-131.25485946391524 2.7336202894277233
-133.31600341451386 2.6236274023174255
-135.3771473651125 3.1270119724949095
-137.43829131571113 3.8466580447698697
-139.49943526630977 3.933559459394221
-141.56057921690842 4.633659525064669
-143.62172316750707 4.33388635935837
-145.6828671181057 2.0972448188604935
-147.74401106870434 1.6478724592620817
-149.80515501930296 3.1492397387405426
-151.86629896990164 3.5662859676829126
-153.92744292050028 2.514470667135096
-155.9885868710989 1.4914295043598191
-158.04973082169755 -1.3228206780561909
-160.11087477229617 0.2231405526316947
-162.17201872289485 -0.8431379941739723
-164.23316267349347 1.9420540349093371
-166.29430662409212 4.102947672886156
-168.35545057469074 0.8316760270255755
-170.4165945252894 -0.44073539398846195
-172.47773847588803 0.8872665488152615
-174.53888242648668 1.5547848623837202
-176.6000263770853 1.0241783995870446
-178.66117032768395 3.630604357620431
-180.7223142782826 1.0330423828080175
-182.78345822888124 -0.39261802173806293
-184.84460217947986 2.7231961605964914
-186.9057461300785 0.41914701237865304
-188.96689008067713 3.92136164024617
-191.0280340312758 -0.18606755303983272
-193.08917798187446 1.5863039094713822
-195.15032193247308 0.4544810110767196
-197.21146588307172 1.8070009326543455
-199.27260983367037 2.0341661753325018
-201.33375378426902 2.592565724177908
-203.39489773486764 1.5693879104108277
-205.4560416854663 1.7577120863231663
-207.5171856360649 1.1552732969634545
-209.57832958666359 1.7116226031851687
-211.6394735372622 2.341119915364957
-213.70061748786085 0.7292377553344979
-215.76176143845947 -0.577996447331539
-217.82290538905812 2.791172385525899
-219.88404933965677 -0.18513845737652232
-221.94519329025542 -0.719495687278404
-224.00633724085404 2.773897645029928
-226.06748119145269 2.0638869462995584
-228.12862514205136 1.1877859923073966
-230.18976909264998 3.2836552276506508
-232.25091304324863 2.6019999796096323
-234.31205699384725 1.2181418633109158
-236.3732009444459 1.1998903207260334
-238.43434489504455 0.7411879734876416
-240.4954888456432 0.6373992065182708
-242.55663279624181 1.5520366222028599
-244.61777674684046 4.215590615902893
-246.67892069743908 3.1419234015030124
-248.74006464803776 -0.3229250189699352
-250.80120859863638 1.9673787508453844
-252.86235254923503 0.07095204765439062
-254.92349649983365 3.464396777789329
-256.98464045043227 5.226147145311516
-259.04578440103097 0.20173377818944999
-261.10692835162956 2.929906489530272
