# BEGINHEADER
# This file contains data from the SALSA 2m radio telescope.
# DATE=2021-11-24T15:50:0036
# GLON and GLAT given in degrees
# GLON=148.8964111523505
# GLAT=-0.2247747357127545
# DATA in two columns below. Col. 1 is velocity relative to LSR [km/s]. Col. 2 is uncalibrated antenna temperature [K].
# ENDHEADER
266.99296253928094 4.418483987695124
264.9318185886823 9.352217173171443
262.87067463808364 5.69949542391852
260.809530687485 10.498294898351336
258.74838673688635 11.631097869788034
256.6872427862877 13.45979975682172
254.62609883568908 11.45525269449742
252.56495488509046 12.254105534959402
250.50381093449178 13.752970594828211
248.44266698389313 15.152111350867653
246.3815230332945 14.707593658774213
244.32037908269587 13.82211585984524
242.25923513209725 15.836420536507402
240.19809118149857 13.668030174087319
238.13694723089995 13.133657239533841
236.0758032803013 17.068427818921524
234.01465932970268 15.041446898840078
231.95351537910403 14.9970910024311
229.89237142850538 16.53738675093421
227.83122747790674 16.524539540417788
225.77008352730812 15.311397904152114
223.70893957670947 16.334723217719734
221.64779562611082 16.13387788960548
219.58665167551217 15.796278679062253
217.52550772491355 15.1369735721248
215.4643637743149 16.598209112933333
213.40321982371628 14.57676743029917
211.3420758731176 17.971201404087275
209.28093192251896 14.169992766930214
207.21978797192034 12.340480209049241
205.1586440213217 16.001775902067784
203.09750007072307 14.729609547556255
201.0363561201244 15.848035133251624
198.97521216952578 14.76814450327619
196.91406821892713 17.222932392504003
194.8529242683285 15.802717536773937
192.79178031772983 15.443132077547954
190.7306363671312 17.517952335908227
188.66949241653256 15.822267736472563
186.60834846593394 15.864578050139349
184.5472045153353 14.269502284717
182.48606056473665 14.866161286879448
180.424916614138 14.501950737816777
178.36377266353938 15.75750772295818
176.30262871294073 16.71515183960427
174.2414847623421 16.55734090431129
172.18034081174343 18.32153297365007
170.1191968611448 17.95010389259104
168.05805291054617 16.578327358635242
165.99690895994752 17.805223708331383
163.93576500934887 16.616960892653974
161.87462105875022 15.576956578410604
159.8134771081516 15.646264344428033
157.75233315755295 16.530591080264962
155.69118920695433 14.4093771452182
153.63004525635566 15.427287317982545
151.56890130575704 13.816644129801197
149.5077573551584 14.299340875648458
147.44661340455977 16.48620717109539
145.38546945396112 14.116582192201687
143.32432550336247 15.345575151631204
141.26318155276383 17.022181272839653
139.2020376021652 16.9545560302253
137.14089365156656 17.70131511303566
135.07974970096794 16.823074336011423
133.01860575036926 15.348094551857967
130.9574617997706 17.8628197116433
128.896317849172 16.002030405112077
126.83517389857334 15.084247485479128
124.77402994797471 14.831275472168656
122.71288599737606 15.192348184224125
120.65174204677743 16.26416277638018
118.5905980961788 15.798629503567007
116.52945414558015 15.668156324707823
114.4683101949815 13.095440871278788
112.40716624438285 15.46501771929033
110.34602229378422 14.7142584854154
108.28487834318558 13.387032942748347
106.22373439258693 15.132872307281266
104.1625904419883 14.607357535660395
102.10144649138965 15.407003148170238
100.04030254079102 16.90928208197524
97.97915859019237 13.650849548616225
95.91801463959374 13.204510974658698
93.8568706889951 14.587333032900878
91.79572673839645 11.785976423725876
89.73458278779782 11.374385728836213
87.67343883719917 13.253856134104058
85.61229488660054 12.827243417624238
83.55115093600189 13.773365338676497
81.49000698540326 12.736104016493071
79.42886303480462 13.042043537435669
77.36771908420597 12.592562691924023
75.30657513360732 12.298779635357215
73.24543118300868 15.267480623000768
71.18428723241004 14.4837400437328
69.1231432818114 11.059189426980184
67.06199933121276 14.534590659828172
65.00085538061413 13.804177895371154
62.93971143001548 13.235623120919092
60.87856747941684 13.025186086476722
58.8174235288182 12.121092097136064
56.75627957821956 10.98173039560058
54.69513562762092 14.481158304655407
52.63399167702228 11.785075809919196
50.57284772642364 11.261131370222769
48.511703775825 15.384068533286621
46.45055982522635 14.316055197108064
44.38941587462771 10.009731903937544
42.32827192402907 11.805912770963275
40.267127973430426 12.249486661514135
38.205984022831785 12.741018563891375
36.144840072233144 13.703838442370843
34.08369612163451 15.215172343354691
32.02255217103587 12.69645970303062
29.961408220437225 12.080034396137073
27.900264269838583 11.65598962526513
25.839120319239942 12.362990321118618
23.7779763686413 13.876310616592113
21.716832418042664 14.90961314541311
19.655688467444023 11.337061935270507
17.59454451684538 13.564357562463403
15.53340056624674 16.595173214594066
13.472256615648101 14.573168676635664
11.41111266504946 18.270530853079656
9.349968714450819 20.19026544785641
7.288824763852179 29.149714961755453
5.227680813253537 40.5547744392357
3.166536862654896 46.69838899784928
1.1053929120562558 59.37445570357121
-0.9557510385423851 56.65833013711277
-3.016894989141026 57.149895743713984
-5.078038939739667 63.26138657814843
-7.139182890338307 56.21694229988285
-9.200326840936947 54.56851129051216
-11.261470791535588 52.6609453038285
-13.32261474213423 52.960852605262275
-15.38375869273287 54.18076062798394
-17.444902643331513 53.70471367230403
-19.50604659393015 48.87099029859885
-21.567190544528792 50.53618094398727
-23.628334495127433 52.28788982366505
-25.689478445726078 55.50365171326864
-27.75062239632472 58.69869837436041
-29.81176634692336 63.083413380571315
-31.872910297521997 67.31544221799281
-33.93405424812064 60.26591714481627
-35.99519819871928 54.64083312655357
-38.05634214931792 52.402020426036934
-40.11748609991656 47.72451231150305
-42.1786300505152 41.183119628776204
-44.239774001113844 39.23734935110455
-46.300917951712485 35.56554878829777
-48.36206190231112 30.46185128713049
-50.42320585290977 30.595755361015783
-52.4843498035084 29.43271902534386
-54.54549375410704 30.196903965520338
-56.60663770470568 27.273465179904992
-58.667781655304324 27.133085433876516
-60.728925605902965 21.512231710729345
-62.79006955650161 19.125986436394154
-64.85121350710024 18.558814273301394
-66.91235745769889 15.892504522184327
-68.97350140829752 17.82259070145018
-71.03464535889617 17.494428109874796
-73.0957893094948 14.34608252077356
-75.15693326009344 17.31766093924219
-77.21807721069209 13.680291828991457
-79.27922116129074 13.403395375811597
-81.34036511188938 11.340402418870381
-83.40150906248802 6.761191465171285
-85.46265301308665 7.185808160260698
-87.5237969636853 6.947125259637008
-89.58494091428393 4.354413745252201
-91.64608486488258 5.234950188299331
-93.70722881548122 7.940027853153618
-95.76837276607986 4.193481409083614
-97.8295167166785 5.154697403555115
-99.89066066727713 5.4000231609759455
-101.95180461787578 8.051007165488448
-104.01294856847441 5.667608963778534
-106.07409251907306 3.0551020378103186
-108.1352364696717 3.5417370180420926
-110.19638042027034 3.881883182311744
-112.25752437086898 6.238309633805784
-114.31866832146761 5.4214660419278715
-116.37981227206626 6.477206849855842
-118.44095622266491 4.080258167373246
-120.50210017326356 3.786758633375031
-122.56324412386219 6.227791246815277
-124.62438807446084 6.5336544397091245
-126.68553202505947 3.1878640438494252
-128.7466759756581 6.065081544939479
-130.80781992625674 5.331655740121543
-132.8689638768554 2.2500484620346235
-134.930107827454 2.796604925699983
-136.99125177805269 4.071890546783538
-139.05239572865133 3.832941998146158
-141.11353967924995 3.781982686810221
-143.1746836298486 4.444026129978087
-145.23582758044722 5.582154764984263
-147.2969715310459 3.78545610606288
-149.35811548164452 3.5843199106474772
-151.41925943224317 1.4740823632324764
-153.48040338284179 3.6036470381602377
-155.54154733344043 1.391223985435298
-157.60269128403908 1.3188331569778111
-159.66383523463773 3.83483892268695
-161.72497918523635 3.1492767968469377
-163.786123135835 4.739316482679471
-165.84726708643365 2.064915530513193
-167.9084110370323 1.1643578467317635
-169.96955498763091 2.000469978625114
-172.03069893822956 0.4584836753196169
-174.09184288882818 3.4867484760601237
-176.15298683942686 3.5900632908363495
-178.2141307900255 2.5162802515712595
-180.27527474062413 1.4626140858115257
-182.33641869122278 0.0013919390701423865
-184.3975626418214 1.443506473360193
-186.45870659242007 2.8372160001139823
-188.5198505430187 0.38155840177410494
-190.58099449361734 0.1945215113685012
-192.64213844421596 3.171501722287408
-194.70328239481464 2.078602136208063
-196.76442634541326 2.973601771702902
-198.8255702960119 3.07748157015542
-200.88671424661052 0.9146808547347605
-202.94785819720917 1.56039802869708
-205.00900214780782 -1.5728039829964946
-207.07014609840647 1.2056582443207904
-209.1312900490051 -0.6289017147487106
-211.19243399960374 -0.014593685562468579
-213.25357795020236 -2.332410774075277
-215.31472190080103 0.5856328429024502
-217.37586585139968 -3.2687433455613393
-219.4370098019983 -1.2254920056950622
-221.49815375259695 -0.07522796431690923
-223.55929770319557 0.9360370911415092
-225.62044165379424 1.9179441778257724
-227.68158560439286 0.9168403235814716
-229.7427295549915 -0.00019645419706856875
-231.80387350559013 0.6403768356152731
-233.8650174561888 -1.7304200107002836
-235.92616140678743 0.3175192458638681
-237.98730535738608 1.2069597517489048
-240.0484493079847 1.2952996797087584
-242.10959325858335 2.813542245472156
-244.170737209182 -1.6357765806466267
-246.23188115978064 -0.3822471663532461
-248.29302511037926 1.7851175837510882
-250.3541690609779 2.9057445873488468
-252.41531301157653 3.604693112297857
-254.4764569621752 2.6164641922074314
-256.5376009127738 4.564296769861548
-258.5987448633725 8.013679439962166
