# BEGINHEADER
# This file contains data from the SALSA 2m radio telescope.
# DATE=2021-11-24T15:36:0031
# GLON and GLAT given in degrees
# GLON=20.851498632525065
# GLAT=6.209371500488868
# DATA in two columns below. Col. 1 is velocity relative to LSR [km/s]. Col. 2 is uncalibrated antenna temperature [K].
# ENDHEADER
266.6018314465924 -3.8161229856585948
264.5406874959937 -11.404418262964253
262.4795435453951 -13.683130352567032
260.4183995947965 -13.751887881902961
258.35725564419783 -11.77697035881636
256.2961116935992 -10.697471625947026
254.23496774300054 -10.767798546692243
252.17382379240192 -10.854868568039954
250.11267984180327 -10.189033698710976
248.05153589120462 -13.583493268500668
245.99039194060597 -12.55736996777287
243.92924799000735 -11.564327343197911
241.8681040394087 -13.327097287764001
239.80696008881006 -12.121123266357715
237.7458161382114 -10.313801090709742
235.68467218761276 -11.403448227454527
233.62352823701414 -11.300540338577026
231.5623842864155 -13.38743656706782
229.50124033581685 -9.994825743193857
227.4400963852182 -11.52708634961419
225.37895243461958 -13.415435237593918
223.31780848402093 -10.751797920209407
221.2566645334223 -14.913862711532742
219.19552058282363 -9.988841778370183
217.134376632225 -9.860240904578559
215.07323268162637 -12.109991863697275
213.01208873102775 -10.227449522043354
210.95094478042907 -11.551973564602426
208.88980082983045 -13.719224323152115
206.8286568792318 -13.185012686233668
204.76751292863318 -11.729548042202845
202.70636897803453 -11.60146826700691
200.64522502743588 -10.499028340569001
198.58408107683724 -13.2916286565098
196.52293712623856 -10.777202359143173
194.46179317563994 -11.18259498043449
192.4006492250413 -10.703649559960581
190.33950527444267 -11.390908150340445
188.278361323844 -8.119567458452673
186.21721737324538 -11.366461576775887
184.15607342264673 -12.601121071696781
182.0949294720481 -10.533042023315796
180.03378552144946 -10.671550078925481
177.9726415708508 -11.165938864158528
175.91149762025216 -10.322551761539726
173.85035366965354 -10.280111269821477
171.7892097190549 -10.358273060470836
169.72806576845625 -10.983082421161646
167.6669218178576 -11.445114431072605
165.60577786725898 -11.849730081559244
163.54463391666033 -10.663227264633333
161.4834899660617 -10.872025004497587
159.42234601546303 -12.231905427237436
157.3612020648644 -11.612407765475238
155.30005811426577 -11.123746000996434
153.23891416366712 -10.267432351809878
151.1777702130685 -9.741500936894706
149.11662626246982 -9.004108639329308
147.0554823118712 -7.81841928623086
144.99433836127255 -8.596104885402525
142.93319441067393 -11.23804805629805
140.8720504600753 -12.603756493805728
138.81090650947664 -8.467549277931841
136.749762558878 -11.537209362194387
134.68861860827937 -9.275988554146041
132.62747465768072 -8.680582178166548
130.56633070708207 -11.457281353052933
128.50518675648343 -8.454025302156596
126.44404280588479 -10.866820495997802
124.38289885528616 -9.527426288410716
122.32175490468751 -8.669917603337804
120.26061095408888 -10.04933728304203
118.19946700349023 -8.937610995895502
116.1383230528916 -9.944822452767998
114.07717910229294 -10.016687808759293
112.01603515169431 -7.281905668755201
109.95489120109568 -8.836346244516749
107.89374725049703 -5.373621316900137
105.8326032998984 -7.908871762504083
103.77145934929975 -10.825244854323788
101.7103153987011 -9.142413896764594
99.64917144810245 -10.609421419956982
97.58802749750382 -7.263978506974227
95.52688354690518 -6.709872845348557
93.46573959630653 -8.368686201363646
91.4045956457079 -7.602936115188665
89.34345169510925 -4.996213888494563
87.28230774451062 -7.452769560408905
85.22116379391198 -7.610805710123437
83.16001984331334 -8.771582460537928
81.0988758927147 -7.258236624800424
79.03773194211605 -8.67767918802099
76.97658799151742 -7.735217786189998
74.91544404091877 -5.292563075040797
72.85430009032014 -6.951767516685706
70.7931561397215 -6.320291872923177
68.73201218912286 -7.811144686243449
66.67086823852422 -6.070724643435711
64.60972428792557 -6.071482338007883
62.54858033732693 -5.932293622659519
60.48743638672829 -5.16670739018667
58.42629243612965 -7.12742024635171
56.36514848553101 -4.5055499997124295
54.30400453493236 -4.289302961886327
52.24286058433372 -3.3983254878705047
50.181716633735086 -2.647714645230095
48.120572683136444 -4.311883157079444
46.0594287325378 -3.056293927905935
43.99828478193916 -0.303245653713559
41.93714083134052 -2.815245777102014
39.87599688074188 1.096701949599175
37.81485293014324 2.1499859738955402
35.753708979544605 4.544789610119441
33.69256502894596 7.075547907530266
31.63142107834732 9.381176518695169
29.570277127748675 11.778848526271446
27.509133177150034 13.724503051151736
25.447989226551396 22.692246872869475
23.38684527595276 26.306314598445404
21.325701325354117 29.525448493554315
19.264557374755473 34.048124352079675
17.203413424156835 36.909262229485215
15.142269473558194 40.647435952909525
13.081125522959553 37.910428441598214
11.01998157236091 32.21496521458767
8.958837621762271 34.19126875135726
6.897693671163629 41.7079172694847
4.836549720564989 48.619879781776156
2.7754057699663486 52.20122241259047
0.7142618193677076 46.929233633010675
-1.3468821312309331 32.452734120861194
-3.408026081829574 12.834645025822695
-5.469170032428215 9.218399032708236
-7.530313983026856 4.963167385581008
-9.591457933625497 1.557876683309922
-11.652601884224138 2.172994974025884
-13.713745834822777 -3.6306903673220003
-15.774889785421419 -1.6408288717653081
-17.836033736020056 0.5219079520181706
-19.8971776866187 -0.7514328697117661
-21.95832163721734 -2.2688223435651103
-24.01946558781598 -3.412209421191986
-26.080609538414624 -4.228287576807221
-28.14175348901327 -1.2980307304478185
-30.202897439611906 -1.87106530284855
-32.26404139021055 -3.577611745777806
-34.325185340809185 -3.9600066939340595
-36.386329291407826 -4.318267257952251
-38.44747324200647 -6.361268614332683
-40.50861719260511 -7.151155764151937
-42.569761143203756 -4.719069356480961
-44.6309050938024 -6.129296439874045
-46.69204904440103 -7.636540092033969
-48.75319299499967 -6.6292624274151
-50.81433694559831 -8.764237811896786
-52.875480896196954 -8.426533538714837
-54.936624846795596 -6.584163377137937
-56.99776879739424 -6.550721073571768
-59.05891274799288 -6.357223869489855
-61.12005669859151 -7.010517304633863
-63.18120064919016 -10.02932480289511
-65.2423445997888 -6.972983561232826
-67.30348855038744 -9.489623721940031
-69.36463250098608 -10.14599625080044
-71.42577645158472 -9.725083348959656
-73.48692040218336 -9.790038421738434
-75.548064352782 -7.029486650700639
-77.60920830338064 -6.883798471189654
-79.67035225397929 -9.875187025572162
-81.73149620457792 -7.577059726991312
-83.79264015517656 -8.03368642739495
-85.8537841057752 -8.649898835254822
-87.91492805637384 -8.319339246171777
-89.97607200697249 -8.932857045049788
-92.03721595757114 -6.409084044283867
-94.09835990816977 -9.063352901378474
-96.15950385876842 -9.532391305304692
-98.22064780936705 -9.548597552626067
-100.2817917599657 -10.966697501535075
-102.34293571056433 -8.941034371178409
-104.40407966116298 -9.165337462140945
-106.46522361176162 -7.858274192993776
-108.52636756236025 -7.946689916582462
-110.5875115129589 -10.278863158099112
-112.64865546355753 -9.481804180811997
-114.70979941415618 -8.802612138624516
-116.77094336475481 -7.946791206390875
-118.83208731535346 -9.118159741437628
-120.8932312659521 -8.518703211403782
-122.95437521655073 -8.596620403242758
-125.01551916714938 -8.628157092605777
-127.07666311774801 -9.361405641614333
-129.13780706834666 -9.768645986803145
-131.1989510189453 -7.1292865283115265
-133.26009496954396 -12.824036814797015
-135.32123892014258 -10.610022235833021
-137.38238287074122 -6.216585290884745
-139.44352682133984 -10.885909828210595
-141.50467077193852 -7.384904637538943
-143.56581472253714 -6.879266472381196
-145.6269586731358 -7.928967391651641
-147.6881026237344 -7.725081622639225
-149.74924657433306 -7.495654463643541
-151.81039052493173 -7.9648526688888825
-153.87153447553035 -10.281896675914208
-155.932678426129 -8.099302207723884
-157.99382237672762 -7.739287616398927
-160.0549663273263 -7.542167236331664
-162.11611027792492 -4.326090783342455
-164.17725422852357 -7.218828736699641
-166.23839817912219 -11.65434808471383
-168.29954212972083 -8.597479911862107
-170.36068608031948 -8.203747806153007
-172.42183003091813 -10.113320969255911
-174.48297398151675 -7.877074657781763
-176.5441179321154 -8.425038021659512
-178.60526188271402 -8.252942048923277
-180.6664058333127 -6.899381966095245
-182.72754978391131 -9.33817692358068
-184.78869373450996 -9.133012787768706
-186.84983768510858 -7.344905036062364
-188.91098163570726 -8.446730557417792
-190.9721255863059 -8.077976886698861
-193.03326953690453 -8.300433545266946
-195.09441348750318 -10.076777785367687
-197.1555574381018 -9.716023158117139
-199.21670138870044 -8.294936825441537
-201.27784533929906 -7.048269295166311
-203.3389892898977 -9.244090561363913
-205.40013324049633 -7.727537878376323
-207.461277191095 -7.929392207698956
-209.52242114169363 -7.133961330378627
-211.58356509229228 -8.31708792638971
-213.6447090428909 -7.805645970612847
-215.70585299348957 -10.179628625320001
-217.7669969440882 -10.507794038504336
-219.82814089468684 -8.248307277582882
-221.88928484528546 -8.225892201409982
-223.9504287958841 -6.817772591045852
-226.01157274648276 -7.871328328980031
-228.0727166970814 -9.680971825926402
-230.13386064768005 -7.868167389767397
-232.19500459827867 -6.662891852868549
-234.25614854887732 -7.90549534799352
-236.31729249947597 -7.97310404473964
-238.37843645007462 -7.454691461018372
-240.43958040067324 -8.460189761357274
-242.50072435127188 -9.294650942806834
-244.56186830187053 -9.56775875093413
-246.62301225246918 -7.7393706776306885
-248.6841562030678 -7.7217710978855
-250.74530015366645 -10.074741230693936
-252.80644410426507 -10.917616530724668
-254.86758805486375 -10.193162758421922
-256.9287320054624 -8.237455162521488
-258.989875956061 -12.610987236645444
