# BEGINHEADER
# This file contains data from the SALSA 2m radio telescope.
# DATE=2021-11-25T15:31:0037
# GLON and GLAT given in degrees
# GLON=31.795147243224964
# GLAT=-5.7917901468644235
# DATA in two columns below. Col. 1 is velocity relative to LSR [km/s]. Col. 2 is uncalibrated antenna temperature [K].
# ENDHEADER
260.726955207673 4.142467235416599
258.6658112570743 6.728760388369086
256.6046673064757 4.843268201840503
254.54352335587703 9.159872120768796
252.4823794052784 6.670934315904679
250.42123545467976 6.489010428825435
248.3600915040811 4.921905494015358
246.29894755348246 4.913918535785216
244.23780360288384 6.841241822434042
242.1766596522852 5.325142487562594
240.11551570168655 8.698687922953281
238.0543717510879 4.55094571350074
235.99322780048925 7.547379710998044
233.93208384989063 6.994853183105263
231.87093989929198 6.562264409808493
229.80979594869336 7.440578219822487
227.7486519980947 9.947205076777689
225.68750804749607 9.392043424659827
223.62636409689742 7.800222426832058
221.5652201462988 9.267351870918583
219.50407619570015 9.214342646269381
217.4429322451015 6.4764772307964975
215.38178829450285 5.025157240419353
213.32064434390423 6.8243604772756505
211.2595003933056 9.035040244191977
209.19835644270694 10.945876829307004
207.1372124921083 8.38115825834834
205.07606854150967 8.060540729755894
203.01492459091102 8.343153879948156
200.95378064031237 9.289248764725437
198.89263668971373 9.656403549503151
196.83149273911508 8.884785883272615
194.77034878851646 7.196356221211614
192.7092048379178 9.297268245760442
190.6480608873192 7.785582087159231
188.5869169367205 7.99676797817613
186.5257729861219 10.232351527850879
184.46462903552325 7.631862299578788
182.40348508492463 11.69262679482878
180.34234113432595 9.813270060629636
178.28119718372733 9.939221537617513
176.22005323312868 10.55912674805813
174.15890928253006 6.298283287229939
172.0977653319314 6.927823943403707
170.03662138133276 10.390438995221785
167.97547743073412 8.161239129994533
165.9143334801355 9.393992014053747
163.85318952953685 9.247650025478222
161.7920455789382 9.352073944316137
159.73090162833955 9.160691947519666
157.6697576777409 10.37498967308707
155.60861372714228 8.244077815569536
153.54746977654364 10.00430257915717
151.48632582594502 9.394448383992149
149.42518187534634 8.195786810377871
147.36403792474772 10.100539788073633
145.30289397414907 9.242005524140916
143.24175002355045 8.20837025322385
141.18060607295178 6.20978531369071
139.11946212235316 8.639054387690761
137.0583181717545 11.43207830070573
134.9971742211559 10.989877950509765
132.93603027055724 7.718590740652671
130.8748863199586 9.248887640772093
128.81374236935994 9.133283466762961
126.75259841876131 9.733775301185064
124.69145446816266 9.602876670397253
122.63031051756403 9.682331767010458
120.5691665669654 9.94672583046635
118.50802261636674 9.709991158486883
116.44687866576811 8.34634182351963
114.38573471516946 9.890986792293472
112.32459076457083 12.93694265913201
110.26344681397218 13.551907925588354
108.20230286337355 10.198645215496912
106.1411589127749 9.315068929525602
104.08001496217625 11.909421657961488
102.01887101157762 11.34060034095395
99.95772706097897 13.23540852228944
97.89658311038033 13.64085364446148
95.8354391597817 12.034887887430942
93.77429520918305 11.894137573025873
91.71315125858442 12.256921444004618
89.65200730798577 12.860954109873491
87.59086335738714 13.27178811384028
85.52971940678849 15.909884889817482
83.46857545618985 16.305214099619462
81.40743150559122 18.88461729361359
79.34628755499257 16.703941219338773
77.28514360439394 15.113634706964445
75.22399965379529 18.884179900063454
73.16285570319666 17.09292218822398
71.101711752598 17.899003633351573
69.04056780199937 21.67818592190094
66.97942385140072 18.70151136892795
64.91827990080208 19.454156507305626
62.85713595020344 20.118693793560364
60.79599199960481 18.20456270534522
58.73484804900617 18.98438397432743
56.67370409840752 21.489597986422023
54.61256014780888 20.98447093375363
52.55141619721024 20.772762110966866
50.490272246611596 23.723816361419768
48.42912829601296 21.798462958616692
46.36798434541432 25.408830895754573
44.30684039481569 23.80345584708722
42.245696444217046 24.430559040247463
40.184552493618405 23.437127134091995
38.12340854301976 25.24330921980209
36.062264592421116 24.6878137439186
34.001120641822475 24.398515780973078
31.939976691223837 23.44442504757777
29.878832740625196 25.26132228255659
27.817688790026555 28.006881214529102
25.756544839427917 29.36543638706903
23.695400888829273 34.44432196396755
21.63425693823063 34.35886673123453
19.573112987631994 41.54720374228787
17.511969037033353 52.443191619233865
15.45082508643471 56.37599730004962
13.38968113583607 64.85991956444285
11.32853718523743 72.11553287285133
9.267393234638789 71.63304516816623
7.206249284040148 73.5561831623484
5.1451053334415064 74.52423548539959
3.0839613828428663 76.66444084824295
1.0228174322442254 68.24506198424568
-1.0383265183544155 52.728859587347245
-3.099470468953057 31.416144943600884
-5.160614419551697 25.39841547446846
-7.221758370150337 18.85441985714291
-9.282902320748978 18.5663753403522
-11.344046271347619 16.335061954452083
-13.40519022194626 15.173534240982406
-15.4663341725449 13.597852752029251
-17.527478123143542 12.51307241709989
-19.588622073742183 13.368950534992852
-21.64976602434082 11.615763408994889
-23.71090997493946 13.110036355680181
-25.772053925538106 11.792853152692533
-27.833197876136747 11.517587087143324
-29.894341826735385 11.134252084549846
-31.955485777334026 9.234659847407078
-34.01662972793267 10.108554762759328
-36.07777367853131 8.31859490151298
-38.13891762912995 11.18816125235161
-40.20006157972859 11.781954192540464
-42.26120553032723 12.367274420773908
-44.32234948092587 10.332120653762024
-46.38349343152451 11.527821581831384
-48.444637382123155 9.567205713447152
-50.505781332721796 10.409658069007792
-52.56692528332044 9.87110798815566
-54.62806923391908 11.146465507282489
-56.68921318451772 10.000120097604066
-58.75035713511637 9.690875765904767
-60.81150108571501 8.890852071486837
-62.87264503631364 8.469655853736475
-64.93378898691228 11.650055602326512
-66.99493293751092 7.812471106194099
-69.05607688810957 6.77140949212772
-71.1172208387082 4.636482681504461
-73.17836478930684 5.4535256973496065
-75.23950873990549 5.1911523445011865
-77.30065269050412 6.958971073053348
-79.36179664110277 8.271374129280614
-81.4229405917014 6.056122536284089
-83.48408454230005 7.384048379574737
-85.54522849289869 4.720283440149556
-87.60637244349734 5.5695518146363
-89.66751639409598 8.320367914165322
-91.72866034469462 8.840516197081511
-93.78980429529327 4.333257010013224
-95.8509482458919 5.953366535881063
-97.91209219649053 3.6832202744323053
-99.97323614708918 5.700902540143027
-102.03438009768782 6.403912720850306
-104.09552404828646 5.231355085109456
-106.1566679988851 4.5502840661331625
-108.21781194948375 3.908717665345156
-110.27895590008238 6.019457110462048
-112.34009985068101 5.332024087424389
-114.40124380127966 5.045508797074469
-116.4623877518783 1.2535861654224358
-118.52353170247694 3.5448323933748527
-120.58467565307558 4.860854045955919
-122.64581960367423 2.9191408275029924
-124.70696355427286 1.8661815345403945
-126.76810750487151 2.681281427086851
-128.82925145547014 6.148527843626872
-130.8903954060688 6.2155091697579135
-132.95153935666744 6.939941828886113
-135.01268330726606 5.029417408456315
-137.0738272578647 5.905234263849894
-139.13497120846333 5.946497997921841
-141.196115159062 3.543978372799262
-143.25725910966062 3.7388383272165204
-145.31840306025927 3.3099922483049222
-147.37954701085792 4.543400963498281
-149.44069096145657 3.4172389253017723
-151.50183491205522 1.0145047665112639
-153.56297886265384 5.087030276963116
-155.62412281325248 4.218226723785285
-157.6852667638511 5.267722532114712
-159.74641071444978 4.250901485480696
-161.8075546650484 3.072801627095053
-163.86869861564705 5.285178330932613
-165.92984256624567 4.293584874485765
-167.99098651684432 2.5080837692972646
-170.05213046744296 3.5911083897270575
-172.1132744180416 5.248847275054567
-174.17441836864023 0.4730066833264422
-176.23556231923888 2.4447642888248344
-178.29670626983753 1.7295370721520427
-180.35785022043618 4.500689133113063
-182.4189941710348 3.518204115845164
-184.48013812163344 5.130336900300162
-186.5412820722321 4.308981388554921
-188.60242602283074 4.278693809360395
-190.6635699734294 5.92925580657081
-192.724713924028 4.038859760411566
-194.78585787462666 2.529828013615469
-196.84700182522528 3.2965409282383105
-198.90814577582395 0.6148467523374934
-200.96928972642257 3.488854800546095
-203.03043367702122 1.9665449986524828
-205.09157762761984 3.35058564889665
-207.15272157821852 3.363253876556973
-209.21386552881714 3.0483778292187726
-211.2750094794158 3.027966733237301
-213.3361534300144 5.242718398571379
-215.39729738061305 1.2355005934285987
-217.4584413312117 1.2937493702908687
-219.51958528181035 3.3390487169286205
-221.58072923240897 3.3902463079757763
-223.64187318300762 1.794272859463127
-225.70301713360627 3.3774940981524457
-227.76416108420491 0.6017924098537675
-229.82530503480356 3.064039149447783
-231.88644898540218 1.241163167598
-233.94759293600083 1.4655428767774932
-236.00873688659945 2.263416741786649
-238.06988083719813 -0.24902089402458102
-240.13102478779675 2.5094954967823697
-242.1921687383954 1.5330320372273876
-244.25331268899401 4.09084773270773
-246.3144566395927 4.404256963257587
-248.3756005901913 2.6797202880142623
-250.43674454078996 3.846414312092392
-252.49788849138858 4.092693012467311
-254.55903244198723 1.1149073166756154
-256.6201763925859 2.3486061955821005
-258.6813203431845 4.7839403843507435
-260.74246429378314 4.4790556257144205
-262.8036082443818 4.449584546761349
-264.86475219498044 7.911072578642253
