# BEGINHEADER
# This file contains data from the SALSA 2m radio telescope.
# DATE=2021-11-29T15:51:0053
# GLON and GLAT given in degrees
# GLON=73.94610068257498
# GLAT=12.09746965409785
# DATA in two columns below. Col. 1 is velocity relative to LSR [km/s]. Col. 2 is uncalibrated antenna temperature [K].
# ENDHEADER
272.0360930538398 1.0483698829268555
269.97494910324116 3.668629831547463
267.91380515264257 4.2461063226870905
265.85266120204386 3.7832091850711413
263.79151725144527 4.080592119199264
261.7303733008466 5.255670901910746
259.669229350248 4.192080755784839
257.6080853996493 5.134590212827112
255.54694144905068 7.283744492052614
253.48579749845206 6.080469397186735
251.4246535478534 4.630016335727182
249.3635095972548 3.94017330581169
247.3023656466561 6.442257003238594
245.24122169605747 5.260777152534171
243.18007774545885 4.303725104096601
241.1189337948602 5.744433730637445
239.05778984426155 4.615289876855294
236.9966458936629 6.3248258746603
234.93550194306428 4.368494702124651
232.87435799246563 5.944672944824012
230.813214041867 7.5933114963610295
228.75207009126834 7.097322179522711
226.69092614066972 3.8349780230488992
224.62978219007107 3.2616083366882735
222.56863823947245 8.063738407644108
220.5074942888738 7.070517329048894
218.44635033827515 7.513065639710748
216.3852063876765 7.9154069349308305
214.32406243707788 8.54541586873717
212.26291848647924 8.210856792592157
210.20177453588062 5.917024974786654
208.14063058528194 8.693067548886885
206.0794866346833 6.506899515623757
204.01834268408467 6.221120173891422
201.95719873348602 6.784718849571395
199.89605478288738 3.412796156326218
197.83491083228876 5.010672073906159
195.77376688169014 5.565758927494185
193.7126229310915 6.960774642711727
191.65147898049284 7.982024726035487
189.5903350298942 7.770111177685715
187.52919107929557 6.438676143248712
185.46804712869692 6.1411818234792985
183.40690317809828 4.780434477315258
181.34575922749963 5.965336345366901
179.284615276901 6.7360746715073345
177.22347132630236 6.7396938814462874
175.16232737570374 5.619706915964062
173.10118342510506 5.756880665188289
171.04003947450644 6.891009595356519
168.9788955239078 3.8315631826273684
166.91775157330915 5.133470543784085
164.85660762271053 4.8990441685655535
162.79546367211185 3.6488150506156214
160.73431972151323 5.742306537678353
158.67317577091458 5.0086651553549295
156.61203182031596 6.4425362267806
154.55088786971731 5.578088609277081
152.48974391911867 5.274116696372329
150.42859996852002 5.447280855088956
148.3674560179214 6.665024827881482
146.30631206732275 6.7280175771991075
144.2451681167241 6.105134871036798
142.18402416612545 5.736776620243175
140.12288021552683 5.358648754923188
138.0617362649282 5.640852294326027
136.00059231432957 6.008769561146848
133.9394483637309 4.109942443943706
131.87830441313227 5.834634463130353
129.81716046253362 7.679118794497873
127.75601651193497 7.805945092677972
125.69487256133634 2.757239775930911
123.6337286107377 4.7256159809723615
121.57258466013906 7.12160906932327
119.51144070954042 7.683391671798437
117.45029675894178 5.496518886891516
115.38915280834314 4.21676240465002
113.3280088577445 5.157103104008613
111.26686490714584 6.738622284160436
109.20572095654721 8.696730885705687
107.14457700594856 5.588686272105877
105.08343305534993 4.397536424905994
103.02228910475128 4.15160854937288
100.96114515415265 4.658202644959885
98.90000120355401 7.430496052977525
96.83885725295536 4.55568650793102
94.77771330235673 2.1698073599438246
92.71656935175808 5.00244090589863
90.65542540115945 2.3547912972521594
88.5942814505608 3.045639016049634
86.53313749996217 5.797083272123993
84.47199354936353 5.105405589864335
82.41084959876488 4.555688636121255
80.34970564816625 4.514754941200403
78.2885616975676 7.515753751235684
76.22741774696897 4.8204435148452
74.16627379637032 5.912259094239396
72.10512984577167 4.3684201914366305
70.04398589517304 4.345774788423885
67.98284194457439 5.98580099825743
65.92169799397576 2.739189207854807
63.86055404337712 6.407444218209068
61.79941009277847 4.330775619489641
59.73826614217983 3.559802092910455
57.67712219158119 4.605858364978016
55.61597824098255 5.1321175564601
53.55483429038391 4.864559462643322
51.493690339785275 3.5083238468793954
49.43254638918663 4.340471391872795
47.37140243858799 6.54213562758657
45.31025848798935 7.272150079517125
43.2491145373907 6.27464340995063
41.18797058679206 3.62648904656275
39.12682663619342 5.657249019201957
37.06568268559479 5.891800047435786
35.004538734996146 3.6765508948157373
32.943394784397505 3.9314683819146707
30.882250833798864 6.0633043659441315
28.82110688320022 7.643091321175412
26.75996293260158 8.798783010898248
24.69881898200294 12.014819079399386
22.6376750314043 10.53593422713654
20.57653108080566 14.433506953208894
18.515387130207017 17.270661753699372
16.454243179608376 21.615256905340747
14.393099229009737 21.333024208536436
12.331955278411096 24.66652162416071
10.270811327812455 28.636480691548684
8.209667377213815 30.303232979838125
6.148523426615173 31.348438242006246
4.087379476016532 38.305215369505525
2.026235525417891 37.54322606213727
-0.03490842518074945 39.64291687336929
-2.0960523757793905 36.39213473727154
-4.157196326378031 29.91760558479551
-6.218340276976672 27.408426320897735
-8.279484227575313 20.206485221048258
-10.340628178173953 17.793118095655537
-12.401772128772595 16.27093687553823
-14.462916079371235 15.466797620865915
-16.524060029969874 14.589179679274787
-18.585203980568515 12.281127742827033
-20.64634793116716 9.591324944321448
-22.707491881765797 9.081070725596302
-24.76863583236444 6.0660764207423865
-26.82977978296308 6.652959957269338
-28.890923733561717 8.51051253063866
-30.95206768416036 5.946047031245718
-33.013211634758996 7.5015147380022915
-35.074355585357644 6.067714530106658
-37.135499535956285 5.021957881312476
-39.196643486554926 7.143498719876328
-41.25778743715357 5.223954629174589
-43.31893138775221 4.4239506408320795
-45.38007533835084 2.8032124766404176
-47.44121928894948 5.656534469477172
-49.502363239548124 5.473528253636856
-51.563507190146765 4.22410890381824
-53.624651140745414 5.0805581984018655
-55.685795091344055 5.501546092859857
-57.746939041942696 3.7843004926726245
-59.80808299254133 4.577171087593588
-61.86922694313997 5.014435510011437
-63.93037089373861 7.251105800251824
-65.99151484433726 4.626353657507179
-68.0526587949359 5.994113834205991
-70.11380274553453 6.653973107625854
-72.17494669613318 5.228484018369397
-74.23609064673181 5.667630610815686
-76.29723459733046 5.971164064275752
-78.35837854792909 6.097604065282897
-80.41952249852773 6.475835555813506
-82.48066644912639 5.401866201312712
-84.54181039972502 2.3092032333832475
-86.60295435032367 2.1441402220179193
-88.6640983009223 7.3548483242748475
-90.72524225152095 6.872570030952031
-92.78638620211959 4.297867549131381
-94.84753015271822 3.9237069508694855
-96.90867410331687 5.350922686580699
-98.9698180539155 2.3277021486116793
-101.03096200451415 2.835506121038476
-103.09210595511279 3.0521100427353454
-105.15324990571143 3.5883647445063818
-107.21439385631007 3.1769571582514913
-109.2755378069087 4.262535533773663
-111.33668175750735 4.192831597925208
-113.39782570810598 3.2142405061015364
-115.45896965870463 3.5619574400328378
-117.52011360930327 3.4328809795929978
-119.58125755990191 1.3952976438323368
-121.64240151050056 3.0951524545741753
-123.7035454610992 2.7630330190099452
-125.76468941169784 3.87132514828607
-127.82583336229648 1.9987740288569826
-129.8869773128951 2.3903426491635384
-131.94812126349376 1.86652269895671
-134.00926521409238 1.373715662646588
-136.07040916469103 -0.8365913476310326
-138.13155311528968 2.5559849499244174
-140.19269706588832 1.3771282655181376
-142.25384101648697 1.132616962758314
-144.3149849670856 2.6555450275838437
-146.37612891768427 0.8322328226823658
-148.4372728682829 0.5539850394739283
-150.49841681888154 -0.7465613760755027
-152.55956076948016 -0.11195588792975805
-154.6207047200788 1.3964977207963682
-156.68184867067745 0.990679158146487
-158.7429926212761 1.379304007345881
-160.80413657187472 1.0667880505953862
-162.86528052247337 -0.5426323676069388
-164.926424473072 -1.3453608554055163
-166.98756842367067 3.291324249486803
-169.0487123742693 1.0413911750181903
-171.10985632486793 1.9293210988047869
-173.17100027546655 2.882231685165909
-175.23214422606523 -0.834540962494945
-177.29328817666385 -0.28276639794533664
-179.3544321272625 1.9067197127464228
-181.41557607786115 0.19062385447358315
-183.47672002845977 1.1143103788203816
-185.53786397905844 0.11095925718321978
-187.59900792965706 0.9969983066671742
-189.6601518802557 1.20716552344379
-191.72129583085433 0.9663008817959354
-193.78243978145298 -0.9452487233008089
-195.84358373205163 0.7069930156863984
-197.90472768265028 0.7718598617800334
-199.96587163324892 1.6971316442512643
-202.02701558384757 0.5555965600056563
-204.0881595344462 0.7005956536673407
-206.14930348504484 2.8254493794184574
-208.2104474356435 0.24036639714661212
-210.27159138624214 0.42532399706648427
-212.33273533684076 -0.7628524963966593
-214.3938792874394 -1.5774926025239273
-216.45502323803808 0.894821772391712
-218.5161671886367 -0.3488062594171592
-220.57731113923535 2.603522401889767
-222.63845508983397 0.7574915227549414
-224.69959904043262 -0.525330707014595
-226.76074299103126 -0.23499840916533793
-228.8218869416299 0.09708906547543196
-230.88303089222853 -0.8301417181886378
-232.94417484282718 0.06985349298705136
-235.0053187934258 0.02618692805813426
-237.06646274402448 1.2756788928070817
-239.1276066946231 2.8509339190026886
-241.18875064522175 0.3842456646087821
-243.24989459582036 0.41800708035896283
-245.31103854641904 1.4073621832868302
-247.37218249701766 4.102805229057091
-249.4333264476163 1.5401461221795318
-251.49447039821493 0.4476453349453515
-253.55561434881358 2.6599619975926694
