# BEGINHEADER
# This file contains data from the SALSA 2m radio telescope.
# DATE=2021-11-27T01:52:0041
# GLON and GLAT given in degrees
# GLON=199.86879737191217
# GLAT=5.749161127335984
# DATA in two columns below. Col. 1 is velocity relative to LSR [km/s]. Col. 2 is uncalibrated antenna temperature [K].
# ENDHEADER
268.9682535521618 1.6820240407132576
266.9071096015632 5.971349707097095
264.84596565096456 6.520068846084202
262.7848217003659 5.897405347789888
260.72367774976726 5.689237789521859
258.6625337991686 6.218032079096161
256.60138984856997 6.0570542493357555
254.54024589797135 6.634509673197011
252.4791019473727 8.064533788614458
250.41795799677405 6.997323564383794
248.35681404617543 6.981256116539328
246.29567009557675 6.854829414055116
244.23452614497813 5.8530782242189225
242.17338219437949 7.640951657720211
240.11223824378087 5.617432788079613
238.05109429318222 8.508420450560259
235.98995034258357 7.528564484431829
233.92880639198492 5.864499503223169
231.8676624413863 8.52406025468781
229.80651849078765 8.655270827988206
227.745374540189 7.6915890536216605
225.68423058959036 7.022975964866315
223.62308663899174 7.669777894381444
221.5619426883931 8.047091794550287
219.50079873779447 8.991533272249212
217.4396547871958 7.159762415473463
215.37851083659717 8.623018934984243
213.31736688599852 6.545419668902395
211.25622293539988 8.026857529605536
209.19507898480126 7.667443028564054
207.13393503420258 6.478358587353448
205.07279108360396 8.138701181987715
203.0116471330053 7.882546449422616
200.9505031824067 8.261203949152973
198.88935923180802 9.546587282654148
196.8282152812094 8.126240737233328
194.76707133061075 8.073644636904406
192.70592738001213 7.717818708277519
190.64478342941348 8.280357675018358
188.58363947881483 8.97125571675002
186.52249552821618 7.318598621491982
184.46135157761756 8.038058980405253
182.40020762701891 7.821609034351299
180.3390636764203 6.509551698485875
178.27791972582162 7.449633379586547
176.21677577522297 7.147734672736645
174.15563182462435 6.503541632052449
172.0944878740257 7.815814967772461
170.03334392342705 8.299962312294667
167.9721999728284 7.730495246569334
165.9110560222298 8.517477767573352
163.84991207163114 7.099384613484322
161.78876812103252 8.980066884405547
159.72762417043384 7.148491846787508
157.66648021983522 7.242106229116985
155.60533626923657 7.80038144054448
153.54419231863795 8.502163445798766
151.4830483680393 8.413069321420892
149.42190441744066 8.14605185153311
147.360760466842 8.661396086533292
145.2996165162434 8.166689843778169
143.23847256564474 8.040762442448221
141.17732861504612 9.970610553477156
139.11618466444745 9.080209068062517
137.0550407138488 9.232743640037205
134.99389676325018 7.226620508080996
132.93275281265153 7.720778527704724
130.87160886205288 7.657918992478561
128.81046491145423 7.403840907927325
126.74932096085561 9.35341689234369
124.68817701025698 10.157996173602806
122.62703305965833 8.905455345799883
120.5658891090597 7.352641203786936
118.50474515846105 6.863412794973218
116.4436012078624 7.987878959660534
114.38245725726377 8.891802107644118
112.32131330666512 6.457624251381054
110.26016935606648 8.534754160884649
108.19902540546784 7.331424951164437
106.1378814548692 8.587885422281524
104.07673750427055 7.506838658104892
102.01559355367192 7.588662855358746
99.95444960307329 8.931549403036147
97.89330565247462 6.401162436985595
95.83216170187599 9.122337361150013
93.77101775127734 8.629898003780129
91.70987380067871 8.974898651203914
89.64872985008007 9.704633128325767
87.58758589948143 8.157776220940052
85.52644194888279 6.712843183102143
83.46529799828414 8.10226910145476
81.40415404768551 7.721908917325679
79.34301009708686 6.990867413276476
77.28186614648821 7.669535714466043
75.22072219588958 9.095164775320125
73.15957824529093 8.054016774980942
71.0984342946923 8.567700536501649
69.03729034409365 8.099301606501507
66.97614639349501 8.621366206171526
64.91500244289638 9.77986730046394
62.85385849229773 8.273530330889834
60.79271454169909 6.0401006891327045
58.73157059110046 7.311121721565201
56.670426640501816 8.035715264962603
54.609282689903175 10.193312980164695
52.548138739304534 9.912831907197125
50.486994788705886 11.98343299300469
48.425850838107245 12.37592559485583
46.3647068875086 13.641659136941396
44.30356293690997 16.295123722148553
42.24241898631133 17.902288890552
40.18127503571269 20.8379981105828
38.120131085114046 21.001084030900667
36.058987134515405 24.080722013141077
33.997843183916764 28.760650563696117
31.936699233318123 31.070512878664463
29.875555282719482 34.184160196505346
27.814411332120844 39.013650633366275
25.7532673815222 42.095543479569606
23.69212343092356 44.832631839035955
21.630979480324918 45.47670696976021
19.56983552972628 48.89329752356651
17.50869157912764 52.13960246623834
15.447547628528998 53.50069099814503
13.386403677930355 52.88730411460985
11.325259727331716 55.39211406154082
9.264115776733073 60.77617767953135
7.2029718261344335 61.489779518199164
5.141827875535793 52.566046312754565
3.0806839249371523 49.57106815987256
1.0195399743385116 43.2345065372703
-1.041603976260129 35.30775481135462
-3.1027479268587697 32.068620071199064
-5.16389187745741 31.5867847388448
-7.225035828056052 29.487738947033957
-9.286179778654692 26.422454334646837
-11.347323729253334 21.81736165144983
-13.408467679851974 16.945359929674346
-15.469611630450615 14.73535929722832
-17.530755581049256 12.693130439809469
-19.591899531647897 8.998365117639132
-21.653043482246538 10.397268903988177
-23.71418743284518 8.937994349131095
-25.77533138344382 7.216058435702185
-27.836475334042458 8.313525741018543
-29.8976192846411 8.327445292479617
-31.958763235239743 8.149044522459608
-34.019907185838385 7.981068894842099
-36.081051136437026 6.591166616801546
-38.14219508703566 5.606967310343148
-40.2033390376343 7.934215440313586
-42.26448298823294 6.989954356953351
-44.32562693883158 6.498605300965035
-46.38677088943023 6.603170553913255
-48.44791484002887 5.832628620859289
-50.50905879062751 5.95667883761728
-52.57020274122615 5.956660823193364
-54.63134669182479 4.684647373314673
-56.69249064242343 5.996643737569045
-58.75363459302207 6.403348249283745
-60.81477854362071 6.149249716184575
-62.87592249421935 4.554046091474018
-64.937066444818 4.952524068743814
-66.99821039541663 4.692864561523777
-69.05935434601527 5.454538164476744
-71.12049829661392 7.397832482598768
-73.18164224721255 4.701108497194279
-75.2427861978112 3.7829552874849175
-77.30393014840985 2.824364046034429
-79.36507409900848 4.256659190257638
-81.42621804960713 4.518491678619189
-83.48736200020576 3.5548681821085784
-85.54850595080441 3.532687515330044
-87.60964990140305 3.514162641261538
-89.67079385200168 3.7189060033353902
-91.73193780260033 3.5076581587550386
-93.79308175319896 4.4034108556060305
-95.85422570379761 2.5681839543020817
-97.91536965439624 2.6262511928355927
-99.97651360499488 4.044159448688077
-102.03765755559351 3.8283249402896904
-104.09880150619216 2.857364054192754
-106.1599454567908 2.391096903586573
-108.22108940738943 2.6819320674092806
-110.28223335798808 2.8693500422038376
-112.34337730858671 3.2433136130826212
-114.40452125918537 4.022840268163683
-116.465665209784 4.72733049127271
-118.52680916038265 2.130375061093006
-120.58795311098129 4.320563607481586
-122.64909706157992 2.787237341606175
-124.71024101217857 2.671843007431858
-126.7713849627772 3.760378121666706
-128.83252891337585 3.516959753434835
-130.89367286397447 3.7805912815851612
-132.95481681457312 2.755381033906307
-135.01596076517177 4.07747906005244
-137.07710471577042 2.377813138371518
-139.13824866636904 3.41543081577944
-141.1993926169677 3.311967629634297
-143.26053656756633 1.868092110630633
-145.32168051816498 2.4189277880541935
-147.3828244687636 2.7905376403654643
-149.44396841936225 3.487127696689918
-151.5051123699609 3.1892058820628293
-153.56625632055955 3.1551791858321665
-155.62740027115817 2.5981069035341036
-157.6885442217568 2.821781792497367
-159.74968817235546 2.53544823752783
-161.8108321229541 1.1294299801120917
-163.87197607355273 2.7248007217873647
-165.93312002415138 1.9346463585176266
-167.99426397475 1.6762786610938074
-170.05540792534867 2.654802979400079
-172.11655187594732 2.9309694495221836
-174.17769582654594 1.252915429642234
-176.2388397771446 1.987423369392612
-178.2999837277432 1.755638356003304
-180.3611276783419 1.422168285198793
-182.4222716289405 2.652133079799328
-184.48341557953916 2.221148849935062
-186.54455953013778 1.2000082801133622
-188.60570348073645 1.4019433036674718
-190.66684743133507 2.1667105997075966
-192.72799138193372 3.466430782087102
-194.78913533253234 2.2294503306633957
-196.850279283131 1.1283403701688128
-198.91142323372964 1.784454726765319
-200.97256718432828 -0.5803263735100628
-203.0337111349269 1.4114196465005715
-205.09485508552555 1.3830331219890413
-207.15599903612417 1.8929508278469238
-209.21714298672285 2.054923644216738
-211.2782869373215 1.5499363554216916
-213.33943088792012 1.5994519478993414
-215.40057483851876 0.18773316786851554
-217.46171878911738 1.1764642435172474
-219.52286273971606 0.4778150948229827
-221.58400669031468 1.2351132643362794
-223.64515064091333 0.17208835917663406
-225.70629459151195 -0.46879931066261765
-227.76743854211063 1.3623388745158396
-229.82858249270924 0.9045892992799747
-231.8897264433079 2.1598485998839654
-233.9508703939065 1.2431462595370328
-236.01201434450516 0.6963375184256945
-238.0731582951038 0.6375626890275914
-240.13430224570246 1.3475153807528057
-242.19544619630108 1.1442029021011892
-244.25659014689973 0.3944296760246022
-246.31773409749835 2.7575189380018967
-248.37887804809702 0.6413982500123067
-250.44002199869567 0.5908010829434323
-252.5011659492943 4.231296454634875
-254.56230989989294 2.2832867080111527
-256.6234538504916 4.132874773457086
