# BEGINHEADER
# This file contains data from the SALSA 2m radio telescope.
# DATE=2021-11-25T15:15:0040
# GLON and GLAT given in degrees
# GLON=54.8777968895896
# GLAT=6.1801636574223595
# DATA in two columns below. Col. 1 is velocity relative to LSR [km/s]. Col. 2 is uncalibrated antenna temperature [K].
# ENDHEADER
267.81532369916147 0.659063902161417
265.7541797485629 2.2177100075837664
263.6930357979642 2.79190867396311
261.6318918473656 3.9767642663186704
259.57074789676693 3.483542378308247
257.5096039461683 1.2636550120338716
255.44845999556966 3.3677483605762153
253.38731604497102 2.9110025424560586
251.32617209437237 4.229915738775548
249.26502814377375 1.9359661489591382
247.2038841931751 2.536914364248289
245.14274024257645 3.361830781003504
243.0815962919778 2.977055172090176
241.02045234137915 5.396532054470189
238.95930839078054 3.418636436902178
236.8981644401819 3.447336257538008
234.83702048958324 5.147033444172198
232.7758765389846 5.576731461504466
230.71473258838597 4.51129970213829
228.65358863778732 4.505465168580339
226.5924446871887 7.388820891728874
224.53130073659003 7.815168923145918
222.4701567859914 6.750664609570603
220.40901283539276 6.228858149352699
218.34786888479414 3.9587757446791216
216.2867249341955 5.693057802014105
214.22558098359684 6.109913282858515
212.1644370329982 3.639395500284138
210.10329308239957 3.9528454135982938
208.04214913180093 3.6469242130093464
205.98100518120228 4.393407285525154
203.91986123060363 5.845392099753541
201.85871728000498 5.6368286200684645
199.79757332940636 4.218536215626457
197.7364293788077 6.07189571253811
195.67528542820907 5.97008371270345
193.61414147761042 5.454946546587908
191.5529975270118 6.238013641433573
189.49185357641315 5.4016275960624895
187.43070962581453 4.689455514890889
185.36956567521585 8.141391224942296
183.30842172461723 3.2259257750022154
181.24727777401858 6.140262228461957
179.18613382341996 7.046588319456609
177.12498987282132 5.95986596158114
175.06384592222267 6.066633052983173
173.00270197162402 6.147774390789398
170.9415580210254 5.644390930130403
168.88041407042675 3.0738027317105057
166.81927011982808 6.4553516246624945
164.75812616922946 4.901532316762321
162.6969822186308 6.063380422475916
160.6358382680322 5.69665506188608
158.57469431743354 4.13033447018771
156.5135503668349 3.660222437230079
154.45240641623624 4.1417175501155565
152.39126246563762 4.906087895084158
150.33011851503898 6.383882138011065
148.26897456444036 4.873485265342495
146.20783061384168 6.491499783642975
144.14668666324306 3.6307401187354746
142.0855427126444 4.42489821207807
140.0243987620458 5.977092837440859
137.96325481144711 4.545245219337376
135.9021108608485 4.223697266201409
133.84096691024985 5.820098357429896
131.7798229596512 3.258008177258116
129.71867900905255 6.019374066728635
127.65753505845393 5.186095660628241
125.59639110785528 7.955603889274148
123.53524715725665 6.831199517046329
121.47410320665801 5.385815049704737
119.41295925605937 4.727621645669246
117.35181530546073 7.888899726809432
115.29067135486208 5.140585976796703
113.22952740426345 5.96678914631812
111.16838345366479 10.419023409695452
109.10723950306615 5.949261953887746
107.04609555246752 6.5308394996313535
104.98495160186887 6.989574938792592
102.92380765127024 3.752580956290909
100.86266370067159 7.4807724994721365
98.80151975007297 6.050311141050288
96.74037579947432 6.3346278718456235
94.67923184887569 8.12723615697906
92.61808789827704 5.421953428240228
90.5569439476784 7.521781897688426
88.49579999707977 7.128761789889575
86.43465604648112 6.905133046647516
84.37351209588249 4.841291290265638
82.31236814528384 6.375537104332972
80.25122419468521 6.411027708467816
78.19008024408656 8.170044757545616
76.12893629348793 10.60935863433011
74.06779234288929 9.56313274581722
72.00664839229063 11.314891318265122
69.945504441692 10.7767260912564
67.88436049109335 11.118572915464428
65.82321654049471 11.49459403159182
63.76207258989607 13.279829046702877
61.70092863929743 15.238993322957297
59.63978468869879 18.008795383997747
57.57864073810015 17.782626174006975
55.51749678750151 19.51318806625272
53.45635283690287 21.32715820140143
51.39520888630423 24.696385039322706
49.33406493570559 21.341405460607117
47.27292098510695 23.69518226459019
45.21177703450831 25.26474620144312
43.15063308390966 26.2746488161794
41.08948913331102 24.2033853634392
39.028345182712386 28.62329508443746
36.967201232113744 30.538729295821078
34.9060572815151 30.63470471510779
32.84491333091646 32.17030826494203
30.78376938031782 35.316695603466165
28.72262542971918 36.915836889127306
26.66148147912054 39.63189514817511
24.600337528521898 40.95229830950199
22.539193577923257 42.36119051816672
20.478049627324612 39.612057277124144
18.416905676725975 41.22194972824573
16.355761726127334 44.43182993592146
14.294617775528693 50.573621345580555
12.233473824930051 61.054193089835735
10.17232987433141 76.20447033143208
8.11118592373277 81.72710800196741
6.05004197313413 82.37707441452963
3.988898022535489 75.29576421102358
1.927754071936848 64.37359533423226
-0.13338987866179267 49.3202460691373
-2.1945338292604335 36.17987405511513
-4.255677779859074 25.180999871642285
-6.316821730457716 17.765259717512993
-8.377965681056356 17.54657190075753
-10.439109631654997 11.641230329704989
-12.500253582253638 14.570290397858829
-14.561397532852277 12.158055382371774
-16.622541483450917 10.402026964099038
-18.68368543404956 10.998138552481832
-20.744829384648202 9.068197413767761
-22.805973335246843 8.439253480819016
-24.867117285845477 9.985178269072797
-26.92826123644412 6.891628897131408
-28.989405187042763 9.18500178676278
-31.050549137641404 7.520303889394762
-33.111693088240045 10.736320831543464
-35.172837038838686 11.759731437224668
-37.23398098943733 10.509093294194807
-39.29512494003597 12.679153420915362
-41.35626889063461 12.932257349258489
-43.417412841233244 13.802410954585563
-45.478556791831885 15.183423710353045
-47.539700742430526 15.478785340815119
-49.60084469302917 18.176246219549704
-51.66198864362781 15.641455858385388
-53.723132594226456 16.612667432139137
-55.7842765448251 16.867022088627408
-57.84542049542373 15.940061625056394
-59.90656444602237 13.21887723475265
-61.96770839662101 15.77349100394023
-64.02885234721965 16.839040301629375
-66.08999629781829 13.956076349530518
-68.15114024841694 16.500751882215024
-70.21228419901557 13.266798892511302
-72.27342814961422 13.49476358978501
-74.33457210021285 15.402339984459465
-76.3957160508115 11.020430435773562
-78.45686000141013 14.334009269746751
-80.51800395200877 10.862092974399506
-82.57914790260743 11.935008816346363
-84.64029185320607 11.291986390442757
-86.70143580380471 12.03878459138331
-88.76257975440335 11.041231672779215
-90.82372370500198 6.811737801051427
-92.88486765560063 8.797278082003313
-94.94601160619926 6.824536635085461
-97.00715555679791 6.176090191864053
-99.06829950739655 5.895999207695964
-101.1294434579952 3.861417513233055
-103.19058740859384 4.56730020081194
-105.25173135919248 5.404642669377598
-107.31287530979112 6.099692370177289
-109.37401926038976 2.516982676135562
-111.43516321098839 2.5921129158538907
-113.49630716158704 1.2711896535703204
-115.55745111218567 0.5849781983422722
-117.61859506278432 0.9488247388451942
-119.67973901338297 2.9873711490917283
-121.74088296398162 2.159001179508967
-123.80202691458025 3.3096076837437396
-125.86317086517889 2.723104774622014
-127.92431481577754 1.1303128648323018
-129.98545876637615 0.43683486264814314
-132.0466027169748 2.4547966004403503
-134.10774666757345 1.041694040272739
-136.1688906181721 -1.5200161113156505
-138.23003456877072 0.3066437481111512
-140.29117851936937 1.39777178634656
-142.35232246996802 -0.33091030000558186
-144.41346642056666 1.8758251218347672
-146.4746103711653 0.17863372658428459
-148.53575432176393 -0.036208359179294956
-150.59689827236258 0.894618167625925
-152.65804222296123 2.674566466352521
-154.71918617355988 2.1430019292723768
-156.7803301241585 1.1798274098991182
-158.84147407475714 1.1753123268657755
-160.90261802535576 2.5049233543258747
-162.96376197595444 -0.27648756846888495
-165.02490592655306 1.5146927240875103
-167.0860498771517 -0.39593117077714635
-169.14719382775033 0.24986981862931515
-171.20833777834898 0.9449114811228542
-173.26948172894762 1.3266087916983145
-175.33062567954627 2.1412485715526746
-177.3917696301449 -0.6938430359882057
-179.45291358074354 -1.2350162076959008
-181.5140575313422 -0.21171906856050662
-183.57520148194084 -0.25652998683190287
-185.63634543253949 2.880695909504772
-187.6974893831381 1.8056720170635505
-189.75863333373675 0.7445799043128202
-191.8197772843354 0.5678271934265317
-193.88092123493405 0.02582872076914606
-195.94206518553267 -0.1522178640430267
-198.00320913613132 -0.7716256076294141
-200.06435308672994 -0.1706315693611696
-202.1254970373286 0.3016004247936709
-204.18664098792723 -1.3025005229438644
-206.24778493852588 0.5477776205145328
-208.3089288891245 -0.0940681545871426
-210.37007283972315 -1.0813832315341911
-212.4312167903218 -0.15315920401473046
-214.49236074092045 0.8924640084701878
-216.5535046915191 0.2192247720962993
-218.61464864211771 0.1623829482497398
-220.6757925927164 -0.9970286733672197
-222.736936543315 -0.5515685999660049
-224.79808049391366 0.1362732245239978
-226.85922444451228 -1.75818825429017
-228.92036839511093 -1.0604255362500679
-230.98151234570958 0.026989312779193458
-233.04265629630822 -1.0836853253688603
-235.10380024690684 0.3920860693107218
-237.1649441975055 -3.174033109424015
-239.2260881481041 2.1924812352257255
-241.2872320987028 0.33048165073700747
-243.3483760493014 0.55510720087149
-245.40951999990006 3.083056275419558
-247.47066395049868 2.5288122908101536
-249.53180790109735 0.7342104822150958
-251.59295185169597 3.1253807179886612
-253.65409580229462 -0.22079168957918133
-255.71523975289327 0.07627154915872848
-257.7763837034919 2.520753889766477
