# BEGINHEADER
# This file contains data from the SALSA 2m radio telescope.
# DATE=2021-11-24T16:06:0037
# GLON and GLAT given in degrees
# GLON=141.82862185191706
# GLAT=5.8143671754146595
# DATA in two columns below. Col. 1 is velocity relative to LSR [km/s]. Col. 2 is uncalibrated antenna temperature [K].
# ENDHEADER
270.14615175777834 -4.431529428813737
268.0850078071797 -9.007510124606263
266.02386385658104 -6.845819216836913
263.9627199059824 -10.277778370782732
261.90157595538375 -8.771170969842846
259.84043200478516 -9.68041069742312
257.77928805418645 -11.548242977178898
255.71814410358783 -10.123208085618344
253.6570001529892 -9.86266151556577
251.59585620239056 -9.31380180498487
249.53471225179192 -10.759073788619387
247.47356830119327 -11.254386035868922
245.41242435059465 -11.03703516032632
243.351280399996 -11.396053994859889
241.29013644939738 -10.801878721545968
239.2289924987987 -11.491636232944336
237.16784854820008 -12.86770339617356
235.10670459760144 -12.32376289150681
233.04556064700282 -9.661880852940284
230.98441669640417 -8.711641612273025
228.92327274580552 -7.84670605614102
226.86212879520687 -9.961217132589043
224.80098484460822 -9.376616700248329
222.7398408940096 -10.721545307904629
220.67869694341093 -10.639455483569716
218.6175529928123 -9.752439208040553
216.55640904221366 -10.050091843940779
214.49526509161504 -10.71471271175624
212.4341211410164 -11.881016518069599
210.37297719041774 -11.057883964348814
208.3118332398191 -11.3215014347878
206.25068928922047 -9.982039895292578
204.18954533862183 -10.182452936075732
202.1284013880232 -9.595503126352606
200.06725743742453 -10.030246226536407
198.00611348682588 -10.866052979120164
195.94496953622723 -9.196602158173581
193.8838255856286 -9.23182011784284
191.82268163502997 -9.981627187741362
189.76153768443135 -9.119668534460237
187.70039373383267 -9.568866850206188
185.63924978323402 -7.6058548325001025
183.5781058326354 -9.448110873059417
181.51696188203675 -10.416723387941529
179.4558179314381 -7.367358787511805
177.39467398083946 -8.630923842040765
175.33353003024084 -10.595002341789648
173.2723860796422 -9.876781064781396
171.21124212904357 -11.395011851699216
169.1500981784449 -8.085414005972945
167.08895422784627 -10.20374526046979
165.02781027724762 -9.106671468315065
162.966666326649 -9.669609756079431
160.90552237605036 -10.024849119642766
158.8443784254517 -12.265660197089172
156.78323447485306 -8.98855511188404
154.72209052425444 -8.19520960390924
152.6609465736558 -7.855124922673297
150.59980262305714 -8.775877991000089
148.5386586724585 -9.737958066102049
146.47751472185985 -10.395286443883585
144.41637077126123 -9.367605640072467
142.35522682066258 -8.33838976745341
140.29408287006393 -10.16689432497102
138.23293891946528 -11.233584763190914
136.17179496886666 -10.15194373520584
134.11065101826802 -6.732566263874393
132.0495070676694 -8.19360638999514
129.98836311707075 -8.061518415208043
127.92721916647209 -9.87881819706413
125.86607521587345 -7.307357829834931
123.8049312652748 -6.471385984958258
121.74378731467617 -8.757369984096478
119.68264336407753 -13.025965712208981
117.62149941347889 -10.305952432872877
115.56035546288025 -11.252669557067918
113.4992115122816 -11.16050451530055
111.43806756168297 -8.985845881115976
109.37692361108432 -7.729294976826423
107.31577966048569 -9.479736521998197
105.25463570988705 -9.711776847121877
103.1934917592884 -9.501475080455458
101.13234780868977 -10.44533618668737
99.07120385809112 -9.35689401220577
97.01005990749249 -8.739282809048376
94.94891595689386 -9.465407598786244
92.88777200629521 -10.051745085727852
90.82662805569656 -7.582437387289166
88.76548410509791 -8.31916785461264
86.70434015449928 -11.13034213181417
84.64319620390063 -8.832211153603199
82.582052253302 -8.03465908617569
80.52090830270336 -12.533368142761873
78.45976435210471 -10.684009943433534
76.39862040150608 -10.803319815119483
74.33747645090743 -8.7569301757445
72.2763325003088 -9.730033757481106
70.21518854971015 -10.293290426164646
68.15404459911151 -8.997731737128243
66.09290064851288 -12.761404534958563
64.03175669791423 -12.630195226440861
61.970612747315585 -10.386690688575747
59.90946879671695 -10.1351859963705
57.84832484611831 -9.572072658959629
55.78718089551967 -7.649039892904853
53.72603694492103 -7.736418240535654
51.664892994322386 -9.242725501213425
49.603749043723745 -9.16830559039218
47.54260509312511 -9.189790961326688
45.48146114252647 -8.641625975378302
43.42031719192783 -8.298420501670009
41.35917324132919 -9.184212712425602
39.29802929073055 -8.874538078049584
37.236885340131906 -9.412558897405617
35.175741389533265 -8.695920283516017
33.114597438934624 -4.642034932263986
31.053453488335986 -7.831376340895257
28.992309537737345 -7.03201566994672
26.9311655871387 -6.6436186207507
24.870021636540063 -5.506705132394018
22.80887768594142 -6.466296542774075
20.74773373534278 -6.825625558206151
18.686589784744143 -6.650932341090236
16.6254458341455 -6.585427101609465
14.564301883546857 -5.047184766167114
12.503157932948218 -3.646795247951201
10.442013982349575 0.023060804580281355
8.380870031750934 6.499558336714808
6.319726081152294 18.30785245336401
4.258582130553654 29.24632642569595
2.197438179955013 37.225141712419465
0.13629422935637198 37.879614361296106
-1.9248497212422686 35.91526971935804
-3.9859936718409097 38.971002048198464
-6.04713762243955 45.72554567157154
-8.108281573038193 54.318376195404
-10.169425523636832 56.14889601724146
-12.230569474235473 51.265615542669394
-14.291713424834112 39.34860574904589
-16.352857375432755 28.66596330703387
-18.414001326031393 20.08116786304283
-20.475145276630037 14.205378812266321
-22.536289227228675 12.837079442187818
-24.597433177827316 11.81147630369253
-26.658577128425957 15.3163079359061
-28.7197210790246 17.203694576644025
-30.78086502962324 22.24105291862047
-32.84200898022188 26.461640023887643
-34.903152930820525 30.30040941024159
-36.964296881419166 33.17846365023246
-39.02544083201781 34.40104126431419
-41.08658478261644 32.2822407637646
-43.14772873321508 34.361052662020754
-45.20887268381372 32.030071244206866
-47.270016634412364 28.85475005273101
-49.331160585011006 24.362231431657126
-51.39230453560965 20.605939037373513
-53.45344848620829 16.20314030230045
-55.514592436806936 13.45163806844254
-57.57573638740558 11.338719733728173
-59.63688033800422 6.476168441673575
-61.69802428860286 6.046219963775491
-63.7591682392015 4.790378300047203
-65.82031218980015 1.4045696503022285
-67.88145614039878 0.9956925766826215
-69.94260009099743 2.989055418316097
-72.00374404159606 4.832042308936848
-74.0648879921947 1.0260900102144381
-76.12603194279335 -0.5727708509341245
-78.18717589339198 -0.35115915840558526
-80.24831984399063 -1.8582395369579694
-82.30946379458926 -0.17009210260543509
-84.37060774518791 -4.711993229618162
-86.43175169578655 -3.276358069860024
-88.49289564638518 -4.799349602046934
-90.55403959698383 -5.731572603672119
-92.61518354758246 -0.7026799589078849
-94.67632749818111 -4.684417492528614
-96.73747144877974 -4.957545504622706
-98.79861539937838 -6.428375028507084
-100.85975934997703 -4.945442543878271
-102.92090330057567 -5.738287625324793
-104.98204725117432 -6.914840312719907
-107.04319120177296 -5.585068256072366
-109.1043351523716 -6.090798392016641
-111.16547910297024 -6.219784392196901
-113.22662305356887 -5.295181385864824
-115.28776700416752 -4.9708981672117805
-117.34891095476615 -6.13778646434878
-119.4100549053648 -6.262834916643572
-121.47119885596344 -3.6685556233523906
-123.53234280656208 -4.513267790176192
-125.59348675716072 -5.776795906713784
-127.65463070775935 -4.472341874272117
-129.71577465835801 -6.285497663260127
-131.77691860895666 -6.687463142330493
-133.83806255955528 -6.356184259348131
-135.89920651015393 -7.341304628625767
-137.96035046075255 -6.496625318043427
-140.0214944113512 -6.423776037664959
-142.08263836194985 -7.02052991806662
-144.1437823125485 -6.567972146720663
-146.20492626314712 -5.730714636906099
-148.26607021374576 -6.552967783073685
-150.3272141643444 -6.059477172423486
-152.38835811494306 -9.648352722290849
-154.44950206554168 -6.557177247019899
-156.51064601614033 -6.695077330351114
-158.57178996673895 -7.325157864417392
-160.63293391733762 -4.933969920768552
-162.69407786793627 -7.470598548175322
-164.7552218185349 -4.284979679438657
-166.81636576913354 -4.993493463469317
-168.87750971973216 -5.218062090282424
-170.93865367033084 -5.113581245934697
-172.99979762092946 -7.196440046219827
-175.0609415715281 -5.218685005907136
-177.12208552212672 -6.4516301342026
-179.1832294727254 -4.404847740678645
-181.24437342332402 -4.463279879813256
-183.30551737392267 -4.325983313397128
-185.3666613245213 -7.015735463943783
-187.42780527511994 -5.882195097063409
-189.48894922571859 -5.264555097955586
-191.55009317631723 -4.597295029453567
-193.61123712691585 -6.9464083268245345
-195.6723810775145 -6.3923047630619045
-197.73352502811312 -6.2964454296713495
-199.79466897871177 -6.095553316676561
-201.85581292931042 -5.059790688565063
-203.91695687990904 -5.322243215650762
-205.9781008305077 -3.5431730769452687
-208.03924478110633 -5.416753091419491
-210.10038873170498 -6.396226892565692
-212.1615326823036 -5.356057414111803
-214.22267663290225 -6.050311282278955
-216.2838205835009 -3.8736281289445413
-218.34496453409955 -3.9992556590090924
-220.40610848469817 -6.203400484505671
-222.4672524352968 -4.415753571759696
-224.52839638589543 -6.677704314585072
-226.5895403364941 -5.607669740623967
-228.65068428709273 -6.465404039255207
-230.71182823769138 -5.785488500512116
-232.77297218829 -4.789005352063468
-234.83411613888867 -4.187888397094855
-236.8952600894873 -4.168761410454273
-238.95640404008594 -6.215960761071003
-241.0175479906846 -6.248473085423215
-243.0786919412832 -6.694699413879053
-245.1398358918819 -5.344457922359506
-247.2009798424805 -5.994336294218592
-249.26212379307916 -4.894951134518504
-251.32326774367777 -5.92517815563427
-253.38441169427642 -7.972246728187861
-255.44555564487507 -7.172821867374331
