# BEGINHEADER
# This file contains data from the SALSA 2m radio telescope.
# DATE=2021-11-25T16:50:0027
# GLON and GLAT given in degrees
# GLON=103.96676796265075
# GLAT=14.14109743021316
# DATA in two columns below. Col. 1 is velocity relative to LSR [km/s]. Col. 2 is uncalibrated antenna temperature [K].
# ENDHEADER
273.460943828105 0.9162049092257488
271.3997998775064 3.020144505425974
269.33865592690773 4.305394472907778
267.27751197630914 4.3196875680231495
265.21636802571044 4.176851975341535
263.1552240751118 6.3640455265130065
261.0940801245132 5.51751547219144
259.03293617391455 5.710974789783263
256.9717922233159 6.385102943441137
254.91064827271725 5.5842234858591056
252.84950432211863 4.369783462101447
250.78836037151999 5.164466238831158
248.72721642092134 6.082543220843563
246.6660724703227 5.881610950291153
244.60492851972407 7.353555924287942
242.54378456912542 7.4100530162949045
240.4826406185268 5.704619087790507
238.42149666792812 6.822031431974739
236.3603527173295 7.474927650163245
234.29920876673086 7.019414638746941
232.2380648161322 6.085453115564816
230.17692086553356 5.676374315039905
228.1157769149349 6.473985299391625
226.0546329643363 5.636449138809214
223.99348901373764 6.2726666610512485
221.93234506313902 7.643644088366877
219.87120111254035 7.37313550259629
217.81005716194173 7.374274596991718
215.74891321134308 6.278806090149858
213.68776926074446 6.298814997794222
211.6266253101458 5.894402967144494
209.56548135954716 6.729281825202457
207.50433740894852 6.619979209594183
205.4431934583499 6.197376474932988
203.38204950775125 7.190008176320113
201.3209055571526 7.000735086383562
199.25976160655395 6.95982619938826
197.19861765595536 7.053095683483867
195.1374737053567 6.894174425649804
193.07632975475804 6.821156069134419
191.01518580415942 5.983052963490044
188.95404185356077 6.1366041575447285
186.89289790296215 8.124176901262748
184.8317539523635 6.148797890961865
182.77061000176485 6.25057442903299
180.7094660511662 7.31053364651182
178.64832210056758 6.132590987247281
176.58717814996893 7.799835839459968
174.5260341993703 6.682941931398145
172.46489024877164 6.8942718532217295
170.40374629817302 6.2584965842930265
168.34260234757437 7.925687012907541
166.28145839697575 7.8291865363832
164.22031444637707 7.546445994522995
162.15917049577845 6.779158093101408
160.0980265451798 6.5932952539478995
158.0368825945812 7.942007460294037
155.97573864398254 7.8320832637619935
153.91459469338386 7.2714204065555625
151.85345074278524 6.759449438632749
149.7923067921866 6.205367294488886
147.73116284158797 8.861429917219533
145.6700188909893 6.993074261655351
143.60887494039068 6.834572858835113
141.54773098979203 7.653820004080793
139.4865870391934 6.539571069334719
137.42544308859476 6.362907255766561
135.3642991379961 5.776600194254535
133.30315518739746 6.307024748279529
131.24201123679885 6.207436007085911
129.1808672862002 6.915951848251374
127.11972333560155 6.500226600291977
125.05857938500291 7.872063554766421
122.99743543440427 6.9837453302823995
120.93629148380563 6.848080210605716
118.87514753320698 7.235730948294311
116.81400358260835 5.94012635353917
114.75285963200972 6.729049998395527
112.69171568141107 7.3970859193265
110.63057173081243 6.943307889589827
108.56942778021379 5.541209716537135
106.50828382961515 6.323175708768112
104.4471398790165 6.496617381206253
102.38599592841787 5.910321042986488
100.32485197781924 7.523850236464125
98.26370802722056 8.028965969799359
96.20256407662193 6.6075102878333976
94.14142012602329 6.997293026354903
92.08027617542464 5.69922575327876
90.01913222482601 6.571426617694879
87.95798827422736 6.043366437853619
85.89684432362873 4.652978004693102
83.83570037303008 6.034463846667943
81.77455642243144 6.043315568892243
79.71341247183281 6.128817295462873
77.65226852123416 5.9781658873341215
75.59112457063553 7.127313898152407
73.52998062003688 6.919361837778877
71.46883666943825 5.903034954778205
69.4076927188396 5.26717833577838
67.34654876824096 4.896021244026241
65.28540481764232 7.434682301079549
63.224260867043675 5.350107510649039
61.16311691644504 5.713372970171069
59.1019729658464 6.289050237697234
57.04082901524776 5.681462699651826
54.97968506464912 5.167061719470728
52.91854111405048 5.6519936794936045
50.85739716345183 6.503395298241396
48.79625321285319 5.717994845993474
46.735109262254554 5.462361332398392
44.67396531165591 5.820368957783285
42.61282136105727 6.480925775004894
40.55167741045863 6.777012234153215
38.49053345985999 6.46523757180861
36.42938950926135 6.961577017603756
34.36824555866271 6.793766128209666
32.307101608064066 6.233480173106117
30.24595765746543 6.86930579341734
28.184813706866787 7.378714357668686
26.123669756268143 6.427479144378443
24.0625258056695 7.357534385274879
22.001381855070864 6.733703903156649
19.940237904472223 8.462954774559996
17.879093953873582 8.875190001396858
15.817950003274941 8.396685567026296
13.7568060526763 10.833819693744312
11.695662102077659 12.298174374256044
9.634518151479018 15.100450313403792
7.5733742008803775 21.37664695069825
5.512230250281737 30.97589127647638
3.451086299683097 39.75558277827829
1.3899423490844558 51.090753234857885
-0.6712016015141848 60.100726620965105
-2.7323455521128257 71.92028194706297
-4.793489502711466 76.24881063480248
-6.854633453310107 79.58233868482718
-8.915777403908749 76.05615602902311
-10.97692135450739 67.16934798457167
-13.038065305106029 50.62474853855387
-15.099209255704672 37.10878259822508
-17.160353206303313 27.708511531229686
-19.22149715690195 22.713996800723354
-21.28264110750059 20.426505471013964
-23.343785058099236 18.032702839241477
-25.404929008697874 15.416799178847782
-27.466072959296515 15.225964141576954
-29.527216909895156 14.935271669679299
-31.5883608604938 14.282721084096595
-33.64950481109244 12.822945121482961
-35.710648761691075 14.193971187972435
-37.77179271228972 14.324809714857606
-39.83293666288836 14.696633617418769
-41.894080613487 14.485038084400054
-43.95522456408564 14.700649877957174
-46.01636851468429 15.04770022971823
-48.07751246528293 13.969265725285597
-50.13865641588156 13.00979928179987
-52.199800366480204 12.573141932269689
-54.260944317078845 10.751098288211335
-56.322088267677486 11.172053917272386
-58.38323221827613 9.408994187376388
-60.44437616887477 9.514122255134453
-62.50552011947341 9.79150055521131
-64.56666407007205 9.289821814486226
-66.6278080206707 8.157028998396976
-68.68895197126933 7.379728202522811
-70.75009592186797 7.016902138733424
-72.81123987246661 7.417049675233303
-74.87238382306525 6.668868782168517
-76.9335277736639 5.960565515058737
-78.99467172426253 6.384853071365963
-81.05581567486118 5.833599367118862
-83.11695962545981 7.158605574132162
-85.17810357605845 5.8954296320551975
-87.2392475266571 5.700118394505466
-89.30039147725573 5.678845872264074
-91.36153542785438 5.127157262220901
-93.42267937845301 5.615650924775689
-95.48382332905167 4.547248210226805
-97.54496727965031 5.395914272182066
-99.60611123024894 5.160007798935568
-101.66725518084758 4.385300560054508
-103.72839913144622 4.5191921640518435
-105.78954308204486 4.096133185605588
-107.85068703264349 5.188162204861585
-109.91183098324214 5.144274694964308
-111.97297493384077 3.4249476208224214
-114.03411888443942 4.491098192842833
-116.09526283503806 5.088307728768702
-118.15640678563669 5.399026492555967
-120.21755073623534 5.803031717800988
-122.27869468683397 4.614230832962088
-124.33983863743262 4.63081641522098
-126.40098258803125 3.2904709462037007
-128.46212653862992 3.8468530413000304
-130.52327048922854 4.0435686111177
-132.58441443982719 3.6182228030275594
-134.6455583904258 3.341113808034185
-136.70670234102448 3.3123996573748813
-138.7678462916231 3.5202746687898503
-140.82899024222175 2.380869312142822
-142.89013419282037 2.62532486326154
-144.95127814341905 2.3186275509939684
-147.01242209401767 1.929519036025614
-149.0735660446163 1.2948588466303135
-151.13470999521493 1.7187406843988242
-153.19585394581358 2.52453083849006
-155.25699789641226 2.1507653472149357
-157.31814184701088 1.3231330768781135
-159.37928579760953 2.2101223539049997
-161.44042974820815 1.1591065562306149
-163.5015736988068 1.0450300297027888
-165.56271764940544 1.681050177948723
-167.6238616000041 1.6639561584547033
-169.6850055506027 2.0396833871449593
-171.74614950120136 -0.15229598767205796
-173.80729345179998 1.1990549978553233
-175.86843740239865 1.0006228547012483
-177.92958135299727 1.6563938858168412
-179.99072530359592 1.8001066514245887
-182.05186925419454 0.9538965711211619
-184.11301320479322 0.8351427870110979
-186.17415715539184 0.42492633221883513
-188.2353011059905 0.3104426104330425
-190.2964450565891 0.6535795223219883
-192.35758900718776 0.18206070373313676
-194.41873295778643 1.5279012324659085
-196.47987690838505 0.6761068037178353
-198.54102085898373 0.8906992457465979
-200.60216480958235 0.8626029517530222
-202.663308760181 0.36116199578700875
-204.72445271077962 0.30366380494959994
-206.7855966613783 0.768380846272252
-208.8467406119769 -0.048892623337158124
-210.90788456257556 1.0983593794057667
-212.96902851317418 2.1028689745973947
-215.03017246377286 1.2352501737538404
-217.09131641437148 0.8462290810451388
-219.15246036497012 0.32791755587353966
-221.21360431556874 1.1836451186281702
-223.2747482661674 -0.05302194414921956
-225.33589221676604 0.0031491340273707828
-227.3970361673647 0.17339898828346612
-229.45818011796334 0.820506416496109
-231.51932406856196 1.8285801941099875
-233.5804680191606 0.16999724764945587
-235.64161196975925 1.3974941905940363
-237.7027559203579 0.5952951258966076
-239.76389987095652 -0.29826892387596543
-241.82504382155517 2.538303622784116
-243.8861877721538 1.5507274589564306
-245.94733172275247 1.4579587752921954
-248.00847567335109 2.0706278884148395
-250.06961962394973 2.2459693111006347
-252.13076357454835 3.9873597540428465
