# BEGINHEADER
# This file contains data from the SALSA 2m radio telescope.
# DATE=2021-12-09T14:00:0050
# GLON and GLAT given in degrees
# GLON=59.84566642357764
# GLAT=0.17178347061612695
# DATA in two columns below. Col. 1 is velocity relative to LSR [km/s]. Col. 2 is uncalibrated antenna temperature [K].
# ENDHEADER
267.83770115417894 1.5918598539534736
265.7765572035803 6.945288572487451
263.71541325298165 6.971335066283532
261.654269302383 6.99901769384702
259.59312535178435 7.734186280289214
257.53198140118576 7.095873448070953
255.4708374505871 8.07170931021936
253.40969349998844 6.04701221301589
251.34854954938982 9.116577993916088
249.28740559879117 11.131429151417521
247.22626164819255 7.88649249500155
245.1651176975939 8.529093756180561
243.10397374699525 12.13231947395752
241.0428297963966 10.374432329129444
238.98168584579798 7.867748076788414
236.92054189519934 10.065866797584627
234.85939794460072 9.635474039461272
232.79825399400204 12.08955333405073
230.73711004340342 10.954317783697947
228.67596609280477 7.300297204235418
226.61482214220615 9.57077313522345
224.55367819160747 10.632272410453135
222.49253424100883 8.531995767697483
220.4313902904102 9.27654195432607
218.37024633981156 10.179505191420285
216.30910238921294 10.087449335088321
214.24795843861426 12.624496840296459
212.18681448801564 11.780113814923899
210.125670537417 11.357453196940348
208.06452658681837 10.680084125260382
206.00338263621973 8.926379263948734
203.94223868562108 11.5780863899429
201.88109473502243 10.786586411884349
199.8199507844238 11.178184061357088
197.75880683382516 8.37871076157141
195.6976628832265 9.143253573590505
193.63651893262787 8.404884149053869
191.57537498202925 11.107317262875444
189.5142310314306 12.389108418784122
187.45308708083198 8.169303685045541
185.3919431302333 9.668047370426798
183.33079917963465 10.711895590039276
181.26965522903603 11.206167263849553
179.20851127843738 11.953176229677618
177.14736732783877 9.388246538732696
175.0862233772401 6.490216012363496
173.02507942664147 7.868586877257221
170.96393547604282 10.869378895133734
168.9027915254442 9.237560988147065
166.84164757484552 12.10478517892818
164.7805036242469 10.996964658961579
162.71935967364826 11.461076017810534
160.65821572304964 7.92347590554437
158.597071772451 9.519938756163546
156.53592782185234 6.862564557489469
154.4747838712537 6.913994408978949
152.41363992065507 9.160635445357947
150.35249597005642 8.816625445686912
148.2913520194578 9.94273171544118
146.23020806885913 9.445844144687417
144.16906411826048 9.375452631799558
142.10792016766186 9.290568117731462
140.0467762170632 11.021167190174548
137.9856322664646 11.055389669166766
135.92448831586591 10.290830505824442
133.8633443652673 9.819880709911622
131.80220041466865 7.114968167455322
129.74105646407 11.348580925505654
127.67991251347136 7.7761736347706965
125.61876856287272 8.331066407372493
123.55762461227408 9.721058344273242
121.49648066167545 11.656739410577494
119.4353367110768 9.122106599343102
117.37419276047817 10.093054710265024
115.31304880987952 8.780530463901421
113.25190485928088 9.369613521260998
111.19076090868224 8.790583909246621
109.1296169580836 8.001466102670076
107.06847300748497 7.661913664778928
105.00732905688632 10.801955059165275
102.94618510628769 9.207585275522703
100.88504115568904 8.68529189016394
98.82389720509039 9.886719086063778
96.76275325449176 9.585901403291118
94.70160930389311 6.762210950011616
92.64046535329447 7.1124698049017425
90.57932140269581 6.814865550625912
88.51817745209718 9.057136689199488
86.45703350149854 9.188165968695882
84.3958895508999 7.769886024766047
82.33474560030126 6.692581400518433
80.27360164970261 8.718970011781865
78.21245769910398 9.1303118928949
76.15131374850534 9.612326791283747
74.0901697979067 7.0672614610604825
72.02902584730806 6.876067602455352
69.96788189670941 9.76308555398317
67.90673794611078 9.398425969364574
65.84559399551213 10.75383795850926
63.7844500449135 10.083611726148504
61.72330609431485 10.787708352972993
59.66216214371621 14.034030894595729
57.60101819311757 13.582165669010788
55.539874242518934 13.450536907679602
53.47873029192029 17.527915550041108
51.41758634132165 23.358765609836286
49.35644239072302 23.374491275613565
47.29529844012438 29.128455575855394
45.234154489525736 32.76833297545745
43.173010538927095 38.371279751651194
41.111866588328446 44.97063601718598
39.050722637729805 53.4617844603174
36.98957868713117 61.303828227948976
34.92843473653253 67.95458716133038
32.86729078593389 75.81786425576313
30.806146835335248 81.91268615565065
28.745002884736607 82.02703280625833
26.683858934137966 86.12261875885447
24.622714983539325 90.465308129452
22.561571032940684 88.72518191803839
20.500427082342046 91.61961338809026
18.4392831317434 90.84192045682968
16.37813918114476 94.70322363316899
14.316995230546121 100.62480631340755
12.25585127994748 106.8572213851234
10.194707329348837 109.67044119686766
8.133563378750198 108.89163119183674
6.072419428151557 103.31555838880865
4.011275477552916 96.04269252522754
1.9501315269542756 88.25195570465901
-0.11101242364436523 79.00848397751481
-2.1721563742430057 64.9978676897536
-4.233300324841648 59.04549505874641
-6.294444275440288 52.676403561703665
-8.355588226038929 47.9987718372902
-10.41673217663757 45.19414087902471
-12.477876127236208 43.101624606032566
-14.53902007783485 37.90177616399161
-16.60016402843349 34.894575527511584
-18.66130797903213 31.06208340238369
-20.722451929630772 28.114835872926886
-22.783595880229413 22.460870351703935
-24.844739830828054 20.67811394926719
-26.905883781426695 17.664339024280906
-28.967027732025333 18.72769099684628
-31.028171682623977 15.95472174489553
-33.08931563322261 16.103794674895497
-35.15045958382126 17.727941873525232
-37.2116035344199 14.538585792029549
-39.27274748501854 16.67531524821716
-41.33389143561718 14.689726382052132
-43.395035386215824 18.339138341130386
-45.45617933681446 21.52010396427915
-47.5173232874131 26.06436286824244
-49.57846723801175 30.953896900815334
-51.63961118861039 34.56849786178146
-53.700755139209036 38.877259969400434
-55.76189908980767 41.04438461525065
-57.82304304040631 42.25894160067902
-59.88418699100495 44.577475549371215
-61.94533094160359 46.086348150774604
-64.00647489220223 44.21350801295508
-66.06761884280088 42.98153441577415
-68.12876279339952 38.34676873691751
-70.18990674399816 36.48267646413882
-72.2510506945968 36.7740155273707
-74.31219464519545 30.114125168072995
-76.37333859579408 27.241320652787003
-78.43448254639272 24.375737393256443
-80.49562649699136 21.623041468704017
-82.55677044759 21.407333178417197
-84.61791439818865 17.09877637082193
-86.67905834878728 11.898486348656231
-88.74020229938593 12.813287275287749
-90.80134624998456 12.740718054836282
-92.8624902005832 10.822891578473854
-94.92363415118184 10.848866827574264
-96.98477810178048 8.816147657587711
-99.04592205237913 8.640298754025325
-101.10706600297775 7.964934542104478
-103.16820995357641 6.171853811962249
-105.22935390417504 7.268594407424966
-107.29049785477369 8.182176859355042
-109.35164180537232 7.106335753259864
-111.41278575597096 3.7595929717664838
-113.4739297065696 6.914418089611707
-115.53507365716824 4.603666360070227
-117.59621760776689 2.8546286455867063
-119.65736155836552 3.967758370697949
-121.71850550896417 4.76526871985468
-123.7796494595628 3.4477771153399472
-125.84079341016144 3.3197148462544783
-127.90193736076009 2.338326245433041
-129.96308131135874 2.519476131768988
-132.02422526195735 2.3951010557117955
-134.08536921255603 5.707413282271064
-136.14651316315465 4.912656539712257
-138.2076571137533 3.0650740872891635
-140.26880106435192 6.033272941255796
-142.32994501495057 3.4594189477411903
-144.39108896554922 1.9995162559304427
-146.45223291614786 0.8778385864302445
-148.51337686674648 0.9384919932311993
-150.57452081734513 3.8904845521503084
-152.63566476794375 1.256548794894934
-154.69680871854243 0.8347002883938869
-156.75795266914105 1.5217842518055693
-158.8190966197397 1.3567214805227246
-160.88024057033832 1.6409177717195913
-162.941384520937 5.188262255864427
-165.00252847153564 2.8818147108955396
-167.06367242213426 4.574942780036775
-169.1248163727329 3.1843649692570772
-171.18596032333153 1.4944925370857711
-173.2471042739302 2.2296582162905625
-175.30824822452882 5.067006737608629
-177.36939217512747 2.9266215839330787
-179.4305361257261 1.953218617308141
-181.49168007632474 2.9037707614189574
-183.5528240269234 3.6043407682431075
-185.61396797752204 2.931942602190873
-187.67511192812066 3.6928857123084615
-189.7362558787193 1.670005609113619
-191.79739982931795 1.4492795240189864
-193.8585437799166 2.395248660894833
-195.91968773051522 2.6840009128731985
-197.98083168111387 2.5961333004043583
-200.0419756317125 3.3964918527643073
-202.10311958231117 3.061913492579192
-204.1642635329098 3.839289656360071
-206.22540748350843 5.005651145159097
-208.28655143410708 2.877341901320544
-210.3476953847057 2.924941189235709
-212.40883933530438 4.028789583391632
-214.469983285903 3.694575966787354
-216.53112723650165 2.7336568204302596
-218.59227118710027 2.8160054831940853
-220.65341513769894 0.4888408028074882
-222.71455908829756 2.100065429301705
-224.7757030388962 3.07867484631312
-226.83684698949483 1.1371411308677666
-228.89799094009348 3.0212231801637324
-230.95913489069213 0.22512104432358176
-233.02027884129078 1.8303811247146171
-235.0814227918894 0.4948921111808447
-237.14256674248804 1.1438507903270494
-239.2037106930867 3.1650209270937197
-241.26485464368534 0.9746649069581566
-243.325998594284 4.562025007182044
-245.3871425448826 2.0589771191843638
-247.44828649548126 5.082552893956294
-249.50943044607988 4.002225216419557
-251.57057439667855 2.71003772421222
-253.63171834727717 7.407316313168195
-255.69286229787582 4.407930160024785
-257.75400624847447 4.594102800074594
