# BEGINHEADER
# This file contains data from the SALSA 2m radio telescope.
# DATE=2021-12-09T14:06:0043
# GLON and GLAT given in degrees
# GLON=77.8700485025945
# GLAT=0.07536227273313191
# DATA in two columns below. Col. 1 is velocity relative to LSR [km/s]. Col. 2 is uncalibrated antenna temperature [K].
# ENDHEADER
266.2018577336617 5.015486904506303
264.14071378306306 9.687784888244995
262.0795698324644 9.05906771854169
260.01842588186577 6.463115741888054
257.9572819312671 8.358913106017518
255.8961379806685 7.997861775518459
253.83499403006985 8.053286814410338
251.77385007947123 7.839812707550509
249.71270612887255 7.620228665308797
247.65156217827393 9.14987908482619
245.5904182276753 7.680111360515594
243.52927427707667 9.01209973872067
241.468130326478 8.184226410357848
239.40698637587934 7.181807811660274
237.34584242528072 13.575751580654316
235.28469847468207 8.618390943843096
233.22355452408345 9.501972631690448
231.16241057348478 11.512300758634542
229.10126662288616 8.28446320038949
227.0401226722875 8.955155649708056
224.9789787216889 9.548805940021081
222.91783477109024 9.713042679253052
220.8566908204916 8.321947508833205
218.79554686989295 10.380718399387739
216.73440291929433 13.58293781955701
214.67325896869568 10.440721648978624
212.61211501809703 11.121227026283524
210.55097106749838 11.054281268245147
208.48982711689976 10.834222245802685
206.4286831663011 10.435318122546429
204.3675392157025 11.824942504571075
202.30639526510382 8.847662247835876
200.24525131450517 11.484473760127242
198.18410736390655 9.997108117321744
196.1229634133079 9.332313148998388
194.06181946270928 10.706264819252183
192.0006755121106 9.890394246729846
189.93953156151198 10.650608975625799
187.87838761091334 9.197785276157974
185.81724366031472 12.234286460693319
183.75609970971604 9.67879656615227
181.69495575911742 9.99948279243485
179.63381180851877 7.606778012945659
177.57266785792015 8.817999782310595
175.5115239073215 7.9676353584812345
173.45037995672286 8.024098268962705
171.3892360061242 8.297019145891335
169.3280920555256 8.741770990252913
167.26694810492694 9.587946665897464
165.20580415432832 9.907885082405244
163.14466020372964 12.24773864730852
161.083516253131 9.79300863583975
159.02237230253237 9.6337435194354
156.96122835193373 7.965504547852959
154.9000844013351 9.642105359688411
152.83894045073643 7.338515878591504
150.7777965001378 8.057372154984034
148.71665254953916 8.70954724743601
146.65550859894054 9.767298015086176
144.59436464834187 9.498226493959795
142.53322069774325 8.361319233715783
140.4720767471446 9.72042809308972
138.41093279654598 8.79224371759798
136.34978884594733 8.103168860895906
134.28864489534868 8.392682652153088
132.22750094475003 7.148606146920019
130.1663569941514 8.969118947520178
128.10521304355277 9.425008591446673
126.04406909295412 9.288026636853383
123.98292514235548 9.167437072294549
121.92178119175684 10.596540217189192
119.8606372411582 9.789666347142033
117.79949329055955 7.006816080581463
115.73834933996092 9.77850871623122
113.67720538936229 6.838683915350533
111.61606143876364 6.791984887997949
109.554917488165 7.949755717833566
107.49377353756636 9.53349600818892
105.43262958696772 11.394386881752103
103.37148563636906 9.10288320680476
101.31034168577042 8.231156483904451
99.24919773517179 8.23248320268063
97.18805378457314 9.076138389942576
95.12690983397451 8.401451260163304
93.06576588337586 7.377412806457648
91.00462193277723 9.332177670990005
88.94347798217858 10.233346476384572
86.88233403157994 8.144261867155288
84.82119008098131 6.5822665113526195
82.76004613038266 7.239493509479714
80.69890217978403 8.236362975347953
78.63775822918538 7.739636659771025
76.57661427858675 7.458310306014525
74.5154703279881 6.708801251444716
72.45432637738946 8.607478851582014
70.39318242679083 8.053690299002803
68.33203847619218 8.679055644708718
66.27089452559355 8.614480737605486
64.2097505749949 8.297770424159117
62.14860662439626 7.868061400995303
60.08746267379762 6.963410825459964
58.026318723198976 6.058175766066635
55.965174772600335 5.926909575534121
53.90403082200169 8.301688720441852
51.84288687140305 8.5773305217953
49.78174292080441 7.617835755194159
47.72059897020578 6.731111103786658
45.65945501960714 7.2913646385591155
43.598311069008496 9.519860766821553
41.537167118409855 8.395689240998136
39.47602316781121 10.152494303932121
37.41487921721257 7.965912978327595
35.353735266613924 11.434226087004893
33.29259131601529 9.969858426900725
31.231447365416653 7.112267241966535
29.170303414818008 10.61330010365314
27.109159464219367 14.578720338530696
25.048015513620726 19.533201051562642
22.986871563022085 23.292708783980093
20.92572761242344 33.394916344185184
18.864583661824803 45.869801633766684
16.80343971122616 67.2943891670653
14.74229576062752 79.71043478221806
12.68115181002888 100.9138984515057
10.62000785943024 119.53447033842593
8.558863908831599 126.94986572879694
6.497719958232959 134.40338598304572
4.436576007634317 132.8621511258345
2.3754320570356766 124.29931134284726
0.31428810643703586 127.88005707813753
-1.7468558441616049 124.05581383254923
-3.807999794760246 121.76425076613721
-5.869143745358887 113.37065910690357
-7.930287695957527 97.86706748283149
-9.991431646556167 86.96380185280177
-12.052575597154808 71.5845268669895
-14.11371954775345 61.62099695661531
-16.174863498352092 54.170981099578505
-18.236007448950733 47.940550503123475
-20.297151399549374 46.09932654103624
-22.358295350148012 46.27390200481108
-24.419439300746653 43.64344152692949
-26.48058325134529 42.58620318349999
-28.541727201943935 44.89381658983711
-30.602871152542576 44.37381724106426
-32.66401510314122 44.114523369353165
-34.72515905373985 42.487387133914524
-36.78630300433849 38.57542242130648
-38.84744695493713 37.876030714660004
-40.908590905535775 36.98822076046794
-42.96973485613442 37.826542335392396
-45.030878806733064 34.726199909091335
-47.092022757331705 32.0953827762088
-49.15316670793034 29.89454044711768
-51.21431065852899 26.473293133194073
-53.27545460912763 26.61873531002988
-55.33659855972627 28.449627196683558
-57.39774251032491 30.246857602551064
-59.458886460923544 35.11925746018345
-61.52003041152219 36.22454903223422
-63.581174362120834 39.68648584290377
-65.64231831271947 40.31378318942634
-67.70346226331812 43.424810365863934
-69.76460621391675 44.55396798821172
-71.8257501645154 44.892023039373576
-73.88689411511403 46.631166865469176
-75.94803806571268 46.994509915267216
-78.00918201631131 42.64489740030782
-80.07032596690995 42.717438592683614
-82.1314699175086 35.48841997317565
-84.19261386810723 31.890599655859408
-86.25375781870588 30.28160905181911
-88.31490176930451 25.065130414251726
-90.37604571990317 21.396295930540244
-92.43718967050181 18.920256204594203
-94.49833362110044 16.661969542587773
-96.55947757169909 11.583165329787786
-98.62062152229772 9.384055509918799
-100.68176547289637 9.276441921528331
-102.742909423495 10.305671025761367
-104.80405337409366 8.074625205876666
-106.86519732469229 7.1548796339859
-108.92634127529092 7.962793030072509
-110.98748522588957 6.597580135956558
-113.0486291764882 8.835863989465292
-115.10977312708685 7.345396059080099
-117.17091707768549 4.869867691916467
-119.23206102828414 6.297520749550717
-121.29320497888277 5.3920066750404745
-123.3543489294814 6.015577812555628
-125.41549288008005 3.7482848972863927
-127.47663683067869 6.054052949440458
-129.53778078127735 5.703456165048702
-131.59892473187597 3.869372951408865
-133.66006868247462 4.44660286288222
-135.72121263307324 2.355840093265476
-137.7823565836719 5.054503703239367
-139.84350053427053 3.726680662410596
-141.90464448486918 5.783731970141209
-143.9657884354678 4.3984110506673035
-146.02693238606648 1.63936008240772
-148.08807633666513 2.180795014181181
-150.14922028726374 3.5705761331777137
-152.2103642378624 5.325771519558857
-154.271508188461 5.466501956768948
-156.3326521390597 3.8136336299259725
-158.3937960896583 4.656899707206093
-160.45494004025696 3.5305475343794286
-162.51608399085558 3.969505997874155
-164.57722794145423 4.758651418789444
-166.63837189205287 4.332056375617875
-168.69951584265152 2.1232808951954167
-170.76065979325014 2.2146440736999677
-172.8218037438488 0.9956906910381619
-174.88294769444744 3.3424624666251197
-176.9440916450461 2.147645013104134
-179.0052355956447 1.2463805089605207
-181.06637954624335 3.306314781663449
-183.12752349684197 1.4329918167896867
-185.18866744744065 3.176268794638036
-187.2498113980393 3.6984151735003525
-189.31095534863792 3.5815227011170703
-191.37209929923657 4.2536050296153265
-193.4332432498352 0.7141849456007134
-195.49438720043386 2.99159199236004
-197.55553115103248 3.9396263136642102
-199.61667510163113 3.3575719178464807
-201.67781905222975 2.3117813496078328
-203.7389630028284 4.391672611753427
-205.80010695342705 2.7283487978424317
-207.8612509040257 2.1383182706438335
-209.92239485462432 2.6921189593678423
-211.98353880522296 2.5075716343174057
-214.0446827558216 3.313116789637782
-216.10582670642026 1.8219613449839684
-218.16697065701888 3.610250152398805
-220.22811460761753 3.7284102049239847
-222.28925855821615 2.7223621517057315
-224.35040250881482 5.155961487799703
-226.41154645941347 4.50226154875349
-228.4726904100121 2.191425025871663
-230.53383436061074 3.3712637364854183
-232.59497831120936 0.31187675384511937
-234.65612226180804 3.7835110007541237
-236.71726621240666 2.3677339329763036
-238.7784101630053 1.8479420411966412
-240.83955411360392 3.634599258558602
-242.9006980642026 1.5474892225570342
-244.96184201480122 3.857060904931198
-247.02298596539987 3.470395100763424
-249.0841299159985 4.749933910808902
-251.14527386659714 8.023224622603452
-253.20641781719578 4.594585747479922
-255.26756176779443 5.449786744344235
-257.32870571839305 5.5353547602549975
-259.3898496689917 3.950621175805159
