# BEGINHEADER
# This file contains data from the SALSA 2m radio telescope.
# DATE=2021-11-23T20:21:0055
# GLON and GLAT given in degrees
# GLON=113.85440317301713
# GLAT=-0.07529831297466016
# DATA in two columns below. Col. 1 is velocity relative to LSR [km/s]. Col. 2 is uncalibrated antenna temperature [K].
# ENDHEADER
266.5268923023744 -2.995752292153515
264.46574835177574 -4.438413812439369
262.40460440117715 -6.3109724132560725
260.3434604505785 -3.3278326610676356
258.28231649997986 -0.7032062560380246
256.2211725493812 -1.937177259255908
254.16002859878256 0.27275400793413346
252.0988846481839 -2.2606552783851614
250.0377406975853 -1.3586354298071768
247.97659674698664 -2.9676470385005933
245.91545279638802 -6.65228852340161
243.85430884578935 -2.197642589961042
241.79316489519073 -1.3689375946031623
239.73202094459208 0.404697146376438
237.67087699399346 -2.5681479171080275
235.6097330433948 -1.9714525925892994
233.54858909279616 -1.7597194045185969
231.48744514219752 -6.3891215488302855
229.42630119159887 -1.0484706480145078
227.36515724100025 1.0484389819358044
225.30401329040157 -2.707110627803752
223.24286933980295 -0.421877200001026
221.1817253892043 -2.560455224298614
219.12058143860568 -4.268050683026494
217.05943748800703 -1.2159123631226125
214.9982935374084 -1.0793736075843035
212.93714958680974 0.06598888059808942
210.87600563621112 -4.358184732219245
208.81486168561247 -1.2919278113493595
206.75371773501385 -0.7507612367539768
204.69257378441517 -2.477356882035929
202.63142983381655 1.2506289379159539
200.5702858832179 -2.1063327648279606
198.5091419326193 -3.8778331091537854
196.4479979820206 -1.794626766389952
194.386854031422 -1.3596048624332655
192.32571008082334 -1.0735348456704272
190.2645661302247 0.43366600054519816
188.20342217962607 1.3438583135768791
186.1422782290274 0.846280588366331
184.08113427842878 -1.887815474458503
182.01999032783013 2.119848050716158
179.9588463772315 1.4877158273809572
177.89770242663286 3.023504372985047
175.8365584760342 1.6661651481564759
173.77541452543556 -0.11614754200011874
171.71427057483695 2.4814674995348196
169.6531266242383 1.60484962333287
167.59198267363965 0.5129336122444272
165.530838723041 -3.860752752640623
163.46969477244238 1.2075460166607388
161.40855082184373 0.6241106818333253
159.3474068712451 0.28170919362825625
157.28626292064644 1.3875813723328887
155.2251189700478 1.173702720899465
153.16397501944917 -0.7242349952197045
151.10283106885052 -1.472601131809612
149.0416871182519 1.7029091903618974
146.98054316765322 2.8141318569548637
144.9193992170546 -0.001245346206848389
142.85825526645596 -1.351586599286243
140.79711131585734 1.7983312461531735
138.7359673652587 0.7244138124175095
136.67482341466004 0.20255725160132965
134.6136794640614 0.3466553679125948
132.55253551346277 -0.45544632997495177
130.49139156286412 2.082614878978106
128.43024761226548 -0.9235903393131273
126.36910366166683 1.5871328701590168
124.3079597110682 0.34903701771776285
122.24681576046956 0.4212461103049161
120.18567180987091 -0.15278725900116777
118.12452785927228 2.152523874085232
116.06338390867363 0.6120822339951059
114.002239958075 0.9337536701464472
111.94109600747635 1.6682367315506679
109.87995205687771 1.4891438797533165
107.81880810627908 1.3253231521766833
105.75766415568043 -2.2617917277118673
103.6965202050818 -1.0958920701833912
101.63537625448315 0.19864244909871276
99.57423230388451 -1.377591137855222
97.51308835328587 0.7401023716406507
95.45194440268722 2.0574463426214655
93.39080045208858 -4.3939435896755725
91.32965650148994 0.5954098347165666
89.2685125508913 2.5589817638773407
87.20736860029265 1.0460213964888678
85.14622464969402 -0.5623649294250417
83.08508069909539 0.6881374585368268
81.02393674849674 -0.8893635781721634
78.9627927978981 2.6519666511302984
76.90164884729946 1.0951221411582461
74.84050489670082 -2.691575206929749
72.77936094610217 -0.8167431047229617
70.71821699550354 -0.6730503316996065
68.6570730449049 1.7149848146457602
66.59592909430626 -0.9040396125381859
64.53478514370761 -0.062093923540903234
62.473641193108975 -1.1009738080777345
60.412497242510334 -3.0822169719175987
58.35135329191169 2.621661537538498
56.29020934131305 2.142500492185046
54.22906539071441 -1.6961858618176346
52.16792144011577 -3.653630068505913
50.10677748951713 1.8616845156119624
48.04563353891849 -0.48261975281154673
45.984489588319846 -0.26864102576008114
43.923345637721205 -2.4251124225039233
41.862201687122564 -0.604366731747779
39.80105773652392 1.0590567156926876
37.73991378592528 1.72518192631757
35.67876983532664 1.37279204057186
33.61762588472801 -0.31138977038288046
31.556481934129362 0.3765000309693017
29.49533798353072 -3.05732928837426
27.43419403293208 -1.3567507581385574
25.37305008233344 -0.630964261602242
23.311906131734798 3.376586083035929
21.250762181136157 2.165802003377499
19.189618230537516 2.3340225290799235
17.128474279938878 4.477979345461268
15.067330329340235 6.007643460752017
13.006186378741594 9.680774818148562
10.945042428142953 13.610004295504265
8.883898477544314 19.120527745990625
6.822754526945672 25.550013369746875
4.7616105763470316 35.99496161125816
2.700466625748391 52.15754578553964
0.6393226751497502 66.50713350666817
-1.4218212754488906 72.59107715769265
-3.4829652260475314 73.7601508035402
-5.544109176646172 71.55490374576453
-7.605253127244813 72.28082575011835
-9.666397077843454 69.66898414296287
-11.727541028442094 75.62708104499798
-13.788684979040736 63.038269000163304
-15.849828929639376 54.97285146615398
-17.910972880238017 49.41629724260851
-19.972116830836658 32.42744568528061
-22.0332607814353 24.283651428410394
-24.094404732033937 23.82065574727905
-26.15554868263258 18.731782263081158
-28.216692633231222 20.96412751305109
-30.277836583829863 26.81309363375559
-32.3389805344285 31.78863260651826
-34.40012448502714 36.60459214500692
-36.46126843562578 43.39397124244726
-38.522412386224424 46.508088570338316
-40.583556336823065 52.65549034710507
-42.644700287421706 55.98107552938898
-44.70584423802035 54.430447468513854
-46.76698818861899 67.62908919927096
-48.82813213921763 68.13245011150427
-50.88927608981627 63.370818003075065
-52.95042004041491 60.376666023662786
-55.01156399101355 53.95582105770801
-57.072707941612194 49.106216722565165
-59.133851892210835 48.23157505152505
-61.194995842809476 46.870919878973865
-63.25613979340811 45.84302751398561
-65.31728374400676 36.536832883288575
-67.3784276946054 30.32924589072215
-69.43957164520404 32.04054240404393
-71.50071559580267 23.80587461519552
-73.56185954640132 18.592635260753543
-75.62300349699996 17.195364189359715
-77.6841474475986 13.767640698320047
-79.74529139819724 12.985857600829963
-81.80643534879589 10.582614973259227
-83.86757929939452 7.340476847684569
-85.92872324999315 10.964612900666467
-87.9898672005918 9.36406350645792
-90.05101115119044 10.47766992084763
-92.11215510178909 12.57588582760517
-94.17329905238772 18.50894578390216
-96.23444300298635 17.2945083868373
-98.29558695358502 18.033715576197125
-100.35673090418365 15.329535973597865
-102.4178748547823 11.906998463738725
-104.47901880538093 14.34404616593493
-106.54016275597958 11.185448240279248
-108.60130670657821 5.597865344209823
-110.66245065717685 5.933095596865281
-112.7235946077755 2.526238411743547
-114.78473855837413 2.521067434348904
-116.84588250897278 5.473135157444966
-118.90702645957141 0.5633048640025432
-120.96817041017006 -0.4549531897899895
-123.0293143607687 1.906509935473445
-125.09045831136733 -3.4839460485534084
-127.15160226196598 -2.357408591520795
-129.2127462125646 1.5831562798949008
-131.27389016316326 -3.285163083957102
-133.3350341137619 -4.143718588453114
-135.39617806436056 -1.8801147339125381
-137.45732201495917 -2.860357313803511
-139.51846596555782 -3.6640898776827484
-141.57960991615644 -2.3106362007305483
-143.64075386675512 -1.235746452450743
-145.70189781735374 -1.578141115016464
-147.7630417679524 -4.606111332230225
-149.824185718551 -7.373056741731699
-151.88532966914966 -4.230133069145615
-153.9464736197483 -2.9141291124199857
-156.00761757034695 -3.846797738129938
-158.0687615209456 -7.290028670171158
-160.12990547154422 -5.587027992963863
-162.1910494221429 -4.945486423442387
-164.25219337274152 -4.323350752199318
-166.31333732334016 -5.140142436791646
-168.37448127393878 -1.8561479618293992
-170.43562522453743 -0.5783581936305959
-172.49676917513608 -4.463038919108114
-174.55791312573473 -3.428113469758072
-176.61905707633335 -3.6651217921063006
-178.680201026932 -4.991553091197272
-180.74134497753062 -4.0773509133576304
-182.8024889281293 -4.869985742668904
-184.8636328787279 -3.8600829537683
-186.92477682932656 -7.3948238168012494
-188.98592077992518 -6.9505198612679875
-191.04706473052386 -4.377193207768604
-193.1082086811225 -5.483836890639175
-195.16935263172113 -3.9867978179158774
-197.23049658231977 -4.185813056624156
-199.2916405329184 -5.301632713722392
-201.35278448351707 -7.6313934877334315
-203.4139284341157 -3.3055470475142577
-205.47507238471434 -5.154379539493714
-207.53621633531296 -6.0488953370451535
-209.5973602859116 -6.01248243726039
-211.65850423651025 -6.144566271057569
-213.7196481871089 -4.538681642846192
-215.78079213770752 -8.827953381588376
-217.84193608830617 -5.314903039403965
-219.90308003890482 -4.553538594420014
-221.96422398950347 -3.9423421212550487
-224.0253679401021 -6.179613615239686
-226.08651189070073 -1.8232389032595078
-228.14765584129935 -6.455198221276443
-230.20879979189803 -5.027691737085618
-232.26994374249668 -3.8150205165043043
-234.3310876930953 -4.865466066718899
-236.39223164369395 -3.945663638865636
-238.45337559429257 -6.776646053365991
-240.51451954489124 -4.171269795081496
-242.57566349548986 -3.648451390893509
-244.6368074460885 -4.773236820883961
-246.69795139668713 -5.165258988447945
-248.75909534728578 -5.864845596923181
-250.82023929788443 -6.52447177526826
-252.88138324848308 -7.624416569193865
-254.9425271990817 -2.8189302156603055
-257.0036711496803 -5.370270634911809
-259.064815100279 -3.3021465627842033
