# BEGINHEADER
# This file contains data from the SALSA 2m radio telescope.
# DATE=2021-11-29T15:44:0032
# GLON and GLAT given in degrees
# GLON=49.89798092113309
# GLAT=12.205302918526291
# DATA in two columns below. Col. 1 is velocity relative to LSR [km/s]. Col. 2 is uncalibrated antenna temperature [K].
# ENDHEADER
272.1694539739323 2.867552198195167
270.10831002333373 6.160191441177707
268.047166072735 4.37863924686986
265.9860221221364 6.57191722670764
263.9248781715378 6.797510422294949
261.86373422093914 6.782825383117617
259.8025902703405 7.159465671064502
257.74144631974184 9.77273559023915
255.68030236914322 7.2750561628959645
253.61915841854457 5.3243296497202
251.55801446794592 6.2540256468002395
249.49687051734728 6.272218531960107
247.43572656674863 7.797600552248006
245.37458261615 6.308443536655503
243.31343866555136 8.803710537551845
241.2522947149527 7.24822119807723
239.19115076435406 7.667636990571636
237.13000681375544 9.6893410950947
235.0688628631568 6.93279355006038
233.00771891255815 11.122072216041303
230.9465749619595 8.253326897536418
228.88543101136088 11.137833186482226
226.82428706076223 5.653525967608829
224.7631431101636 0.8482811282407949
222.70199915956493 8.855993101131325
220.64085520896631 8.452197540056344
218.57971125836767 9.166816354412806
216.51856730776905 7.450562106152642
214.4574233571704 8.301825605457898
212.39627940657172 6.959243361550715
210.3351354559731 6.10821792155724
208.27399150537445 9.17040616281001
206.21284755477583 8.4811783527741
204.15170360417716 9.277542308547455
202.09055965357854 8.538250255508336
200.0294157029799 6.870890133550715
197.96827175238127 9.093284803146988
195.90712780178262 8.042163561911966
193.84598385118397 10.388190025434728
191.78483990058533 7.048126446660563
189.7236959499867 6.310105684620525
187.66255199938806 7.7442938283164295
185.60140804878944 9.175205045760245
183.54026409819076 7.792756333572424
181.47912014759214 8.610095878704646
179.4179761969935 8.383667081119567
177.35683224639487 6.569176000018317
175.29568829579623 7.1531035068833475
173.23454434519755 7.247796563560855
171.17340039459893 6.055418986023374
169.11225644400028 6.928026454629211
167.05111249340166 7.13054098905535
164.98996854280298 5.755825385072964
162.92882459220436 5.704758300598703
160.86768064160572 7.6501253054220095
158.8065366910071 5.336378160392572
156.74539274040845 5.930638759020521
154.6842487898098 7.86666595342864
152.62310483921115 5.464307463315838
150.56196088861253 7.896872197175441
148.50081693801388 4.9870091115017905
146.43967298741526 7.747879547416434
144.3785290368166 7.007178312630595
142.31738508621797 5.987884320209428
140.25624113561932 8.025500936950174
138.1950971850207 7.344058903580409
136.13395323442202 5.5391599529981255
134.07280928382337 5.5636541464587514
132.01166533322476 6.364148425052061
129.9505213826261 7.084581004261421
127.88937743202747 6.068139608792605
125.82823348142884 5.540312339962518
123.76708953083019 6.1247969630130195
121.70594558023156 5.235086814125447
119.64480162963292 6.194955458965453
117.58365767903427 3.914867048454611
115.52251372843564 6.784361667187068
113.46136977783698 5.821716893133398
111.40022582723834 6.889655884656414
109.3390818766397 5.9669964496778976
107.27793792604106 6.256471823805249
105.21679397544243 5.040059242603705
103.15565002484378 6.302094907098141
101.09450607424515 8.168773374615075
99.0333621236465 7.255448130908387
96.97221817304786 7.032449709241552
94.91107422244922 8.740515309900132
92.84993027185058 7.834738324569714
90.78878632125195 8.718839384642251
88.7276423706533 6.099966093624248
86.66649842005467 5.923641128581636
84.60535446945602 8.623369562778262
82.54421051885738 6.191151065990195
80.48306656825874 7.3103898981751705
78.4219226176601 6.203123596412926
76.36077866706147 6.638290257025379
74.2996347164628 8.004225453738698
72.23849076586417 7.822840447800943
70.17734681526552 7.962759441886358
68.11620286466689 5.935894607891739
66.05505891406824 8.556586592401011
63.99391496346961 6.714520506704758
61.932771012870965 7.754947067492938
59.871627062272324 7.909659885851826
57.81048311167369 8.460222454122206
55.74933916107505 11.305787918292117
53.68819521047641 9.562727082033117
51.62705125987777 8.495507918373704
49.565907309279126 8.296266833732057
47.504763358680485 10.307699436891314
45.44361940808184 13.419576026011969
43.3824754574832 12.286632434198872
41.32133150688456 13.025100298092598
39.26018755628592 13.60529647363548
37.19904360568728 16.20970944002341
35.13789965508864 15.259375912766856
33.07675570449 17.025335496062226
31.015611753891356 19.33217691074412
28.954467803292715 21.375438796122985
26.893323852694078 20.993325111943978
24.832179902095437 25.53371687183493
22.771035951496792 28.45105817458609
20.70989200089815 29.485791939995647
18.648748050299513 28.327334840337574
16.587604099700872 33.901013429441605
14.526460149102231 33.643166319177276
12.46531619850359 40.015487697154526
10.40417224790495 45.603763120143235
8.34302829730631 51.15787408288309
6.2818843467076695 51.66660462017774
4.2207403961090275 50.01590268487976
2.159596445510387 48.64203231104941
0.09845249491174626 46.47345784727169
-1.9626914556868944 34.79252628586455
-4.023835406285535 23.357855435429947
-6.084979356884176 16.43629067359165
-8.146123307482815 16.197476038459815
-10.207267258081457 11.077700651863788
-12.268411208680098 8.954023781018574
-14.32955515927874 9.196116834807931
-16.39069910987738 6.7627100727843565
-18.451843060476023 5.477066885312296
-20.512987011074664 5.780908465188315
-22.5741309616733 6.289913541482209
-24.635274912271942 6.582823847527645
-26.696418862870587 7.612285557468241
-28.757562813469224 5.85012457976925
-30.818706764067866 5.94839517936071
-32.87985071466651 6.647959175707442
-34.94099466526515 6.721839889549341
-37.00213861586379 5.429307399357387
-39.063282566462426 6.120816570783847
-41.12442651706107 5.743723793048903
-43.18557046765971 5.755727139434051
-45.24671441825835 6.349187421059612
-47.30785836885699 7.050456913805833
-49.36900231945563 6.2393771212222395
-51.43014627005428 7.070408597321374
-53.491290220652914 5.864980948585949
-55.552434171251555 4.989358328660199
-57.613578121850196 5.039541012246518
-59.67472207244884 5.467542791714237
-61.73586602304748 5.966464433498007
-63.79700997364612 6.79132521877124
-65.85815392424476 6.793819949460925
-67.9192978748434 4.83423417392802
-69.98044182544204 4.405636589409487
-72.04158577604068 4.364949899299096
-74.10272972663931 1.884625651848686
-76.16387367723796 5.6287836248351555
-78.22501762783659 5.588357385663226
-80.28616157843526 3.332780507143941
-82.34730552903389 5.085702782540215
-84.40844947963254 4.2987548478932895
-86.46959343023117 4.185961153404589
-88.5307373808298 4.268944209648883
-90.59188133142845 4.017223714570811
-92.65302528202709 3.2457707470726573
-94.71416923262574 2.909117930115667
-96.77531318322437 2.193761863348276
-98.83645713382302 3.7404393634381576
-100.89760108442165 3.0945124980016567
-102.95874503502029 -0.23205184515269742
-105.01988898561893 2.836192706604033
-107.08103293621757 0.5602643937566474
-109.14217688681622 1.580493512758659
-111.20332083741485 2.55482430974549
-113.2644647880135 2.560719753483052
-115.32560873861213 2.0354998210540898
-117.38675268921077 1.0298734415662285
-119.44789663980943 2.4285457163256967
-121.50904059040806 1.420452733045358
-123.57018454100671 2.4438640932220945
-125.63132849160534 1.2658398998465892
-127.692472442204 -0.037412268056033655
-129.75361639280263 5.284855501438549
-131.81476034340125 -0.36300652458587995
-133.8759042939999 2.579928891893611
-135.93704824459854 2.3609013203532108
-137.9981921951972 0.6876939085203403
-140.05933614579584 -0.015079818793020167
-142.12048009639446 2.5766996457826865
-144.1816240469931 2.300796062761782
-146.24276799759176 0.8700050162693116
-148.3039119481904 2.2675766237455495
-150.36505589878902 1.36763065303167
-152.42619984938767 -1.2198801234792345
-154.48734379998632 0.17661173146113174
-156.54848775058497 2.34488782369758
-158.6096317011836 2.4528543504154294
-160.67077565178224 -0.7953931186066902
-162.73191960238086 1.3571014271903068
-164.79306355297953 3.8599163464248796
-166.85420750357815 2.788460627362041
-168.9153514541768 0.21051338356692012
-170.97649540477542 -0.04475172628940193
-173.03763935537407 0.7216118502989687
-175.09878330597274 0.23754869332840536
-177.15992725657136 0.8763679188965154
-179.22107120717 0.2963054394610882
-181.28221515776863 0.6489475646289825
-183.3433591083673 -0.6107860223099961
-185.40450305896593 0.8467484259487038
-187.46564700956458 0.5174764648253882
-189.5267909601632 0.7669679624297747
-191.58793491076185 0.5299913142541148
-193.6490788613605 -0.09422480454265957
-195.71022281195914 1.3287723206423092
-197.77136676255776 2.9695764087902847
-199.8325107131564 2.52965712032593
-201.89365466375503 1.1635081269896066
-203.9547986143537 1.5002972792739557
-206.01594256495233 3.2312305173977682
-208.07708651555097 3.663793626381665
-210.1382304661496 1.5557289072724267
-212.19937441674824 -1.3776380144186473
-214.26051836734692 0.27867651508695895
-216.32166231794554 2.524261752810833
-218.3828062685442 1.8013247756684962
-220.4439502191428 2.091630077412851
-222.50509416974148 2.193564221891833
-224.5662381203401 0.7967798127175703
-226.62738207093875 2.809011299221176
-228.68852602153737 1.7468204456047511
-230.74966997213602 0.8589058935272187
-232.81081392273467 0.7403345425929367
-234.87195787333332 1.2463226068858562
-236.93310182393193 0.15437238343441673
-238.99424577453058 2.2814094627432215
-241.0553897251292 -0.029560426809790846
-243.11653367572788 1.6431207439966522
-245.1776776263265 2.5853928289042236
-247.23882157692515 3.6751433522270833
-249.29996552752377 0.8262831147102819
-251.36110947812244 3.2251897039011137
-253.4222534287211 5.642244968607833
