# BEGINHEADER
# This file contains data from the SALSA 2m radio telescope.
# DATE=2021-11-29T15:40:0003
# GLON and GLAT given in degrees
# GLON=31.914281770068172
# GLAT=12.257940295431444
# DATA in two columns below. Col. 1 is velocity relative to LSR [km/s]. Col. 2 is uncalibrated antenna temperature [K].
# ENDHEADER
272.21227687033286 3.944253923504954
270.1511329197342 9.324847490234493
268.08998896913556 7.789301176179434
266.0288450185369 10.82251472986056
263.9677010679383 9.152432127225786
261.9065571173396 8.398085679304629
259.845413166741 9.19295882845733
257.7842692161424 9.376525651126661
255.72312526554373 11.788845333588762
253.66198131494508 8.61693302396176
251.60083736434643 8.270579118183688
249.5396934137478 10.089451338928606
247.47854946314916 9.42600917206873
245.41740551255054 10.178610105889918
243.35626156195187 8.966844470710178
241.29511761135322 10.322641732226597
239.2339736607546 10.339515219612199
237.17282971015595 11.247904030686017
235.11168575955733 12.960185839145788
233.05054180895866 9.85721212577737
230.98939785836004 11.57419646389545
228.9282539077614 9.630176699121511
226.86710995716277 8.879145718045578
224.8059660065641 6.449270421163478
222.74482205596547 12.550633171318877
220.68367810536682 10.29390137590506
218.6225341547682 10.489779933503993
216.56139020416956 10.645025225192473
214.5002462535709 11.64901231710481
212.43910230297226 12.576947539331087
210.37795835237364 8.019005964738927
208.316814401775 6.520888218764348
206.25567045117637 9.250348453460703
204.1945265005777 10.79492864184191
202.13338254997905 10.24513540983493
200.07223859938043 8.609562883547742
198.01109464878178 12.044490632284871
195.94995069818313 9.61912383415744
193.88880674758448 9.523581778837855
191.82766279698586 13.736578614827945
189.7665188463872 10.80794284472075
187.7053748957886 9.305333419775165
185.64423094518992 10.186244848283549
183.5830869945913 8.442197263962175
181.52194304399265 11.663957434060986
179.46079909339403 12.255543028674744
177.39965514279538 10.302260171371298
175.33851119219673 9.778060162204984
173.27736724159809 10.892525019636917
171.21622329099947 11.002849964208126
169.15507934040082 12.718793251846073
167.09393538980217 9.247453136063905
165.03279143920352 10.157897597435412
162.97164748860487 11.304043748492692
160.91050353800625 6.145137639178799
158.8493595874076 8.015558596868484
156.78821563680896 9.854734391877935
154.7270716862103 10.689127384625484
152.6659277356117 7.951511325447821
150.60478378501304 9.297226198773597
148.54363983441442 10.208933836856879
146.48249588381574 9.056334836604027
144.42135193321712 10.907710456583862
142.36020798261848 8.913342551581646
140.29906403201986 9.335036925689312
138.2379200814212 12.448406302279155
136.17677613082256 10.80958763013406
134.1156321802239 9.048203646166664
132.0544882296253 9.192493814048195
129.99334427902664 10.164717503345871
127.932200328428 8.659594838005654
125.87105637782936 9.150889765977533
123.80991242723071 8.600144597924052
121.74876847663208 7.897600944066232
119.68762452603343 9.188453665306817
117.6264805754348 10.008215593156915
115.56533662483615 11.56101274381781
113.50419267423752 9.464276348114693
111.44304872363888 10.983491933683997
109.38190477304022 11.248396742698793
107.32076082244158 11.232521384199023
105.25961687184294 11.581934737620102
103.1984729212443 11.0373800367074
101.13732897064565 9.480824787303321
99.07618502004702 9.872529089895325
97.01504106944839 12.561934017063397
94.95389711884974 9.213827845265811
92.8927531682511 11.605751843620817
90.83160921765246 10.485389037243243
88.77046526705382 12.053557075519011
86.70932131645517 11.519457177952681
84.64817736585654 11.066769205983814
82.5870334152579 11.362109098298468
80.52588946465926 10.210841280460466
78.46474551406062 10.807953122109367
76.40360156346198 10.697125846167319
74.34245761286334 12.21045278050034
72.2813136622647 10.044246324378744
70.22016971166605 8.294835362065411
68.15902576106741 11.428495926172275
66.09788181046876 11.791298296110623
64.03673785987013 10.937666883579578
61.975593909271495 11.626423640318983
59.91444995867285 10.020208118700852
57.853306008074206 11.261815191198348
55.792162057475565 12.380699583042702
53.731018106876924 11.403440252880335
51.66987415627828 11.171602473287031
49.60873020567965 11.290576414958064
47.547586255081 15.234302821187077
45.48644230448236 14.006876896777653
43.42529835388372 14.51250723665155
41.36415440328507 14.97180379646237
39.303010452686436 14.775476612269937
37.241866502087795 14.13915736019863
35.180722551489154 16.76590906625793
33.11957860089051 17.339638402843914
31.058434650291872 19.56403006000331
28.997290699693234 22.700551800563183
26.93614674909459 21.63127461651283
24.87500279849595 25.230603063030685
22.813858847897308 27.342076278534204
20.75271489729867 28.594490126659036
18.69157094670003 28.93215566772678
16.630426996101384 30.89980091427009
14.569283045502745 29.73305988971365
12.508139094904106 33.23317713835753
10.446995144305465 35.164902511818696
8.385851193706825 40.291480144385325
6.324707243108184 53.3121789314023
4.263563292509542 61.88486666033515
2.202419341910902 66.10775403876683
0.1412753913122612 56.221976314753455
-1.9198685592863798 40.12901546315962
-3.98101250988502 23.41494749591796
-6.042156460483661 18.935826902661578
-8.103300411082301 14.653679046641287
-10.164444361680943 12.271209540613969
-12.225588312279582 14.622676124733195
-14.286732262878225 11.573524513045886
-16.347876213476866 9.686404472620152
-18.409020164075507 9.403079475859137
-20.470164114674148 10.58768864449629
-22.53130806527279 8.750213473628524
-24.59245201587143 9.607149056337144
-26.653595966470068 11.244258699875564
-28.71473991706871 10.123446628102617
-30.775883867667353 10.957448536242454
-32.83702781826599 8.82946807711444
-34.898171768864636 10.996650180478794
-36.95931571946328 10.46187053092762
-39.02045967006192 10.930242867629996
-41.08160362066056 11.058944865887181
-43.1427475712592 10.737077973999597
-45.203891521857834 8.637926774241278
-47.265035472456475 11.082829109601299
-49.326179423055116 10.911438468831323
-51.38732337365375 6.413004341809925
-53.44846732425239 8.359777776961337
-55.50961127485104 9.479481677147705
-57.57075522544968 8.652504246319888
-59.63189917604832 5.932694353582038
-61.693043126646955 7.67287035155381
-63.7541870772456 7.408931882157566
-65.81533102784424 5.7636422508664555
-67.87647497844287 4.035803018340567
-69.93761892904152 5.78744046957834
-71.99876287964015 5.041411339199804
-74.0599068302388 7.514184467372024
-76.12105078083744 6.306379667139028
-78.18219473143608 4.502007500779252
-80.24333868203472 9.61678369455691
-82.30448263263335 5.3438255383150315
-84.36562658323201 6.792002933328453
-86.42677053383065 2.6841235944296704
-88.4879144844293 5.7943398303089255
-90.54905843502793 6.330166183899052
-92.61020238562658 6.606649887599662
-94.67134633622521 5.665611660654549
-96.73249028682385 5.715088747963493
-98.7936342374225 6.758495069523397
-100.85477818802113 7.817626708462388
-102.91592213861978 9.479528931056505
-104.97706608921841 4.962071838660404
-107.03821003981706 4.161476723551568
-109.0993539904157 4.569530304618858
-111.16049794101433 3.0322341071349617
-113.22164189161298 5.985061242354818
-115.28278584221161 5.3276265009773365
-117.34392979281026 5.727706390393723
-119.40507374340889 6.279327665343944
-121.46621769400754 7.7423288232614
-123.52736164460619 6.432150123074059
-125.58850559520482 5.666399504111814
-127.64964954580347 6.765742588534699
-129.7107934964021 6.388875437669906
-131.77193744700074 4.280936824783655
-133.8330813975994 4.840518570844104
-135.89422534819803 3.5206901105690833
-137.95536929879665 5.763243407284165
-140.0165132493953 5.719088346898972
-142.07765719999392 6.96006031309122
-144.1388011505926 3.298875994359095
-146.19994510119125 3.6105913130524874
-148.26108905178987 4.036723893054432
-150.32223300238851 4.921396006044175
-152.38337695298713 4.566644237368786
-154.4445209035858 5.291588495295659
-156.50566485418443 4.171990417095329
-158.56680880478308 5.3811820629753395
-160.6279527553817 4.255814743527437
-162.68909670598038 4.9019011217342205
-164.750240656579 5.814756343149869
-166.81138460717764 3.629160007630963
-168.87252855777626 6.505141989559952
-170.9336725083749 5.38612526985463
-172.99481645897356 4.224828697140149
-175.0559604095722 4.539281341757173
-177.11710436017083 4.333764633096296
-179.17824831076948 5.232424031699583
-181.23939226136812 4.377586645233928
-183.30053621196677 3.0404468354608736
-185.36168016256542 4.667847436595416
-187.42282411316404 2.8865053982872486
-189.4839680637627 4.718625389528917
-191.54511201436134 6.966238392078759
-193.60625596495998 3.924164698129866
-195.6673999155586 3.9465527963662503
-197.72854386615725 4.827482396388897
-199.78968781675587 6.9433499018936695
-201.85083176735455 3.7622333425322307
-203.91197571795317 6.05396345003587
-205.97311966855182 3.59286146006599
-208.03426361915044 5.13308733060735
-210.09540756974909 3.0230722307388067
-212.15655152034773 5.221816817656605
-214.21769547094638 4.639544478923037
-216.278839421545 5.261476192932997
-218.33998337214365 4.314443488498719
-220.4011273227423 1.536339121582289
-222.46227127334095 5.1176544450444155
-224.5234152239396 5.583361077575848
-226.5845591745382 3.991897552495862
-228.64570312513686 4.255506040746496
-230.7068470757355 4.740387013789654
-232.76799102633416 3.935083932592279
-234.82913497693278 4.505189976535009
-236.89027892753143 4.851597079264307
-238.95142287813005 3.408940942414318
-241.01256682872872 7.421666436849026
-243.07371077932734 3.931954148804897
-245.134854729926 4.30218308508058
-247.1959986805246 6.328968072431583
-249.25714263112326 4.750584251332653
-251.3182865817219 8.679631603935903
-253.37943053232055 10.195040941821151
