# BEGINHEADER
# This file contains data from the SALSA 2m radio telescope.
# DATE=2021-11-23T20:18:0033
# GLON and GLAT given in degrees
# GLON=89.88435463087657
# GLAT=0.03298253310013677
# DATA in two columns below. Col. 1 is velocity relative to LSR [km/s]. Col. 2 is uncalibrated antenna temperature [K].
# ENDHEADER
265.61461343768605 4.084713486632814
263.55346948708745 10.211963310627384
261.4923255364888 6.793664150919527
259.43118158589016 12.061784078072579
257.3700376352915 10.830063461936444
255.3088936846929 12.970898106906882
253.24774973409424 10.344113372641402
251.1866057834956 11.24393074389241
249.12546183289695 8.687541077385514
247.06431788229833 13.117434340561463
245.00317393169968 7.340007639767018
242.94202998110103 10.16802244792773
240.88088603050238 11.117762803962133
238.81974207990376 10.626911611442935
236.7585981293051 12.12458506770724
234.6974541787065 10.18952430728088
232.63631022810782 10.203498587965944
230.5751662775092 11.449405604852943
228.51402232691055 13.868788457922673
226.45287837631193 10.944993845659747
224.39173442571328 11.387985043505068
222.33059047511463 10.778116387148545
220.26944652451598 14.481994041638561
218.20830257391736 11.795501673021981
216.14715862331872 13.001890084611707
214.08601467272007 11.585230846126265
212.02487072212142 12.406092924237285
209.96372677152277 12.024175626772706
207.90258282092415 12.662546578002248
205.8414388703255 14.974148303061007
203.78029491972686 12.519766215346202
201.7191509691282 15.22796664540901
199.6580070185296 10.563116826848583
197.59686306793094 10.272594749353326
195.53571911733232 14.552579550271597
193.47457516673364 14.707267832098195
191.41343121613502 12.757829235513812
189.35228726553638 13.895633380577916
187.29114331493776 11.174184849770539
185.2299993643391 12.455214758046733
183.16885541374046 11.978086883108304
181.1077114631418 10.972928115785152
179.04656751254316 12.439792302442335
176.98542356194454 12.412585858830612
174.92427961134587 9.454867411455442
172.86313566074725 14.692593327066799
170.8019917101486 15.683338688266925
168.74084775954998 14.751512117550218
166.67970380895133 13.622584038600237
164.61855985835268 12.121034795594943
162.55741590775403 14.810115808185394
160.49627195715541 14.428814326899948
158.43512800655677 15.089573699734323
156.37398405595815 11.275356126753932
154.31284010535947 11.919819176287021
152.25169615476085 12.874724124167246
150.1905522041622 12.606072529219006
148.12940825356358 14.970190351602174
146.0682643029649 15.340230698124728
144.0071203523663 15.183770604400495
141.94597640176764 12.060003928804239
139.884832451169 15.637347411538142
137.82368850057037 10.799065298697442
135.7625445499717 13.12682190495916
133.70140059937307 14.365904277748278
131.64025664877443 14.263285854924918
129.5791126981758 14.749450988108046
127.51796874757716 12.605000179406652
125.45682479697852 12.506772783829364
123.39568084637988 15.723757569758932
121.33453689578124 15.06951991739553
119.27339294518258 13.560047207934353
117.21224899458394 14.816870554549684
115.15110504398531 16.11923845400975
113.08996109338666 13.174587881129003
111.02881714278803 13.621626894800347
108.96767319218938 10.782198480338932
106.90652924159075 14.10820524886502
104.8453852909921 12.007266914774647
102.78424134039346 16.410927268784423
100.72309738979483 10.938145416962708
98.66195343919618 10.917856529612754
96.60080948859755 14.23582882352034
94.5396655379989 12.161819942785513
92.47852158740027 13.512976357514262
90.41737763680162 11.493559049627985
88.35623368620298 11.608432936191958
86.29508973560435 13.284076275762796
84.2339457850057 11.544191650595138
82.17280183440705 15.029349258198144
80.1116578838084 11.749354704462894
78.05051393320977 15.464992201763286
75.98936998261114 10.950640827254654
73.92822603201249 10.66107170634876
71.86708208141386 11.346754345274158
69.8059381308152 14.432629151492996
67.74479418021657 13.51170046476059
65.68365022961792 11.39081760241546
63.62250627901929 11.604990547122014
61.56136232842065 12.273988641184333
59.50021837782201 14.506294224117154
57.43907442722337 13.125373479310388
55.377930476624734 12.29818035449234
53.31678652602609 14.19554001829092
51.255642575427444 13.604731474643428
49.1944986248288 14.886280965124145
47.13335467423016 14.26900249528697
45.07221072363152 11.442205431897095
43.01106677303288 14.096761329740126
40.949922822434246 14.744468717666049
38.888778871835605 11.285728865482024
36.827634921236964 13.65563983736955
34.76649097063832 13.17852319921278
32.705347020039675 16.467663248741456
30.64420306944104 11.046312665521972
28.583059118842396 14.154259796772438
26.521915168243755 14.195909441588679
24.460771217645114 15.582295277096154
22.399627267046473 18.786124739447175
20.33848331644783 20.280991976851393
18.27733936584919 24.316963551293448
16.21619541525055 27.477172261589903
14.155051464651908 35.2452999065277
12.093907514053267 49.76469898585802
10.032763563454628 67.70766476956376
7.971619612855987 80.88592350641416
5.910475662257346 98.29436515253377
3.849331711658705 102.66577169656605
1.7881877610600645 96.03965525345848
-0.2729561895385763 100.59523641954664
-2.334100140137217 94.62460774001299
-4.395244090735858 90.51109982098465
-6.456388041334499 81.02118691558164
-8.51753199193314 79.55169778359455
-10.57867594253178 76.94973690046508
-12.639819893130422 79.55266786594363
-14.700963843729062 83.86914858488083
-16.7621077943277 75.05515108993646
-18.823251744926342 71.12775617571162
-20.884395695524987 62.13415593244642
-22.945539646123624 59.57437658716456
-25.00668359672226 53.39649158005576
-27.067827547320903 52.22828970568215
-29.128971497919547 51.018384142719974
-31.190115448518185 46.651599861200616
-33.251259399116826 48.96153970870106
-35.31240334971547 48.17010259859713
-37.37354730031411 52.96598633627982
-39.43469125091275 53.21082293614612
-41.49583520151138 58.46241919018
-43.55697915211003 55.445533899522744
-45.61812310270867 58.74551306844761
-47.67926705330731 55.391299261940695
-49.740411003905955 50.45156948963335
-51.801554954504596 53.23080468547311
-53.86269890510324 51.92726130145525
-55.92384285570187 48.016861120795404
-57.98498680630051 45.96942407287227
-60.04613075689915 43.86559656203731
-62.107274707497794 45.33945044518521
-64.16841865809644 45.92342717499501
-66.22956260869508 43.599982140682165
-68.29070655929371 46.6651185489581
-70.35185050989236 50.67723402971797
-72.41299446049099 50.48137641560182
-74.47413841108965 50.49575182488036
-76.53528236168829 51.0621611533588
-78.59642631228692 48.17636840550864
-80.65757026288557 51.37158284238985
-82.7187142134842 47.547491734604996
-84.77985816408285 40.641318659223394
-86.84100211468149 37.661171010282075
-88.90214606528014 37.29751554092371
-90.96329001587877 33.05777706029965
-93.0244339664774 34.92188261209156
-95.08557791707605 31.592907074449776
-97.14672186767469 30.079527058088125
-99.20786581827333 26.50101357668864
-101.26900976887197 26.338465565355957
-103.33015371947062 25.415710691645405
-105.39129767006925 22.672013299610118
-107.45244162066788 20.573065179864813
-109.51358557126653 19.32125964630204
-111.57472952186518 13.539591097989765
-113.63587347246383 15.869012751066924
-115.69701742306246 16.589356712164832
-117.7581613736611 15.32530881317465
-119.81930532425974 12.762893552954836
-121.88044927485838 12.20819125490633
-123.94159322545703 13.669036100982485
-126.00273717605566 14.712425774329622
-128.0638811266543 10.357326474542967
-130.12502507725293 11.752865010502731
-132.18616902785158 10.01357609437322
-134.24731297845022 11.4216749821209
-136.30845692904887 14.773847600696765
-138.36960087964752 12.524590914881498
-140.43074483024614 8.789841923770348
-142.4918887808448 8.77646129926954
-144.55303273144344 11.343844570872571
-146.61417668204209 11.810319334449245
-148.6753206326407 7.486855683554659
-150.73646458323935 8.406392996989085
-152.79760853383797 8.19758703878068
-154.85875248443665 7.454355135043332
-156.91989643503527 8.763339885103525
-158.98104038563392 8.308200528510563
-161.04218433623254 6.010520455647472
-163.10332828683119 7.237567510323613
-165.16447223742983 9.39854160296994
-167.22561618802848 7.081677355634777
-169.2867601386271 6.1762786133540555
-171.34790408922575 5.550096882735208
-173.4090480398244 5.788448625451927
-175.47019199042305 8.057208231939825
-177.5313359410217 6.714925449326739
-179.59247989162031 8.792576255436865
-181.65362384221896 7.314817102091363
-183.7147677928176 5.545481191005562
-185.77591174341626 8.341221573746841
-187.83705569401488 7.570497943464795
-189.89819964461353 12.546148859924749
-191.95934359521215 9.523069536937578
-194.02048754581082 8.780365767585613
-196.08163149640944 5.336315177072205
-198.1427754470081 5.3256622619239105
-200.2039193976067 6.864185113497237
-202.26506334820536 5.186265671503304
-204.326207298804 7.173260995181424
-206.38735124940266 4.407557223906883
-208.4484952000013 3.8700899944751512
-210.50963915059992 7.670747835424141
-212.5707831011986 7.034795526520701
-214.63192705179722 5.988495431730931
-216.69307100239587 6.647201490098944
-218.7542149529945 6.478909172669662
-220.81535890359314 10.01147909247427
-222.87650285419178 8.320343174495044
-224.93764680479043 8.176706344432835
-226.99879075538905 6.839531637607324
-229.0599347059877 8.658497785691988
-231.12107865658632 6.017517439155284
-233.182222607185 5.956770014704519
-235.24336655778362 5.190341252939827
-237.30451050838226 8.103808287716781
-239.36565445898088 8.255800886404309
-241.42679840957956 7.21871791849766
-243.48794236017818 9.61593008689711
-245.54908631077683 7.737055817054826
-247.61023026137548 9.88359984612433
-249.6713742119741 5.510806298689947
-251.73251816257277 7.164083839323972
-253.7936621131714 6.3268028952795055
-255.85480606377004 5.333836104003112
-257.91595001436866 5.811701887758454
-259.9770939649673 7.2808613899419825
