# BEGINHEADER
# This file contains data from the SALSA 2m radio telescope.
# DATE=2021-11-25T16:22:0043
# GLON and GLAT given in degrees
# GLON=99.20300018875106
# GLAT=3.6976941732770463
# DATA in two columns below. Col. 1 is velocity relative to LSR [km/s]. Col. 2 is uncalibrated antenna temperature [K].
# ENDHEADER
267.7431006122882 -0.6137576475176013
265.6819566616896 1.0271477659135893
263.6208127110909 -1.2053208177456272
261.5596687604923 -0.17035051733437367
259.49852480989364 1.1854676548550382
257.437380859295 1.5619726176376731
255.37623690869634 2.014631190709949
253.3150929580977 2.4161960467193153
251.25394900749907 1.5351211856701077
249.19280505690043 3.3926215038456364
247.13166110630178 -1.080341991852425
245.07051715570313 0.8448735852240387
243.0093732051045 2.390459527224067
240.94822925450586 1.1096542793449045
238.88708530390724 4.373195179179114
236.82594135330856 2.663508351085557
234.76479740270995 0.46453694823373526
232.7036534521113 3.912006127555258
230.64250950151265 3.5112777871863736
228.58136555091403 4.513133277161619
226.52022160031535 3.669616591203472
224.45907764971673 4.525247111929944
222.39793369911808 -1.5001890290791842
220.33678974851946 3.320425071750046
218.2756457979208 1.7472683536238458
216.21450184732217 3.8636790897507858
214.15335789672352 4.506260722469923
212.0922139461249 3.1775891922822823
210.03106999552625 2.9680253156623766
207.9699260449276 6.261526198724018
205.90878209432896 5.211515131392226
203.84763814373034 5.555856689999964
201.7864941931317 3.7766883728139544
199.72535024253307 3.3027750200933093
197.6642062919344 5.227999415082344
195.60306234133577 6.230206600447621
193.54191839073712 6.8069825320041994
191.48077444013848 3.367391215963005
189.41963048953983 5.889458920671469
187.35848653894118 5.3031878917615884
185.29734258834256 2.2986074908104537
183.2361986377439 4.597876752075807
181.1750546871453 4.265862538699235
179.11391073654661 3.4547382874741346
177.052766785948 3.6142528716194438
174.99162283534935 4.968755027778133
172.93047888475073 4.178074630904277
170.86933493415208 4.603998142973137
168.80819098355343 2.9681192126190052
166.74704703295478 4.866118789578189
164.68590308235616 6.480113179576953
162.62475913175751 4.466452278134565
160.56361518115887 3.5923383557209707
158.50247123056022 5.65913876342726
156.44132727996157 4.525967371377406
154.38018332936295 4.049512927559378
152.3190393787643 8.441250872660113
150.25789542816565 4.596018444634941
148.196751477567 3.9736001118039708
146.13560752696839 6.373662588386645
144.07446357636974 7.626412807772793
142.01331962577112 7.050585320022024
139.95217567517244 5.730485558382964
137.89103172457382 5.074812420067557
135.82988777397517 4.421127064827652
133.76874382337655 6.613610893552784
131.7075998727779 3.198333725813963
129.64645592217926 5.058853981805207
127.58531197158061 5.558518483405822
125.52416802098197 5.540094368022318
123.46302407038333 2.338827099556499
121.40188011978469 2.929433654050937
119.34073616918604 2.3409834147247945
117.27959221858741 5.223315849701017
115.21844826798878 4.642217202478291
113.15730431739013 4.014010918201147
111.0961603667915 5.729451236238532
109.03501641619285 6.287837952729753
106.97387246559421 2.812799832614733
104.91272851499556 6.3435347659551296
102.85158456439693 4.690169067034789
100.7904406137983 4.459773707276021
98.72929666319965 3.4212489914753124
96.668152712601 6.046498887202368
94.60700876200235 4.1361610684799635
92.54586481140372 4.61858538877852
90.48472086080507 6.461515316833084
88.42357691020644 4.170619242813902
86.3624329596078 1.5636223299754413
84.30128900900915 3.037899240279599
82.24014505841052 5.162416939745078
80.17900110781187 5.503145700857615
78.11785715721324 5.735824816737681
76.0567132066146 5.694506878277417
73.99556925601595 5.62895765339903
71.93442530541732 3.211460333841752
69.87328135481867 5.2931835962473635
67.81213740422004 5.588672256648292
65.75099345362139 2.580378850142713
63.68984950302275 5.5866113508628175
61.62870555242411 5.141316051425
59.56756160182547 4.45005439931186
57.506417651226826 3.3086922542718935
55.44527370062819 5.085801023085915
53.38412975002955 3.001524421978059
51.32298579943091 3.327837734774025
49.261841848832255 3.0613267449110184
47.200697898233614 5.8602775368861995
45.13955394763498 3.734351118938234
43.07840999703634 3.2888595996851424
41.0172660464377 4.120851906514224
38.956122095839056 2.7191514674668835
36.894978145240415 2.4701807175640287
34.833834194641774 5.678195248695794
32.77269024404313 4.389447848558983
30.711546293444492 2.929556034760629
28.65040234284585 4.088199254332112
26.589258392247213 5.683799969773072
24.528114441648572 7.5777183721431784
22.46697049104993 4.829405520101621
20.40582654045129 8.934864452824533
18.344682589852653 8.316436682373393
16.28353863925401 7.296298515614479
14.22239468865537 12.166019156824106
12.161250738056726 16.056758937212358
10.100106787458087 27.70768431887476
8.038962836859445 36.710346942660415
5.977818886260804 55.29821358121808
3.9166749356621637 72.2644990110758
1.8555309850635229 85.19969951618702
-0.20561296553511788 93.86986417919009
-2.2667569161337586 95.06979163133606
-4.3279008667324 92.3753012386675
-6.38904481733104 84.17686027896744
-8.450188767929681 79.76894756898909
-10.511332718528323 74.85056164771521
-12.572476669126962 70.45214324160378
-14.633620619725601 63.017505874400435
-16.694764570324242 56.846921963289816
-18.755908520922883 51.16913948720232
-20.817052471521524 49.69758168047164
-22.878196422120165 46.27582221341565
-24.93934037271881 39.89147295875331
-27.00048432331745 40.713313421075924
-29.06162827391609 35.279322483243924
-31.12277222451473 34.13929555475611
-33.183916175113374 32.450398696348415
-35.245060125712016 32.52495629215944
-37.30620407631066 33.103520610014485
-39.36734802690929 31.253761970561047
-41.42849197750793 31.627506453032208
-43.48963592810657 32.30312188562508
-45.550779878705214 30.766483943253473
-47.61192382930386 27.436791968945926
-49.673067779902496 32.05768070958582
-51.73421173050114 32.83389673874796
-53.79535568109978 33.70332667623969
-55.85649963169841 36.58975773291283
-57.91764358229705 41.36871124624646
-59.978787532895694 40.59551340315705
-62.039931483494335 47.585176284572704
-64.10107543409298 48.56491325818415
-66.16221938469162 49.706594588790274
-68.22336333529026 49.29204008880806
-70.2845072858889 46.77235647818347
-72.34565123648754 47.264985980969016
-74.40679518708619 38.39211734904763
-76.46793913768482 34.96197618432567
-78.52908308828346 34.474820002957784
-80.5902270388821 34.05836412775363
-82.65137098948074 31.000167589421064
-84.71251494007939 29.056318008643103
-86.77365889067802 29.553502122989897
-88.83480284127667 30.23409053822935
-90.8959467918753 33.378855919325396
-92.95709074247394 34.88381446851489
-95.01823469307259 35.36867328574466
-97.07937864367123 29.451127981492476
-99.14052259426988 27.675204432310796
-101.20166654486852 23.15021164604038
-103.26281049546716 22.93379784074046
-105.3239544460658 17.680762505160054
-107.38509839666443 14.097450108108115
-109.44624234726308 13.835596744641714
-111.50738629786171 12.367364895078966
-113.56853024846036 8.94493770790092
-115.629674199059 6.6628155479122375
-117.69081814965763 6.5918828694881775
-119.75196210025628 8.345953980369599
-121.81310605085491 5.6508727982568
-123.87425000145356 2.5384943534553326
-125.9353939520522 2.0793587726089178
-127.99653790265084 3.224448303480806
-130.05768185324948 2.8545956458869948
-132.11882580384813 0.6916765303967424
-134.17996975444677 -0.9869178741593934
-136.2411137050454 -0.11274909028070271
-138.30225765564404 2.2667617126509296
-140.3634016062427 1.2800249942504045
-142.42454555684134 -0.26551652069681175
-144.48568950743996 -1.8004661533953112
-146.5468334580386 0.22247539980472453
-148.60797740863723 -1.4261911553799216
-150.6691213592359 -1.964698208036627
-152.73026530983452 -1.6839571392550667
-154.79140926043317 -3.246662310239322
-156.85255321103182 -1.9130769208037028
-158.91369716163044 -1.439020634953968
-160.97484111222911 -1.2156697987481124
-163.03598506282773 -2.8914860806865885
-165.09712901342638 -1.8323984277781729
-167.158272964025 -0.504771020822431
-169.21941691462368 -1.7353241751950395
-171.2805608652223 -1.2177116004260524
-173.34170481582095 -3.506500110292038
-175.40284876641957 -2.7993655305638656
-177.46399271701821 -1.0901451227979042
-179.52513666761686 -1.875270109129081
-181.5862806182155 -0.40377875191396323
-183.64742456881413 -3.654932537500117
-185.70856851941278 -0.9062885910139885
-187.7697124700114 -0.8493644861222729
-189.83085642061008 -3.2552511734889538
-191.89200037120872 -0.3454851845871723
-193.95314432180734 -0.9210664872372366
-196.014288272406 -1.5069976954515627
-198.07543222300464 -2.4131556864202905
-200.1365761736033 -1.752382446304387
-202.1977201242019 -0.5249098509374345
-204.25886407480056 -2.6108735529336236
-206.32000802539918 -2.0500683310263015
-208.38115197599785 -0.6561997882228418
-210.44229592659647 -4.406448378764957
-212.50343987719512 -3.1213764810608446
-214.56458382779374 -0.33765010085865715
-216.6257277783924 -1.1260446160734432
-218.68687172899104 -1.9650480651215485
-220.74801567958968 -0.8461944732842852
-222.8091596301883 -1.3415211864038754
-224.87030358078695 -2.796696654089744
-226.9314475313856 -2.6637023571172134
-228.99259148198425 -2.316314644489672
-231.0537354325829 -2.019586424902135
-233.11487938318152 -1.61833512472806
-235.17602333378017 -2.1425624410370654
-237.2371672843788 -2.358649945559728
-239.29831123497746 -0.9342678950280451
-241.35945518557608 -1.1807433387667847
-243.42059913617473 -3.3334384308849017
-245.48174308677335 -3.4062323972107666
-247.54288703737203 -2.250732487354527
-249.60403098797065 -0.11938413497765761
-251.6651749385693 -0.9541823655674458
-253.7263188891679 -1.9917999683879042
-255.78746283976656 -1.5471385496876984
-257.84860679036524 -1.7562700363111452
