# BEGINHEADER
# This file contains data from the SALSA 2m radio telescope.
# DATE=2021-12-09T14:08:0005
# GLON and GLAT given in degrees
# GLON=83.83615505323525
# GLAT=0.03892201641165649
# DATA in two columns below. Col. 1 is velocity relative to LSR [km/s]. Col. 2 is uncalibrated antenna temperature [K].
# ENDHEADER
265.62520249614494 4.906446482886161
263.5640585455463 8.386061118840226
261.50291459494764 7.470775628619118
259.441770644349 9.797533751237129
257.38062669375034 9.60423047994547
255.31948274315172 8.645518836705198
253.25833879255305 11.40260845955419
251.19719484195443 10.987046884476033
249.13605089135578 10.003108923206087
247.07490694075716 10.51448024771562
245.0137629901585 8.906956008750209
242.95261903955986 9.569873568996268
240.89147508896122 10.048014402309123
238.8303311383626 12.117661152208004
236.76918718776395 13.02683448332879
234.7080432371653 9.04727310343495
232.64689928656665 13.085385395151453
230.58575533596803 10.728650936088744
228.52461138536938 11.39423682385459
226.46346743477076 11.769845570614015
224.4023234841721 11.815320412089415
222.34117953357347 12.603809610777885
220.28003558297482 9.084826654769136
218.2188916323762 9.21470526103884
216.15774768177755 10.038586631289453
214.09660373117887 12.701253345999126
212.03545978058025 11.700369875446174
209.9743158299816 10.89567002404759
207.913171879383 9.311112744532124
205.8520279287843 11.150025291699722
203.7908839781857 10.592802979435815
201.72974002758704 10.034315050367253
199.66859607698842 10.809595406979229
197.60745212638975 9.935978938510736
195.54630817579113 10.569369087160375
193.48516422519245 12.513948773892293
191.42402027459383 10.649213419900962
189.36287632399518 13.061423293897448
187.30173237339656 8.914887288135507
185.2405884227979 10.044647502592479
183.17944447219926 12.909369681036804
181.11830052160062 9.597844198142482
179.05715657100197 12.88297733849346
176.99601262040335 8.782216516428653
174.9348686698047 10.76552668443942
172.87372471920605 12.839211729405816
170.8125807686074 9.846612533123322
168.75143681800878 12.100209496229375
166.69029286741014 10.827237485448363
164.6291489168115 8.833721820963788
162.56800496621284 10.520944451718536
160.50686101561422 10.509111163438254
158.44571706501557 10.153884197240208
156.38457311441695 12.259280272210571
154.32342916381828 10.187937956041534
152.26228521321966 8.675770332685842
150.201141262621 11.253683517051446
148.1399973120224 14.182713692705473
146.07885336142374 10.942094188713885
144.0177094108251 9.653347494057078
141.95656546022644 13.588525353526425
139.8954215096278 13.332528811068808
137.83427755902918 9.92304135152657
135.77313360843053 11.389969993211077
133.71198965783188 11.641671834859736
131.65084570723323 10.899456619274423
129.5897017566346 9.011293478751996
127.52855780603596 11.753372855063981
125.46741385543733 10.745450864645568
123.40626990483868 9.29139310920284
121.34512595424003 11.22413388413505
119.2839820036414 10.205814835881704
117.22283805304275 10.89102569920186
115.16169410244412 7.849618069022318
113.10055015184547 8.539869965162483
111.03940620124683 10.89369503368684
108.97826225064819 10.449533276811223
106.91711830004955 11.293660022096747
104.85597434945092 8.751704504790782
102.79483039885227 9.698284963397478
100.73368644825364 8.960374109033086
98.672542497655 8.013096086163372
96.61139854705637 10.592837144331813
94.55025459645772 7.05124119498389
92.48911064585909 8.92877095342551
90.42796669526044 11.589721232601635
88.3668227446618 10.566772267787163
86.30567879406317 9.408055719260243
84.24453484346452 9.089402528649714
82.18339089286589 9.920978117060226
80.12224694226722 9.378450075937542
78.06110299166859 8.318846264304062
75.99995904106994 9.045698420516908
73.93881509047131 8.382052994930765
71.87767113987267 9.009262741579633
69.81652718927403 9.378627062211715
67.75538323867539 11.284763589180594
65.69423928807674 10.621639791482622
63.63309533747811 6.825359185176835
61.57195138687947 9.793639253476233
59.51080743628083 7.9467833720463394
57.44966348568219 10.223259662217007
55.388519535083546 7.859243234129537
53.3273755844849 8.659277589014081
51.266231633886264 11.022536686412963
49.205087683287616 10.24160404039364
47.143943732688975 7.942618230596091
45.08279978209033 8.963332184893506
43.02165583149169 9.979815413876866
40.96051188089306 9.490463386411278
38.89936793029442 7.946538515703925
36.838223979695776 8.108529536354357
34.777080029097135 9.851825732176223
32.71593607849849 9.726970255622208
30.654792127899853 11.927269196078088
28.59364817730121 13.80749743739634
26.532504226702567 15.96105524720707
24.47136027610393 16.774781316922756
22.410216325505292 21.792912171799248
20.34907237490665 27.00057449026115
18.287928424308006 32.88735375277965
16.22678447370937 48.0722724354971
14.165640523110728 62.71572206511794
12.104496572512085 83.61732156963019
10.043352621913446 97.30288584145696
7.982208671314805 105.97454539108465
5.9210647207161635 116.1057353920109
3.859920770117523 113.90733318969527
1.798776819518882 100.83868186305816
-0.26236713107975873 107.2784385691353
-2.3235110816783995 106.79818316522422
-4.38465503227704 100.80256031511016
-6.44579898287568 98.59036991064436
-8.506942933474322 96.54647097738832
-10.568086884072962 95.3570334693071
-12.629230834671603 83.65792996862179
-14.690374785270244 72.84248219957192
-16.751518735868885 63.99371205403668
-18.812662686467522 51.26053052915191
-20.873806637066167 44.80240934175018
-22.934950587664808 39.13627026247631
-24.99609453826345 34.889153573889594
-27.05723848886209 32.24330828377188
-29.118382439460735 34.422023335876666
-31.179526390059372 36.59420274263774
-33.24067034065801 38.57107952239861
-35.301814291256655 48.097386475807546
-37.362958241855296 51.19937447893591
-39.42410219245394 56.559751092548645
-41.48524614305257 63.32006625653778
-43.54639009365122 61.69220887438724
-45.60753404424986 60.13087648370351
-47.6686779948485 54.29124580051884
-49.729821945447135 49.353663833330046
-51.790965896045776 43.03295316050915
-53.85210984664442 36.12405139394075
-55.91325379724306 31.73499008042165
-57.97439774784169 31.23697624190456
-60.03554169844033 30.437711774066347
-62.096685649038974 31.50870910057395
-64.15782959963762 34.717193032339146
-66.21897355023626 41.047417901180985
-68.28011750083489 41.81835418034923
-70.34126145143354 46.86346404640363
-72.40240540203217 48.67205502244712
-74.46354935263084 51.72992845559273
-76.52469330322947 50.9939605931165
-78.5858372538281 47.10848544135406
-80.64698120442675 43.192342246404955
-82.70812515502539 40.27898096578064
-84.76926910562403 37.97378836695047
-86.83041305622267 36.33115632255445
-88.89155700682132 30.91833298337469
-90.95270095741995 30.267655992660327
-93.01384490801858 25.541244689686316
-95.07498885861723 21.395339978270783
-97.13613280921587 18.08563510421007
-99.19727675981451 18.394551436689955
-101.25842071041316 16.86925302047127
-103.3195646610118 13.111973090086028
-105.38070861161044 12.447111915952796
-107.44185256220908 10.539195214622913
-109.50299651280773 10.304687609118373
-111.56414046340637 8.698295442322092
-113.62528441400501 10.378740700918742
-115.68642836460366 10.138594091023155
-117.74757231520229 6.862971088896322
-119.80871626580094 6.171560420894259
-121.86986021639957 8.806632008536072
-123.93100416699822 6.061344446021849
-125.99214811759686 5.658064020534902
-128.05329206819547 8.331898486556145
-130.11443601879415 5.62977240889925
-132.17557996939277 5.041552517285154
-134.23672391999142 6.170949107076628
-136.29786787059007 6.005137395784706
-138.35901182118872 4.5265841992823015
-140.42015577178734 4.706228362430568
-142.48129972238598 4.889499178499731
-144.5424436729846 6.159192236379876
-146.60358762358328 4.279597334465212
-148.6647315741819 5.786008003995809
-150.72587552478055 2.9668235422277895
-152.78701947537917 3.4444988169306865
-154.84816342597782 3.3438225806626933
-156.90930737657646 4.496289509020029
-158.9704513271751 4.793361914113441
-161.03159527777373 2.598437845436842
-163.09273922837238 2.0375752343119093
-165.15388317897103 2.422420567214015
-167.21502712956968 6.028839771161331
-169.27617108016833 3.087520170032147
-171.33731503076694 6.19054527964765
-173.3984589813656 3.997591538386347
-175.45960293196424 3.834941338887307
-177.5207468825629 4.09971579152929
-179.5818908331615 1.1179580460711422
-181.64303478376016 3.9717800098930414
-183.70417873435878 2.795117563895357
-185.76532268495745 2.8771261556341328
-187.82646663555607 4.2649566766804
-189.88761058615472 4.994636098176953
-191.94875453675334 2.2091532007197383
-194.00989848735202 1.4246820554618809
-196.07104243795064 3.08429257713582
-198.1321863885493 5.028369411874134
-200.19333033914788 4.389243843227058
-202.25447428974655 4.797343624980988
-204.31561824034517 5.722360784628151
-206.37676219094382 2.954904594452709
-208.43790614154244 3.117534072644472
-210.4990500921411 5.099028766348535
-212.56019404273977 2.500283162757266
-214.6213379933384 5.785686991433733
-216.68248194393703 2.591186223066555
-218.74362589453565 1.5289358237418098
-220.80476984513433 4.41598987397445
-222.86591379573295 4.418287258089173
-224.9270577463316 2.5888016314711924
-226.98820169693022 1.4956217113293293
-229.04934564752887 5.648540275797759
-231.11048959812751 3.7551691617870624
-233.17163354872616 3.540500601093028
-235.23277749932478 4.77091331681391
-237.29392144992343 3.2589611380039365
-239.35506540052205 2.477155845811263
-241.41620935112073 2.957128392049847
-243.47735330171935 2.1391214375880816
-245.538497252318 5.8386377521402135
-247.59964120291662 7.6310723430444485
-249.6607851535153 5.10461821060323
-251.72192910411394 4.596583666369449
-253.78307305471256 4.719767855066672
-255.8442170053112 6.337076408392088
-257.9053609559098 4.520412808278636
-259.9665049065085 6.603040807736913
