# BEGINHEADER
# This file contains data from the SALSA 2m radio telescope.
# DATE=2021-11-29T15:49:0009
# GLON and GLAT given in degrees
# GLON=61.90159468486898
# GLAT=12.144574514856359
# DATA in two columns below. Col. 1 is velocity relative to LSR [km/s]. Col. 2 is uncalibrated antenna temperature [K].
# ENDHEADER
272.10681923557325 4.418657579696917
270.04567528497455 6.593356653017246
267.98453133437596 6.4163758870425545
265.9233873837773 8.685150737327211
263.86224343317866 7.15658799211933
261.80109948258 7.779779254675754
259.73995553198137 8.318175500526877
257.6788115813827 9.826072002895362
255.6176676307841 8.693030550782526
253.55652368018548 10.164479229209231
251.49537972958683 5.121718482854368
249.43423577898818 6.178204658620081
247.37309182838953 8.399609079820234
245.3119478777909 9.490463710174888
243.25080392719227 11.587670277218702
241.18965997659362 7.603614868205453
239.12851602599497 7.692664884491304
237.06737207539632 9.396046113814645
235.0062281247977 8.863293190538045
232.94508417419905 9.413115082555835
230.8839402236004 10.441811035287044
228.82279627300176 9.818070714078326
226.76165232240314 8.456894915378019
224.7005083718045 6.683967577583987
222.63936442120587 10.505304435459571
220.5782204706072 8.265533139386646
218.51707652000857 9.334831393813229
216.45593256940992 9.860869383558363
214.3947886188113 8.654382431183405
212.33364466821266 8.034145722765619
210.272500717614 7.55293357966895
208.21135676701536 9.133747847532893
206.15021281641674 9.801948298179331
204.0890688658181 9.1875565094558
202.02792491521942 10.024057486083638
199.9667809646208 4.559405779327995
197.90563701402212 10.210211805108266
195.8444930634235 9.178678263556266
193.78334911282485 8.552661463498202
191.72220516222623 8.67286246517144
189.66106121162755 9.489729444978167
187.59991726102893 7.815029210074735
185.5387733104303 7.509947724129433
183.47762935983167 11.786014464126579
181.41648540923302 9.481781641127416
179.35534145863437 10.065592498649444
177.29419750803572 11.440359142947745
175.2330535574371 8.557390607200201
173.17190960683845 5.125072826125976
171.11076565623983 8.060546059111088
169.04962170564116 9.06732287364554
166.9884777550425 7.924543373664014
164.9273338044439 8.792380410764112
162.86618985384524 8.465173526250346
160.8050459032466 8.470014635075371
158.74390195264795 10.220256913676263
156.68275800204933 9.681211962934409
154.62161405145068 7.629846091629317
152.56047010085206 8.395814026816213
150.49932615025338 9.456891967603854
148.43818219965476 9.333424888573198
146.3770382490561 5.918361682421985
144.3158942984575 6.630199892690286
142.25475034785885 9.556471489335355
140.1936063972602 7.660990864624362
138.13246244666155 6.354687329533137
136.07131849606293 8.441215556080271
134.01017454546428 8.12811605080934
131.94903059486563 6.871930631645181
129.887886644267 7.201238646404213
127.82674269366835 6.464402094828793
125.76559874306972 9.905993809982675
123.70445479247107 7.0076196915983155
121.64331084187243 7.862350473536842
119.58216689127379 6.7368213757307185
117.52102294067515 7.795195133307327
115.45987899007652 7.280913195632248
113.39873503947787 9.269513834452777
111.33759108887924 7.983809745332773
109.27644713828059 7.7493558661932145
107.21530318768194 9.82148695487571
105.15415923708329 6.801457020630455
103.09301528648466 5.850030961908906
101.03187133588602 9.581236588208764
98.97072738528738 8.687582663065985
96.90958343468874 7.293901387234476
94.8484394840901 9.100566580795476
92.78729553349146 8.945764363689735
90.72615158289281 8.586629907857448
88.66500763229418 6.885912116207187
86.60386368169554 7.429067965924573
84.5427197310969 8.560440519035224
82.48157578049826 8.017279161401051
80.42043182989961 8.191196622763341
78.35928787930098 6.033358631125491
76.29814392870233 5.719138234649202
74.2369999781037 8.84792535541783
72.17585602750506 7.036626314245846
70.1147120769064 8.492280744279828
68.05356812630777 9.154422861919146
65.99242417570912 8.500181247588243
63.93128022511049 8.854730424116758
61.87013627451185 8.099626565863375
59.8089923239132 9.184796411551472
57.74784837331456 9.569284705580936
55.68670442271592 6.491395409129794
53.625560472117286 8.622816836895302
51.564416521518645 9.64749061540333
49.503272570920004 8.727471075154769
47.44212862032136 9.312926891995009
45.38098466972272 9.076787433802293
43.31984071912408 12.933199154561843
41.25869676852543 8.59441072175801
39.1975528179268 10.935415242768869
37.13640886732816 11.322826265596351
35.075264916729516 15.126207286029127
33.014120966130875 14.136958878507793
30.952977015532234 14.353819673277366
28.891833064933596 17.937020954075752
26.830689114334955 19.36408007558092
24.769545163736314 20.55818153214429
22.708401213137673 22.767533520303605
20.647257262539036 29.280066197035065
18.586113311940395 28.98748961599329
16.52496936134175 30.513039111304742
14.463825410743112 32.48959216000369
12.402681460144471 36.32390081807736
10.341537509545828 42.08510197744847
8.280393558947187 42.966961843555715
6.219249608348547 50.39627495214178
4.158105657749907 50.00691044168407
2.096961707151266 44.51542539635453
0.03581775655262516 36.30116667411161
-2.025326194046016 29.187822722760774
-4.0864701446446565 23.026621144400778
-6.147614095243297 20.739174614173688
-8.208758045841938 18.292890636870446
-10.26990199644058 14.891416922757095
-12.33104594703922 13.730297762200543
-14.39218989763786 10.956262787017812
-16.4533338482365 9.170012748768192
-18.51447779883514 10.422686139594958
-20.57562174943378 9.905426126080439
-22.636765700032424 7.903503501978221
-24.697909650631065 9.010570571212362
-26.759053601229706 10.694782941135848
-28.820197551828347 10.180741397628223
-30.881341502426988 8.543560519220625
-32.942485453025625 8.828280450593393
-35.00362940362427 6.794477241002013
-37.064773354222915 8.658145727329567
-39.125917304821556 8.328016949515506
-41.1870612554202 7.392024984674188
-43.24820520601883 5.38825300767348
-45.30934915661747 8.829410382970279
-47.37049310721611 9.006987792513652
-49.431637057814754 8.43618322346753
-51.492781008413395 7.789336387286132
-53.553924959012036 8.132798325964181
-55.615068909610684 7.089656696414859
-57.67621286020932 6.764901831415754
-59.73735681080796 9.187126564035504
-61.7985007614066 7.797964134598201
-63.85964471200524 7.641358997866423
-65.92078866260388 10.86300022079561
-67.98193261320252 9.560439998282645
-70.04307656380116 9.37408435234104
-72.1042205143998 8.40819601818162
-74.16536446499845 7.929056913175684
-76.22650841559708 7.059222248394117
-78.28765236619572 6.949410906837939
-80.34879631679436 6.324431321646641
-82.409940267393 8.566318729895826
-84.47108421799165 6.557021588198156
-86.5322281685903 5.041675810418878
-88.59337211918894 7.701839025508346
-90.65451606978758 6.723976806902193
-92.71566002038621 6.626946425610627
-94.77680397098486 4.991581100198769
-96.83794792158349 6.7027486263709966
-98.89909187218214 5.6623458024200115
-100.96023582278077 7.271796509346946
-103.02137977337942 6.608300988749578
-105.08252372397806 5.597996857874402
-107.14366767457669 6.036372801242183
-109.20481162517534 3.5881444271908176
-111.26595557577397 6.823382378139589
-113.32709952637262 5.921276298424645
-115.38824347697125 4.103088468136751
-117.4493874275699 6.403163418120707
-119.51053137816854 4.426258902508539
-121.57167532876717 1.5161617069780422
-123.63281927936583 4.9216556436447
-125.69396322996447 2.8370296797442185
-127.75510718056312 2.917143736701944
-129.81625113116175 2.842995745926737
-131.8773950817604 5.907447114188064
-133.93853903235902 3.8562387910057327
-135.99968298295767 3.2788248377979214
-138.06082693355629 4.153833697151392
-140.12197088415496 3.4277174987551895
-142.18311483475358 2.7957840561235052
-144.24425878535223 3.58634928814211
-146.30540273595088 2.8281895841422804
-148.3665466865495 3.765171356299987
-150.42769063714817 4.353989369337975
-152.4888345877468 3.302249398626656
-154.54997853834544 1.3216443726492053
-156.61112248894406 0.43777084364162294
-158.67226643954274 5.066540250777894
-160.73341039014136 3.7581076150645063
-162.79455434074 2.6133148804843453
-164.85569829133863 1.9980235187653559
-166.91684224193727 1.7451507042087726
-168.97798619253592 2.645108644192117
-171.03913014313457 3.6404578736291606
-173.1002740937332 2.1241374518597462
-175.16141804433184 2.604738695449095
-177.22256199493046 3.6974739206627265
-179.28370594552914 0.9366768097284877
-181.34484989612778 4.5149606708130365
-183.4059938467264 3.708038627440695
-185.46713779732505 1.3671335542563714
-187.5282817479237 2.9833301865349955
-189.58942569852235 3.2380539621210285
-191.65056964912097 2.4650588233067436
-193.71171359971962 2.7722736395026986
-195.77285755031824 1.7529953378740322
-197.8340015009169 0.9907001926185915
-199.8951454515155 3.0515605051671137
-201.95628940211415 2.8070758873233146
-204.01743335271277 4.155103359675556
-206.07857730331145 4.020213661487662
-208.13972125391007 2.164677779589792
-210.20086520450872 5.4842755641306224
-212.26200915510734 3.7769238954505555
-214.323153105706 2.366226719151671
-216.38429705630463 3.2690956261495945
-218.44544100690328 2.5065485983493376
-220.5065849575019 2.341353467799899
-222.56772890810055 2.0620160612567826
-224.62887285869922 0.9347093650429036
-226.69001680929784 2.676586659063798
-228.7511607598965 3.130402038446589
-230.8123047104951 2.2880794946657326
-232.87344866109376 3.904911822671617
-234.9345926116924 4.422668145026556
-236.99573656229106 1.7758690927473642
-239.05688051288968 0.7920876273715626
-241.11802446348833 2.9329469002563453
-243.17916841408694 2.7765653147115024
-245.24031236468562 4.399364153379659
-247.30145631528424 4.289450269749494
-249.3626002658829 4.177168572464195
-251.4237442164815 1.7101508030086061
-253.4848881670802 5.19479875521866
