# BEGINHEADER
# This file contains data from the SALSA 2m radio telescope.
# DATE=2021-11-27T01:17:0053
# GLON and GLAT given in degrees
# GLON=207.28140388258814
# GLAT=-28.07792989042938
# DATA in two columns below. Col. 1 is velocity relative to LSR [km/s]. Col. 2 is uncalibrated antenna temperature [K].
# ENDHEADER
250.81628156892845 1.7576728862279816
248.75513761832983 3.9912089484414106
246.69399366773118 3.045303942584499
244.63284971713256 5.310034757314985
242.57170576653388 5.44561531846763
240.51056181593526 5.106697146186131
238.4494178653366 5.846462982321202
236.388273914738 5.972189033617806
234.32712996413935 6.2630446370682265
232.26598601354067 6.181988736532385
230.20484206294205 6.212673344103395
228.1436981123434 6.98736739759754
226.08255416174478 6.791527356294009
224.02141021114613 6.674891813265003
221.96026626054748 6.630502864986985
219.89912230994884 7.02089542258381
217.83797835935022 6.5574137666449355
215.77683440875157 7.7953310284102955
213.71569045815292 6.839553407834207
211.65454650755427 6.33295639289882
209.59340255695565 7.918486997641031
207.532258606357 6.418620152595686
205.47111465575838 7.03987909896001
203.4099707051597 5.462965455125759
201.3488267545611 7.251428643769994
199.28768280396244 6.195955930728962
197.22653885336382 7.540639650638864
195.16539490276517 6.730093524042003
193.1042509521665 6.814219227004635
191.04310700156788 7.477816073420582
188.98196305096923 6.736909113807362
186.9208191003706 7.4427988753633
184.85967514977193 6.436004793980975
182.7985311991733 6.915399400902415
180.73738724857466 6.871105240041484
178.67624329797604 6.802366011820684
176.6150993473774 6.891750069345059
174.55395539677875 7.069839778903028
172.4928114461801 7.602672661123242
170.43166749558148 7.884887262615258
168.37052354498283 7.866552773212749
166.3093795943842 6.608813214678569
164.24823564378553 7.685605654727812
162.18709169318691 6.656728691738704
160.12594774258827 7.487429108961576
158.06480379198965 6.774538438574432
156.00365984139097 6.635091594420794
153.94251589079232 6.800217358442488
151.8813719401937 6.161012702897338
149.82022798959505 6.830041884869488
147.75908403899643 6.207488572660777
145.69794008839776 6.730324934656914
143.63679613779914 6.932655889762522
141.5756521872005 7.207122725805986
139.51450823660187 6.511448544054547
137.45336428600322 6.850997523801097
135.39222033540457 7.021280390606716
133.33107638480593 7.033367790335964
131.2699324342073 6.9831291228904036
129.20878848360866 7.628153531815026
127.14764453301001 7.4716819277729085
125.08650058241138 5.761426939505547
123.02535663181273 5.7565860823383375
120.9642126812141 6.985978053499752
118.90306873061544 6.766864140036111
116.84192478001681 5.443742659359102
114.78078082941816 7.068021065123898
112.71963687881953 6.577859526106487
110.6584929282209 6.073597454429375
108.59734897762225 6.012140072801353
106.53620502702361 6.6836986458905905
104.47506107642496 6.9576302089563855
102.41391712582633 5.481998695142795
100.35277317522768 6.651245302893485
98.29162922462906 6.366255983741099
96.2304852740304 6.406660203535809
94.16934132343177 6.316902262697269
92.10819737283313 5.37239292027539
90.04705342223448 6.177521904956597
87.98590947163585 7.291327971405507
85.9247655210372 6.638604460615598
83.86362157043857 6.311802143510879
81.80247761983992 5.919889880538832
79.74133366924129 8.024621829225012
77.68018971864265 5.911442230148961
75.619045768044 5.829946191596637
73.55790181744537 6.239013221229389
71.49675786684672 6.677218465083975
69.43561391624809 7.147776224429121
67.37446996564944 7.06117916118023
65.3133260150508 7.506325592817047
63.25218206445216 5.878328227175272
61.191038113853516 5.977322788645897
59.129894163254875 5.77781109613703
57.06875021265624 6.237146526305997
55.0076062620576 5.890611930606747
52.94646231145896 6.0169747704231415
50.88531836086032 5.591384247025843
48.82417441026167 5.3527981061773975
46.76303045966303 6.361829461287313
44.70188650906439 5.747530300552791
42.640742558465746 6.338014034071045
40.579598607867105 6.559449117035744
38.518454657268464 5.499912794260965
36.45731070666982 5.573385060040077
34.39616675607119 5.33993312013912
32.33502280547254 5.470550852053472
30.273878854873903 6.000445770436806
28.212734904275262 7.5439743619027215
26.15159095367662 7.240959100575036
24.09044700307798 9.1116002696835
22.02930305247934 9.834045202197068
19.968159101880698 11.496276757461308
17.907015151282057 13.7949364572142
15.845871200683415 16.005572727310916
13.784727250084776 19.43070936776305
11.723583299486135 24.07429805592359
9.662439348887494 27.11203863328271
7.601295398288854 29.734943814935328
5.540151447690213 32.72657345347377
3.479007497091572 31.153321002925555
1.4178635464929314 25.458984862502856
-0.6432804041057094 20.069159400456627
-2.7044243547043503 18.847594148037288
-4.765568305302991 17.066025168565215
-6.826712255901632 14.96206825123722
-8.887856206500272 12.706982105740915
-10.949000157098913 13.003924534740243
-13.010144107697554 10.339084131314916
-15.071288058296195 10.69202468051633
-17.13243200889484 10.321275652173314
-19.193575959493476 10.008920122633617
-21.254719910092117 9.01706273540864
-23.315863860690758 9.809683701078946
-25.3770078112894 8.994626970114783
-27.43815176188804 8.671769785408546
-29.49929571248668 7.862002987542925
-31.56043966308532 7.782128236427482
-33.62158361368397 6.365972796119699
-35.6827275642826 6.482297574106923
-37.74387151488124 6.567522670505394
-39.80501546547988 5.818431851944554
-41.866159416078524 4.655031728172504
-43.927303366677165 5.857618625672464
-45.988447317275806 4.0701188084612765
-48.04959126787445 4.425884833822743
-50.11073521847309 4.648536217120077
-52.17187916907172 4.224657140766367
-54.233023119670364 5.437302768785792
-56.294167070269005 4.318263905185753
-58.355311020867646 4.913028733794938
-60.41645497146629 4.3452684350071875
-62.47759892206493 5.014535632855946
-64.53874287266358 4.805586395077026
-66.59988682326221 4.3173532797263565
-68.66103077386086 4.815018180921882
-70.72217472445949 3.1727019764498237
-72.78331867505813 4.0179162764774885
-74.84446262565677 4.135782236601589
-76.90560657625541 3.4320311274133286
-78.96675052685406 4.55627291480617
-81.02789447745269 3.6196038584722467
-83.08903842805134 3.5023343949204677
-85.15018237864997 3.8510359938533454
-87.2113263292486 3.0750197610507044
-89.27247027984725 3.010006166172368
-91.33361423044589 4.695397002981409
-93.39475818104454 2.938543305607134
-95.45590213164317 2.3941486908319325
-97.51704608224183 4.0888569008209625
-99.57819003284048 2.4435072627679877
-101.63933398343912 3.39403122237556
-103.70047793403776 2.81434017111399
-105.7616218846364 2.984552275798878
-107.82276583523503 4.209915121444553
-109.88390978583368 1.7597228869305366
-111.94505373643231 1.947844572131801
-114.00619768703096 2.046918980577779
-116.0673416376296 2.9552632054368404
-118.12848558822824 2.466692457640174
-120.18962953882688 2.333068419912104
-122.25077348942551 2.1201603322613347
-124.31191744002416 1.506731374627019
-126.3730613906228 2.732226978437891
-128.43420534122146 1.2054449578460387
-130.49534929182008 1.281476210460093
-132.55649324241872 1.694393493173866
-134.61763719301737 1.9505523247754697
-136.67878114361602 1.3200360853031163
-138.73992509421464 1.6833063292027348
-140.8010690448133 1.921340817712604
-142.8622129954119 2.3848990051224486
-144.92335694601059 1.8654117531537695
-146.9845008966092 0.9374598558823471
-149.04564484720785 1.6145498762103812
-151.10678879780647 2.6012742863653893
-153.16793274840512 2.1253390378145793
-155.2290766990038 1.4722483642374298
-157.29022064960242 1.0916548509043957
-159.35136460020107 1.563678204501414
-161.41250855079969 2.416572864204271
-163.47365250139833 2.3444418469955917
-165.53479645199698 2.020405421998722
-167.59594040259563 0.3431517755172771
-169.65708435319425 0.5788626370840191
-171.7182283037929 0.047034202171738204
-173.77937225439155 1.3875927940779147
-175.8405162049902 1.5331542954208062
-177.90166015558881 0.9132219951873632
-179.96280410618746 1.4563134359675738
-182.02394805678608 0.4533489731850832
-184.08509200738476 1.4446212583013855
-186.14623595798338 0.365750273540424
-188.20737990858203 0.7251555098985993
-190.26852385918065 0.9540915810528924
-192.3296678097793 0.7747073556739379
-194.39081176037797 0.24936199559785474
-196.4519557109766 0.7815024727196355
-198.51309966157524 -0.33856684970232664
-200.57424361217386 -0.14911644518799866
-202.63538756277254 1.6085634124790094
-204.69653151337116 0.7407617395892402
-206.7576754639698 0.1593659588110755
-208.81881941456842 -0.10691567044156469
-210.87996336516707 0.6796444116267181
-212.94110731576572 0.5578786128597246
-215.00225126636437 2.3052164307034073
-217.063395216963 0.44535453967584504
-219.12453916756164 -0.281242724817489
-221.18568311816026 0.994203910745967
-223.24682706875893 1.109677615322525
-225.30797101935755 0.5284565607575369
-227.3691149699562 0.05559353351833058
-229.43025892055482 0.13339792162176106
-231.4914028711535 0.6416002678189959
-233.55254682175214 0.4092176275069715
-235.61369077235076 -0.2861565718609791
-237.6748347229494 0.458964068129582
-239.73597867354803 -0.29802218870760944
-241.7971226241467 0.6519470598327889
-243.85826657474533 1.0493059755822856
-245.91941052534398 -0.03440102264621225
-247.9805544759426 0.43543720225962906
-250.04169842654125 0.35852458030154216
-252.1028423771399 0.33758048822069986
-254.16398632773854 1.5550518209298494
-256.2251302783372 0.25912857301970904
-258.2862742289358 0.5915877911755743
-260.34741817953443 1.298693782704342
-262.4085621301331 0.9645990081559986
-264.4697060807317 1.3665607641517667
-266.5308500313304 1.52373188225529
-268.591993981929 2.41040931522731
-270.6531379325276 0.8529037539795092
-272.7142818831263 1.859742553575054
-274.7754258337249 3.0512161438220424
