# BEGINHEADER
# This file contains data from the SALSA 2m radio telescope.
# DATE=2021-11-23T20:45:0004
# GLON and GLAT given in degrees
# GLON=77.99004650078155
# GLAT=1.9707034059318564
# DATA in two columns below. Col. 1 is velocity relative to LSR [km/s]. Col. 2 is uncalibrated antenna temperature [K].
# ENDHEADER
266.1294530557793 -1.3973115233976872
264.06830910518073 0.15295904915371455
262.0071651545821 0.5007504403970363
259.94602120398343 -0.31944707753560797
257.8848772533848 -0.638572254413932
255.82373330278617 1.1507269626375018
253.7625893521875 1.7147121638249994
251.70144540158887 0.1799119983379517
249.64030145099022 0.9466485460886568
247.5791575003916 1.500131840306029
245.51801354979293 0.8652144402724784
243.4568695991943 0.6589049784220952
241.39572564859566 1.5392690200351185
239.33458169799704 1.8117787590645837
237.2734377473984 1.25611565896573
235.21229379679974 1.8362913125383034
233.1511498462011 2.905131012709858
231.09000589560247 2.6735123574230597
229.02886194500383 3.35360592713486
226.9677179944052 2.9972372785643873
224.90657404380653 2.4385498233732905
222.8454300932079 1.3054653434461279
220.78428614260926 0.1399756169854953
218.7231421920106 1.6728348335435392
216.66199824141196 2.5077488171329416
214.60085429081332 2.9964938468650995
212.5397103402147 2.620227585261815
210.47856638961605 1.7093019831277676
208.41742243901743 1.4828232644488695
206.35627848841875 3.5020889925339502
204.29513453782013 2.0244518118225203
202.23399058722148 2.554748793266547
200.17284663662286 2.24523904808666
198.11170268602422 2.504975951639151
196.0505587354256 3.9585214543602563
193.98941478482695 1.2587421804381647
191.92827083422833 3.839837830059458
189.86712688362965 1.8102729495630787
187.80598293303103 3.723269350966668
185.74483898243238 4.167581091052673
183.68369503183376 2.9880126954330133
181.62255108123512 2.6681840685357754
179.56140713063644 2.9653646595374443
177.50026318003782 1.8140156785981603
175.43911922943917 1.963333857057269
173.37797527884055 3.697396409418408
171.3168313282419 2.6704458935524
169.25568737764326 3.3775551205404652
167.1945434270446 2.7993697536912516
165.133399476446 2.302945445523609
163.07225552584734 2.754234510530564
161.01111157524872 2.641849833118093
158.94996762465004 4.532642856874941
156.88882367405142 2.3335451394806723
154.82767972345277 2.512201638553966
152.76653577285416 3.04819671918076
150.70539182225548 1.805930914369521
148.64424787165686 4.15455591898376
146.5831039210582 5.11131411865294
144.5219599704596 0.9933912736200601
142.46081601986094 2.9633702304033736
140.39967206926227 2.6954752986495425
138.33852811866365 2.8130953403410377
136.277384168065 2.5088520571193
134.21624021746638 2.2551614500809922
132.15509626686773 1.2373292141944068
130.09395231626908 1.0255562300052503
128.03280836567043 3.589076033957301
125.97166441507181 2.379737917580093
123.91052046447317 3.426479325772032
121.84937651387452 3.6683618485065885
119.78823256327588 4.391336464783034
117.72708861267724 3.31407109467189
115.6659446620786 3.378373361900023
113.60480071147995 2.1566469746975505
111.54365676088132 1.951015252689523
109.48251281028267 4.387003291099693
107.42136885968404 2.665692732079867
105.3602249090854 3.0261899903090397
103.29908095848675 3.108454925001959
101.23793700788812 4.174158589547198
99.17679305728947 3.277377595868984
97.11564910669082 2.775674344224451
95.05450515609219 3.1462949409074117
92.99336120549354 3.019629858376999
90.93221725489491 3.335398310563999
88.87107330429626 3.7628648517035184
86.80992935369763 3.8044059295885506
84.74878540309899 2.763806160864113
82.68764145250033 2.4867179585956856
80.6264975019017 3.3036546136493325
78.56535355130305 2.834640534866389
76.50420960070441 2.057288899370557
74.44306565010577 3.331339873110811
72.38192169950713 3.594564228098377
70.3207777489085 2.759656829878926
68.25963379830985 1.3453565747901792
66.19848984771122 2.5497929498942398
64.13734589711257 1.8172795422306962
62.07620194651393 1.4855635643642773
60.01505799591529 3.194412119664632
57.95391404531665 3.994632293868495
55.89277009471801 3.766720077597501
53.83162614411936 2.043578702335274
51.77048219352072 2.3427172625402615
49.70933824292209 2.5960815355177482
47.648194292323446 3.6281626744983924
45.587050341724805 3.4630512711326746
43.52590639112616 2.240775962051239
41.46476244052752 3.9666751138700724
39.40361848992888 2.2601874660731007
37.34247453933024 3.2954960299673255
35.2813305887316 5.513709007340492
33.22018663813296 4.336680231963596
31.15904268753432 4.942199005939656
29.097898736935676 8.510574517463354
27.036754786337035 11.06188892674425
24.975610835738397 13.982276114500504
22.914466885139756 20.406942832092614
20.85332293454111 28.68377900277884
18.792178983942474 40.793008576485406
16.731035033343833 54.71585477675355
14.669891082745192 70.31848130624968
12.60874713214655 88.14853652340214
10.547603181547911 101.41252397900143
8.48645923094927 110.60134688434093
6.42531528035063 115.80656008671438
4.364171329751989 115.2304890426963
2.3030273791533484 108.56256221997123
0.2418834285547076 109.92979082745131
-1.8192605220439333 110.91232163342426
-3.8804044726425744 107.30063805346033
-5.941548423241215 99.56636983253094
-8.002692373839855 90.51292987654861
-10.063836324438496 78.88142414984314
-12.124980275037137 70.99552955363998
-14.186124225635778 60.79662691591019
-16.24726817623442 52.66102285774106
-18.308412126833062 46.983929750311866
-20.369556077431703 43.5222827278954
-22.43070002803034 39.19662872449387
-24.49184397862898 38.021037893321726
-26.552987929227623 34.908062297689774
-28.614131879826267 36.18786874379321
-30.675275830424905 33.822836424951504
-32.73641978102355 33.965379643450014
-34.79756373162218 33.553375105850385
-36.858707682220825 33.54336646402521
-38.919851632819466 31.68299360712386
-40.98099558341811 31.167995158320362
-43.042139534016755 33.3855147491372
-45.103283484615396 29.262808724324767
-47.16442743521403 29.258547580830797
-49.22557138581267 26.771859893581485
-51.28671533641131 25.46638745629871
-53.34785928700995 24.42734587923532
-55.409003237608594 25.532171946699506
-57.470147188207235 27.463022414077695
-59.53129113880588 29.823131254482348
-61.59243508940452 32.291307875755216
-63.65357904000316 38.8807585844215
-65.7147229906018 39.36236432122829
-67.77586694120043 41.50283992007893
-69.83701089179907 44.39753852081206
-71.89815484239773 45.413219984765334
-73.95929879299636 43.06082354746608
-76.02044274359501 42.05934350260711
-78.08158669419365 42.017376332169924
-80.1427306447923 37.89259918779493
-82.20387459539093 34.40205973667316
-84.26501854598956 30.709963851667666
-86.32616249658821 27.641893630878545
-88.38730644718684 21.104088688387453
-90.44845039778549 18.88540248556706
-92.50959434838413 15.884060148047965
-94.57073829898276 12.58712889493298
-96.63188224958141 9.07379309808206
-98.69302620018004 8.718790518673167
-100.75417015077868 7.92011003270672
-102.81531410137731 5.514369203442063
-104.87645805197596 7.173005213351328
-106.9376020025746 6.184548427536621
-108.99874595317324 3.6485921420550516
-111.05988990377189 4.892131060820374
-113.12103385437054 4.4254775176870735
-115.18217780496917 2.5541290604141746
-117.2433217555678 2.8521029972262686
-119.30446570616645 2.8060410835695744
-121.36560965676509 2.864859327025925
-123.42675360736374 1.1943734801259815
-125.48789755796237 1.5096994696499213
-127.54904150856102 1.0277966297347778
-129.61018545915965 0.9970437800424776
-131.6713294097583 -0.07007237447334685
-133.73247336035695 1.4955472854479284
-135.79361731095557 -0.9253858018104918
-137.85476126155422 -1.1935183889066028
-139.91590521215286 -1.9816305007742072
-141.9770491627515 0.08253024773970033
-144.03819311335013 0.6143847508134417
-146.09933706394878 -0.8035139186177184
-148.1604810145474 -2.2845957076919325
-150.22162496514608 -2.932672830075488
-152.2827689157447 -1.601108264376531
-154.34391286634335 -1.9848050421792913
-156.40505681694196 -1.1315665298101603
-158.4662007675406 -2.385615495831046
-160.52734471813926 -0.7424771560124056
-162.5884886687379 -0.7168697844655446
-164.64963261933653 -2.3655933344011686
-166.71077656993518 -2.959880617023182
-168.77192052053385 -2.2535688492470327
-170.83306447113247 -0.176850010484985
-172.89420842173112 -0.5216273924263389
-174.95535237232974 -2.1519946752599184
-177.0164963229284 -2.7374988579525628
-179.07764027352704 -3.697677764903578
-181.1387842241257 -0.4307191853008594
-183.1999281747243 -3.0035298353979853
-185.26107212532295 -2.8264223229629533
-187.32221607592157 -1.6936809731023093
-189.38336002652025 -0.8926361563655983
-191.44450397711887 -2.8420361313347513
-193.50564792771752 -3.131969356322703
-195.56679187831614 -0.6908943451864311
-197.62793582891481 -2.048341005796178
-199.68907977951343 -1.6891040087859956
-201.7502237301121 -1.7321700687460184
-203.81136768071073 -1.8504360162633327
-205.87251163130938 -0.7494345550887646
-207.93365558190803 -2.9564729268240892
-209.99479953250668 -2.4844589056419517
-212.05594348310532 -2.679581683316971
-214.11708743370394 -2.187421298378479
-216.1782313843026 -2.321550196470384
-218.2393753349012 -2.1076537190961253
-220.3005192854999 -3.485819399568266
-222.3616632360985 -1.9046637500735466
-224.42280718669716 -1.8183536857788198
-226.48395113729578 -1.748600975552716
-228.54509508789442 -4.0446176466419566
-230.60623903849307 -2.807120453904434
-232.66738298909172 -2.4697641911935158
-234.72852693969034 -1.176267340771567
-236.789670890289 -2.8792845807014933
-238.85081484088764 -3.6314812356012665
-240.91195879148628 -2.8322538936210777
-242.9731027420849 -2.0573298509687548
-245.03424669268355 -3.3625987099084025
-247.0953906432822 -2.8374404204299983
-249.15653459388085 -2.5295161904192773
-251.2176785444795 -2.4021003963473415
-253.27882249507812 -0.36023013143207655
-255.33996644567677 -0.5259204868055541
-257.4011103962754 -1.983271411309435
-259.46225434687403 -2.7853590196101896
