# BEGINHEADER
# This file contains data from the SALSA 2m radio telescope.
# DATE=2021-11-24T15:26:0008
# GLON and GLAT given in degrees
# GLON=38.847784829149234
# GLAT=0.21063635195156505
# DATA in two columns below. Col. 1 is velocity relative to LSR [km/s]. Col. 2 is uncalibrated antenna temperature [K].
# ENDHEADER
263.81435244522066 -5.582541007582781
261.753208494622 -9.896161110076978
259.69206454402337 -10.43847292690716
257.6309205934247 -10.310231848980553
255.5697766428261 -7.111787998537512
253.50863269222748 -9.27020080537672
251.4474887416288 -10.631705460408131
249.38634479103015 -10.733975154043808
247.32520084043153 -9.846741175713447
245.2640568898329 -9.308526457641001
243.20291293923427 -9.889547120836632
241.1417689886356 -9.522458105552424
239.08062503803697 -12.50455591116691
237.01948108743832 -8.331422915571917
234.9583371368397 -8.99423256511195
232.89719318624105 -10.21482186514869
230.8360492356424 -7.72252033976401
228.77490528504376 -10.185817304134257
226.71376133444514 -10.682497531274485
224.6526173838465 -9.577451854986167
222.59147343324784 -8.419660209212916
220.5303294826492 -7.966736016059408
218.46918553205057 -9.172945950421429
216.40804158145193 -9.401220529877367
214.3468976308533 -10.074449570998961
212.28575368025463 -8.872094043332762
210.22460972965598 -8.521124417560275
208.16346577905736 -11.160965526133285
206.1023218284587 -9.052300733477006
204.0411778778601 -9.010417090518802
201.98003392726142 -9.240609707933967
199.9188899766628 -9.927488448001895
197.85774602606415 -12.36133469579341
195.79660207546553 -9.951948610389062
193.73545812486685 -9.032920828491028
191.67431417426823 -9.548780921280311
189.61317022366958 -10.357512529489332
187.55202627307096 -9.289710952989655
185.49088232247232 -9.84016443846392
183.42973837187367 -9.672259262049774
181.36859442127502 -8.968560325949799
179.3074504706764 -10.772453821361323
177.24630652007775 -11.53551230377855
175.18516256947913 -11.038902010111986
173.12401861888046 -8.201458624180415
171.0628746682818 -10.196663785737348
169.0017307176832 -9.23057526082614
166.94058676708454 -7.784276022716138
164.8794428164859 -8.317999256238886
162.81829886588724 -11.017856615145918
160.75715491528862 -9.417527144482015
158.69601096468998 -9.358803117453306
156.63486701409136 -9.932261662778767
154.57372306349268 -7.761910408438305
152.51257911289406 -9.70117546880315
150.4514351622954 -8.688025465767641
148.3902912116968 -6.45464221418651
146.32914726109814 -8.719737577649159
144.2680033104995 -11.341739228719838
142.20685935990085 -9.383599727941071
140.14571540930223 -10.295718906965563
138.08457145870358 -10.536291587158418
136.02342750810493 -5.960715287756718
133.96228355750628 -8.243553991771629
131.90113960690763 -8.302779897984438
129.83999565630901 -9.373782030775947
127.77885170571037 -8.891905985200404
125.71770775511173 -8.664291832451601
123.65656380451308 -11.235510945518419
121.59541985391445 -9.121843157503001
119.53427590331582 -8.797091888199057
117.47313195271715 -8.684168621838333
115.41198800211852 -5.784634026985045
113.35084405151987 -8.416950836611296
111.28970010092124 -6.917875714603272
109.22855615032259 -6.9137559258613965
107.16741219972396 -5.060882744709537
105.10626824912532 -8.78501843397778
103.04512429852667 -7.510424931704529
100.98398034792804 -4.1733531924532254
98.9228363973294 -5.2853863485118815
96.86169244673077 0.9850971256797232
94.80054849613212 -2.452697178922545
92.73940454553349 0.22814449112465926
90.67826059493484 4.473097840658891
88.6171166443362 5.872158018868542
86.55597269373757 12.19850884473999
84.49482874313892 12.125412059399778
82.43368479254029 14.92805797293605
80.37254084194164 13.978667895160012
78.31139689134301 19.19500300638697
76.25025294074435 17.557742515278594
74.18910899014571 20.410996542203073
72.12796503954708 23.33952966677305
70.06682108894843 22.35982777241586
68.0056771383498 27.19850710223514
65.94453318775115 28.684123265728722
63.883389237152514 33.81743939008647
61.82224528655387 31.430074642933427
59.76110133595523 34.4397624659832
57.69995738535659 35.80524205273879
55.63881343475795 36.16634282897636
53.577669484159316 31.815731219268333
51.516525533560674 33.64803537708301
49.45538158296203 33.12133227748119
47.394237632363385 31.169109725968987
45.333093681764744 33.72063982910697
43.2719497311661 39.713479380552016
41.21080578056746 41.61278615368421
39.14966182996883 42.14259140947402
37.08851787937019 46.160171074582315
35.027373928771546 51.35337628757436
32.966229978172905 48.91935232921438
30.90508602757426 47.28724657971067
28.843942076975623 48.65416196234996
26.78279812637698 45.033937743660026
24.721654175778337 45.422125813401415
22.6605102251797 44.203369431933254
20.599366274581058 41.03331170273893
18.538222323982417 42.97210579516154
16.477078373383776 43.96567849849846
14.415934422785135 45.556056372223686
12.354790472186494 46.691682347284484
10.293646521587855 51.3736941124375
8.232502570989213 51.44087870277134
6.1713586203905715 52.08323517893255
4.11021466979193 46.80683649916934
2.04907071919329 38.47012851119287
-0.012073231405350698 27.037988061306404
-2.0732171820039915 16.441003887947314
-4.134361132602632 10.845263771653263
-6.195505083201272 4.173272269534782
-8.256649033799913 4.949512855957899
-10.317792984398553 1.7107333248893415
-12.378936934997196 1.4403175087053215
-14.440080885595835 2.0894718096655374
-16.501224836194478 3.178297255160464
-18.562368786793115 3.440826412359215
-20.623512737391756 3.9521593487896958
-22.684656687990397 4.715318562552978
-24.745800638589042 7.771089776812567
-26.80694458918768 9.349089706978955
-28.86808853978632 8.138287202777882
-30.929232490384962 13.03474359501467
-32.9903764409836 15.402058354636058
-35.051520391582244 13.594648103028533
-37.112664342180885 11.958184512699178
-39.173808292779526 12.285297477887779
-41.23495224337817 8.975748240543481
-43.2960961939768 10.795226425735512
-45.35724014457544 9.496253709841708
-47.41838409517408 9.108024288041767
-49.47952804577273 10.463608587122986
-51.54067199637137 9.047721428279054
-53.601815946970014 10.40745209499121
-55.662959897568655 9.045172614748026
-57.72410384816729 8.308645372091972
-59.78524779876593 6.808997059817819
-61.84639174936457 2.8515524446472202
-63.90753569996321 0.81898207458244
-65.96867965056185 -2.2963254488334868
-68.02982360116049 -1.903077883897037
-70.09096755175914 -4.811494786004373
-72.15211150235777 -6.1438948310944586
-74.21325545295642 -6.370155618654872
-76.27439940355505 -8.834742833295579
-78.3355433541537 -6.353447284116346
-80.39668730475235 -6.435030741847623
-82.45783125535098 -8.323851565735266
-84.51897520594963 -4.589413764676242
-86.58011915654826 -6.564455236864857
-88.64126310714691 -7.1968327339111
-90.70240705774555 -9.314172504797103
-92.76355100834418 -8.5160083336919
-94.82469495894283 -8.376885254876564
-96.88583890954146 -11.535326115243697
-98.94698286014011 -9.324485189080308
-101.00812681073876 -8.043441676492792
-103.06927076133739 -7.728852318082278
-105.13041471193604 -10.270519091335442
-107.19155866253467 -9.520802108382881
-109.25270261313332 -9.11679659400591
-111.31384656373196 -9.332717938653472
-113.37499051433059 -9.094033327308473
-115.43613446492925 -9.175480099551159
-117.49727841552789 -6.98520188988522
-119.55842236612654 -6.348192278080249
-121.61956631672517 -8.270545892720058
-123.68071026732382 -8.750438516689991
-125.74185421792245 -8.296638993765788
-127.80299816852109 -7.0809761242403875
-129.86414211911972 -7.097019420265066
-131.92528606971837 -9.438854249157782
-133.986430020317 -7.699752920451796
-136.04757397091566 -7.443322225017843
-138.1087179215143 -7.975781364319706
-140.16986187211293 -7.155858499078634
-142.23100582271158 -7.573953745114288
-144.2921497733102 -9.88221415510234
-146.35329372390888 -7.427435342390432
-148.4144376745075 -9.44123934001961
-150.47558162510614 -9.562733263222537
-152.53672557570476 -7.439964402146474
-154.5978695263034 -8.32867381421501
-156.65901347690206 -7.025835275110959
-158.7201574275007 -6.916124246746309
-160.78130137809933 -8.798790000592948
-162.84244532869798 -8.500182058705901
-164.90358927929663 -7.640041171710363
-166.96473322989527 -9.770538790706194
-169.0258771804939 -9.805792578064231
-171.08702113109254 -8.628614111090158
-173.14816508169116 -8.06498619116145
-175.20930903228984 -8.750105496531729
-177.2704529828885 -9.431214490367637
-179.3315969334871 -7.444567415995176
-181.39274088408575 -6.068432322223085
-183.45388483468437 -7.235474436466497
-185.51502878528305 -7.366761311635698
-187.57617273588167 -8.456431534496453
-189.63731668648032 -8.637871136747485
-191.69846063707894 -9.290405640546993
-193.75960458767761 -11.930315769817584
-195.82074853827623 -7.586635557386187
-197.88189248887488 -7.501785403752769
-199.9430364394735 -9.07626759576812
-202.00418039007215 -6.3324930297325475
-204.0653243406708 -6.986174055749697
-206.12646829126945 -7.688860564321636
-208.18761224186807 -8.795295502317224
-210.24875619246671 -8.266732942642552
-212.30990014306533 -8.50689243208022
-214.371044093664 -6.829410210490646
-216.43218804426266 -7.263656555436398
-218.49333199486128 -7.255419484190566
-220.55447594545993 -8.565606365007111
-222.61561989605858 -6.426582257040604
-224.67676384665722 -7.415578111984422
-226.73790779725584 -7.702765612747764
-228.7990517478545 -8.265985887729379
-230.8601956984531 -8.856113025036402
-232.9213396490518 -7.924509118596243
-234.9824835996504 -9.252236704113526
-237.04362755024906 -6.19674173829935
-239.10477150084768 -5.779967643062054
-241.16591545144632 -10.698182689999406
-243.22705940204497 -7.2436447782926585
-245.28820335264362 -6.347144257417808
-247.34934730324224 -9.780602077239914
-249.4104912538409 -6.880811755109189
-251.47163520443954 -8.31438212659063
-253.53277915503818 -8.006325729726033
-255.59392310563683 -10.107398541798853
-257.65506705623545 -9.586266610197804
-259.7162110068341 -9.06181995884396
-261.77735495743275 -10.256610287999365
