# BEGINHEADER
# This file contains data from the SALSA 2m radio telescope.
# DATE=2021-12-09T14:19:0022
# GLON and GLAT given in degrees
# GLON=113.8527764871488
# GLAT=-0.07398021733520331
# DATA in two columns below. Col. 1 is velocity relative to LSR [km/s]. Col. 2 is uncalibrated antenna temperature [K].
# ENDHEADER
262.7940422612923 0.712523271055243
260.7328983106936 3.5047572268319476
258.671754360095 5.646676624584622
256.61061040949636 4.860344054296115
254.5494664588977 4.690243573328604
252.4883225082991 3.6177427790088093
250.42717855770042 4.270452642831609
248.3660346071018 5.791802956107008
246.30489065650315 5.30208948609172
244.24374670590453 5.164171662703443
242.18260275530588 4.926089128094376
240.12145880470723 7.115310316500559
238.06031485410858 6.805393111797842
235.99917090350996 4.801968413459686
233.93802695291131 8.656728436671338
231.87688300231267 7.664825996286638
229.81573905171402 6.499196605597698
227.7545951011154 7.829647973975216
225.69345115051675 6.701420346617755
223.6323071999181 5.838834991575307
221.57116324931945 6.787514126128518
219.5100192987208 4.311525484860617
217.4488753481222 4.607457796069164
215.38773139752354 4.010230810144087
213.32658744692492 9.6245492913098
211.26544349632624 7.182208095601632
209.20429954572762 6.286234542100262
207.14315559512897 7.4398459895602835
205.08201164453035 6.847770382533674
203.0208676939317 8.716691301499822
200.95972374333306 7.8234020850208905
198.8985797927344 6.386225771453909
196.8374358421358 7.050622624208598
194.77629189153714 6.838433468550163
192.7151479409385 6.763677595330122
190.65400399033985 6.613965450144438
188.59286003974123 6.000119170243572
186.53171608914258 6.771553840929812
184.47057213854393 9.294198026395076
182.40942818794528 4.756096013958146
180.34828423734663 9.498268569368738
178.287140286748 5.878848454317733
176.22599633614936 7.272766623837325
174.16485238555074 8.380973975748685
172.10370843495207 7.136420221026081
170.04256448435345 6.03221279935988
167.9814205337548 5.6664282800005665
165.92027658315618 8.87112291154573
163.8591326325575 6.7373851964919655
161.79798868195888 6.090042754993884
159.73684473136024 7.073183562607268
157.67570078076162 8.030938374500844
155.61455683016297 8.224386306978227
153.55341287956432 6.345253209374449
151.49226892896567 8.237943206964282
149.43112497836705 5.1021959106956
147.3699810277684 4.630993739877831
145.30883707716976 8.968851386170469
143.2476931265711 9.617401576463756
141.18654917597246 5.1803133632584215
139.12540522537384 5.940464022308395
137.0642612747752 8.523419686224
135.00311732417654 6.958905123596677
132.9419733735779 8.782629486994955
130.88082942297928 7.472401334649906
128.81968547238063 4.0962956085351445
126.75854152178198 4.981812702093719
124.69739757118334 7.081961937471672
122.6362536205847 10.608237379257906
120.57510966998606 7.521214399181889
118.51396571938743 4.354285528374871
116.45282176878878 4.7966356715690335
114.39167781819015 4.9704848315701815
112.3305338675915 6.590236375788796
110.26938991699286 7.537390702534275
108.20824596639422 6.226762153243276
106.14710201579558 4.5276051279371226
104.08595806519695 5.684285728938748
102.0248141145983 8.322329714082848
99.96367016399967 6.721463012867742
97.90252621340103 4.973013433254094
95.8413822628024 7.377964708047115
93.78023831220375 6.338838512037299
91.71909436160512 4.630345807236062
89.65795041100647 6.382495101758782
87.59680646040782 5.701131294646552
85.53566250980919 7.930650470673319
83.47451855921054 7.240357954588545
81.4133746086119 6.391546106751109
79.35223065801326 5.147921254227946
77.29108670741462 5.937346224658936
75.22994275681597 4.824364510383216
73.16879880621734 6.059354456516805
71.1076548556187 5.241026624345512
69.04651090502006 8.187924530130536
66.98536695442142 4.997298310912522
64.92422300382277 5.637755544837722
62.86307905322414 7.3552638604169776
60.8019351026255 5.660612471351815
58.74079115202685 4.585501317732454
56.67964720142821 3.9103984374777605
54.61850325082957 5.230435535287378
52.55735930023093 4.443447890368372
50.496215349632294 7.517395283900488
48.43507139903365 4.418820587164947
46.37392744843501 4.2823686800546765
44.31278349783637 4.549324697113044
42.25163954723773 5.093390140699741
40.19049559663909 4.634997741984855
38.12935164604044 2.646325443084525
36.06820769544181 7.069973065862989
34.007063744843165 4.989226086023215
31.945919794244524 2.7138694150699725
29.884775843645883 4.873518818828187
27.823631893047242 5.653124195259192
25.762487942448605 5.669072616997118
23.70134399184996 4.9601644603867925
21.64020004125132 5.537907706050332
19.57905609065268 7.716021848479268
17.51791214005404 6.695147846746773
15.456768189455397 7.039062856550066
13.395624238856758 10.34280472543576
11.334480288258115 15.323279269133556
9.273336337659474 17.849011747582452
7.212192387060834 25.73193533727844
5.151048436462193 39.355224466765726
3.0899044858635523 57.796032548305604
1.0287605352649114 71.842721207894
-1.0323834153337295 77.90197644831655
-3.09352736593237 87.17608512495495
-5.154671316531012 85.14803624354228
-7.215815267129652 87.86258893163269
-9.276959217728292 86.74424157818305
-11.338103168326935 85.78018131635154
-13.399247118925572 80.17634270514277
-15.460391069524213 73.33435427321862
-17.521535020122855 57.64279967173227
-19.582678970721496 46.65464057309024
-21.643822921320133 32.29460761771139
-23.704966871918778 30.222852236369658
-25.76611082251742 30.174325574575114
-27.82725477311606 28.935013710307384
-29.888398723714698 33.645042282810955
-31.94954267431334 39.63086883277744
-34.010686624911976 41.803303729016754
-36.07183057551062 43.9810264046914
-38.132974526109265 50.953100372169594
-40.19411847670791 56.953749552664796
-42.25526242730655 62.49661923749064
-44.31640637790519 70.03253325885017
-46.37755032850382 71.12195598229157
-48.438694279102464 74.72685434240252
-50.499838229701105 76.82750811688268
-52.560982180299746 75.15497593746925
-54.62212613089839 68.30263900943264
-56.68327008149703 62.93760440164429
-58.744414032095676 60.183762375996075
-60.80555798269431 56.2119269163151
-62.86670193329295 53.57138870391114
-64.92784588389159 50.33765052428174
-66.98898983449024 46.10060863114765
-69.05013378508887 42.417976006203965
-71.11127773568752 35.61746227207614
-73.17242168628616 30.03829785716867
-75.2335656368848 26.90295394608354
-77.29470958748344 23.853430605269725
-79.35585353808209 19.328350357458778
-81.41699748868072 15.731986750088591
-83.47814143927936 17.882492988365613
-85.539285389878 15.740495316168223
-87.60042934047664 15.915308094054312
-89.66157329107529 19.544179032163385
-91.72271724167392 21.690602356035203
-93.78386119227257 20.7688313366305
-95.8450051428712 22.734167749922307
-97.90614909346984 21.750224800957987
-99.9672930440685 22.549317893116154
-102.02843699466713 19.10972261562098
-104.08958094526577 17.172879549396264
-106.15072489586443 17.012314119990247
-108.21186884646306 13.299764071998728
-110.27301279706171 10.868599501933867
-112.33415674766034 9.01108725698736
-114.39530069825899 7.957367135675533
-116.45644464885763 7.737125637795872
-118.51758859945626 7.237123943924715
-120.57873255005491 7.335521462459512
-122.63987650065354 6.052944282724571
-124.70102045125219 3.4262993527009455
-126.76216440185082 6.365781221462881
-128.82330835244946 3.8491844360087595
-130.8844523030481 1.7442632525664785
-132.94559625364676 3.583611436082003
-135.00674020424538 1.5158628337020499
-137.06788415484405 2.8242726585398077
-139.12902810544267 0.517545011651749
-141.19017205604132 1.362377222484888
-143.25131600663994 2.097195684818935
-145.3124599572386 3.743826581477207
-147.37360390783724 2.539882736570146
-149.43474785843588 1.124969672636249
-151.4958918090345 1.0653812111538217
-153.55703575963315 -1.9007021048540733
-155.6181797102318 -0.4951104216533537
-157.67932366083045 -0.2834269585907086
-159.74046761142907 0.18473823872479056
-161.80161156202772 0.811719757903874
-163.86275551262636 0.46656384401317835
-165.923899463225 -0.8725443713167357
-167.98504341382366 1.1526867599173303
-170.04618736442228 1.8876176879267161
-172.10733131502093 3.081239845537074
-174.16847526561955 -0.36480981403098456
-176.22961921621823 -0.586384961033549
-178.29076316681684 -1.9711205511085212
-180.3519071174155 -0.9691096082150743
-182.4130510680141 -0.21453978663982753
-184.47419501861276 1.497067549716427
-186.5353389692114 -0.6089047407648246
-188.59648291981006 -1.4011498290245556
-190.65762687040868 -1.4226678173983314
-192.71877082100733 -0.5647211330762609
-194.77991477160597 -3.292710536473907
-196.84105872220462 -0.7546582025845514
-198.90220267280324 0.8540832625112152
-200.9633466234019 -0.368492303063909
-203.02449057400054 2.11256713378093
-205.0856345245992 0.6092415759797115
-207.14677847519783 1.105941337019149
-209.20792242579645 -1.447871192607446
-211.2690663763951 0.7728546395484802
-213.33021032699372 -1.3179028739559684
-215.3913542775924 -0.828458628984609
-217.45249822819102 -0.4112651518016268
-219.51364217878967 0.157425756845719
-221.5747861293883 2.5099796715937535
-223.63593007998696 -0.343485809258708
-225.69707403058558 0.6005674936031699
-227.75821798118423 -0.7320338431044533
-229.81936193178285 -1.6098681219576252
-231.8805058823815 1.7100664143025397
-233.94164983298015 0.612355016628472
-236.0027937835788 -0.800411029435344
-238.06393773417741 -0.676301431016634
-240.12508168477606 -0.08968027850259341
-242.1862256353747 -1.5787169939791705
-244.24736958597336 1.4413834960343548
-246.308513536572 0.5644661175675734
-248.36965748717063 1.1879237857677127
-250.43080143776928 1.5358056603991679
-252.49194538836792 0.475707571384478
-254.55308933896657 2.7264447465134585
-256.6142332895652 3.792190135043004
-258.6753772401638 2.23766992598782
-260.73652119076246 2.438042678168762
-262.7976651413611 1.7317834346837009
