# BEGINHEADER
# This file contains data from the SALSA 2m radio telescope.
# DATE=2021-11-27T01:31:0026
# GLON and GLAT given in degrees
# GLON=201.35858144000917
# GLAT=-34.14442761807298
# DATA in two columns below. Col. 1 is velocity relative to LSR [km/s]. Col. 2 is uncalibrated antenna temperature [K].
# ENDHEADER
247.9789982997803 3.2669182256363274
245.91785434918168 6.087720319393894
243.85671039858303 5.268476345620032
241.7955664479844 6.244361075637712
239.73442249738574 6.499817623966173
237.67327854678712 6.550678648305239
235.61213459618847 6.967014565779306
233.55099064558985 8.465161916062511
231.4898466949912 8.271016661171924
229.42870274439252 8.314567911226792
227.3675587937939 8.730969222880963
225.30641484319526 8.643335341472147
223.24527089259664 8.475497584512029
221.184126941998 8.783556638428644
219.12298299139934 8.416353858774329
217.0618390408007 8.828285250185802
215.00069509020207 9.067078473031803
212.93955113960342 8.765232170948243
210.87840718900478 9.469708016111824
208.81726323840613 9.68882520208904
206.7561192878075 8.770670800351565
204.69497533720886 8.204052284296548
202.63383138661024 8.241046194885675
200.57268743601156 8.012178868477628
198.51154348541294 9.340998979454621
196.4503995348143 8.483208256376042
194.38925558421568 9.259234947198973
192.32811163361703 8.500405143444652
190.26696768301835 8.45235757488978
188.20582373241973 8.83047298880726
186.14467978182108 9.480740839490826
184.08353583122246 9.57032343940748
182.02239188062381 8.986465184710516
179.96124793002517 8.803156469544763
177.90010397942652 10.511333357902268
175.8389600288279 9.872680462904954
173.77781607822925 8.960830683158086
171.7166721276306 8.676315473642747
169.65552817703195 9.632789900651149
167.59438422643333 8.82391228035329
165.5332402758347 9.378784044092638
163.47209632523607 8.886920675549302
161.4109523746374 9.631726625783484
159.34980842403877 9.459315052330384
157.28866447344012 9.47651323096728
155.2275205228415 9.896362816433825
153.16637657224285 8.269183707889255
151.10523262164418 9.996870339861054
149.04408867104556 8.913824028766646
146.9829447204469 8.817627488623152
144.9218007698483 9.147240805177413
142.8606568192496 9.401584902522783
140.799512868651 9.248583254267436
138.73836891805234 8.548445762126528
136.67722496745372 9.593295572013757
134.61608101685508 7.982992244146021
132.55493706625643 8.396346235287309
130.49379311565778 9.219840226300333
128.43264916505916 8.069820576704439
126.37150521446051 8.843903231095448
124.31036126386186 9.013356416042983
122.24921731326323 9.908450527513212
120.18807336266458 7.933211810567509
118.12692941206595 9.222497642209731
116.0657854614673 9.292575723357935
114.00464151086867 8.393468792758606
111.94349756027003 8.771523738409963
109.88235360967138 8.339313301525113
107.82120965907275 9.272961849134044
105.7600657084741 8.306342211229387
103.69892175787547 9.278168539388576
101.63777780727682 8.990707356863629
99.57663385667819 8.620542449276122
97.51548990607955 9.604213229531183
95.45434595548089 9.400561433557375
93.39320200488226 9.392995187487767
91.3320580542836 7.94742417217234
89.27091410368497 8.65114442103761
87.20977015308632 8.053657472135347
85.14862620248769 9.26437768894095
83.08748225188906 8.693684563929484
81.02633830129041 9.2366949261541
78.96519435069177 9.114285021465996
76.90405040009313 9.888904773408589
74.84290644949449 9.822983195216967
72.78176249889584 8.748365490289222
70.72061854829721 8.528081921565331
68.65947459769858 8.511770144661426
66.59833064709993 8.974824974430117
64.5371866965013 8.785538038961612
62.476042745902646 9.289656620643331
60.414898795304005 7.201050420123272
58.353754844705364 8.096735660359371
56.29261089410672 8.54259507894058
54.23146694350808 8.207966962823603
52.17032299290944 8.381586752120889
50.10917904231081 7.6399867543838536
48.048035091712165 7.959901691755941
45.98689114111352 7.611696432553607
43.925747190514876 8.766822885828764
41.864603239916235 8.352454440445857
39.803459289317594 8.35021328578531
37.74231533871895 8.082309355366071
35.68117138812032 7.96067206517978
33.62002743752168 8.669718397706145
31.558883486923033 6.678027496484507
29.497739536324392 8.920891470164612
27.43659558572575 8.901838616430062
25.375451635127114 8.855108239345824
23.314307684528476 10.234943842081009
21.25316373392983 12.001594372421332
19.19201978333119 14.077210684891037
17.130875832732553 16.129265102743883
15.06973188213391 19.899505187873796
13.00858793153527 24.637328562903313
10.94744398093663 28.73087988539637
8.886300030337988 27.69400587308986
6.825156079739348 30.132435874038546
4.764012129140706 31.697599324417393
2.702868178542066 26.653472716585913
0.641724227943425 20.626797510748705
-1.419419722655216 16.373518237574658
-3.480563673253857 14.406081503566762
-5.541707623852498 13.217436942719537
-7.602851574451138 13.456084380287757
-9.66399552504978 13.420046455158245
-11.725139475648419 11.376822308783183
-13.786283426247062 10.65074821557664
-15.847427376845701 9.89348716315133
-17.908571327444342 10.875832957713856
-19.969715278042983 11.29733116017822
-22.030859228641624 11.59976798260012
-24.092003179240262 11.48482078190947
-26.15314712983891 9.650363780748185
-28.214291080437548 10.531268653562417
-30.27543503103619 9.06482874109402
-32.33657898163483 9.545618825437225
-34.39772293223347 9.999417991762751
-36.45886688283211 8.940223460475963
-38.52001083343075 8.5239126469496
-40.581154784029394 7.573678321787901
-42.642298734628035 7.925338429268263
-44.703442685226676 7.027901893955427
-46.76458663582531 8.194478211893463
-48.82573058642395 7.365388889244959
-50.8868745370226 6.978372476383675
-52.94801848762124 7.4446003672051235
-55.00916243821988 7.120206018557227
-57.07030638881852 6.393980287931685
-59.13145033941716 6.607658884033599
-61.1925942900158 7.140082389804417
-63.25373824061444 6.541636289423553
-65.31488219121309 6.788690313496811
-67.37602614181172 6.6729492993318384
-69.43717009241037 5.759567131061971
-71.498314043009 6.13814480916866
-73.55945799360765 4.314256918005931
-75.62060194420629 6.060795837804654
-77.68174589480493 6.5310547141646875
-79.74288984540357 6.22510256471374
-81.8040337960022 5.408144137547501
-83.86517774660085 5.712132981933044
-85.92632169719948 5.848383130715469
-87.98746564779813 5.77427410562696
-90.04860959839677 5.247209910884153
-92.10975354899541 5.746472908691896
-94.17089749959405 5.595395523755473
-96.23204145019268 4.706929462548673
-98.29318540079134 5.339719269397668
-100.35432935138998 5.30133532292243
-102.41547330198863 3.7716109118300527
-104.47661725258726 4.357223066268504
-106.53776120318591 4.521825929950969
-108.59890515378454 4.345568242576873
-110.66004910438318 4.971051746971629
-112.72119305498182 4.568629223308276
-114.78233700558046 4.048454954220743
-116.8434809561791 4.077777623700044
-118.90462490677774 4.057622722825472
-120.96576885737639 3.4872168816700087
-123.02691280797502 3.969379022686705
-125.08805675857366 4.216619555154983
-127.1492007091723 4.030754846066449
-129.21034465977095 4.265929214824568
-131.2714886103696 2.931071914630786
-133.33263256096822 2.4381051556575404
-135.39377651156687 3.3684093657111136
-137.4549204621655 4.733975416276029
-139.51606441276417 4.5224021343755485
-141.5772083633628 3.5415711497484663
-143.63835231396143 4.004499749567369
-145.69949626456005 3.554597148929461
-147.76064021515873 3.867647609367218
-149.82178416575735 2.07062653763907
-151.882928116356 2.719340645177377
-153.94407206695462 4.262268550632561
-156.00521601755327 3.232597201396403
-158.06635996815194 3.227022650822228
-160.12750391875056 3.820789835403093
-162.1886478693492 4.041324837914008
-164.24979181994783 2.927663506910345
-166.31093577054648 2.995745481378867
-168.37207972114513 2.662897766722221
-170.43322367174378 3.507800004838699
-172.4943676223424 3.1330452635190147
-174.55551157294104 2.8585929927274076
-176.6166555235397 3.29760564836221
-178.67779947413834 2.6681573909881657
-180.73894342473696 2.7051623745596713
-182.8000873753356 2.4707069018140198
-184.86123132593423 3.8892307927741774
-186.9223752765329 3.213489603590091
-188.98351922713152 2.3477607286418523
-191.04466317773017 3.3210345906333028
-193.1058071283288 2.2667337750786762
-195.16695107892744 1.5370310613157112
-197.22809502952612 2.1202225509951
-199.28923898012474 3.1295338617340827
-201.35038293072338 2.28126682532807
-203.411526881322 2.8437125527758043
-205.47267083192065 3.057687438837274
-207.5338147825193 2.637919556488077
-209.59495873311795 3.024382957001751
-211.65610268371657 2.2870446926904835
-213.71724663431522 2.35961431633054
-215.77839058491386 2.1397248648288056
-217.8395345355125 1.6337251869306015
-219.90067848611113 2.172524339373386
-221.96182243670978 2.4399714473566942
-224.0229663873084 2.442937211181067
-226.08411033790708 2.5345809717744063
-228.1452542885057 2.279890795722654
-230.20639823910435 2.2866397125270534
-232.26754218970297 2.8985451743073143
-234.3286861403016 2.0926955249579744
-236.3898300909003 1.8070480534850717
-238.4509740414989 1.873423042060564
-240.51211799209756 0.849170983805246
-242.57326194269618 2.9772187511802373
-244.63440589329485 1.9911450440583258
-246.69554984389347 2.5761768290176277
-248.75669379449212 3.1224484386413893
-250.81783774509074 1.7882401109760377
-252.8789816956894 1.4708890341912362
-254.94012564628804 3.1056316977134997
-257.0012695968867 2.585192644310021
-259.06241354748533 2.2020974620834046
-261.1235574980839 3.060258665121919
-263.1847014486826 2.839237040242346
-265.2458453992812 1.9517035336627733
-267.30698934987987 2.8631697435075187
-269.3681333004785 2.4503060901599554
-271.42927725107717 3.2903237142976614
-273.4904212016758 3.3752120182197034
-275.55156515227446 2.617971183401067
-277.61270910287305 5.2716812558266595
