# BEGINHEADER
# This file contains data from the SALSA 2m radio telescope.
# DATE=2021-11-24T16:13:0043
# GLON and GLAT given in degrees
# GLON=117.92009462019199
# GLAT=5.907873269893758
# DATA in two columns below. Col. 1 is velocity relative to LSR [km/s]. Col. 2 is uncalibrated antenna temperature [K].
# ENDHEADER
269.65927998209946 -4.807526767309718
267.59813603150087 -11.099697914888333
265.5369920809022 -10.844222212230004
263.4758481303036 -10.651579291548941
261.4147041797049 -11.720532335549182
259.3535602291063 -11.601289359547055
257.29241627850763 -9.230768379522155
255.231272327909 -10.822995524003451
253.1701283773104 -12.89991498971695
251.10898442671171 -13.736861660041187
249.0478404761131 -11.290351777056804
246.98669652551445 -10.095574978747807
244.92555257491583 -11.456920211748269
242.86440862431718 -10.879445483656372
240.80326467371853 -10.39042688631244
238.74212072311988 -10.51641597794281
236.68097677252126 -12.019922715376545
234.6198328219226 -12.275408174868378
232.55868887132394 -11.880603325665533
230.49754492072532 -11.57568255071103
228.43640097012667 -12.235027087495839
226.37525701952805 -10.852206601997597
224.3141130689294 -11.599355303944344
222.25296911833075 -9.76475642235011
220.1918251677321 -8.442320454152032
218.13068121713349 -12.067583820086345
216.06953726653484 -9.621686748579087
214.00839331593622 -13.44653014323043
211.94724936533754 -9.439966963415664
209.88610541473892 -12.970760940706109
207.82496146414027 -9.487444196056694
205.76381751354165 -10.22004788381582
203.70267356294298 -12.866876945248785
201.64152961234436 -10.57208977623692
199.5803856617457 -9.045409123696063
197.51924171114712 -10.447331294310509
195.45809776054844 -11.263279720437495
193.3969538099498 -10.77844353217276
191.33580985935117 -10.802162474273324
189.27466590875252 -8.311776836717945
187.2135219581539 -10.630814869536735
185.15237800755523 -7.483863033396783
183.0912340569566 -7.7148835205283675
181.03009010635796 -10.063188266504225
178.96894615575934 -10.780469598174124
176.90780220516066 -8.895252602282866
174.84665825456204 -8.792443560655249
172.7855143039634 -8.36966312097975
170.72437035336478 -8.365084176214383
168.66322640276613 -7.490392110549589
166.60208245216748 -7.764663246942143
164.54093850156883 -8.636886931578967
162.4797945509702 -10.695970508740286
160.41865060037156 -8.831599986142189
158.35750664977294 -9.650937885049215
156.29636269917427 -6.706381943030135
154.23521874857562 -9.166825027055662
152.174074797977 -8.888194121532136
150.11293084737835 -9.764993720921824
148.05178689677973 -8.724258539121555
145.99064294618105 -10.117044514885208
143.92949899558243 -9.677585848788475
141.8683550449838 -7.778057879534566
139.80721109438517 -10.124433036671055
137.7460671437865 -9.737917381278498
135.68492319318787 -9.23851500649267
133.62377924258922 -11.412212631675086
131.5626352919906 -10.80543619472483
129.50149134139195 -8.05743742314255
127.4403473907933 -10.085588373801775
125.37920344019466 -8.563039198548564
123.31805948959602 -10.093312602314324
121.25691553899738 -9.640256507194252
119.19577158839874 -9.786215884918802
117.13462763780011 -9.230147128479544
115.07348368720146 -6.740704944279145
113.01233973660283 -10.12649056720214
110.95119578600418 -8.28971478228492
108.89005183540554 -9.098949535542769
106.82890788480691 -7.725612642065576
104.76776393420826 -9.611022721308268
102.70661998360963 -11.777063616123714
100.64547603301098 -9.827630073784357
98.58433208241235 -7.389061503485583
96.52318813181368 -8.494657309387755
94.46204418121505 -7.836071227277618
92.40090023061641 -8.171734833599684
90.33975628001777 -7.642944909266402
88.27861232941913 -8.585394450155185
86.21746837882048 -7.889738152770649
84.15632442822185 -9.154568045797669
82.0951804776232 -8.792117553021724
80.03403652702457 -7.016282919127328
77.97289257642593 -6.022487405677429
75.91174862582729 -10.447548588444167
73.85060467522865 -10.075718764312903
71.78946072463 -11.01709376739392
69.72831677403137 -11.279077741424587
67.66717282343272 -10.21391793434822
65.60602887283409 -10.03353864343648
63.54488492223544 -8.834904388335389
61.4837409716368 -8.526550215047882
59.42259702103816 -9.942236888210362
57.361453070439524 -8.34655576806748
55.30030911984088 -8.97070741694279
53.23916516924224 -6.0040254544309235
51.1780212186436 -7.920768678318487
49.116877268044945 -5.458625783196768
47.05573331744631 -8.505823115309932
44.99458936684767 -8.902530259394828
42.93344541624903 -6.210907303559776
40.87230146565039 -8.960901227913858
38.81115751505175 -9.257461085329997
36.750013564453106 -6.551047072497284
34.688869613854465 -6.3384434682557895
32.62772566325582 -6.057050697164321
30.566581712657186 -6.429623593761837
28.505437762058545 -8.228605456902901
26.444293811459904 -8.401378091302288
24.38314986086126 -6.714958464576194
22.32200591026262 -5.370572227341999
20.26086195966398 -5.354098893539824
18.19971800906534 -6.128546990071466
16.1385740584667 -4.798523441032378
14.077430107868059 -6.442091540937691
12.016286157269416 -1.8012348554306745
9.955142206670777 4.052163738634709
7.893998256072136 11.872122948879648
5.832854305473496 22.034235128962774
3.771710354874854 28.6614938774029
1.7105664042762139 38.59009048952591
-0.3505775463224269 45.148243765589804
-2.411721496921068 50.73488791400035
-4.472865447519708 59.182698750887184
-6.534009398118349 56.623080899593326
-8.595153348716991 57.96301644958577
-10.65629729931563 56.07519144587956
-12.717441249914271 51.12087192382375
-14.778585200512913 39.392406102814604
-16.839729151111555 29.920498662511676
-18.900873101710193 25.22368916036503
-20.962017052308834 16.720538837149995
-23.023161002907475 14.921340204968539
-25.084304953506116 12.123455502948936
-27.145448904104757 10.317993965527863
-29.2065928547034 9.818444360652153
-31.267736805302036 14.516794935138249
-33.328880755900684 16.596043933909478
-35.39002470649932 15.14178387346652
-37.45116865709796 19.109550417601813
-39.5123126076966 21.590010165365346
-41.57345655829524 20.250209919058765
-43.63460050889388 26.54943478645936
-45.69574445949252 25.8658967238197
-47.75688841009117 26.26428481182833
-49.818032360689806 29.313092848317222
-51.87917631128845 23.015220964709115
-53.94032026188708 24.3039274285861
-56.00146421248572 23.16965336873227
-58.06260816308436 24.44763028315992
-60.123752113683004 26.881911590492074
-62.184896064281645 26.67718401375465
-64.2460400148803 24.89278547903242
-66.30718396547893 25.0775750435708
-68.36832791607758 24.094114780931527
-70.42947186667621 19.049183784487077
-72.49061581727486 13.868620965825855
-74.55175976787349 8.441334690918644
-76.61290371847213 7.877441076746355
-78.67404766907077 5.913610235953122
-80.73519161966941 5.666819904557627
-82.79633557026806 3.295842609335522
-84.85747952086669 3.643816947907692
-86.91862347146532 2.719383125048483
-88.97976742206397 2.409135344128723
-91.0409113726626 0.3683084838321007
-93.10205532326125 0.16746786415838938
-95.16319927385989 -1.7924880511640833
-97.22434322445855 0.429693376586541
-99.28548717505718 6.272058656013749
-101.34663112565582 2.53556286677121
-103.40777507625447 2.018264483775688
-105.4689190268531 0.9464140093597678
-107.53006297745175 0.03485273720776046
-109.59120692805038 -2.1546015906654015
-111.65235087864903 -3.5856687449002926
-113.71349482924767 -3.774610530141242
-115.7746387798463 -4.633313542251299
-117.83578273044495 -5.652204601633804
-119.89692668104358 -5.795886860821497
-121.95807063164223 -7.063115645551147
-124.01921458224086 -8.009474098556565
-126.08035853283951 -7.448503603535156
-128.14150248343816 -6.572635186388384
-130.20264643403678 -4.643519119933118
-132.26379038463543 -6.29401573364309
-134.32493433523408 -6.856976015561618
-136.38607828583272 -7.547079412868632
-138.44722223643134 -8.391190866138677
-140.50836618703 -7.629860275159675
-142.5695101376286 -9.224283166623554
-144.6306540882273 -5.788648899689041
-146.6917980388259 -6.972155199859032
-148.75294198942456 -7.416931655048747
-150.81408594002318 -7.3468281099993415
-152.87522989062185 -8.510547728550284
-154.9363738412205 -8.810803865000448
-156.99751779181912 -7.090542058210976
-159.05866174241777 -8.57624367286951
-161.1198056930164 -6.911602545296421
-163.18094964361507 -7.681131258604163
-165.24209359421369 -6.898431283167763
-167.30323754481233 -9.117978546013488
-169.36438149541095 -7.807258389633029
-171.4255254460096 -6.620476767550292
-173.48666939660825 -7.288877303413728
-175.5478133472069 -7.729996965417673
-177.60895729780552 -9.596262358508996
-179.67010124840417 -6.954925137926227
-181.7312451990028 -7.177226127744675
-183.79238914960146 -7.68792428885364
-185.85353310020008 -7.498432635078036
-187.91467705079873 -9.808635744705663
-189.97582100139735 -8.09069021326163
-192.03696495199603 -5.522591566834463
-194.09810890259467 -8.509378681379642
-196.1592528531933 -5.765137940191203
-198.22039680379197 -8.061417144043729
-200.2815407543906 -8.438354073445465
-202.34268470498924 -7.561132105389857
-204.4038286555879 -6.360688325008888
-206.46497260618654 -8.832029783029506
-208.52611655678515 -6.789836158203822
-210.5872605073838 -9.00895124247244
-212.64840445798242 -7.203594447787909
-214.7095484085811 -8.86097805556223
-216.77069235917972 -7.88205822679009
-218.83183630977837 -10.09296813642414
-220.892980260377 -6.452987863116684
-222.95412421097566 -7.774385511243932
-225.01526816157428 -8.876498677289396
-227.07641211217293 -8.686738763373041
-229.13755606277155 -8.291775768557752
-231.1987000133702 -8.606989194453394
-233.25984396396888 -8.548832339079338
-235.3209879145675 -7.108564156547558
-237.38213186516614 -8.268769792945442
-239.44327581576476 -9.544903463750323
-241.5044197663634 -6.900037094792122
-243.56556371696206 -8.227735733895772
-245.6267076675607 -7.075215929284228
-247.68785161815933 -6.517631574142503
-249.74899556875798 -6.506607537918232
-251.81013951935662 -8.7712287266865
-253.87128346995527 -10.007773299459737
-255.9324274205539 -10.183697963975606
