# BEGINHEADER
# This file contains data from the SALSA 2m radio telescope.
# DATE=2021-11-23T20:11:0042
# GLON and GLAT given in degrees
# GLON=53.90293678122275
# GLAT=0.18877519224853162
# DATA in two columns below. Col. 1 is velocity relative to LSR [km/s]. Col. 2 is uncalibrated antenna temperature [K].
# ENDHEADER
264.11736668214695 0.7329145139526975
262.0562227315483 2.1695321846448152
259.99507878094965 6.283712332542868
257.93393483035106 3.5391562524897235
255.87279087975242 1.2790277477752328
253.81164692915374 3.9717281112824656
251.75050297855512 5.087723194991834
249.68935902795647 3.3443455176644017
247.62821507735785 1.401655497871266
245.5670711267592 0.6246543267926704
243.50592717616053 4.17262216655489
241.4447832255619 2.1881808289782185
239.38363927496326 3.4387353895655792
237.32249532436464 5.759525111481542
235.261351373766 6.1215439646784935
233.20020742316734 4.593815363250804
231.1390634725687 4.060379364164681
229.07791952197007 5.308755254227188
227.01677557137143 4.800493561620478
224.95563162077278 3.4861623776792774
222.89448767017413 2.909213696582747
220.8333437195755 0.713728854574412
218.77219976897686 5.210586176052852
216.71105581837824 5.575389651300666
214.64991186777957 5.3231174527075025
212.58876791718095 7.411538608944383
210.5276239665823 1.9433732215773671
208.46648001598368 4.4941065045367266
206.40533606538503 5.739016067831989
204.34419211478635 5.769351808748751
202.28304816418773 4.7816632337729805
200.22190421358908 8.047729931080326
198.16076026299046 5.529810486944901
196.09961631239182 10.473237615718963
194.0384723617932 5.957460159877935
191.97732841119455 6.105835337783025
189.91618446059593 8.05549197747247
187.85504050999725 2.807154036432906
185.79389655939863 4.913009830144969
183.73275260879998 2.9046895210588426
181.67160865820136 2.739702762741845
179.61046470760272 3.7381967673032004
177.54932075700407 1.6068552012988064
175.48817680640542 4.671646774672283
173.4270328558068 2.597473287274588
171.36588890520815 2.215117024226675
169.3047449546095 2.86690611676572
167.24360100401086 5.912617692358012
165.1824570534122 7.349916739944799
163.1213131028136 6.507136638300073
161.06016915221494 6.243001617346977
158.9990252016163 4.981144471667784
156.93788125101764 4.982665268023201
154.87673730041902 4.947106799951512
152.81559334982038 7.7610746112515265
150.75444939922176 3.6767227723764684
148.69330544862308 3.350295126520153
146.63216149802446 1.8161450539647899
144.5710175474258 7.280901501157149
142.5098735968272 7.146321273677846
140.44872964622851 4.877133703209121
138.3875856956299 3.0144259277854184
136.32644174503125 9.880537000773467
134.26529779443263 6.571223620641292
132.20415384383398 7.052394283615214
130.14300989323533 6.735958722361176
128.08186594263668 4.157783842631921
126.02072199203805 3.8742284738676394
123.95957804143941 6.092197102003016
121.89843409084077 5.144126514431167
119.83729014024213 5.084535941964315
117.77614618964348 7.506479712531843
115.71500223904485 6.071584988951511
113.6538582884462 6.103808056723541
111.59271433784757 8.201324534767295
109.53157038724893 4.560267539808183
107.47042643665027 6.039664641171264
105.40928248605164 3.543913777217633
103.34813853545299 6.651272233424394
101.28699458485436 8.350462057739128
99.2258506342557 3.7840194591763257
97.16470668365706 4.82859240460781
95.10356273305842 7.544342307749318
93.04241878245978 6.596125051524589
90.98127483186114 6.541503424410668
88.92013088126251 5.630019019994982
86.85898693066386 6.758651848960798
84.79784298006523 7.06670696357511
82.73669902946658 7.176298807236022
80.67555507886794 7.46419347879697
78.6144111282693 7.239057468288015
76.55326717767066 8.179500570722517
74.49212322707203 8.47442372557038
72.43097927647338 14.145593560551147
70.36983532587475 15.411486166550414
68.30869137527608 20.49682604022579
66.24754742467745 24.05859382871854
64.18640347407882 29.11947741751284
62.125259523480175 34.37664820348564
60.064115572881526 37.83636965380121
58.002971622282885 40.246306008919845
55.94182767168425 45.63863313534177
53.88068372108561 53.654460020227454
51.81953977048697 59.14347337447202
49.75839581988833 62.467380364745324
47.697251869289694 59.83324531660192
45.63610791869105 65.77638948582926
43.57496396809241 65.81621183729749
41.51382001749377 65.4500386457157
39.45267606689513 62.07289551316606
37.39153211629649 61.57101548826117
35.33038816569785 61.460757660723885
33.26924421509921 65.46863551702099
31.208100264500565 63.94575033519156
29.146956313901928 63.412321320159116
27.085812363303287 66.85136748275777
25.024668412704642 70.55899521476667
22.963524462106 74.15947327057648
20.90238051150736 79.10531621726246
18.84123656090872 72.44241019290182
16.780092610310078 71.81750054601257
14.718948659711439 73.76252951309188
12.657804709112796 82.96908600936234
10.596660758514158 88.60746162534558
8.535516807915515 92.95751780368745
6.474372857316876 90.32330733941525
4.413228906718235 85.80792893513949
2.352084956119594 76.74036409993805
0.29094100552095303 58.819660008825615
-1.7702029450776877 52.29956696160565
-3.8313468956763286 44.617621930275085
-5.892490846274969 36.58206659975719
-7.95363479687361 31.895081481644823
-10.014778747472251 30.687896246223186
-12.075922698070892 26.17657762315363
-14.137066648669533 23.170817632118265
-16.198210599268172 15.004572542691196
-18.259354549866813 20.068241426653664
-20.320498500465455 18.779482225290295
-22.3816424510641 13.53468677878689
-24.442786401662737 17.033537589051075
-26.503930352261374 18.586366146827622
-28.565074302860015 14.242072829122689
-30.626218253458656 20.20905438911478
-32.6873622040573 22.127223271961768
-34.748506154655935 22.835392291317774
-36.80965010525458 22.152445047301345
-38.870794055853224 25.787883268768965
-40.931938006451865 24.32670095471373
-42.99308195705051 26.99754367682469
-45.05422590764914 28.049078699437
-47.11536985824778 26.876307866768137
-49.17651380884642 32.02239788129239
-51.23765775944507 34.325775008008996
-53.29880171004371 30.74883550924395
-55.359945660642346 35.59221180896281
-57.421089611240994 38.510002482036434
-59.482233561839635 33.841491310628655
-61.543377512438276 31.301957765703353
-63.60452146303692 26.762827442032897
-65.66566541363555 27.983373567792416
-67.7268093642342 23.64432929026017
-69.78795331483283 20.520447730144426
-71.84909726543148 19.5656099364838
-73.91024121603012 15.093522043078968
-75.97138516662875 14.552623086684108
-78.0325291172274 13.987713556601221
-80.09367306782603 10.632529869779548
-82.15481701842468 12.645771158153018
-84.21596096902331 7.387886260280131
-86.27710491962198 8.723267621982469
-88.33824887022061 5.146409656581526
-90.39939282081924 6.800066082438106
-92.46053677141789 4.509618509369707
-94.52168072201653 5.904699842371281
-96.58282467261517 4.61927610428384
-98.64396862321381 1.3631844319685003
-100.70511257381244 4.185918304418831
-102.76625652441108 2.4493857109431247
-104.82740047500972 1.0327426808822389
-106.88854442560836 3.446814843234413
-108.94968837620699 3.224199944600426
-111.01083232680564 1.858768281963852
-113.07197627740427 -0.24416016255025721
-115.13312022800292 4.201773104241222
-117.19426417860156 2.050637260171053
-119.2554081292002 1.178004616765328
-121.31655207979884 0.9365044789028322
-123.37769603039747 1.0692065682949783
-125.43883998099614 0.3775740064273834
-127.49998393159477 0.9438640717401955
-129.5611278821934 0.46949131341980543
-131.62227183279205 0.23123068002273325
-133.6834157833907 1.5524268573647728
-135.74455973398932 -0.6039093307886336
-137.80570368458797 3.9845191723795588
-139.8668476351866 0.8085524360682387
-141.92799158578526 3.5861299485402234
-143.9891355363839 2.1924493708711776
-146.05027948698253 -0.34869681309592315
-148.11142343758118 3.488155993434476
-150.17256738817983 1.3713067830617964
-152.23371133877848 0.6578272082228452
-154.2948552893771 1.7671318910627063
-156.35599923997574 1.8512952491062933
-158.41714319057436 0.22161656639237304
-160.47828714117304 1.3479839793991946
-162.53943109177166 0.9938710367602677
-164.6005750423703 2.5101313496496376
-166.66171899296893 -1.3445754363270848
-168.72286294356758 2.846614510780232
-170.78400689416623 2.4059322397962126
-172.84515084476487 1.5044737392605247
-174.9062947953635 1.437935789849703
-176.96743874596214 1.4589765163642285
-179.02858269656076 -0.737517522233516
-181.08972664715944 -1.3127849493658506
-183.1508705977581 0.8046380801728712
-185.2120145483567 1.0327109411839739
-187.27315849895535 -1.9887770533496916
-189.334302449554 -0.7442239907997298
-191.39544640015265 1.7301760247499127
-193.45659035075127 -1.4530524846817645
-195.51773430134992 -3.8792488910733445
-197.57887825194854 -0.9339440816776071
-199.64002220254721 -1.824720805835178
-201.70116615314586 0.7403452156530786
-203.7623101037445 -0.6769852828325794
-205.82345405434313 -0.1991836212235089
-207.88459800494178 -3.0049344002390685
-209.9457419555404 -0.47660789241122586
-212.00688590613908 0.4963892839321556
-214.0680298567377 -2.202848531375395
-216.12917380733634 1.4074912318037203
-218.19031775793496 0.2694623222651581
-220.2514617085336 -1.494395282636201
-222.3126056591323 -1.6550012743337268
-224.3737496097309 -2.9956059866654146
-226.43489356032956 -2.362568236607632
-228.49603751092818 -1.6910058099247576
-230.55718146152685 0.5373527126447432
-232.61832541212547 -0.30089037933899043
-234.67946936272412 0.9622302967090329
-236.74061331332274 -0.7031055915713854
-238.8017572639214 0.9077607345646104
-240.86290121452004 1.1182372484541123
-242.92404516511868 2.2303385626906054
-244.9851891157173 -1.1899952044411337
-247.04633306631595 1.3156081325696798
-249.10747701691457 -2.0287989449630235
-251.16862096751325 -0.564257958215282
-253.22976491811187 -1.3246902421396884
-255.29090886871052 -2.355795604512629
-257.35205281930916 -2.7968864258456687
-259.4131967699078 1.5745858305840121
-261.47434072050646 3.7678433609890836
