# BEGINHEADER
# This file contains data from the SALSA 2m radio telescope.
# DATE=2021-11-25T17:36:0007
# GLON and GLAT given in degrees
# GLON=123.82627294857973
# GLAT=-6.121801962209515
# DATA in two columns below. Col. 1 is velocity relative to LSR [km/s]. Col. 2 is uncalibrated antenna temperature [K].
# ENDHEADER
262.9504054128122 3.543577507597377
260.88926146221354 5.276171923959417
258.8281175116149 5.499378878236889
256.76697356101624 8.621063193863582
254.70582961041762 7.243864201779396
252.64468565981898 7.196192620459425
250.58354170922033 6.669731671308534
248.5223977586217 6.511034402010311
246.46125380802306 8.012061872026136
244.4001098574244 8.245336342592259
242.33896590682576 8.40009144324548
240.27782195622714 8.777962686605084
238.2166780056285 9.367633174467136
236.15553405502988 9.856301382374408
234.0943901044312 10.787001041768624
232.03324615383255 9.091659568295263
229.97210220323393 9.582162878423443
227.91095825263528 11.609856269273505
225.84981430203666 10.492236315402106
223.788670351438 10.6723635883409
221.72752640083937 9.841718940223357
219.66638245024072 8.339985035061238
217.6052384996421 7.994003741642323
215.54409454904342 9.371790839577022
213.4829505984448 8.871155642650185
211.42180664784615 9.235332491634448
209.36066269724753 9.034946344311134
207.29951874664889 9.403633413811157
205.23837479605024 11.965858762560678
203.1772308454516 10.638942953879464
201.11608689485297 7.513896843186888
199.05494294425432 9.695401741993736
196.9937989936557 9.476942834252268
194.93265504305703 8.116224794462662
192.87151109245838 8.431603442365668
190.81036714185976 10.277248938104474
188.7492231912611 9.283438708542349
186.6880792406625 8.738253013946915
184.6269352900638 9.143030014544443
182.5657913394652 10.074013121381876
180.50464738886654 8.297690050820854
178.44350343826792 9.444435646600274
176.38235948766925 9.839851320750784
174.32121553707063 11.21600184398645
172.26007158647198 7.422436580067902
170.19892763587336 8.851547075253496
168.1377836852747 10.842523191341005
166.07663973467606 9.639547743326823
164.01549578407742 9.118821516965598
161.9543518334788 12.7953909375894
159.89320788288015 10.184531408966373
157.83206393228153 8.295773755768451
155.77091998168285 10.462556909453152
153.7097760310842 10.127021069116296
151.64863208048558 9.707707018968962
149.58748812988694 10.707978305281951
147.5263441792883 11.012976832676342
145.46520022868964 10.270673193380627
143.40405627809102 10.88717760311916
141.34291232749237 9.533495585384808
139.28176837689375 9.789462089386598
137.22062442629507 9.887154484192012
135.15948047569645 9.184678756157723
133.0983365250978 9.792899945450742
131.0371925744992 10.438310747484671
128.97604862390054 9.022150701408526
126.91490467330189 10.864431099453713
124.85376072270324 8.153620914497147
122.79261677210461 9.955576800689357
120.73147282150596 9.521568653147305
118.67032887090733 9.449263560901825
116.60918492030869 10.217810782926055
114.54804096971004 8.697606336592232
112.48689701911141 11.565288524357909
110.42575306851276 8.947412030058963
108.36460911791413 8.6612542595638
106.30346516731548 8.212747306089598
104.24232121671685 9.373890560893887
102.18117726611821 8.963077030999141
100.12003331551956 7.850605615455312
98.05888936492092 9.795947233854081
95.99774541432227 9.33723104124041
93.93660146372363 8.4750855894448
91.87545751312499 8.8429322183263
89.81431356252635 9.989990132815485
87.75316961192772 10.290086910936175
85.69202566132907 10.173762512310347
83.63088171073043 9.267222799073599
81.56973776013179 9.360039227752704
79.50859380953315 10.403503614637378
77.4474498589345 9.05642826763501
75.38630590833587 10.428164900179594
73.32516195773724 9.107948189323901
71.26401800713859 7.646990511247206
69.20287405653995 9.355643739756994
67.1417301059413 8.037387747322164
65.08058615534267 7.645453458388239
63.019442204744024 10.452873599679476
60.95829825414538 10.568987295603353
58.89715430354674 9.11967946202782
56.8360103529481 9.006980418240989
54.77486640234947 8.829541062228904
52.713722451750826 8.837074081442562
50.652578501152185 7.556217158133211
48.59143455055354 9.41894580070775
46.530290599954895 7.114970502489601
44.469146649356254 8.599573607513726
42.40800269875761 8.495526260100938
40.34685874815898 9.477372430353123
38.28571479756034 9.890807649482886
36.2245708469617 8.178767322178603
34.163426896363056 7.938585490592975
32.102282945764415 10.13677159129327
30.041138995165774 9.130229611825852
27.979995044567133 8.895408808003914
25.918851093968488 9.916340658445492
23.857707143369847 9.956258691294664
21.796563192771206 11.089955912562724
19.735419242172565 10.742785235829711
17.674275291573927 10.397073126930424
15.613131340975285 11.527845621919056
13.551987390376643 12.895530019666923
11.490843439778004 15.8152912737356
9.429699489179365 16.323346606019392
7.368555538580722 20.92306210491374
5.307411587982081 24.13211881668085
3.2462676373834403 32.36746972878927
1.1851236867847996 44.94722899883601
-0.8760202638138411 57.26121727107795
-2.937164214412482 70.94893960426482
-4.998308165011123 74.64376288646085
-7.059452115609763 75.17203718490838
-9.120596066208403 69.64698859207563
-11.181740016807044 66.49986996623919
-13.242883967405687 61.378505276038815
-15.304027918004328 52.44160148177338
-17.365171868602967 48.89883283917356
-19.42631581920161 44.670333464733346
-21.48745976980025 39.58370776216374
-23.54860372039889 35.578847159981265
-25.60974767099753 33.58847491031658
-27.67089162159617 32.429756180211804
-29.73203557219481 33.246049585424366
-31.793179522793448 35.81187177850357
-33.85432347339209 36.397544270688236
-35.915467423990734 36.91321068787344
-37.976611374589375 39.99305009179316
-40.037755325188016 38.98579034997464
-42.09889927578665 40.45916924765997
-44.16004322638529 39.200527927157694
-46.22118717698393 38.19621392433599
-48.28233112758258 39.80143333177285
-50.34347507818122 39.02892239056628
-52.40461902877986 34.66806358739497
-54.4657629793785 30.056436325463984
-56.52690692997714 29.589027790944154
-58.58805088057578 29.301758540784423
-60.64919483117442 29.197323238258406
-62.71033878177306 25.024387204615174
-64.77148273237171 23.599722390415096
-66.83262668297034 22.175112116614045
-68.89377063356899 19.56828441113662
-70.95491458416762 16.965004112321243
-73.01605853476627 15.12397587138256
-75.07720248536491 15.513139918098052
-77.13834643596354 14.625631664822478
-79.19949038656219 13.45453669352415
-81.26063433716082 12.729697486983556
-83.32177828775947 10.341136406436055
-85.3829222383581 10.536524132361924
-87.44406618895675 10.39894146663516
-89.50521013955539 9.120070059548986
-91.56635409015402 8.954779386041997
-93.62749804075267 9.97245394668869
-95.68864199135132 10.851349095385153
-97.74978594194997 9.20326544187368
-99.8109298925486 9.479166321275196
-101.87207384314725 9.495230122524937
-103.93321779374588 8.970498084126785
-105.99436174434452 9.985260951139175
-108.05550569494316 8.353127245836378
-110.1166496455418 8.115555041061919
-112.17779359614045 7.5173005425563995
-114.23893754673908 8.310445701963955
-116.30008149733773 5.434190103115151
-118.36122544793636 7.9798975991870265
-120.422369398535 6.25019039716352
-122.48351334913364 5.401406605276067
-124.54465729973228 5.8878950352464265
-126.60580125033093 5.7818543186715745
-128.66694520092958 5.648368004959027
-130.72808915152822 5.699753005703081
-132.78923310212684 4.882904667371792
-134.8503770527255 4.60729003256167
-136.91152100332414 6.221451765598902
-138.97266495392276 5.324553097910133
-141.0338089045214 4.080657264999512
-143.09495285512006 4.80238675971083
-145.1560968057187 3.570310800167418
-147.21724075631732 4.031443439155087
-149.27838470691597 4.72212534997935
-151.3395286575146 4.529489834006668
-153.40067260811327 5.6579835213604905
-155.46181655871192 2.9684120240948695
-157.52296050931054 4.499197012235642
-159.58410445990918 4.2057779398398285
-161.6452484105078 4.075366604250034
-163.70639236110648 4.468166307427003
-165.7675363117051 3.475667127100761
-167.82868026230375 4.922330810868282
-169.88982421290237 3.4572153373937455
-171.95096816350105 1.9176955304197285
-174.01211211409966 3.6192757737021686
-176.0732560646983 4.505850106065315
-178.13440001529693 4.022892933407299
-180.19554396589558 5.016936015990558
-182.25668791649423 2.5653146244259544
-184.31783186709288 3.9824155702237145
-186.3789758176915 3.9688119696847806
-188.44011976829015 2.9851017917583977
-190.50126371888877 3.34871153063884
-192.56240766948744 4.75106015049436
-194.6235516200861 4.991070512233852
-196.6846955706847 2.9050323275831644
-198.74583952128336 3.8402250618247127
-200.80698347188198 3.688711977019633
-202.86812742248065 3.3087973816664764
-204.92927137307927 4.935335872160302
-206.99041532367792 2.6235057635945656
-209.05155927427654 3.14740271548894
-211.11270322487522 1.249934748585103
-213.17384717547384 5.458890339390353
-215.2349911260725 4.24742919472833
-217.2961350766711 5.34149331625815
-219.35727902726975 3.5805692473939748
-221.4184229778684 0.8498548001436241
-223.47956692846705 1.9211996043326076
-225.54071087906567 4.270756572802674
-227.60185482966432 4.303468056203758
-229.66299878026294 3.2644169346790504
-231.72414273086162 2.620006851785112
-233.78528668146026 4.423419366921962
-235.84643063205888 3.1660292411790047
-237.90757458265753 2.945331494277632
-239.96871853325618 2.4411016400482892
-242.02986248385483 3.2806050975266454
-244.09100643445345 3.0578495156785026
-246.1521503850521 3.9848296469005486
-248.21329433565072 4.41806998289705
-250.2744382862494 4.438024108702528
-252.335582236848 4.329335912249073
-254.39672618744666 3.6561305234336388
-256.4578701380453 4.28635613082472
-258.5190140886439 4.9535966880399425
-260.5801580392426 4.685254365108017
-262.6413019898412 3.995406538161199
