# BEGINHEADER
# This file contains data from the SALSA 2m radio telescope.
# DATE=2021-11-24T15:35:0012
# GLON and GLAT given in degrees
# GLON=14.837217715489654
# GLAT=6.221292306547519
# DATA in two columns below. Col. 1 is velocity relative to LSR [km/s]. Col. 2 is uncalibrated antenna temperature [K].
# ENDHEADER
266.48994754421307 -6.044066970329881
264.4288035936144 -11.345083231035499
262.36765964301577 -8.937192166120997
260.3065156924171 -13.369971759366937
258.24537174181853 -13.4705036482907
256.1842277912199 -12.839705442064345
254.12308384062123 -10.404100493550445
252.06193989002256 -13.050216282497987
250.00079593942394 -13.574119032189625
247.9396519888253 -13.787368158519786
245.87850803822667 -11.044136164843568
243.81736408762802 -13.18148900111158
241.75622013702937 -12.0182386065823
239.69507618643073 -10.84109671062058
237.6339322358321 -13.520018843227259
235.57278828523346 -13.895126093993868
233.5116443346348 -13.108523086469042
231.45050038403616 -15.19687065542177
229.38935643343754 -12.154375782341853
227.3282124828389 -12.407460035422035
225.26706853224027 -14.351447339676492
223.2059245816416 -10.37911338235743
221.14478063104298 -11.221671837104635
219.08363668044433 -10.280836567937067
217.02249272984568 -14.824249608116704
214.96134877924706 -12.85360276635278
212.90020482864838 -13.622221993782391
210.83906087804976 -11.520293752403227
208.77791692745112 -12.063175742312247
206.7167729768525 -12.877676430227552
204.65562902625382 -11.60858370855384
202.5944850756552 -13.149521371213687
200.53334112505655 -13.713345282092678
198.47219717445793 -11.335674308718888
196.41105322385926 -14.815145970006382
194.34990927326064 -13.176651697120983
192.28876532266196 -9.792234130491275
190.22762137206334 -13.383102376576604
188.1664774214647 -12.61781398048633
186.10533347086607 -10.888723389940917
184.04418952026742 -12.443290455781655
181.98304556966875 -12.21152471860599
179.92190161907013 -12.523102163553984
177.86075766847148 -10.539476823175228
175.79961371787286 -10.752529779240346
173.7384697672742 -11.760114524127827
171.67732581667556 -10.867942096813726
169.61618186607691 -12.24122076547562
167.5550379154783 -12.127054423502173
165.49389396487965 -11.126164428998539
163.432750014281 -9.920136736870226
161.37160606368235 -11.58854750872385
159.31046211308373 -11.597700020494244
157.24931816248508 -12.117824603202232
155.18817421188646 -10.855475219474995
153.12703026128779 -9.434917240843909
151.06588631068917 -11.870442299503779
149.00474236009052 -11.910036242247589
146.9435984094919 -10.18658490152919
144.88245445889325 -13.62198927638297
142.82131050829457 -11.999022984280588
140.76016655769595 -11.673776575149097
138.6990226070973 -10.1023575388272
136.63787865649869 -8.867526516251028
134.57673470590004 -12.246317857987538
132.5155907553014 -11.705940162467295
130.45444680470274 -10.703579368416325
128.39330285410412 -8.999743576344429
126.33215890350547 -9.559143302916363
124.27101495290684 -8.658332542865962
122.20987100230818 -11.461395773767947
120.14872705170954 -10.339141569276698
118.08758310111091 -12.243118551271152
116.02643915051226 -10.552381834198998
113.96529519991363 -9.392489609942668
111.90415124931498 -10.05089086235903
109.84300729871634 -11.380362461644824
107.7818633481177 -8.324794463804531
105.72071939751906 -9.621638372685663
103.65957544692043 -9.612272788538194
101.59843149632178 -10.22551900651828
99.53728754572315 -8.070248576708126
97.4761435951245 -8.540251452606249
95.41499964452586 -9.252870774055376
93.35385569392722 -10.680574560337066
91.29271174332858 -10.878539596459555
89.23156779272995 -8.771485729025022
87.1704238421313 -9.066709386384993
85.10927989153267 -10.279846342316894
83.048135940934 -13.22963435554194
80.98699199033537 -9.869475857756996
78.92584803973674 -11.409303316406247
76.86470408913809 -8.874431650023318
74.80356013853945 -8.867681228699892
72.7424161879408 -9.731292964017886
70.68127223734217 -8.56914094531753
68.62012828674352 -6.72582761941627
66.55898433614489 -8.885714416678317
64.49784038554624 -8.660197133073336
62.436696434947606 -8.972279517153192
60.375552484348965 -4.485975851839013
58.31440853375033 -5.908894076146766
56.25326458315169 -6.422224692036403
54.19212063255304 -5.304860554791697
52.1309766819544 -5.185842691158082
50.06983273135576 -4.302720024603893
48.008688780757126 -4.181176165458446
45.947544830158485 -4.102168233492164
43.886400879559844 -4.385322343154231
41.8252569289612 -3.345358082939799
39.76411297836257 -1.4059719499873096
37.70296902776393 0.4816589350773167
35.64182507716528 0.6207676710316697
33.58068112656664 3.8636565407419514
31.519537175968 7.080172174342286
29.45839322536936 12.815454016956679
27.39724927477072 15.53150972379072
25.336105324172078 22.395203375146828
23.274961373573436 27.208324134842638
21.213817422974792 29.093267906196708
19.15267347237615 31.400104950361712
17.091529521777513 36.583211620975405
15.030385571178872 36.93212567586371
12.969241620580231 36.6579057213804
10.90809766998159 37.577603767402415
8.846953719382949 34.426580887760565
6.785809768784309 37.831765290594554
4.724665818185668 49.18448691331706
2.6635218675870274 49.70408709744242
0.6023779169883865 41.692355993767066
-1.4587660336102544 30.050480420073544
-3.519909984208895 18.779795270313894
-5.581053934807535 12.292643385081757
-7.642197885406177 7.343533515427587
-9.70334183600482 4.874733621919147
-11.764485786603458 4.467803729808982
-13.8256297372021 2.6218566550482847
-15.88677368780074 -0.49803318842701916
-17.94791763839938 -0.24937432775429869
-20.009061588998023 -1.9014669922557523
-22.070205539596664 -2.9547034557662006
-24.1313494901953 -4.296065653123299
-26.19249344079394 -5.310594093233019
-28.253637391392584 -4.04072972804545
-30.314781341991225 -5.649367758992423
-32.37592529258986 -6.984896237586511
-34.4370692431885 -6.258262256992964
-36.498213193787144 -5.711982308404252
-38.559357144385785 -7.066463915601631
-40.62050109498443 -6.4693359462782105
-42.68164504558307 -5.5033695361726
-44.74278899618171 -8.754850842515935
-46.80393294678035 -6.645158516730622
-48.86507689737899 -11.10979039185569
-50.92622084797764 -9.66139095670072
-52.98736479857627 -10.302072247398334
-55.048508749174914 -9.152275051057238
-57.109652699773555 -9.432167287503441
-59.170796650372196 -7.008179208164682
-61.231940600970844 -9.56783745076384
-63.293084551569486 -9.59924730983793
-65.35422850216813 -7.221094249141535
-67.41537245276676 -9.950429350382457
-69.4765164033654 -7.671802602094111
-71.53766035396406 -9.286049598073273
-73.59880430456269 -5.713925613776265
-75.65994825516132 -8.188133210505255
-77.72109220575997 -9.01580462776603
-79.7822361563586 -8.266928295096154
-81.84338010695726 -6.528216175509886
-83.90452405755589 -6.809302662620904
-85.96566800815454 -9.616690576357827
-88.02681195875317 -8.512125251973831
-90.0879559093518 -8.670771223642925
-92.14909985995045 -11.458682900787979
-94.21024381054909 -6.175101947675164
-96.27138776114774 -9.420321724069506
-98.33253171174637 -8.133823340385552
-100.39367566234502 -9.922720713568836
-102.45481961294365 -10.15300857376929
-104.51596356354229 -8.44480436474323
-106.57710751414093 -8.11536926986645
-108.63825146473957 -5.6478700881951065
-110.69939541533823 -8.21933540113959
-112.76053936593686 -9.495192412948228
-114.8216833165355 -8.52620831621301
-116.88282726713415 -7.837217801034442
-118.94397121773278 -7.713944558891162
-121.00511516833143 -6.456050331880858
-123.06625911893006 -9.066335160655306
-125.12740306952871 -6.975726803436163
-127.18854702012734 -8.514779034085906
-129.249690970726 -5.85248250466913
-131.31083492132464 -8.941252212702603
-133.37197887192326 -7.899168651518942
-135.4331228225219 -8.087119891357425
-137.49426677312056 -10.991992891642145
-139.5554107237192 -10.914327062844684
-141.61655467431783 -7.334030159435278
-143.67769862491647 -7.466582713893233
-145.7388425755151 -7.228652700471473
-147.79998652611377 -8.191417013338306
-149.8611304767124 -8.647992319220117
-151.92227442731104 -7.4532948980759715
-153.98341837790966 -7.153021583534621
-156.0445623285083 -8.391248827663778
-158.10570627910695 -8.979377147369119
-160.1668502297056 -8.244872173037406
-162.22799418030422 -7.21694201600243
-164.28913813090287 -8.972858645088209
-166.35028208150155 -7.761756070365895
-168.41142603210017 -9.081025086512343
-170.47256998269881 -8.249874067853925
-172.53371393329743 -9.37787766285263
-174.59485788389608 -8.273217031096522
-176.65600183449473 -9.749525813374772
-178.71714578509338 -8.957756324301691
-180.778289735692 -8.479010978325439
-182.83943368629065 -7.6735334522890835
-184.90057763688927 -9.17015928391581
-186.96172158748794 -7.881178382145498
-189.02286553808656 -9.807500894969369
-191.0840094886852 -7.704500172447937
-193.14515343928383 -7.80946504605094
-195.2062973898825 -7.5117470383008484
-197.26744134048113 -6.2030801224753125
-199.32858529107975 -6.931372672593309
-201.38972924167837 -11.049087125197246
-203.45087319227704 -10.647659339585047
-205.51201714287566 -6.9788024273226785
-207.5731610934743 -7.450483976401445
-209.63430504407296 -7.692308050312511
-211.69544899467158 -7.969264185379268
-213.75659294527026 -10.492596538409257
-215.81773689586888 -10.94220510942074
-217.87888084646752 -11.470757316206813
-219.94002479706614 -9.423428601521108
-222.00116874766482 -6.879855094154077
-224.06231269826344 -8.754282819408054
-226.1234566488621 -6.734006365154704
-228.1846005994607 -7.873135153234805
-230.24574455005936 -6.903228503189162
-232.306888500658 -6.900868688986594
-234.36803245125665 -9.106138756157241
-236.42917640185527 -8.868955368938384
-238.49032035245392 -9.605104062688696
-240.55146430305254 -9.008856471541057
-242.61260825365122 -8.449943488365442
-244.67375220424984 -10.334111282194122
-246.73489615484849 -10.030367785502756
-248.79604010544713 -8.344844951730803
-250.85718405604578 -8.633445768492798
-252.91832800664443 -8.851316610301144
-254.97947195724305 -12.331853590678476
-257.0406159078417 -8.918570847343311
-259.10175985844035 -12.496117408253614
