# BEGINHEADER
# This file contains data from the SALSA 2m radio telescope.
# DATE=2021-11-25T16:06:0035
# GLON and GLAT given in degrees
# GLON=173.42250000547008
# GLAT=-1.9455767128338146
# DATA in two columns below. Col. 1 is velocity relative to LSR [km/s]. Col. 2 is uncalibrated antenna temperature [K].
# ENDHEADER
265.65023170046345 -5.453936013635383
263.5890877498648 -8.657573345770718
261.52794379926615 -8.528064909033432
259.4667998486675 -9.110484060843895
257.40565589806886 -7.216228718866915
255.34451194747024 -7.41819748516762
253.2833679968716 -7.4510490622420065
251.22222404627297 -7.298576950985815
249.1610800956743 -6.355951366437756
247.09993614507567 -6.584649448100976
245.03879219447703 -7.419081067971688
242.97764824387838 -7.458512736034403
240.91650429327976 -6.269001870876653
238.85536034268108 -7.2512387083475085
236.79421639208246 -5.3216866861727015
234.7330724414838 -6.359281736272035
232.6719284908852 -6.141526579846418
230.61078454028655 -6.334085912900163
228.5496405896879 -5.434405743465342
226.48849663908925 -4.898256145582791
224.42735268849063 -6.15427697142269
222.36620873789198 -5.985736194435116
220.30506478729333 -6.976885803897343
218.24392083669468 -4.760726006186
216.18277688609606 -5.068759740662777
214.12163293549742 -6.462043315556898
212.0604889848988 -4.991098008937596
209.99934503430012 -4.306917429733634
207.9382010837015 -5.822183070618978
205.87705713310285 -5.428378260198003
203.8159131825042 -3.832902692365383
201.75476923190558 -5.24342096828376
199.6936252813069 -5.651165672335112
197.63248133070832 -5.863234620022839
195.57133738010967 -4.925183932835443
193.51019342951102 -4.322178894763691
191.44904947891237 -6.072609572232176
189.38790552831375 -5.8835368092794225
187.3267615777151 -4.674367834621042
185.26561762711648 -5.555567087973002
183.2044736765178 -5.073891093711527
181.1433297259192 -4.896393872930003
179.08218577532054 -3.6976168671884224
177.02104182472192 -4.833027557246
174.95989787412327 -5.017303694231596
172.89875392352462 -5.319060320915356
170.83760997292597 -5.136160713169466
168.77646602232736 -4.409852471609323
166.7153220717287 -5.683002753753683
164.65417812113006 -5.093922249593742
162.5930341705314 -4.855738153096554
160.53189021993276 -4.8357741010546675
158.47074626933414 -3.8906367822476926
156.4096023187355 -4.985749652034113
154.34845836813685 -5.548693549533053
152.2873144175382 -4.56287371476652
150.22617046693958 -5.856902437788315
148.16502651634093 -5.418217468458983
146.1038825657423 -4.448485040201063
144.04273861514363 -5.256106641245945
141.981594664545 -6.044245628062546
139.92045071394637 -4.426417211135926
137.85930676334775 -3.1990007711356703
135.7981628127491 -5.303106779283058
133.73701886215045 -4.166749909054353
131.6758749115518 -4.137393814049443
129.61473096095318 -4.01581718974265
127.55358701035452 -6.3409345544742
125.49244305975589 -3.890557896584626
123.43129910915724 -4.786705736217927
121.3701551585586 -4.708028479905571
119.30901120795997 -3.7894808069709267
117.24786725736132 -4.4252727722413
115.18672330676269 -4.953680045640958
113.12557935616404 -4.455792623366668
111.0644354055654 -6.86518543208811
109.00329145496677 -3.9589071112552596
106.94214750436811 -4.715818569590362
104.88100355376947 -4.942215799754597
102.81985960317083 -3.4707523011194987
100.75871565257219 -4.248595097899441
98.69757170197354 -4.6240243043176426
96.63642775137491 -5.185050212169722
94.57528380077628 -4.908138318542538
92.51413985017763 -4.597460245879399
90.452995899579 -4.918016197911642
88.39185194898035 -4.59255354816366
86.33070799838171 -5.569498685163328
84.26956404778306 -6.1014209033537865
82.20842009718443 -6.87155419135769
80.1472761465858 -6.126567941419071
78.08613219598715 -4.184125178380356
76.02498824538851 -4.1810106733390375
73.96384429478987 -4.911218269204839
71.90270034419123 -4.799357476316607
69.84155639359258 -5.239366197164939
67.78041244299393 -5.931536222355232
65.7192684923953 -6.895530465592318
63.65812454179666 -5.532380410502269
61.59698059119802 -5.226167493096263
59.535836640599385 -6.3107631237610065
57.47469269000074 -5.329686027614016
55.413548739402096 -5.574681536472435
53.352404788803454 -5.496180467770654
51.29126083820481 -4.932007251139675
49.23011688760617 -5.6184142037518106
47.16897293700754 -6.614760254006006
45.1078289864089 -5.253383134188289
43.046685035810256 -4.4284431270963465
40.985541085211615 -6.14989341787774
38.92439713461297 -6.14821157570297
36.863253184014326 -5.2674296281450586
34.802109233415685 -5.497612396450099
32.74096528281705 -5.656922989904107
30.679821332218406 -4.1095962459652196
28.61867738161977 -5.145807702893119
26.557533431021128 -5.576502045533859
24.496389480422483 -5.473997663557518
22.435245529823845 -5.256383610195646
20.374101579225204 -5.067945328393184
18.312957628626563 -1.7077378060205384
16.251813678027922 -0.8440728268802187
14.190669727429283 4.45240281508021
12.12952577683064 9.997196354183497
10.068381826232 19.281892396074166
8.00723787563336 33.88502656335788
5.9460939250347185 48.88736121359569
3.8849499744360774 60.31270266066827
1.8238060238374367 61.18406082476202
-0.2373379267612041 68.99200897742081
-2.298481877359845 74.84258935658625
-4.359625827958485 79.95668369903349
-6.420769778557126 79.9722971335141
-8.481913729155767 74.95453540128177
-10.543057679754407 73.26827664815819
-12.60420163035305 69.9551757108769
-14.665345580951689 66.31559715634361
-16.72648953155033 62.043163276608254
-18.78763348214897 53.10381290145756
-20.84877743274761 47.53878310766484
-22.909921383346255 39.75100329031531
-24.971065333944896 31.54066911746003
-27.032209284543534 24.128975369693574
-29.093353235142175 17.14031806846075
-31.154497185740816 11.243185561280965
-33.21564113633946 5.799954724045649
-35.2767850869381 6.910030270307551
-37.33792903753673 2.9720294266841534
-39.39907298813538 1.055699842966132
-41.46021693873402 -0.5170997127754151
-43.52136088933266 -1.5702113254729853
-45.5825048399313 -3.1488553821646734
-47.643648790529944 -3.8683339662356224
-49.70479274112858 -3.270497100995368
-51.76593669172722 -4.294667479398595
-53.82708064232586 -6.100882723492418
-55.8882245929245 -5.671746465152533
-57.94936854352315 -5.631709506403235
-60.01051249412179 -6.632410862004941
-62.07165644472043 -7.38405318274353
-64.13280039531907 -7.3827927399299735
-66.19394434591771 -8.215631210688578
-68.25508829651635 -6.204146260063623
-70.316232247115 -8.258313829775567
-72.37737619771363 -8.03356178374312
-74.43852014831226 -8.853568170876816
-76.49966409891091 -7.652751011468695
-78.56080804950955 -7.041181676084429
-80.6219520001082 -8.536585105903567
-82.68309595070683 -7.907983680852963
-84.74423990130546 -8.061605713838192
-86.80538385190412 -8.810285664373335
-88.86652780250276 -9.20445994994315
-90.92767175310141 -9.940969976343698
-92.98881570370004 -8.462612334992382
-95.04995965429869 -8.485110071369885
-97.11110360489732 -8.421998132410888
-99.17224755549596 -8.473412266353316
-101.2333915060946 -9.342109356992513
-103.29453545669324 -9.488419749473682
-105.35567940729189 -9.85914291769098
-107.41682335789052 -9.399436424095995
-109.47796730848917 -8.819400005647042
-111.5391112590878 -9.749189195588931
-113.60025520968644 -9.158088902676917
-115.66139916028509 -8.605301860709714
-117.72254311088372 -8.674741987515933
-119.78368706148237 -9.25158417452454
-121.844831012081 -9.16947694016066
-123.90597496267965 -11.562033744392338
-125.9671189132783 -12.628608366092841
-128.02826286387693 -11.230112453904411
-130.08940681447558 -10.130425993413668
-132.1505507650742 -11.528121958630495
-134.21169471567285 -10.723918688995948
-136.2728386662715 -8.639860086526138
-138.33398261687014 -9.905576838234941
-140.39512656746876 -10.736647159515472
-142.4562705180674 -10.106486166663954
-144.51741446866603 -11.831653150371032
-146.5785584192647 -10.690087526765272
-148.63970236986336 -10.684414786135406
-150.70084632046198 -9.25437263199627
-152.76199027106063 -10.475993891297898
-154.82313422165925 -9.489331142874017
-156.88427817225792 -11.25370020329504
-158.94542212285654 -10.559864842593006
-161.0065660734552 -10.25600245921928
-163.0677100240538 -9.243034640774486
-165.1288539746525 -11.00334882883255
-167.1899979252511 -10.216923120920493
-169.25114187584975 -10.367279183349824
-171.31228582644837 -11.694854706200076
-173.37342977704702 -10.820195993080016
-175.43457372764567 -9.701914637074912
-177.49571767824432 -10.545075229547649
-179.55686162884294 -9.878578256573666
-181.6180055794416 -11.545386751577098
-183.67914953004023 -12.0648436534484
-185.74029348063888 -9.604356397202787
-187.80143743123753 -10.7819263603502
-189.86258138183615 -10.243660796490332
-191.9237253324348 -11.094200150224662
-193.98486928303345 -12.005525836289651
-196.0460132336321 -11.104225277963852
-198.10715718423072 -10.713872428865068
-200.1683011348294 -10.884712510766711
-202.229445085428 -10.060294979671577
-204.29058903602666 -12.326612063527907
-206.3517329866253 -10.34383875254208
-208.41287693722396 -9.708911098508295
-210.47402088782258 -11.514426829362781
-212.53516483842122 -10.379552083983167
-214.59630878901984 -10.961617837358569
-216.65745273961852 -9.851609996280926
-218.71859669021714 -11.96356785928463
-220.7797406408158 -11.308854812749978
-222.84088459141444 -12.309048399828864
-224.90202854201306 -12.265760196116583
-226.96317249261173 -10.448967537610617
-229.02431644321035 -10.944187875001177
-231.085460393809 -11.418108772607555
-233.14660434440762 -11.541741856253799
-235.2077482950063 -10.745255470502611
-237.26889224560492 -11.851292772090023
-239.33003619620357 -10.072331466345014
-241.39118014680218 -9.441451617666237
-243.45232409740083 -12.245707895945861
-245.51346804799948 -12.800916804212342
-247.57461199859813 -10.172968414717776
-249.63575594919675 -12.729597903340206
-251.6968998997954 -11.407937364771268
-253.75804385039402 -11.070007767779584
-255.8191878009927 -10.750060285914484
-257.8803317515913 -9.183938579382888
-259.94147570218996 -11.554248409421929
