# BEGINHEADER
# This file contains data from the SALSA 2m radio telescope.
# DATE=2021-11-25T17:23:0010
# GLON and GLAT given in degrees
# GLON=105.82126009666239
# GLAT=-6.047500601024482
# DATA in two columns below. Col. 1 is velocity relative to LSR [km/s]. Col. 2 is uncalibrated antenna temperature [K].
# ENDHEADER
262.59657394739145 4.185521032999747
260.53542999679274 9.978715211946405
258.4742860461941 11.768981271367236
256.4131420955955 11.549207697494388
254.35199814499686 11.15149665183548
252.29085419439818 11.762858432161474
250.22971024379956 9.76660736646514
248.1685662932009 11.25135408440805
246.1074223426023 13.811283896509888
244.04627839200364 11.266612969240063
241.985134441405 11.131936081953082
239.92399049080635 11.194815928842717
237.86284654020773 14.023787471256624
235.80170258960908 13.407565724086728
233.74055863901046 12.007762797516229
231.67941468841178 12.435427158369889
229.61827073781316 13.350148641828271
227.55712678721451 13.992261899082562
225.4959828366159 13.961690764433937
223.43483888601725 14.223389289736284
221.37369493541857 14.080064710390296
219.31255098481995 13.288104111498058
217.2514070342213 13.195549544316586
215.19026308362268 12.47187042493037
213.129119133024 14.066655901106206
211.06797518242539 12.299510419577913
209.00683123182674 13.388669350483354
206.94568728122812 13.37741791046537
204.88454333062947 14.00771209906933
202.82339938003082 13.260175475877427
200.76225542943217 13.787333485734603
198.70111147883355 13.774194149777538
196.6399675282349 13.205987147695408
194.57882357763629 11.867145052086812
192.51767962703764 13.87389609608727
190.45653567643902 14.224662612489533
188.39539172584037 13.743358699763853
186.33424777524172 13.292534782339523
184.27310382464307 13.092920198890587
182.21195987404442 11.867072181603689
180.1508159234458 13.045610676285591
178.08967197284716 13.379130137130863
176.0285280222485 12.434494563000456
173.96738407164986 13.000877845480051
171.90624012105124 13.690978627300991
169.8450961704526 14.018799843262425
167.78395221985397 13.400203978768117
165.7228082692553 13.380818284164583
163.66166431865668 15.694687413798327
161.60052036805803 14.823853647262151
159.5393764174594 14.472286738316642
157.47823246686073 15.135777954422684
155.4170885162621 12.861861919985474
153.35594456566346 14.959610989239522
151.29480061506484 12.656858659046652
149.2336566644662 13.198951016201915
147.17251271386755 12.575571309465115
145.1113687632689 14.54589871410124
143.05022481267025 15.33666895498141
140.98908086207163 13.364832359973569
138.92793691147298 14.353253209791138
136.86679296087433 13.671793268466796
134.8056490102757 12.996360139922077
132.74450505967707 14.812901278855133
130.68336110907842 13.252786530729425
128.62221715847977 11.809262725889242
126.56107320788115 13.163457039658036
124.49992925728249 14.667282372868074
122.43878530668385 14.394124277081762
120.3776413560852 14.80221595670619
118.31649740548657 14.599617063955208
116.25535345488792 13.326553640832735
114.19420950428929 12.686065145569723
112.13306555369066 13.040786695010455
110.07192160309201 13.933625409738058
108.01077765249337 12.804641894857586
105.94963370189473 11.917445258788401
103.88848975129609 13.370003568957893
101.82734580069744 14.52074654168415
99.76620185009881 14.240852907432524
97.70505789950016 13.492146941451864
95.64391394890151 13.755815597216552
93.58276999830288 14.57209629086185
91.52162604770425 13.26472735677153
89.4604820971056 14.347380369256822
87.39933814650695 15.392944239480649
85.3381941959083 13.615363234763324
83.27705024530967 14.349781419779799
81.21590629471102 12.64188963601612
79.15476234411238 13.28195712074161
77.09361839351375 13.425549456153309
75.0324744429151 12.627835658845182
72.97133049231647 11.177354258200362
70.91018654171782 12.734067875098386
68.84904259111919 12.073147812771746
66.78789864052054 12.764202764437297
64.7267546899219 13.57439865341454
62.66561073932326 12.709042034266053
60.60446678872462 14.732139051929163
58.543322838125974 12.311514456584293
56.48217888752734 12.039360230526816
54.4210349369287 13.740524022400164
52.35989098633006 13.42108149328249
50.29874703573142 11.824773569915548
48.237603085132776 13.525764679235333
46.176459134534134 15.221152296214312
44.1153151839355 13.47409398218747
42.05417123333686 12.929751220358437
39.99302728273822 13.98842510773231
37.93188333213957 12.078050543055078
35.87073938154093 13.200018213624599
33.80959543094229 12.165382604770327
31.74845148034365 13.78171373811973
29.68730752974501 13.792108943584568
27.626163579146368 13.866521406139068
25.56501962854773 14.987239539847364
23.50387567794909 15.821382830878832
21.44273172735045 16.55659489618739
19.381587776751807 15.215437738973622
17.32044382615317 15.377658419043309
15.259299875554527 16.953738552234793
13.198155924955886 19.650581449511968
11.137011974357243 20.999028413263662
9.075868023758604 26.246715958088537
7.014724073159963 32.21748908312547
4.9535801225613225 42.45880973030775
2.8924361719626814 59.046685258606395
0.8312922213640407 71.37835453482246
-1.2298517292346 71.53341631921461
-3.2909956798332405 70.48123956177184
-5.352139630431881 68.44587045779305
-7.413283581030523 62.724751837012484
-9.474427531629164 52.838188282022095
-11.535571482227805 45.22900436366352
-13.596715432826445 42.09337590384825
-15.657859383425084 37.470794038776134
-17.719003334023725 33.44827924831623
-19.780147284622366 30.960510520259263
-21.841291235221007 31.21581858751036
-23.902435185819648 29.543756362887052
-25.963579136418293 28.79331647606565
-28.024723087016934 30.406050920832186
-30.08586703761557 32.59992067997633
-32.14701098821421 32.63108331791498
-34.208154938812854 35.91824881701646
-36.269298889411495 38.42804325688274
-38.33044284001014 39.31419518817526
-40.39158679060878 41.34036841079168
-42.45273074120742 44.19559610818836
-44.51387469180606 44.255009278107515
-46.5750186424047 42.59421723857124
-48.63616259300334 43.42763896894559
-50.69730654360198 44.99796817835787
-52.758450494200616 45.54572816491499
-54.81959444479926 42.390180838576455
-56.8807383953979 39.773119403839544
-58.94188234599655 34.06208250142381
-61.00302629659519 33.60635896971644
-63.06417024719383 30.86638235074231
-65.12531419779246 28.22063479669821
-67.1864581483911 26.598407459698908
-69.24760209898976 23.9132445565544
-71.3087460495884 22.352005652327023
-73.36989000018703 21.65026282007337
-75.43103395078568 22.375091182199455
-77.49217790138431 21.02253098733552
-79.55332185198296 19.670166038439785
-81.61446580258159 18.57133278584535
-83.67560975318024 15.356847836506084
-85.73675370377887 15.435895794406497
-87.79789765437751 15.888382663674161
-89.85904160497616 14.661264752738456
-91.92018555557479 13.379105778913143
-93.98132950617344 14.301115128106956
-96.04247345677207 15.18451390163084
-98.10361740737072 14.129727272771197
-100.16476135796934 15.668117689584355
-102.22590530856799 14.355385234106818
-104.28704925916662 12.792618279346605
-106.34819320976528 14.641286436119861
-108.40933716036392 13.312918128274733
-110.47048111096255 12.976189390535396
-112.5316250615612 13.442485239047631
-114.59276901215983 13.199693141300031
-116.65391296275848 11.320367237396997
-118.71505691335712 11.844154399222724
-120.77620086395576 11.920935164987771
-122.8373448145544 11.329917202373158
-124.89848876515303 10.266348099484516
-126.95963271575168 10.726953515112436
-129.02077666635032 10.525242000730223
-131.08192061694896 10.314178671218059
-133.1430645675476 9.936292499256925
-135.20420851814626 11.604773239733136
-137.26535246874488 10.555225162816061
-139.32649641934353 9.25944526138445
-141.38764036994215 10.156170663946906
-143.44878432054082 9.92068892954247
-145.50992827113944 7.520348926938337
-147.5710722217381 9.295271987043956
-149.6322161723367 9.486916509182297
-151.69336012293536 9.488119882748542
-153.754504073534 7.677145330936078
-155.81564802413266 8.824059762876022
-157.87679197473128 8.944086467607718
-159.93793592532992 11.657601399089675
-161.99907987592857 10.861459007315721
-164.06022382652722 8.3161418082021
-166.12136777712587 10.389025249663487
-168.1825117277245 8.169015211323293
-170.24365567832314 10.41513609715104
-172.30479962892178 8.654139249047333
-174.36594357952043 8.482303564932394
-176.42708753011905 9.013478417710658
-178.4882314807177 7.9129576295677015
-180.54937543131632 10.178848230076627
-182.610519381915 8.861978929622522
-184.67166333251362 8.914664228255942
-186.73280728311227 8.28951987424543
-188.79395123371089 9.231373960536049
-190.85509518430953 10.20856818580729
-192.91623913490818 9.02116090389885
-194.97738308550683 7.845336429408856
-197.03852703610545 9.041990623626955
-199.09967098670413 9.863193132899877
-201.16081493730275 7.127649093011295
-203.22195888790142 7.36878665237021
-205.28310283850007 8.584852960714079
-207.3442467890987 8.11466062303809
-209.40539073969734 7.925159692420014
-211.46653469029596 7.395596528397454
-213.52767864089464 7.641293446807231
-215.58882259149325 8.656616911204484
-217.6499665420919 8.507398482257523
-219.71111049269052 8.595738344267428
-221.77225444328917 9.325040640889842
-223.83339839388782 8.738085309896082
-225.89454234448647 9.457251405609606
-227.9556862950851 6.647227825262064
-230.01683024568374 8.313751474632966
-232.07797419628238 8.870933293239396
-234.13911814688103 8.784251702891668
-236.20026209747965 8.10567575190786
-238.2614060480783 6.8169564624938905
-240.32254999867692 8.052986860959603
-242.3836939492756 7.010587394897644
-244.44483789987424 8.072176519892222
-246.50598185047286 9.402847402673
-248.5671258010715 8.105606863119872
-250.62826975167013 8.356589184913151
-252.6894137022688 8.205896039042388
-254.75055765286743 8.8184093472296
-256.8117016034661 8.438446921885433
-258.8728455540647 8.745045626179339
-260.9339895046633 8.609657956359143
-262.995133455262 9.901542485372945
