# BEGINHEADER
# This file contains data from the SALSA 2m radio telescope.
# DATE=2021-11-24T15:29:0011
# GLON and GLAT given in degrees
# GLON=50.876237172182236
# GLAT=0.2182582358173282
# DATA in two columns below. Col. 1 is velocity relative to LSR [km/s]. Col. 2 is uncalibrated antenna temperature [K].
# ENDHEADER
264.2083586660511 -4.963431547594739
262.14721471545244 -10.34053886116178
260.0860707648538 -10.81697309365321
258.02492681425514 -10.044978475388866
255.9637828636565 -9.61713643504252
253.90263891305787 -13.443572699301628
251.84149496245922 -11.247688070753162
249.7803510118606 -11.077788774259094
247.71920706126195 -13.335462693511667
245.6580631106633 -11.035868856317828
243.59691916006466 -12.642637720879783
241.53577520946604 -11.406658074282413
239.4746312588674 -11.095836306324536
237.41348730826877 -12.008992319585387
235.3523433576701 -11.622270414640726
233.29119940707147 -11.02644657018386
231.23005545647283 -11.857616769264776
229.1689115058742 -11.135656724868051
227.10776755527553 -12.578490471307521
225.04662360467688 -12.436079402011364
222.98547965407826 -12.969073528334622
220.9243357034796 -12.463748114422273
218.863191752881 -10.809946763923417
216.80204780228232 -13.243987674536447
214.7409038516837 -12.612372241697432
212.67975990108505 -12.753800578720249
210.61861595048643 -11.498390709625358
208.55747199988778 -12.513734361473471
206.49632804928913 -12.547142344649798
204.43518409869048 -14.356697062794204
202.37404014809186 -10.936789924486277
200.31289619749322 -12.339849531213565
198.2517522468946 -12.7546401992812
196.19060829629592 -11.58259872053183
194.1294643456973 -11.10042974893867
192.06832039509865 -13.125715692894307
190.00717644450003 -11.618201163187736
187.94603249390136 -9.607683107288695
185.8848885433027 -11.125085580511515
183.8237445927041 -12.681888607797191
181.76260064210544 -7.232292499182031
179.70145669150682 -9.610691887392514
177.64031274090814 -11.534976822195592
175.57916879030952 -11.435945968637553
173.51802483971088 -10.296668251796136
171.45688088911226 -10.055475772369773
169.3957369385136 -12.042245892237633
167.33459298791496 -11.119383987615347
165.2734490373163 -9.976839657718575
163.2123050867177 -11.358086366579986
161.15116113611904 -14.103514353095877
159.0900171855204 -8.973104819471525
157.02887323492175 -8.328345944127618
154.96772928432313 -11.280699464136198
152.90658533372448 -10.217113286021615
150.84544138312586 -11.274356093680016
148.78429743252718 -9.357489616977727
146.72315348192853 -10.097965070678773
144.66200953132991 -11.62783568625944
142.60086558073127 -8.698339713748194
140.53972163013265 -11.214470869462941
138.47857767953397 -11.383024548314507
136.41743372893535 -9.718818473910545
134.3562897783367 -10.097155744002752
132.29514582773808 -9.938472838154166
130.23400187713943 -10.699094251496145
128.1728579265408 -14.172408342075657
126.11171397594214 -11.825230592723981
124.0505700253435 -12.04824495431967
121.98942607474486 -12.743051240391392
119.92828212414622 -11.395087489515511
117.86713817354757 -10.665307674675926
115.80599422294894 -9.695884175891502
113.7448502723503 -10.394447830952142
111.68370632175166 -8.900085256949364
109.62256237115302 -11.761050989876853
107.56141842055438 -10.566589982295339
105.50027446995574 -12.87777032952938
103.4391305193571 -10.619952296819312
101.37798656875846 -9.506938553952933
99.31684261815982 -8.924700713993566
97.25569866756118 -10.674722140583123
95.19455471696254 -8.903398738873973
93.1334107663639 -7.242653568314312
91.07226681576525 -7.591686048814831
89.0111228651666 -8.62399488193794
86.94997891456796 -6.609607895641017
84.88883496396933 -7.661815512994844
82.82769101337068 -7.371377379674797
80.76654706277205 -7.899000365916914
78.7054031121734 -5.602377170754116
76.64425916157477 -4.504789862973856
74.58311521097613 -1.1122820068959876
72.52197126037748 0.9925297053278608
70.46082730977885 5.648674612158828
68.3996833591802 11.634774120570553
66.33853940858157 18.279362948545515
64.27739545798292 24.376579146159898
62.21625150738428 30.38757436847834
60.15510755678564 35.784144702705014
58.093963606186996 38.596224796773555
56.032819655588355 40.937580829097726
53.971675704989714 42.68162110719202
51.91053175439108 49.07545524069364
49.84938780379244 48.59641417108969
47.78824385319379 46.23507705461281
45.72709990259515 44.664957569020714
43.66595595199651 44.83942137376171
41.60481200139787 41.68267775844766
39.543668050799226 36.67109993386963
37.482524100200585 30.56184047165174
35.421380149601944 32.33358316316168
33.3602361990033 32.3973785545874
31.299092248404666 32.16026779334792
29.237948297806025 35.16364200416833
27.17680434720738 37.66674267237954
25.115660396608742 39.75240086178811
23.0545164460101 46.60578947887939
20.99337249541146 49.13769315821188
18.93222854481282 46.152565232147175
16.871084594214178 45.849829554525215
14.809940643615537 45.97213276126741
12.748796693016898 50.151525647960405
10.687652742418257 57.89422756189388
8.626508791819617 59.3750436241078
6.565364841220976 59.895700102683655
4.504220890622334 52.96087376100895
2.4430769400236936 47.29392609193785
0.3819329894250529 36.13070190874182
-1.679210961173588 24.37811288270328
-3.740354911772229 12.827668512193851
-5.801498862370869 10.546142975411462
-7.86264281296951 5.217228369408594
-9.92378676356815 4.673440874653818
-11.98493071416679 1.6359039449506352
-14.046074664765433 2.4708107884798847
-16.107218615364076 3.630772815143078
-18.168362565962713 -0.21598590486060706
-20.229506516561358 1.9649116285733108
-22.290650467159995 1.8712864442148776
-24.351794417758637 2.6251262751880637
-26.412938368357278 -0.2312947333280293
-28.47408231895592 1.097352219533896
-30.53522626955456 3.7549017174336576
-32.5963702201532 3.198159581864529
-34.657514170751845 2.5933474172536513
-36.71865812135049 7.705767751532184
-38.77980207194913 6.547610858243597
-40.84094602254776 8.620459887583687
-42.9020899731464 12.7903373574579
-44.963233923745044 12.58915923270529
-47.024377874343685 14.696655638271377
-49.085521824942326 14.570976700025524
-51.14666577554096 16.70709317034588
-53.2078097261396 14.54675699872952
-55.26895367673825 14.53621622069722
-57.33009762733688 13.379249733817263
-59.391241577935524 8.094304618216693
-61.452385528534165 9.628629198764463
-63.513529479132806 5.828924006639009
-65.57467342973145 6.65208116695651
-67.6358173803301 2.0253213391187708
-69.69696133092873 -0.708574165328745
-71.75810528152738 -1.1750457517844042
-73.81924923212601 -2.224488443790181
-75.88039318272466 -1.7790384952620661
-77.9415371333233 -4.9015297209336355
-80.00268108392193 -4.588979150039868
-82.06382503452058 -3.996790807831445
-84.12496898511921 -6.1137385128114845
-86.18611293571786 -6.278226725103631
-88.24725688631649 -7.70591153278973
-90.30840083691514 -8.503713556529947
-92.36954478751377 -7.82308994137768
-94.43068873811241 -9.589265044228686
-96.49183268871106 -8.932493238628968
-98.55297663930969 -11.453497201449963
-100.61412058990834 -8.258234414797878
-102.67526454050699 -9.210357242715233
-104.73640849110564 -9.968379411227492
-106.79755244170427 -8.25599309448209
-108.8586963923029 -7.343648038829355
-110.91984034290155 -7.79757600002617
-112.98098429350019 -6.107116847810719
-115.04212824409883 -6.426647752737724
-117.10327219469747 -9.107949492151263
-119.1644161452961 -8.35081071665523
-121.22556009589475 -7.29040959508463
-123.28670404649338 -7.334407025081161
-125.34784799709203 -6.8966953947861285
-127.40899194769067 -8.364692492015827
-129.47013589828933 -8.935958675065264
-131.53127984888798 -8.798071922918664
-133.5924237994866 -7.718803154415211
-135.65356775008524 -8.462366907104416
-137.71471170068386 -6.856023652358892
-139.7758556512825 -8.482544416045656
-141.83699960188116 -7.514103066624845
-143.8981435524798 -8.187766318114868
-145.95928750307843 -7.2540636432310786
-148.02043145367708 -8.484147601961952
-150.0815754042757 -8.373461753182063
-152.14271935487437 -9.335900840883324
-154.203863305473 -8.734386653043252
-156.26500725607164 -6.581687583798567
-158.32615120667026 -8.889171454818555
-160.38729515726894 -6.551121937191078
-162.44843910786759 -6.2989561115192565
-164.5095830584662 -6.713787708642886
-166.57072700906485 -7.175705349859729
-168.63187095966347 -8.113362696440266
-170.69301491026215 -10.370796252170331
-172.75415886086077 -8.716610312952541
-174.81530281145942 -9.905214975609063
-176.87644676205804 -9.343373789695743
-178.9375907126567 -7.7879025257248715
-180.99873466325533 -6.368793988711893
-183.05987861385398 -8.846060899017685
-185.1210225644526 -9.741231428439132
-187.18216651505125 -7.999116649017972
-189.24331046564987 -9.626043322432096
-191.30445441624855 -7.546994667033729
-193.36559836684717 -10.928305216961006
-195.42674231744581 -7.50257153421066
-197.48788626804443 -8.773147948793046
-199.5490302186431 -10.647330420852954
-201.61017416924176 -6.631670140060606
-203.67131811984038 -6.839146730410321
-205.73246207043903 -5.07598110245547
-207.79360602103765 -8.2425964368521
-209.85474997163632 -9.514320226673599
-211.91589392223494 -9.030728575260971
-213.9770378728336 -7.186188798980856
-216.0381818234322 -6.701586717270077
-218.09932577403086 -9.642378066313153
-220.1604697246295 -7.743333494232787
-222.22161367522816 -8.206013816621377
-224.28275762582678 -8.287131112135446
-226.34390157642542 -7.483091628700544
-228.40504552702407 -8.717172035300095
-230.46618947762272 -6.406684165202737
-232.52733342822134 -8.29794219839196
-234.58847737882 -9.49432762202919
-236.6496213294186 -8.171305725295133
-238.71076528001728 -8.967128666424994
-240.77190923061593 -7.545233691189516
-242.83305318121455 -6.908481001429674
-244.8941971318132 -10.454707681223104
-246.95534108241182 -6.932005851329056
-249.0164850330105 -8.572909297908076
-251.07762898360912 -9.000476250868402
-253.13877293420776 -10.14521757138487
-255.19991688480638 -10.067916640367843
-257.26106083540503 -10.6291805372588
-259.3222047860037 -7.771344763543198
-261.38334873660233 -9.308619975518434
