# BEGINHEADER
# This file contains data from the SALSA 2m radio telescope.
# DATE=2021-11-25T15:05:0048
# GLON and GLAT given in degrees
# GLON=24.884744320897553
# GLAT=0.2976362902415715
# DATA in two columns below. Col. 1 is velocity relative to LSR [km/s]. Col. 2 is uncalibrated antenna temperature [K].
# ENDHEADER
263.887688189882 -0.029967739631850718
261.8265442392833 -2.099862142244669
259.7654002886847 -6.216758223049426
257.70425633808605 -4.846800040244782
255.6431123874874 -1.7652419828384527
253.58196843688876 -2.4563971058864094
251.5208244862901 -2.5187746037624965
249.45968053569146 -0.6292727389323223
247.39853658509284 -3.226648414621159
245.3373926344942 -2.3808855904131576
243.27624868389555 -4.481424861074682
241.2151047332969 -1.6223816795494272
239.15396078269828 -0.21796381597815984
237.09281683209963 -0.9870108125174888
235.031672881501 -2.0491361139508757
232.97052893090233 -0.6173448092496576
230.9093849803037 -3.4313202932060567
228.84824102970506 -1.277909222721111
226.78709707910645 -2.0354936007649065
224.72595312850777 0.6729927939197726
222.66480917790915 -1.2971288116580144
220.6036652273105 -2.0894038773014603
218.54252127671188 -2.3996922491771944
216.48137732611323 -2.2774559709130258
214.42023337551458 -1.1659227166476884
212.35908942491594 -0.7198448902552466
210.2979454743173 0.7912688288447218
208.23680152371867 -1.0187376140321593
206.17565757312002 0.19337116346450725
204.11451362252137 -0.029194539630106993
202.05336967192272 0.44058204440892423
199.9922257213241 0.2656108617478446
197.93108177072543 -1.4042972859359306
195.8699378201268 -1.8407379332435476
193.80879386952816 -1.1078874592925096
191.7476499189295 -1.0064283217368282
189.68650596833086 -0.1282440939104508
187.62536201773224 -0.49265931996580387
185.5642180671336 0.35896399584476113
183.50307411653495 -1.1067628655452908
181.4419301659363 -2.6951142574606055
179.38078621533768 -0.12879547409022554
177.31964226473903 0.017587498949860662
175.2584983141404 0.36810862198544564
173.19735436354173 1.0464126450562445
171.1362104129431 -1.4276047477127962
169.07506646234447 -2.9857691637644583
167.01392251174582 -0.6809442512300548
164.9527785611472 -2.082969394457139
162.89163461054852 -0.399537043335401
160.8304906599499 -0.9790345834833413
158.76934670935125 0.09330273275441546
156.70820275875263 -1.089058648721519
154.64705880815396 0.28379565558328573
152.58591485755534 -1.0438405838152198
150.5247709069567 -0.8286027804606486
148.46362695635807 -0.13029148637864332
146.40248300575942 0.0540872199864874
144.34133905516077 0.90025739458778
142.28019510456213 -0.5916831908498486
140.2190511539635 0.8879057374404192
138.15790720336486 0.25163452993553515
136.09676325276624 0.8966025347696296
134.03561930216756 -0.43469926765028993
131.9744753515689 1.5838476494527398
129.9133314009703 1.8290801258248062
127.85218745037164 3.7943202372481277
125.79104349977301 3.8542504001207636
123.72989954917438 3.5541814158095812
121.66875559857573 6.356655470166501
119.6076116479771 6.129530988423124
117.54646769737845 10.195230665009356
115.4853237467798 11.670521924514832
113.42417979618115 13.828718271565391
111.36303584558252 18.300771044610883
109.30189189498388 18.678320426129826
107.24074794438523 22.576596142411752
105.1796039937866 25.1775768627649
103.11846004318795 25.196312709637763
101.05731609258932 27.162315795126162
98.99617214199067 24.791138735830497
96.93502819139204 27.260584644472452
94.8738842407934 28.30312729689467
92.81274029019475 28.848129455927108
90.75159633959612 28.60311428646836
88.69045238899747 26.509925330024235
86.62930843839884 27.581473845702337
84.56816448780019 27.685722253523675
82.50702053720156 27.260306924889083
80.44587658660292 25.75659347665307
78.38473263600427 25.474119584806612
76.32358868540562 23.619086770045058
74.26244473480698 23.623520309638685
72.20130078420834 28.18178755262059
70.14015683360971 27.459762115035918
68.07901288301106 28.775959684554707
66.01786893241243 29.105707556411318
63.95672498181378 30.032267937546184
61.895581031215144 32.88209976104976
59.8344370806165 30.93513588357552
57.77329313001786 34.97740169813146
55.71214917941922 36.014473489457956
53.65100522882058 36.83838909828042
51.58986127822194 36.37363476098084
49.528717327623305 38.90862808369837
47.46757337702466 40.999288099169476
45.406429426426016 41.20116124775153
43.345285475827374 40.987824710685594
41.28414152522873 40.676041166341584
39.22299757463009 41.45334891522062
37.16185362403145 42.436623423849824
35.10070967343282 40.66749118515993
33.039565722834176 38.19095534555188
30.97842177223553 38.94272951638978
28.91727782163689 40.546363089077545
26.85613387103825 41.80422549805805
24.794989920439612 45.59238784597021
22.733845969840967 50.543252531027804
20.672702019242326 55.97397043640369
18.611558068643685 59.88244244709469
16.550414118045047 63.57793538908597
14.489270167446405 62.562484971485155
12.428126216847765 64.42054365044466
10.366982266249122 62.86097019774954
8.305838315650483 62.48797383545535
6.244694365051842 63.8157375344423
4.183550414453202 67.29611527182537
2.1224064638545608 69.08254888049095
0.06126251325591988 60.196384678686556
-1.9998814373427212 46.65229587666193
-4.061025387941362 35.85695448496732
-6.122169338540003 29.202334354487547
-8.183313289138644 22.569612101643308
-10.244457239737285 21.682179686842016
-12.305601190335926 19.365198875022465
-14.366745140934565 18.352384345280107
-16.427889091533206 18.0964653698959
-18.489033042131847 17.612603229671777
-20.55017699273049 15.23264264942137
-22.61132094332913 16.940755246316677
-24.67246489392777 17.142837473953637
-26.73360884452641 19.467526465537713
-28.794752795125053 22.446410692740063
-30.85589674572369 20.846954757082898
-32.91704069632234 21.928230133431107
-34.97818464692097 20.27762034436295
-37.039328597519614 16.8841865770871
-39.100472548118255 15.700804037607345
-41.161616498716896 12.66794016347387
-43.22276044931554 8.241522180612687
-45.28390439991418 8.204078484658925
-47.34504835051281 3.980330660611729
-49.40619230111146 2.5751524749849692
-51.4673362517101 -0.20459594261261688
-53.52848020230874 0.8049336519601626
-55.58962415290738 1.4286568436968046
-57.650768103506024 -1.551979517670457
-59.711912054104666 -1.997786199302456
-61.7730560047033 -3.6146015624955603
-63.83419995530194 -3.1045557438330293
-65.89534390590059 -2.2633246105871714
-67.95648785649922 -4.151032617116912
-70.01763180709786 -2.8722773893861393
-72.0787757576965 -0.3672311636981645
-74.13991970829514 -3.0328370466959402
-76.20106365889379 -3.7759493899535275
-78.26220760949244 -3.421209073198198
-80.32335156009108 -5.76990948084446
-82.38449551068972 -0.6723378541961527
-84.44563946128835 -4.124945956959018
-86.506783411887 -2.046107466565509
-88.56792736248563 -5.7781586608426885
-90.62907131308428 -2.681483031201322
-92.69021526368292 -1.2166859535351735
-94.75135921428156 -5.906213938887819
-96.8125031648802 -4.526951100268752
-98.87364711547883 -4.5223758873373425
-100.93479106607748 -5.158537063362846
-102.99593501667611 -4.93585975997794
-105.05707896727476 -4.633640611739481
-107.1182229178734 -4.588162901411916
-109.17936686847204 -6.160692162193541
-111.24051081907068 -5.244517073492175
-113.30165476966931 -3.5571981518229125
-115.36279872026796 -3.0518260363251177
-117.42394267086661 -5.05832074899106
-119.48508662146526 -2.8080797498722676
-121.54623057206389 -5.78337669544763
-123.60737452266252 -4.491576251499893
-125.66851847326117 -5.107842984877881
-127.7296624238598 -6.787512993686825
-129.79080637445844 -6.912891061598754
-131.8519503250571 -5.388284736685543
-133.9130942756557 -7.0684459596928875
-135.97423822625439 -4.719625893208557
-138.03538217685303 -4.798979961681754
-140.09652612745165 -5.514047843803309
-142.1576700780503 -5.071390061017967
-144.21881402864892 -5.933326854161649
-146.2799579792476 -4.904410677070685
-148.34110192984622 -4.387269012245296
-150.40224588044487 -7.41935674120978
-152.4633898310435 -4.318897560776044
-154.52453378164213 -4.420469305384936
-156.58567773224078 -6.619496985618626
-158.64682168283943 -5.52476395148294
-160.70796563343805 -4.293915731344625
-162.7691095840367 -5.14854406023169
-164.83025353463532 -6.483323671192908
-166.891397485234 -5.235886904665944
-168.95254143583261 -6.074815727164981
-171.01368538643126 -5.737345010120082
-173.07482933702988 -7.735979503926795
-175.13597328762856 -5.723764666286801
-177.1971172382272 -6.123200517154259
-179.25826118882583 -5.662296014705375
-181.31940513942448 -6.846447207961457
-183.3805490900231 -6.147129170905602
-185.44169304062177 -3.2835902324667128
-187.5028369912204 -7.240968610219096
-189.56398094181904 -8.948431048077362
-191.62512489241766 -6.7314804905817525
-193.6862688430163 -5.8140206588762835
-195.74741279361496 -6.742224951098051
-197.8085567442136 -8.920347975532291
-199.8697006948122 -7.6610157294497725
-201.93084464541087 -6.571989440587011
-203.9919885960095 -5.249758958331946
-206.05313254660814 -6.476770965743244
-208.11427649720676 -7.769868592690136
-210.1754204478054 -8.183649567404744
-212.23656439840406 -6.638770292815127
-214.2977083490027 -6.267875531036403
-216.35885229960135 -4.313916536583442
-218.41999625019997 -5.6060943056518155
-220.48114020079862 -7.522003212444498
-222.54228415139727 -6.312673833790709
-224.60342810199592 -4.743793170301259
-226.66457205259454 -6.576114307275802
-228.72571600319318 -6.815346556688313
-230.78685995379183 -4.643330164586616
-232.84800390439048 -8.232834095399848
-234.9091478549891 -9.804046712083466
-236.97029180558775 -6.003465044439198
-239.03143575618637 -6.823582484894717
-241.09257970678505 -9.1060274150963
-243.15372365738367 -5.9801800361411255
-245.2148676079823 -5.645467369693653
-247.27601155858093 -5.987933019593461
-249.33715550917958 -7.605398134483977
-251.39829945977823 -6.60613143872302
-253.45944341037688 -4.991964021386046
-255.52058736097553 -5.569036032733677
-257.5817313115742 -5.68371756773885
-259.6428752621728 -3.701276221787963
-261.70401921277147 -5.035046903572636
