# BEGINHEADER
# This file contains data from the SALSA 2m radio telescope.
# DATE=2021-11-24T16:21:0046
# GLON and GLAT given in degrees
# GLON=87.88962411972739
# GLAT=6.041168711731718
# DATA in two columns below. Col. 1 is velocity relative to LSR [km/s]. Col. 2 is uncalibrated antenna temperature [K].
# ENDHEADER
268.7279886482165 -5.178539152944735
266.6668446976179 -11.542397214696102
264.6057007470193 -9.427775493551119
262.5445567964206 -10.180466191215551
260.483412845822 -12.79416746063914
258.4222688952233 -10.74108149960069
256.3611249446247 -12.026570082542552
254.29998099402604 -13.157138906349207
252.2388370434274 -10.77704670646508
250.17769309282878 -10.348310615696189
248.1165491422301 -14.63590462782562
246.05540519163148 -13.780271718755934
243.99426124103283 -14.252209512316465
241.9331172904342 -13.082491928204973
239.87197333983553 -11.931085471240863
237.81082938923691 -13.788743603486893
235.74968543863827 -13.648473084612906
233.68854148803962 -10.38842789748337
231.627397537441 -12.572880982572453
229.56625358684232 -12.107172930898647
227.5051096362437 -11.976266975674191
225.44396568564505 -13.604111235097232
223.38282173504643 -12.941994905750118
221.3216777844478 -9.545976998713442
219.26053383384914 -10.597076871917803
217.1993898832505 -11.965350614314165
215.13824593265187 -12.383363117778293
213.07710198205322 -11.23136022578052
211.01595803145457 -12.046239247777516
208.95481408085593 -10.837799572946317
206.8936701302573 -11.996899197007666
204.83252617965866 -13.321466654384754
202.77138222906004 -9.473838721923434
200.71023827846136 -11.200249651623635
198.64909432786274 -12.402591623483024
196.5879503772641 -12.66039043630948
194.52680642666544 -13.01597450979319
192.46566247606683 -12.580901161927834
190.40451852546815 -11.792513590040276
188.34337457486953 -11.432599726695319
186.28223062427088 -11.77579987911676
184.22108667367226 -11.748479234544593
182.1599427230736 -11.476802073475639
180.09879877247496 -12.506792892311212
178.03765482187632 -11.256319385123527
175.9765108712777 -11.995154074421364
173.91536692067905 -10.12381495177814
171.8542229700804 -12.673637799220446
169.79307901948175 -11.275984461560475
167.73193506888313 -11.758985515808252
165.67079111828448 -11.233606588134965
163.60964716768586 -10.5191569515744
161.5485032170872 -9.84134982437695
159.48735926648857 -11.85197387153235
157.42621531588992 -10.763411153644082
155.36507136529127 -10.42501103564063
153.30392741469265 -9.741616864915866
151.24278346409397 -9.119456264290797
149.18163951349536 -12.463478171930483
147.1204955628967 -12.563730514512402
145.0593516122981 -13.278530216044157
142.9982076616994 -13.200936837495458
140.9370637111008 -11.723053456313874
138.87591976050214 -11.328880935853084
136.81477580990352 -10.230531334691259
134.75363185930487 -9.496673002619426
132.69248790870623 -12.345181400300016
130.63134395810758 -10.050412825556883
128.57020000750896 -8.862494213102586
126.50905605691031 -11.142574759064104
124.44791210631166 -10.634922007719128
122.38676815571303 -10.164685094928537
120.32562420511438 -9.494084766289095
118.26448025451575 -10.998773816123194
116.2033363039171 -9.198642278150762
114.14219235331846 -12.405857548567392
112.08104840271983 -9.28154358235513
110.01990445212118 -11.69547308725871
107.95876050152255 -11.575019930291106
105.8976165509239 -11.991312130353293
103.83647260032527 -9.418153465348272
101.77532864972662 -10.824361973504098
99.71418469912798 -11.185410561829418
97.65304074852932 -10.17310426931253
95.59189679793067 -12.395363854080196
93.53075284733204 -10.28090377002088
91.4696088967334 -8.955929440318432
89.40846494613476 -10.267819086566483
87.34732099553612 -11.256858615920503
85.28617704493747 -11.08793839317363
83.22503309433884 -9.173920997022867
81.16388914374019 -11.18881139379548
79.10274519314156 -7.707188261492608
77.04160124254292 -10.992574282064027
74.98045729194428 -9.517574964339863
72.91931334134564 -9.786285192136797
70.858169390747 -11.519147184609814
68.79702544014836 -8.03011451338971
66.73588148954971 -10.088482135917609
64.67473753895108 -8.715512212202174
62.61359358835243 -10.527002129794909
60.55244963775379 -10.601012031706007
58.49130568715515 -8.84402424137751
56.430161736556514 -8.969768251236054
54.36901778595787 -11.559124356997797
52.30787383535923 -11.856598186779552
50.24672988476058 -9.59615765288691
48.18558593416195 -8.814978642247837
46.12444198356331 -9.078506985073703
44.06329803296467 -8.537978368343872
42.002154082366026 -9.371119618817232
39.94101013176739 -6.977579084560162
37.87986618116875 -9.705496358588315
35.81872223057011 -7.480075354091858
33.75757827997147 -6.851024111237988
31.696434329372824 -8.088013265931567
29.635290378774187 -6.003797524023557
27.574146428175546 -9.041209097158648
25.5130024775769 -7.987634412043086
23.451858526978263 -4.676998066029021
21.390714576379622 -0.19279930026860317
19.32957062578098 3.679417290882944
17.268426675182337 6.778475066594921
15.207282724583699 10.537997892022524
13.146138773985058 17.544350378937487
11.084994823386419 30.432947230308944
9.023850872787776 41.34851638610146
6.9627069221891364 48.80742286174661
4.901562971590495 56.51112987692824
2.8404190209918543 62.351135333799874
0.7792750703932134 66.5770477017744
-1.2818688802054274 69.17580490453753
-3.343012830804068 67.74114766751087
-5.404156781402708 64.8499793851603
-7.465300732001349 62.08102182635867
-9.52644468259999 54.62469090636218
-11.587588633198632 47.508200781012874
-13.64873258379727 40.72908244881663
-15.709876534395914 32.33831558332191
-17.771020484994555 26.069517169981737
-19.832164435593192 20.16522722294407
-21.893308386191837 15.524152926951608
-23.954452336790478 12.797902981464205
-26.015596287389116 9.712329626208904
-28.076740237987757 7.367038803623869
-30.137884188586398 9.374721961910994
-32.19902813918504 10.205639363788773
-34.26017208978368 9.018989340760031
-36.32131604038232 6.131176012494973
-38.38245999098096 8.063704936079956
-40.4436039415796 7.256583663156919
-42.50474789217824 10.954123340651966
-44.56589184277688 7.3566524434444105
-46.627035793375526 7.281936867751819
-48.68817974397417 8.056615624935702
-50.749323694572816 5.087596837478578
-52.81046764517145 8.23869363500989
-54.87161159577009 7.005751846033365
-56.93275554636873 6.590515668623917
-58.99389949696737 6.855675645668479
-61.055043447566014 5.394313335259933
-63.116187398164655 6.22564269936541
-65.1773313487633 8.981534305522805
-67.23847529936194 11.033976017248065
-69.29961924996059 9.955488530226672
-71.36076320055922 10.446169284110347
-73.42190715115785 13.931129660305382
-75.4830511017565 15.454051305291978
-77.54419505235514 14.503928574985723
-79.60533900295378 17.21080346194532
-81.66648295355242 12.003713844489356
-83.72762690415107 10.856290248350081
-85.7887708547497 7.049256292076011
-87.84991480534833 9.16760715698434
-89.91105875594698 9.865314262307269
-91.97220270654562 7.905789433091702
-94.03334665714428 4.847492385183201
-96.09449060774291 4.864224445277048
-98.15563455834156 2.0309700549468808
-100.21677850894018 -1.2712446038090537
-102.27792245953883 0.5189389730107026
-104.33906641013746 -0.9647887546757858
-106.40021036073611 -1.0414225329308628
-108.46135431133474 -1.568782279222049
-110.52249826193338 -1.3357925335182175
-112.58364221253203 -2.833572284580508
-114.64478616313066 -5.287562988893366
-116.70593011372931 -3.608030566250307
-118.76707406432794 -5.851274628569503
-120.82821801492659 -2.70362685728922
-122.88936196552523 -4.7958878948139905
-124.95050591612386 -7.106299488125523
-127.01164986672251 -7.457781327897637
-129.07279381732116 -8.705015337029694
-131.1339377679198 -5.661563909025818
-133.19508171851842 -7.398880981296281
-135.25622566911707 -10.213918488594627
-137.3173696197157 -7.944724819065855
-139.37851357031437 -4.153989515895813
-141.439657520913 -8.717319152858137
-143.50080147151164 -8.943746070575639
-145.56194542211026 -8.03080182795522
-147.62308937270893 -7.8722905519956505
-149.68423332330755 -9.31534964292466
-151.7453772739062 -7.317974588603719
-153.80652122450485 -7.403394793539279
-155.86766517510347 -6.948449512364121
-157.92880912570214 -8.47394392343586
-159.98995307630076 -9.072461905675766
-162.0510970268994 -7.481354535781494
-164.11224097749803 -9.988940090303833
-166.17338492809668 -6.718329813388345
-168.23452887869533 -6.76770846220796
-170.29567282929398 -7.625219214977116
-172.3568167798926 -8.156026215168927
-174.41796073049125 -8.70853181095485
-176.4791046810899 -7.5773065612055515
-178.54024863168854 -7.048337793884992
-180.60139258228716 -9.064222530965425
-182.6625365328858 -9.792128720244682
-184.72368048348443 -7.768017593618307
-186.7848244340831 -8.430216322057182
-188.84596838468173 -9.11508753053545
-190.90711233528037 -9.381577462579072
-192.96825628587902 -8.051880977229352
-195.02940023647764 -8.000084116833353
-197.09054418707632 -7.245776399282329
-199.15168813767494 -6.456814089742846
-201.2128320882736 -7.728132434161732
-203.2739760388722 -7.554158208849948
-205.33511998947085 -8.501709394798203
-207.3962639400695 -8.363018148630724
-209.45740789066815 -8.650707781090833
-211.51855184126677 -8.344645313873556
-213.57969579186542 -5.435549557350035
-215.64083974246407 -7.402910159336725
-217.70198369306272 -7.451800949441357
-219.76312764366133 -7.0348091450435914
-221.82427159425998 -7.937950216428273
-223.8854155448586 -8.935304722404071
-225.94655949545728 -7.656598270509832
-228.0077034460559 -7.893816775470321
-230.06884739665455 -9.534486861598229
-232.1299913472532 -8.38805507638398
-234.19113529785182 -7.6308813093118575
-236.2522792484505 -10.249665211962327
-238.3134231990491 -8.502503961715995
-240.37456714964776 -8.482709670792797
-242.43571110024638 -9.274254307159113
-244.49685505084506 -7.36306169113515
-246.55799900144368 -7.738745496038053
-248.61914295204232 -8.531782188420815
-250.68028690264094 -7.339223884312149
-252.7414308532396 -12.540510737583546
-254.80257480383824 -10.588241432831895
-256.8637187544369 -13.012150462592919
