# BEGINHEADER
# This file contains data from the SALSA 2m radio telescope.
# DATE=2021-12-09T14:02:0018
# GLON and GLAT given in degrees
# GLON=65.84931063606724
# GLAT=0.12799509028368114
# DATA in two columns below. Col. 1 is velocity relative to LSR [km/s]. Col. 2 is uncalibrated antenna temperature [K].
# ENDHEADER
267.3082408851419 2.555347834865839
265.2470969345432 4.671840029398007
263.1859529839446 6.791509188097291
261.12480903334597 7.183561356712246
259.0636650827473 7.915731020922091
257.0025211321487 7.234827036651463
254.94137718155002 8.667033127420972
252.8802332309514 7.467024773769391
250.81908928035276 8.470564510197631
248.75794532975414 9.261184685251017
246.69680137915546 10.210059622382609
244.6356574285568 9.868771883907895
242.5745134779582 8.596910548908227
240.51336952735954 10.023891885150778
238.45222557676092 9.430623013856142
236.39108162616225 12.980742646280046
234.32993767556363 8.950233274938753
232.26879372496498 9.949667426845775
230.20764977436636 11.581489611926134
228.14650582376768 11.247237704051198
226.08536187316906 8.876868027455796
224.02421792257041 9.676856809478988
221.9630739719718 9.117029264948352
219.90193002137315 8.619796749858821
217.8407860707745 12.543187947845437
215.77964212017585 10.638318590764245
213.71849816957723 7.4813767222663765
211.65735421897858 7.6101573837115115
209.59621026837996 10.01062281455757
207.5350663177813 10.293905452293483
205.47392236718264 7.655877033088003
203.41277841658402 9.902206365147794
201.35163446598537 9.678257239658803
199.29049051538672 9.713871694413251
197.22934656478807 9.98925228021149
195.16820261418945 10.497692820559683
193.1070586635908 10.443981162934039
191.0459147129922 10.198259305066495
188.9847707623935 12.524549262345671
186.9236268117949 11.021586193786042
184.86248286119624 11.675730001515834
182.80133891059762 9.78612856705328
180.74019495999897 10.333884423715176
178.67905100940033 8.754082029977285
176.61790705880168 10.272332499547133
174.55676310820306 7.260582321236113
172.4956191576044 9.717195043225923
170.4344752070058 10.105587427836713
168.3733312564071 8.67186991209181
166.31218730580846 10.88060811614869
164.25104335520984 10.827766452897194
162.1898994046112 9.86622276562903
160.12875545401255 8.966859802703231
158.0676115034139 11.393151156320975
156.00646755281528 9.970628672322864
153.94532360221663 9.455835994196637
151.884179651618 8.812734020858676
149.82303570101934 7.036106384374848
147.76189175042072 8.450266714775717
145.70074779982207 7.051009365322146
143.63960384922345 8.74075075511569
141.5784598986248 9.802918236688202
139.51731594802615 8.785380648552701
137.4561719974275 9.571970426841736
135.39502804682888 7.918929427435103
133.33388409623024 9.081137164887704
131.2727401456316 10.216828290564928
129.21159619503294 7.610730295477685
127.1504522444343 9.469013354000305
125.08930829383567 7.846984947179165
123.02816434323702 4.983762180839186
120.96702039263839 9.772683159558015
118.90587644203974 9.71990105848749
116.8447324914411 9.268932725273384
114.78358854084247 8.8900571710948
112.72244459024382 7.3610479092587235
110.66130063964519 9.26139664253025
108.60015668904653 7.677973554531698
106.5390127384479 7.719629580411463
104.47786878784925 8.133840310965642
102.41672483725061 8.002152583670043
100.35558088665198 5.624890296073435
98.29443693605333 8.442184343268247
96.2332929854547 7.365984366858962
94.17214903485605 7.941393538430665
92.11100508425741 8.770251818782373
90.04986113365877 8.750737220017967
87.98871718306013 6.860244459261467
85.9275732324615 8.40751687392937
83.86642928186285 8.175907263092308
81.80528533126422 7.332614704976819
79.74414138066557 8.534038020054064
77.68299743006693 7.102056911936373
75.62185347946829 7.06812918148225
73.56070952886965 8.519600320147577
71.49956557827102 9.986498265030654
69.43842162767235 8.105308681753254
67.37727767707372 8.480396021477185
65.31613372647509 7.469398512842362
63.254989775876446 7.871581604665821
61.193845825277805 9.652836525382183
59.13270187467916 8.381844484830884
57.071557924080516 9.020912809334899
55.010413973481874 10.498464319049512
52.94927002288324 11.171433157703351
50.8881260722846 10.094501460115925
48.82698212168595 9.31913395795048
46.76583817108731 10.176457260453063
44.70469422048867 12.672962429363649
42.64355026989003 12.584734374693062
40.58240631929139 16.02175826533989
38.521262368692746 19.49432815456309
36.460118418094105 22.555151349116407
34.398974467495464 24.91247638016177
32.33783051689682 30.12240340185357
30.276686566298185 41.20530900775137
28.215542615699544 49.19329754682184
26.1543986651009 60.52841308920958
24.09325471450226 71.12524441378457
22.03211076390362 81.35377452521404
19.97096681330498 92.99004679584488
17.909822862706342 102.90717746614995
15.8486789121077 110.95412658945635
13.787534961509056 116.56648775516602
11.726391010910419 119.7712277517191
9.665247060311776 122.23001174453734
7.604103109713137 124.74021940226349
5.5429591591144955 120.38910228941246
3.4818152085158545 104.41772460615948
1.4206712579172136 98.2299487938379
-0.6404726926814271 85.4069040416302
-2.701616643280068 75.93528787666483
-4.762760593878708 67.20245017824372
-6.823904544477349 57.47049604002915
-8.88504849507599 51.517007546598684
-10.946192445674631 47.98282965697251
-13.007336396273272 45.43321326076715
-15.068480346871914 42.73557694486108
-17.129624297470553 41.07139808988547
-19.190768248069194 36.26842289795074
-21.25191219866784 30.110367035573326
-23.313056149266476 23.16032537057347
-25.374200099865117 21.645489056382416
-27.43534405046376 19.972127419533663
-29.4964880010624 19.936118352422078
-31.55763195166104 16.8092306683289
-33.61877590225968 17.558684358976926
-35.679919852858326 16.593457892172133
-37.74106380345697 15.136321014788484
-39.80220775405561 15.94694186527432
-41.86335170465424 15.877405108154369
-43.92449565525288 20.012953523660794
-45.985639605851524 19.459637707787888
-48.046783556450166 23.169962501142134
-50.1079275070488 20.32916804799691
-52.16907145764744 22.648889964196297
-54.23021540824608 28.550791366164884
-56.29135935884473 34.34014616980674
-58.352503309443364 41.077422658907636
-60.413647260042005 43.00722396298764
-62.474791210640646 47.00340037095521
-64.53593516123928 51.665954950032884
-66.59707911183793 52.54243689870634
-68.65822306243656 52.27106149661229
-70.71936701303521 52.41005772501962
-72.78051096363384 47.58460429267985
-74.84165491423249 39.234367645812
-76.90279886483113 35.830150183680885
-78.96394281542976 27.956691370973104
-81.02508676602841 25.414180632934666
-83.08623071662704 18.866557432470238
-85.1473746672257 17.972813397799538
-87.20851861782434 17.135344953928
-89.26966256842299 16.23117596444638
-91.33080651902162 14.673547168933629
-93.39195046962026 10.511026067849905
-95.4530944202189 11.639096494182159
-97.51423837081754 7.4523993617562025
-99.57538232141619 8.849063971106979
-101.63652627201482 8.006898279432505
-103.69767022261347 7.412067604075374
-105.7588141732121 8.665317021964503
-107.81995812381074 8.435498726275753
-109.88110207440938 5.129208770401998
-111.94224602500802 7.918825654258617
-114.00338997560667 5.94971021239051
-116.0645339262053 4.139600517012688
-118.12567787680395 4.76846828076025
-120.18682182740258 3.237193376050037
-122.24796577800122 3.195345214017229
-124.30910972859988 3.7838016078833543
-126.37025367919851 3.3278794946427595
-128.43139762979715 1.636634636706117
-130.4925415803958 1.6040526368194283
-132.55368553099444 2.0064373680155145
-134.61482948159306 4.503299400759031
-136.6759734321917 2.2263394879793266
-138.73711738279033 1.4186149665596413
-140.798261333389 4.14218496088189
-142.85940528398766 3.7008063472618957
-144.92054923458628 2.538853600102822
-146.98169318518492 2.420906193619488
-149.04283713578354 3.3286512455471495
-151.10398108638222 4.144951550894218
-153.16512503698084 0.9336480506487868
-155.2262689875795 2.611763592920103
-157.2874129381781 1.8828242974326066
-159.34855688877678 1.4977867527073288
-161.4097008393754 2.043244883993774
-163.47084478997405 0.9966709646113379
-165.53198874057267 3.2550245599631054
-167.59313269117132 3.0151187061519678
-169.65427664176997 2.344485066575115
-171.71542059236862 2.5625915789798093
-173.77656454296724 1.6279173593134633
-175.83770849356588 0.9871871396711213
-177.8988524441645 3.0934036433643173
-179.95999639476318 2.381675632827266
-182.02114034536183 2.169224836264456
-184.08228429596045 4.93689479044847
-186.1434282465591 1.4405529407204318
-188.20457219715774 3.2506380788113325
-190.2657161477564 3.96643659803599
-192.326860098355 4.226805204096301
-194.38800404895366 2.157616955692423
-196.44914799955228 2.297123280107598
-198.51029195015096 0.4825371221145885
-200.57143590074958 0.4960581610735395
-202.63257985134823 0.5216407251304427
-204.69372380194685 2.6358275152996447
-206.7548677525455 2.464200359793738
-208.81601170314414 1.585376498029256
-210.8771556537428 3.2187760668470036
-212.9382996043414 1.2791289118083657
-214.99944355494006 2.1897436202389753
-217.06058750553868 4.427648010248616
-219.12173145613735 1.4824391778312098
-221.182875406736 3.9496828093359913
-223.24401935733462 2.7647523761586728
-225.30516330793327 2.5736889629884523
-227.36630725853192 0.8287450606113005
-229.42745120913057 0.7041946471003591
-231.4885951597292 4.403043563914306
-233.54973911032783 2.660691145049871
-235.61088306092645 1.4104098967897924
-237.67202701152513 3.5794752575930935
-239.73317096212375 1.6927291720388016
-241.7943149127224 0.7532625721620436
-243.85545886332102 0.837484612856397
-245.91660281391967 3.6036580311561397
-247.97774676451832 3.1901717398672997
-250.03889071511696 6.081587812154178
-252.10003466571558 3.2125345436250776
-254.16117861631423 4.148373372585295
-256.2223225669129 4.364039126968193
-258.28346651751156 5.184754703170983
