# BEGINHEADER
# This file contains data from the SALSA 2m radio telescope.
# DATE=2021-11-25T15:42:0044
# GLON and GLAT given in degrees
# GLON=73.79857154038868
# GLAT=-5.9012541151599285
# DATA in two columns below. Col. 1 is velocity relative to LSR [km/s]. Col. 2 is uncalibrated antenna temperature [K].
# ENDHEADER
261.7901969689119 2.6267172850818263
259.72905301831327 5.297133124155284
257.6679090677146 2.338486967159551
255.606765117116 6.890877673019982
253.54562116651735 5.057232205205351
251.48447721591873 2.626575556108101
249.42333326532005 8.764243427048125
247.3621893147214 7.39909740622505
245.30104536412279 7.038925816485379
243.23990141352414 3.0743376912854146
241.17875746292552 5.931265450167892
239.11761351232684 5.757538012205776
237.05646956172822 5.855895148129606
234.99532561112957 5.630415977517063
232.93418166053095 7.691835895425889
230.8730377099323 5.845126797458851
228.81189375933366 8.479446526882075
226.750749808735 9.216966842462416
224.6896058581364 5.713196980428578
222.62846190753774 8.92235806948685
220.5673179569391 6.81441161479073
218.50617400634044 6.980748152416531
216.44503005574182 6.207073793920602
214.38388610514318 7.008975993564347
212.32274215454456 7.455829593556126
210.26159820394588 7.194383578720291
208.20045425334723 9.678587052122566
206.1393103027486 8.775108197165363
204.07816635214996 6.15708492236754
202.01702240155134 7.562003217801666
199.95587845095267 7.807259340459467
197.89473450035402 6.6978880358065815
195.83359054975537 6.776704941316007
193.77244659915675 8.93880560377804
191.7113026485581 7.1046234405243975
189.65015869795948 8.473716499860485
187.5890147473608 7.736003700664957
185.5278707967622 7.767835478981967
183.46672684616354 8.811288163603427
181.40558289556492 7.343161874714185
179.34443894496624 8.460883643743038
177.28329499436762 8.755280402727236
175.22215104376897 8.42463417343423
173.16100709317035 5.379237929237731
171.0998631425717 9.39015439365199
169.03871919197303 10.444597125699069
166.9775752413744 8.562536241009438
164.91643129077576 6.203776257769884
162.85528734017714 6.341050322955251
160.7941433895785 6.944159466809663
158.73299943897985 8.841212490971197
156.6718554883812 7.808823822047055
154.61071153778258 6.683411754500967
152.54956758718393 7.297787651190947
150.4884236365853 9.868717750592948
148.42727968598663 9.619976882752955
146.366135735388 7.8243839157911355
144.30499178478937 8.692361994161137
142.24384783419075 7.287362761125293
140.18270388359207 8.670043399626058
138.12155993299345 6.1965091086275
136.0604159823948 7.044665796668223
133.99927203179618 8.046159766242098
131.93812808119753 8.360810422307477
129.87698413059888 9.670732900170567
127.81584018000024 8.750211900199888
125.7546962294016 7.838848751506646
123.69355227880295 8.018729682545192
121.63240832820432 8.160330926869161
119.57126437760569 6.2376700423081175
117.51012042700704 9.336004029775427
115.4489764764084 8.202659904387431
113.38783252580974 9.58658135374898
111.32668857521111 7.3077580597600145
109.26554462461247 7.993873881564128
107.20440067401383 8.783398381288265
105.14325672341519 7.760219213552641
103.08211277281654 6.6350937391101805
101.02096882221791 7.18083303316182
98.95982487161928 7.8705349506615825
96.89868092102064 7.333643537249656
94.837536970422 9.335638419127235
92.77639301982336 8.250605744840929
90.71524906922471 8.516410004536544
88.65410511862608 7.378737228839148
86.59296116802744 7.393456357289272
84.5318172174288 6.648010958753164
82.47067326683016 8.131767644210552
80.40952931623151 8.665379849225681
78.34838536563288 7.2161762248573105
76.28724141503423 6.7051650443449065
74.2260974644356 10.037991202045614
72.16495351383695 8.37193659857862
70.1038095632383 7.217101681634125
68.04266561263967 6.610360195325145
65.98152166204102 7.579440610378416
63.920377711442384 4.9089993096192615
61.85923376084374 7.746981277688001
59.7980898102451 4.698339922768617
57.73694585964646 8.127776307719474
55.67580190904782 8.532239505438568
53.614657958449186 6.855921871182054
51.553514007850545 7.1369869534329595
49.492370057251904 9.456181437326823
47.43122610665326 8.93926359688453
45.37008215605462 6.235592874169795
43.30893820545597 6.626567911132015
41.24779425485733 6.43261986556131
39.1866503042587 9.535929648570372
37.12550635366006 7.0475786692715126
35.064362403061416 9.672218501769619
33.003218452462775 7.924538675732636
30.942074501864134 10.561907687928016
28.880930551265493 10.481027179095609
26.819786600666852 12.249433318090771
24.75864265006821 16.58701176320808
22.69749869946957 20.179894531489857
20.636354748870925 24.253537374870312
18.575210798272284 30.881953773314834
16.514066847673647 43.22854926400086
14.452922897075005 56.002266665076824
12.391778946476364 70.78334790775632
10.330634995877723 83.7384880831235
8.269491045279082 89.2015272490021
6.208347094680442 89.88290409504236
4.147203144081802 88.36146376591735
2.086059193483161 80.09087621448079
0.02491524288452005 72.0116378318842
-2.0362287077141206 61.5093017267687
-4.097372658312761 54.838022405182826
-6.158516608911402 45.7825795190075
-8.219660559510043 43.218659474368614
-10.280804510108684 34.85827271201783
-12.341948460707325 30.65313600499121
-14.403092411305966 27.819231185522966
-16.464236361904607 27.59086340702474
-18.52538031250325 23.136849991649083
-20.58652426310189 21.4777151934807
-22.64766821370053 22.375389558262903
-24.708812164299168 20.763556020012544
-26.769956114897806 17.639466850019193
-28.83110006549645 14.151546571168849
-30.89224401609509 14.908484997691023
-32.95338796669373 17.14182168630774
-35.01453191729237 14.949148592860599
-37.075675867891015 14.511741362092039
-39.136819818489656 14.329303642478978
-41.1979637690883 12.44974880586513
-43.25910771968693 14.866090964316838
-45.32025167028557 14.974506392511982
-47.38139562088421 13.578195957383054
-49.442539571482854 12.012445707779518
-51.503683522081495 11.444683679732405
-53.56482747268014 13.40044910592155
-55.625971423278784 13.254102877576432
-57.68711537387742 13.502492080961739
-59.74825932447606 13.012891766094565
-61.8094032750747 11.975825790359949
-63.87054722567334 14.481576854305063
-65.93169117627198 16.654393389858114
-67.99283512687062 15.82552141619553
-70.05397907746926 14.452155778918316
-72.1151230280679 17.432422206305144
-74.17626697866655 14.501470122754634
-76.23741092926518 14.982487352800504
-78.29855487986381 14.530992259620747
-80.35969883046246 12.705414216777308
-82.42084278106111 13.347917234581478
-84.48198673165976 10.675494535543907
-86.5431306822584 12.956602399270636
-88.60427463285704 10.92587906960233
-90.66541858345568 8.747937957103735
-92.72656253405431 7.557337612259323
-94.78770648465296 5.154423017156259
-96.84885043525159 5.658102622959517
-98.90999438585024 5.682083302724771
-100.97113833644889 8.18043816778809
-103.03228228704752 4.944770873563342
-105.09342623764617 4.634480160488021
-107.1545701882448 4.681720901663375
-109.21571413884345 5.1539881863794355
-111.27685808944209 5.049956941887099
-113.33800204004072 4.472682298190697
-115.39914599063937 5.475421989025208
-117.460289941238 2.9943313232488395
-119.52143389183666 5.431981160901598
-121.5825778424353 4.882919377621107
-123.64372179303395 1.682807748367387
-125.70486574363258 5.37693918431386
-127.76600969423122 3.8861392205041323
-129.82715364482985 4.608421675358556
-131.8882975954285 5.372044870434752
-133.94944154602715 5.24876029657166
-136.01058549662577 2.774646168432845
-138.0717294472244 3.8165716818599704
-140.13287339782306 3.4218883590051514
-142.1940173484217 1.6648370467148415
-144.25516129902036 1.196556946967745
-146.31630524961898 1.2048007273177284
-148.37744920021763 3.042033944613273
-150.43859315081627 0.33854780165982756
-152.49973710141492 2.89592176442433
-154.56088105201354 4.9195007584305195
-156.6220250026122 3.516223752342453
-158.6831689532108 2.625103370089563
-160.7443129038095 1.3861921550295406
-162.8054568544081 3.7780543791946783
-164.86660080500675 3.1446791253939916
-166.92774475560537 3.2052947191283394
-168.98888870620402 2.968357789937053
-171.05003265680267 1.849257545721087
-173.11117660740132 0.1849790096928625
-175.17232055799994 0.7587507335545854
-177.2334645085986 2.9050509012962547
-179.29460845919726 2.2552244348943247
-181.35575240979588 0.6761916639676916
-183.41689636039453 0.33690636366933074
-185.47804031099315 0.7510576357689145
-187.5391842615918 2.456888444618802
-189.60032821219045 1.4277482097063423
-191.6614721627891 0.46786907020277085
-193.72261611338772 2.6623074621543346
-195.78376006398636 3.0529482296646906
-197.84490401458498 1.761202688802858
-199.90604796518363 3.224220985626933
-201.96719191578225 1.6601427133218787
-204.0283358663809 2.0466586818240637
-206.08947981697955 3.2086502101787797
-208.1506237675782 1.3395230032855843
-210.21176771817682 0.2769432875175135
-212.27291166877546 1.251787708286757
-214.33405561937408 1.3224975477252081
-216.39519956997276 3.491862980124502
-218.4563435205714 1.8085408556480236
-220.51748747117003 0.8052670061441296
-222.57863142176868 0.33914867223209333
-224.6397753723673 -0.04351639917790211
-226.70091932296597 1.7696363710351044
-228.7620632735646 0.6827495017900096
-230.82320722416324 -0.46845505760619227
-232.88435117476186 0.07236074844940822
-234.94549512536054 2.426394477244051
-237.00663907595916 -0.6850773025969886
-239.0677830265578 0.48233250378923315
-241.12892697715642 2.185504709094455
-243.19007092775507 -0.11151714051937076
-245.25121487835372 0.5731459024288408
-247.31235882895237 1.6395589793052874
-249.373502779551 2.3137277217733327
-251.43464673014964 1.3640292948193045
-253.49579068074826 1.1079720842780043
-255.55693463134693 1.0663571533263194
-257.61807858194555 2.9439019615304773
-259.6792225325442 2.824836009887404
-261.74036648314285 0.20515784053793454
-263.8015104337415 2.660497886618842
