# BEGINHEADER
# This file contains data from the SALSA 2m radio telescope.
# DATE=2021-11-25T15:41:0013
# GLON and GLAT given in degrees
# GLON=67.84181254491138
# GLAT=-5.855002641967161
# DATA in two columns below. Col. 1 is velocity relative to LSR [km/s]. Col. 2 is uncalibrated antenna temperature [K].
# ENDHEADER
261.6401932175467 3.290097614659717
259.57904926694806 5.217061724260898
257.51790531634947 1.7932072401188643
255.45676136575082 3.492705057630759
253.39561741515217 4.996474326886223
251.33447346455353 5.5202446046924925
249.27332951395488 3.4771907752550435
247.21218556335623 2.668041595181738
245.1510416127576 6.750927975379121
243.08989766215896 6.672958037230752
241.0287537115603 5.5531989483477515
238.96760976096166 6.95406191831864
236.90646581036304 4.918141264081478
234.8453218597644 8.060387480407412
232.78417790916575 7.072438831850319
230.7230339585671 6.025622140696809
228.66189000796848 5.645510326215584
226.60074605736983 7.712112475240726
224.5396021067712 5.926029972788024
222.47845815617254 4.491004057256932
220.41731420557392 5.367510678138577
218.35617025497527 8.011628266400058
216.29502630437665 6.277434675484396
214.233882353778 8.699832173791254
212.17273840317935 6.704487367023096
210.1115944525807 6.886488174927329
208.05045050198206 8.078210572774646
205.98930655138344 6.529081028810411
203.92816260078476 7.072897646555701
201.86701865018614 5.1435910550249355
199.8058746995875 7.267242465630112
197.74473074898887 7.480289961200875
195.68358679839022 6.138742059480583
193.62244284779158 8.008433923388639
191.56129889719293 9.008357548100985
189.5001549465943 7.132983229147067
187.43901099599566 6.140887389098046
185.37786704539704 6.548119831157045
183.31672309479836 8.086486906942211
181.25557914419974 6.092590802481084
179.1944351936011 7.32111020821035
177.13329124300247 8.446876253197381
175.0721472924038 8.629473657577371
173.01100334180518 7.742236738845692
170.94985939120653 6.539197338774905
168.88871544060788 7.876168844154522
166.82757149000926 8.75568283183362
164.76642753941059 7.842511836742563
162.70528358881197 7.7790267556464014
160.64413963821332 8.21567812642174
158.5829956876147 7.681973506508111
156.52185173701605 10.109165620427946
154.4607077864174 8.115523998777485
152.39956383581875 10.248142165885081
150.33841988522013 6.3030070164410334
148.27727593462149 5.2967839860243275
146.21613198402287 9.113935948262771
144.1549880334242 8.278418359321774
142.09384408282557 5.388181727015351
140.03270013222692 5.489235883879234
137.9715561816283 7.024447555335704
135.91041223102962 8.242714137321174
133.84926828043098 7.563003618580398
131.78812432983236 7.260045447889392
129.7269803792337 7.465004713661413
127.66583642863507 7.5774772989606145
125.60469247803644 10.949011294221519
123.54354852743779 7.307776138254895
121.48240457683916 8.208199643908358
119.42126062624052 5.961203952985812
117.36011667564188 4.536583306378837
115.29897272504324 7.150534644606272
113.23782877444458 7.8514270299804965
111.17668482384595 7.361356702731245
109.1155408732473 7.130240317623979
107.05439692264866 9.060818852430716
104.99325297205003 7.28398619217135
102.93210902145138 6.540505768714655
100.87096507085275 7.080259975873806
98.80982112025409 10.012471421155112
96.74867716965545 7.898822331102927
94.68753321905682 7.0114112154242605
92.62638926845817 10.604987185209746
90.56524531785954 7.903823415186098
88.50410136726089 8.138262264344437
86.44295741666225 10.285375474643777
84.38181346606362 9.192054052647046
82.32066951546497 6.913401693816941
80.25952556486634 8.39650067705167
78.19838161426769 7.095627819956003
76.13723766366905 8.498575214540912
74.07609371307039 8.025284889750179
72.01494976247176 7.819135281392878
69.95380581187312 7.551200051409557
67.89266186127448 8.824893959341717
65.83151791067584 5.376376498549533
63.7703739600772 6.811338697479413
61.70923000947856 7.485668329308404
59.64808605887992 5.978413074748683
57.58694210828128 8.58447598291665
55.52579815768264 7.448348130575932
53.464654207083996 6.85822647539431
51.403510256485355 8.021845360196682
49.34236630588672 9.448019674645492
47.28122235528808 8.583481709725524
45.22007840468943 10.106568106655692
43.15893445409079 9.687009636529078
41.09779050349215 11.088382736849972
39.03664655289351 11.899790983795238
36.97550260229487 10.440158495095458
34.91435865169623 10.475185880901973
32.85321470109759 15.141727705183909
30.792070750498947 14.721249627036727
28.730926799900306 17.048442092022142
26.669782849301665 19.800219327752796
24.608638898703028 23.067722152423737
22.547494948104383 26.847466098672015
20.486350997505742 34.684860969690675
18.425207046907104 42.80734194510138
16.364063096308463 52.84961744552803
14.30291914570982 71.67040945321031
12.241775195111183 87.81245872169043
10.18063124451254 102.90582128069546
8.1194872939139 102.85652306957759
6.058343343315259 98.29187591853645
3.997199392716618 85.11387343356118
1.9360554421179774 69.46521436537347
-0.12508850848066322 56.34916498565875
-2.1862324590793043 46.78014445242014
-4.247376409677945 39.77431414515379
-6.308520360276585 33.475416006498534
-8.369664310875224 30.334688205913178
-10.430808261473867 24.414774677692886
-12.491952212072508 23.992444259581237
-14.55309616267115 22.48661227394448
-16.61424011326979 18.83436135186125
-18.67538406386843 18.544631094546634
-20.736528014467073 19.544943408981418
-22.79767196506571 14.622731336758841
-24.85881591566435 13.323497232595535
-26.919959866262996 16.047535064338483
-28.981103816861637 12.233725023842062
-31.042247767460275 11.835595177956256
-33.103391718058916 14.566639753054885
-35.16453566865756 10.778102450003045
-37.2256796192562 10.612046264015872
-39.28682356985484 10.723882803295933
-41.34796752045348 10.123389500697945
-43.40911147105212 9.303592955813507
-45.47025542165076 10.761177879891935
-47.531399372249396 9.150165347860904
-49.59254332284804 11.234672788104579
-51.653687273446685 10.144062888692467
-53.71483122404533 8.776472020430807
-55.77597517464397 9.671896214866496
-57.83711912524261 12.46756970373074
-59.89826307584125 12.709000392529706
-61.959407026439884 13.827353688816103
-64.02055097703852 14.37282188147843
-66.08169492763717 14.688901487609554
-68.1428388782358 15.46261110284993
-70.20398282883444 13.768970121518311
-72.26512677943309 13.082690234809307
-74.32627073003172 16.00452209803313
-76.38741468063037 16.544592286318633
-78.448558631229 15.689556523598693
-80.50970258182767 15.949086752332622
-82.5708465324263 12.36241406598077
-84.63199048302494 9.507731136517569
-86.69313443362358 10.786591299706997
-88.75427838422222 8.321763650219644
-90.81542233482087 6.388883089423414
-92.8765662854195 6.341534531614845
-94.93771023601815 6.5701841369815694
-96.99885418661678 4.288113046809253
-99.05999813721542 5.234801887006461
-101.12114208781405 6.182889253029221
-103.18228603841268 4.565381843580809
-105.24342998901133 5.0040991107219
-107.30457393960997 4.248337754008055
-109.36571789020861 4.121817000203844
-111.42686184080725 3.988892840959235
-113.4880057914059 4.115409639315406
-115.54914974200453 3.6031789614118805
-117.61029369260316 2.897844108156855
-119.67143764320183 4.176298719704851
-121.73258159380046 2.885475551257224
-123.79372554439911 4.159052541161596
-125.85486949499774 4.701268799457947
-127.91601344559639 3.155682941772777
-129.97715739619503 1.4682571637912762
-132.03830134679365 2.71280031424479
-134.0994452973923 2.4667141303860047
-136.16058924799094 3.339207585662556
-138.2217331985896 2.1703748625564443
-140.28287714918824 3.523020966109833
-142.34402109978686 2.946068078301488
-144.4051650503855 4.101675421509251
-146.46630900098415 4.501360033989367
-148.5274529515828 1.70254670641041
-150.58859690218142 0.9663378785852673
-152.64974085278007 2.9531499482778614
-154.71088480337872 3.300806705005017
-156.77202875397737 0.22613655213905867
-158.833172704576 1.9511469573978204
-160.89431665517463 1.3128446201957693
-162.95546060577325 3.314782343689695
-165.01660455637193 1.8983902034424378
-167.07774850697055 0.7598385511075297
-169.1388924575692 1.1775110055172262
-171.20003640816782 3.7782154487517188
-173.26118035876647 2.909863345940522
-175.32232430936511 1.4498825163940845
-177.38346825996376 -1.6506334911441127
-179.4446122105624 2.1067157057191177
-181.50575616116103 4.213969116863357
-183.5669001117597 2.0780605975262953
-185.62804406235833 1.7602165248033772
-187.68918801295698 1.6033081804626315
-189.7503319635556 0.34243735797568536
-191.81147591415424 -0.03938415565358273
-193.8726198647529 1.9800200571375886
-195.93376381535154 -1.417191723302834
-197.99490776595016 1.276742419881247
-200.0560517165488 2.3157670875503804
-202.11719566714743 -0.1865413738590945
-204.1783396177461 3.4079173241647367
-206.23948356834472 0.3330858649978752
-208.30062751894337 0.7081238001140255
-210.361771469542 1.4005686096746852
-212.42291542014067 2.423894741095153
-214.48405937073932 1.6626271133431318
-216.54520332133794 -0.22884209420857315
-218.60634727193658 -1.287779875481142
-220.6674912225352 -0.18337966063520147
-222.72863517313388 0.3940411900584132
-224.7897791237325 1.5808174055321516
-226.85092307433115 1.1690032850200942
-228.91206702492977 -1.981464338789399
-230.97321097552842 3.1389731550058717
-233.03435492612707 1.7670645014379298
-235.0954988767257 0.7684305195725836
-237.15664282732433 -0.13051013061096525
-239.21778677792298 0.8494580084484126
-241.2789307285216 -0.6720841876547087
-243.34007467912028 -0.8233857257252917
-245.4012186297189 1.1995239466406569
-247.46236258031755 0.0799495130886088
-249.52350653091617 0.5313889734597527
-251.58465048151484 3.339803713233951
-253.6457944321135 0.11998154887169116
-255.7069383827121 2.021790264705138
-257.76808233331076 2.9342740554163216
-259.8292262839094 1.51282988759251
-261.89037023450805 2.8376148597414623
-263.9515141851067 2.9613849328911055
