# BEGINHEADER
# This file contains data from the SALSA 2m radio telescope.
# DATE=2021-11-25T15:50:0058
# GLON and GLAT given in degrees
# GLON=123.22834874071704
# GLAT=26.32724600525335
# DATA in two columns below. Col. 1 is velocity relative to LSR [km/s]. Col. 2 is uncalibrated antenna temperature [K].
# ENDHEADER
280.02615543535035 3.701332114157268
277.96501148475164 3.4798002281386546
275.90386753415305 2.5674603349489913
273.8427235835544 2.4415474065806912
271.7815796329557 2.9927504545007113
269.7204356823571 2.6828548762601
267.65929173175846 2.08508472190902
265.59814778115987 4.6304953193379195
263.53700383056116 4.4573010912775235
261.47585987996257 3.4925118586786237
259.4147159293639 3.594057315175789
257.3535719787653 3.5036293430991825
255.29242802816663 4.232118141140827
253.23128407756798 4.7239904711268546
251.17014012696936 3.360975600317574
249.1089961763707 5.685638763122778
247.04785222577206 5.890003284936001
244.9867082751734 5.045889359606158
242.9255643245748 6.3668088222337325
240.86442037397615 4.2439987980122265
238.80327642337753 7.771896615531992
236.74213247277885 7.963131366008677
234.68098852218023 3.937599680199836
232.61984457158158 5.766363688240519
230.55870062098293 4.923512751408357
228.4975566703843 6.252738406683756
226.43641271978564 6.139034065291918
224.37526876918702 5.4236373142062115
222.31412481858837 7.065348276375678
220.25298086798975 4.417152438078713
218.19183691739107 5.488808154320697
216.13069296679245 5.5201692951738375
214.0695490161938 6.634697571544805
212.00840506559518 4.62373834798534
209.94726111499654 6.841472048655806
207.8861171643979 6.66700059176881
205.82497321379924 5.682547214418915
203.76382926320062 6.255266993225454
201.70268531260197 4.8559708557218615
199.64154136200335 5.80169935128399
197.58039741140468 6.303431957910388
195.519253460806 5.131941877146168
193.45810951020738 6.292088922941773
191.39696555960873 6.561194602598114
189.3358216090101 5.430438211632346
187.27467765841146 7.295637016803603
185.21353370781281 5.293400361143294
183.15238975721417 7.753177908940828
181.09124580661555 5.573564534676646
179.0301018560169 5.58163294686723
176.96895790541825 5.992867790482665
174.9078139548196 3.8628957746760255
172.84667000422098 5.101289169747193
170.78552605362233 6.286584250968432
168.72438210302371 7.171997448634955
166.66323815242504 5.91502778299175
164.60209420182642 5.539051429185527
162.54095025122777 5.994189750126585
160.47980630062915 4.454430726719864
158.4186623500305 6.877712698956751
156.35751839943183 6.959786891354226
154.2963744488332 5.42739233827083
152.23523049823456 7.148164540879661
150.17408654763594 5.77171333916127
148.11294259703726 7.344721935017642
146.05179864643864 7.466892585929054
143.99065469584 7.826709055432808
141.92951074524137 6.865025820733253
139.86836679464272 3.887580053515798
137.80722284404408 5.203749661497925
135.74607889344543 5.283103925550332
133.6849349428468 7.852730823950263
131.62379099224816 4.623933079015428
129.5626470416495 6.045227816894721
127.50150309105088 6.445986944602552
125.44035914045223 3.442425551100947
123.3792151898536 6.356479897262535
121.31807123925495 5.81212736399775
119.25692728865631 5.682518384594511
117.19578333805768 6.631304515409958
115.13463938745903 5.36765608354264
113.0734954368604 5.616126685836757
111.01235148626175 6.142355713279479
108.95120753566312 5.996541122999252
106.89006358506447 7.71123344369923
104.82891963446583 5.620546119503217
102.7677756838672 4.501550253270527
100.70663173326855 6.863054706639414
98.64548778266992 4.468200828734865
96.58434383207127 5.600086181803344
94.52319988147264 5.310150629915293
92.46205593087399 5.0089152555329335
90.40091198027535 6.129541567342882
88.3397680296767 6.0625175487567855
86.27862407907807 7.2735512512629095
84.21748012847942 6.351295768236606
82.15633617788079 6.393393159604686
80.09519222728215 5.812757914019967
78.0340482766835 7.267595102686167
75.97290432608487 7.822304358162692
73.91176037548622 5.451195012584326
71.85061642488759 5.354153792550819
69.78947247428896 7.477744056511148
67.72832852369031 4.7985064421370005
65.66718457309167 6.128909986184779
63.60604062249302 7.613111080541713
61.544896671894385 6.407146891068818
59.483752721295744 3.902505972927883
57.4226087706971 6.204873501787268
55.36146482009846 5.739896472614875
53.30032086949982 5.14792322030462
51.23917691890118 5.82614889016926
49.17803296830253 4.571619982720728
47.11688901770389 4.933305730386319
45.05574506710525 4.1418551004150554
42.99460111650661 8.091086089114746
40.93345716590797 6.316490329153263
38.872313215309326 9.172651482847266
36.81116926471069 6.760377031792118
34.75002531411205 5.175569594446925
32.68888136351341 6.055269875059104
30.627737412914765 5.912773759610637
28.566593462316124 8.575147998296858
26.505449511717487 7.227336351257224
24.444305561118846 7.1287224398282945
22.383161610520204 7.592965013970837
20.322017659921563 8.179885594843661
18.260873709322926 6.94459777727917
16.199729758724285 6.547879587824812
14.138585808125644 10.338237858758118
12.077441857527 9.404709247422053
10.016297906928362 10.971511364961255
7.95515395632972 11.591853816885912
5.8940100057310785 14.510358606827616
3.832866055132438 17.446561388325822
1.7717221045337972 19.58839298144969
-0.28942184606484356 24.765265013687426
-2.3505657966634845 32.385862242005416
-4.411709747262125 30.122569099975742
-6.472853697860765 27.330106020523466
-8.533997648459406 21.585525764507082
-10.595141599058046 17.01942949981565
-12.656285549656689 13.923053799010777
-14.717429500255328 16.139921456036994
-16.77857345085397 11.384945489594367
-18.83971740145261 12.619605105106878
-20.90086135205125 10.768160912961623
-22.96200530264989 9.92905740056859
-25.023149253248537 9.378467691642498
-27.084293203847174 10.570107743371643
-29.145437154445816 8.568898005422172
-31.206581105044457 7.545246375794198
-33.2677250556431 7.867320159034722
-35.32886900624174 7.530480840786139
-37.39001295684038 5.500496408121308
-39.45115690743902 4.053702111137583
-41.51230085803766 5.2200591613097425
-43.5734448086363 4.341169282173695
-45.63458875923494 3.8171355389577473
-47.695732709833585 3.574596796962517
-49.75687666043222 5.219780646473838
-51.81802061103086 4.585077310726439
-53.8791645616295 5.990121747240942
-55.94030851222814 5.925928123145789
-58.001452462826784 1.4421822270832823
-60.062596413425425 5.131360107426903
-62.12374036402406 2.8982572741041897
-64.1848843146227 2.971586932180496
-66.24602826522136 4.163243493768273
-68.30717221581999 4.911955973985602
-70.36831616641862 4.61737134845808
-72.42946011701727 2.3468240455632476
-74.4906040676159 4.272802820382463
-76.55174801821455 2.268766759455038
-78.61289196881319 1.543283122765188
-80.67403591941184 1.165318119814117
-82.73517987001047 1.376935753743779
-84.7963238206091 1.8147655588188065
-86.85746777120775 3.1553471610270787
-88.91861172180639 3.8708250856236113
-90.97975567240503 1.5552177692731868
-93.04089962300367 2.515460076279398
-95.10204357360232 0.03816231054760366
-97.16318752420096 4.297247236238417
-99.22433147479961 3.085087179386223
-101.28547542539826 1.410563554999562
-103.3466193759969 2.9926073198339282
-105.40776332659553 1.1510327672375498
-107.46890727719418 3.2158423082402874
-109.53005122779281 2.862944558866414
-111.59119517839146 2.0811830741312773
-113.65233912899009 2.030109677837574
-115.71348307958874 3.4828447525984756
-117.77462703018737 1.431517286705866
-119.83577098078601 -0.42133196466976286
-121.89691493138466 0.012161018717642262
-123.95805888198329 1.6117843787397432
-126.01920283258194 2.86640860293111
-128.08034678318057 2.1213712982404895
-130.14149073377922 0.7977690365017054
-132.20263468437784 4.068072214022186
-134.26377863497652 1.5604408474602758
-136.32492258557514 0.331245517706348
-138.3860665361738 0.7604164154365918
-140.4472104867724 0.18163957054791774
-142.50835443737108 2.0096355226661857
-144.5694983879697 2.608863398335056
-146.63064233856835 0.7880007057859546
-148.69178628916697 2.3971794733502505
-150.75293023976562 1.3487892030366782
-152.8140741903643 1.3932241014698803
-154.87521814096291 0.9632485219218229
-156.93636209156156 1.3504430897707964
-158.99750604216018 -0.48878440108978227
-161.05864999275883 -0.17002445366382435
-163.11979394335748 0.5043846050628469
-165.18093789395613 1.8723475373030678
-167.24208184455475 -0.7007583149975796
-169.3032257951534 0.9132007025418807
-171.36436974575204 -0.11983530565277352
-173.4255136963507 1.3023269747238913
-175.4866576469493 2.1486440596197296
-177.54780159754796 -1.739390916962564
-179.60894554814658 0.31307106037158433
-181.67008949874526 1.292440061263396
-183.73123344934388 1.5024210635428705
-185.79237739994252 -0.056081373508621565
-187.85352135054114 0.12790150900020028
-189.9146653011398 -0.6916247442950705
-191.97580925173847 0.2021164328895921
-194.0369532023371 0.2261824058483644
-196.09809715293574 -0.0824599410838449
-198.15924110353436 0.6339037625001497
-200.220385054133 -1.323995317809538
-202.28152900473162 0.7333896452963519
-204.34267295533027 0.31077285359885337
-206.4038169059289 1.4143498228384654
-208.46496085652757 -1.8155071292664586
-210.5261048071262 -0.01596710017104671
-212.58724875772484 -2.4236315627000753
-214.64839270832346 -2.002440211330698
-216.7095366589221 0.8051635417688772
-218.77068060952075 1.5239719672502958
-220.8318245601194 0.08630667080430172
-222.89296851071802 0.6960505315163458
-224.95411246131667 -1.7793218448841808
-227.01525641191532 1.9482257537294696
-229.07640036251397 0.0662298708907899
-231.13754431311258 -2.6307458763677607
-233.19868826371123 -0.22786882054883023
-235.25983221430988 0.5729784783663859
-237.32097616490853 -0.7508422890865569
-239.38212011550718 0.19233342697625622
-241.4432640661058 0.7601524323152319
-243.50440801670445 3.22267522547158
-245.56555196730307 3.060224566320284
