# BEGINHEADER
# This file contains data from the SALSA 2m radio telescope.
# DATE=2021-12-09T14:27:0040
# GLON and GLAT given in degrees
# GLON=149.8113354202766
# GLAT=-0.2180863210286823
# DATA in two columns below. Col. 1 is velocity relative to LSR [km/s]. Col. 2 is uncalibrated antenna temperature [K].
# ENDHEADER
260.2276586466231 1.1368485970217916
258.1665146960245 5.048584690575201
256.10537074542583 3.7919583318936843
254.04422679482718 5.705061189820681
251.98308284422853 4.214784461435982
249.9219388936299 5.796960608698158
247.86079494303127 4.998610986893799
245.79965099243262 5.778603430531582
243.73850704183397 7.159686964672098
241.67736309123535 9.15853515089413
239.6162191406367 6.405453906412889
237.55507519003805 7.947550337685932
235.4939312394394 6.319432912806466
233.43278728884079 3.7509900402849934
231.37164333824214 7.218824785011866
229.31049938764352 5.841459374475226
227.24935543704484 6.912402991026391
225.18821148644622 9.612898850274556
223.12706753584757 8.515693456277159
221.06592358524895 10.36564215921973
219.0047796346503 8.744026477936297
216.94363568405166 6.192643074850705
214.882491733453 6.1253020474437365
212.82134778285436 7.210428197302019
210.76020383225574 8.597801365853138
208.69905988165706 7.418020294502531
206.63791593105844 7.066180834821517
204.5767719804598 7.800174213275886
202.51562802986118 6.886329064198254
200.45448407926253 5.6635377035769645
198.39334012866388 6.5462806886171165
196.33219617806523 8.521695288194264
194.2710522274666 6.764949496856304
192.20990827686796 6.9802746031401455
190.14876432626934 6.495115682337416
188.08762037567067 5.789996811983247
186.02647642507205 6.035491375405481
183.9653324744734 9.32545674813608
181.90418852387478 9.408108063067637
179.84304457327613 6.336568168792127
177.78190062267748 10.117296297394962
175.72075667207883 7.069774244166607
173.6596127214802 10.347918069068749
171.59846877088157 9.781047479059632
169.5373248202829 7.747199378795253
167.47618086968427 7.037694676969159
165.41503691908562 8.604520174852995
163.353892968487 9.574677699097279
161.29274901788835 7.418842672304915
159.2316050672897 7.403724032736476
157.17046111669106 7.390056371772735
155.10931716609244 6.928401964037223
153.0481732154938 7.6338488455884885
150.98702926489517 9.44790257971847
148.9258853142965 7.821463258608544
146.86474136369787 5.505076664325022
144.80359741309923 7.553754527506408
142.7424534625006 6.739953474709131
140.68130951190193 4.096979375367365
138.6201655613033 5.998733463964333
136.55902161070466 6.892762059087
134.497877660106 7.651846003563874
132.4367337095074 9.321675703202002
130.37558975890875 6.911713315052663
128.3144458083101 5.315153689573788
126.25330185771146 4.147412161003759
124.19215790711283 5.596868994159527
122.13101395651418 7.899946202572251
120.06987000591555 6.537560862270608
118.00872605531688 8.97890846836577
115.94758210471825 8.574927190644788
113.8864381541196 7.8633229060764505
111.82529420352097 6.249829747279877
109.76415025292233 4.981134465566736
107.70300630232369 6.831078372708702
105.64186235172505 8.494188619798896
103.5807184011264 7.557284271570673
101.51957445052777 5.06712241887459
99.45843049992912 6.792146966476671
97.39728654933047 6.4945631210135195
95.33614259873184 5.718042583925908
93.27499864813319 8.372323340058125
91.21385469753456 6.370522478606024
89.15271074693592 8.173088258568399
87.09156679633728 4.797586800926208
85.03042284573864 6.220367461639045
82.96927889514 5.025459653067167
80.90813494454136 7.070949562209372
78.8469909939427 4.675136478387493
76.78584704334406 6.805536149281492
74.72470309274543 7.0614341223103665
72.66355914214678 4.141629705311033
70.60241519154815 5.139585827350464
68.5412712409495 5.359571628304005
66.48012729035086 7.7250728892585965
64.41898333975223 6.801642703905229
62.35783938915358 6.568565596426116
60.29669543855494 7.2234034674000585
58.2355514879563 5.775382380645775
56.17440753735766 4.675203520897439
54.113263586759025 5.0463041683927
52.052119636160384 6.34612901044234
49.990975685561736 6.988549909583872
47.929831734963095 5.533685336748624
45.868687784364454 4.483886704979853
43.80754383376581 6.338777732702956
41.74639988316717 7.114667020820036
39.68525593256854 4.198840764036393
37.6241119819699 6.300987143557305
35.562968031371256 5.114772224354834
33.501824080772614 6.720904721821221
31.44068013017397 5.8994323610984605
29.379536179575332 4.62472689745407
27.318392228976688 5.239227528701701
25.257248278378047 6.459474583103787
23.19610432777941 7.818379537625988
21.134960377180768 6.823470752142053
19.073816426582127 6.05567838007912
17.012672475983486 7.696227557516459
14.951528525384845 7.901844025181662
12.890384574786204 9.851527622269666
10.829240624187564 15.408791231112726
8.768096673588921 19.31069011205862
6.706952722990281 28.48735045094608
4.645808772391642 44.62444919353551
2.5846648217930004 60.21121998722881
0.5235208711943599 72.35383739451774
-1.537623079404281 78.03560459501017
-3.5987670300029215 76.69007746156376
-5.659910980601563 82.32963713148992
-7.721054931200205 82.56181342291576
-9.782198881798845 77.06777161805019
-11.843342832397486 78.37358439725999
-13.904486782996127 71.73137067884433
-15.965630733594766 69.19315184985663
-18.026774684193406 63.798920064668025
-20.087918634792047 60.50194790589476
-22.14906258539069 59.76452191289181
-24.21020653598933 62.86645951293339
-26.27135048658797 69.70467802158497
-28.33249443718661 76.72263483244384
-30.393638387785252 83.774802867196
-32.45478233838389 91.53445289888185
-34.515926288982534 97.35574345575878
-36.577070239581175 94.53764916596145
-38.638214190179816 86.4732519154055
-40.69935814077846 76.79834424392445
-42.76050209137709 69.58508431197059
-44.82164604197573 62.756337404213944
-46.88278999257438 54.39415687771518
-48.94393394317302 49.95831024340429
-51.00507789377166 47.22435048156403
-53.066221844370304 49.76381783754469
-55.127365794968945 48.65926837189878
-57.18850974556758 42.25406238672355
-59.24965369616622 37.27292810400019
-61.31079764676486 30.95858414669226
-63.3719415973635 22.773233990262916
-65.43308554796215 20.10501799972937
-67.49422949856078 17.349603471401327
-69.55537344915942 15.599579425042034
-71.61651739975807 14.565521073767185
-73.6776613503567 16.400766209289532
-75.73880530095536 12.415542281385385
-77.799949251554 11.267845768105104
-79.86109320215263 11.707561196719853
-81.92223715275128 7.0516533560731665
-83.98338110334991 6.481120094040358
-86.04452505394856 6.788568446415068
-88.1056690045472 7.1952660532651
-90.16681295514583 2.774014961969323
-92.22795690574448 2.5690885734886093
-94.28910085634311 4.155952028288174
-96.35024480694176 2.580261482285534
-98.4113887575404 2.43398273805192
-100.47253270813903 1.9200308484170152
-102.53367665873766 2.0382389235249923
-104.59482060933631 1.2135870259524668
-106.65596455993494 3.330942901863124
-108.71710851053359 2.5940335300972146
-110.77825246113223 2.6461915331055614
-112.83939641173086 2.0704123255506683
-114.90054036232952 3.370237244267412
-116.96168431292816 1.5109330028866799
-119.0228282635268 2.7216324573118387
-121.08397221412544 4.631271848356266
-123.14511616472409 2.219899587532843
-125.20626011532272 2.548067153056792
-127.26740406592135 1.6892203447405192
-129.32854801652 1.8163837642528926
-131.38969196711864 3.693629710015758
-133.45083591771728 1.6195826281442556
-135.51197986831593 1.9331630907299258
-137.57312381891455 -0.7701349870533668
-139.6342677695132 0.722795319522718
-141.69541172011185 0.7934678253753019
-143.7565556707105 0.08754681469948444
-145.81769962130912 2.6896591225294815
-147.87884357190777 1.8061635423842828
-149.9399875225064 0.5546525501268449
-152.00113147310506 3.5990779098065793
-154.06227542370368 -0.1570135200277022
-156.12341937430233 1.691277846124288
-158.18456332490095 2.6386966513842784
-160.24570727549963 -0.6371105558886492
-162.30685122609825 4.008679251376792
-164.3679951766969 0.17252173452372718
-166.4291391272955 -0.4741593407029531
-168.49028307789416 0.7079827250726953
-170.5514270284928 -1.115252043913173
-172.61257097909146 -0.04594771149013222
-174.6737149296901 2.8879019650467286
-176.73485888028873 0.2641959760969467
-178.7960028308874 -1.1911394378662625
-180.85714678148602 1.4185485200876538
-182.91829073208467 1.9686854246899763
-184.9794346826833 1.2415361638150735
-187.04057863328194 -0.39946220060261817
-189.1017225838806 1.0223895336549478
-191.16286653447924 -0.0013811510427238498
-193.22401048507786 0.9395798225509374
-195.2851544356765 1.9847284403608123
-197.34629838627512 0.9529564434535724
-199.4074423368738 0.4482383337280077
-201.46858628747242 -0.2058207581865669
-203.52973023807107 -0.27108315406163785
-205.5908741886697 0.2502785070289222
-207.65201813926834 -1.0448318858031922
-209.71316208986698 1.7207425191321462
-211.77430604046563 -0.06979139526874531
-213.83544999106428 -2.145824396426418
-215.8965939416629 -2.1005850356603935
-217.95773789226158 0.3021533242748853
-220.0188818428602 2.6101927409687637
-222.08002579345884 0.2595880496667736
-224.14116974405746 0.36213212682334756
-226.2023136946561 0.8290065607057743
-228.26345764525476 2.4864269779706327
-230.3246015958534 3.3822092036297677
-232.38574554645203 0.19624547618009616
-234.44688949705068 -1.4416134237810505
-236.5080334476493 0.04302432145018269
-238.56917739824797 0.7528200564508808
-240.6303213488466 1.8629677053693883
-242.69146529944524 1.4600419513945533
-244.75260925004386 -0.44856960341632973
-246.81375320064254 0.3723927500540621
-248.87489715124119 3.6818525899321526
-250.9360411018398 0.44153556264798266
-252.99718505243845 -1.1566337471721067
-255.05832900303707 2.8205570890949363
-257.11947295363575 0.9795387380107065
-259.1806169042344 1.5937418325833135
-261.241760854833 1.783005902991723
-263.3029048054317 1.5206547984572665
-265.3640487560303 2.702892548256431
