# BEGINHEADER
# This file contains data from the SALSA 2m radio telescope.
# DATE=2021-11-25T15:07:0030
# GLON and GLAT given in degrees
# GLON=30.87071125759249
# GLAT=0.22891643896813624
# DATA in two columns below. Col. 1 is velocity relative to LSR [km/s]. Col. 2 is uncalibrated antenna temperature [K].
# ENDHEADER
263.97180422886646 3.2786018841547326
261.9106602782678 10.834121772446212
259.84951632766916 11.529078412664273
257.7883723770706 8.918351279223854
255.72722842647187 10.82946515570758
253.66608447587325 12.850026093220512
251.6049405252746 10.163517932932917
249.54379657467598 13.398863984956636
247.48265262407733 13.713380415309405
245.42150867347868 10.741939610509597
243.36036472288004 12.307315752026422
241.29922077228142 10.86208453921968
239.23807682168277 13.048419640165196
237.17693287108415 14.10052088415154
235.11578892048547 13.948029051882333
233.05464496988685 11.800217024401071
230.9935010192882 11.073160447705948
228.93235706868958 13.67408662013752
226.8712131180909 11.886946887497686
224.8100691674923 10.55509308695691
222.74892521689364 12.95994160750626
220.68778126629502 13.294787015466516
218.62663731569637 14.131470854867455
216.5654933650977 13.119407406421562
214.50434941449907 12.494114254606234
212.44320546390043 13.924653257406616
210.3820615133018 12.977528121868671
208.32091756270316 12.795615455575376
206.2597736121045 13.387211969850812
204.19862966150586 12.56399281430286
202.13748571090724 11.959977966676423
200.0763417603086 13.27487041812231
198.01519780970995 13.303988948006454
195.95405385911127 11.793860711219333
193.89290990851265 10.864570168149056
191.831765957914 12.08319489707849
189.77062200731538 9.35576258836159
187.70947805671673 11.374361246645055
185.64833410611809 13.511794284346232
183.58719015551944 11.859199501501863
181.52604620492082 14.524856064477836
179.46490225432217 13.82211137373528
177.40375830372352 14.614819366400267
175.34261435312487 14.25093590022581
173.28147040252622 12.888708057131833
171.2203264519276 11.493501360712292
169.15918250132896 11.081024416051687
167.09803855073034 13.354124342657679
165.03689460013166 15.282078856123947
162.97575064953304 13.36510790631061
160.9146066989344 11.564550449168502
158.85346274833577 12.530505306143457
156.7923187977371 10.346338679402795
154.73117484713848 14.758224674433777
152.67003089653983 13.170077677864807
150.6088869459412 15.61944781557654
148.54774299534256 14.708063823352692
146.4865990447439 17.085419055557118
144.42545509414526 13.155657185682369
142.36431114354664 14.195659138657842
140.303167192948 13.190650969052111
138.24202324234935 14.077325773240437
136.1808792917507 16.35651302757264
134.11973534115205 13.088038043918464
132.05859139055343 14.994768432080482
129.99744743995478 15.641597302994965
127.93630348935615 14.1629352049647
125.87515953875752 14.543136066157611
123.81401558815887 15.541790986277563
121.75287163756023 17.329663922262483
119.69172768696157 17.104838521716026
117.63058373636294 19.48449809796379
115.56943978576429 20.468920903478526
113.50829583516565 22.81521086513993
111.44715188456702 28.718630303161362
109.38600793396837 30.096554323642113
107.32486398336974 37.65554197672953
105.26372003277109 38.05927517649963
103.20257608217246 41.34875504878776
101.14143213157381 45.86725690698167
99.08028818097519 44.84166365765267
97.01914423037654 46.980625040490104
94.9580002797779 49.847027458004185
92.89685632917926 52.16429926902071
90.83571237858062 50.25191623109858
88.77456842798199 52.879444924759795
86.71342447738334 54.104619782301484
84.65228052678471 52.442782453132445
82.59113657618606 52.099909506269775
80.52999262558741 53.273898973031805
78.46884867498878 56.86653625889536
76.40770472439013 53.61598286583596
74.3465607737915 56.36780934007719
72.28541682319285 56.370980971626494
70.22427287259421 52.55062974621273
68.16312892199556 51.33557587411126
66.10198497139693 49.3875423418424
64.0408410207983 49.8861692053064
61.97969707019965 49.49720480691861
59.91855311960101 49.41321540083656
57.857409169002366 50.076779275984805
55.79626521840373 54.51869093872998
53.73512126780509 59.13563745040815
51.67397731720644 57.58913207116309
49.6128333666078 60.55995430021013
47.551689416009154 61.74304139090469
45.49054546541052 63.659030094762
43.42940151481188 65.70284412666945
41.36825756421324 62.297848061990614
39.3071136136146 61.276404567711886
37.245969663015956 60.3792802586808
35.184825712417314 58.90359536624221
33.12368176181867 59.046405235394225
31.062537811220032 64.75312320937793
29.00139386062139 68.75624477550296
26.94024991002275 73.12044551766718
24.87910595942411 78.0939785586156
22.81796200882547 81.24155392041345
20.75681805822683 83.03720247431328
18.695674107628186 85.43422063603121
16.634530157029545 85.78712444314519
14.573386206430905 90.99740833221288
12.512242255832266 97.13727476058551
10.451098305233625 90.83203753141784
8.389954354634984 86.5166854158167
6.328810404036344 85.36890385062928
4.267666453437703 83.2615459932569
2.2065225028390616 81.68686213478023
0.1453785522404208 70.96028429324959
-1.91576539835822 59.43721275547111
-3.9769093489568608 45.49386220400179
-6.038053299555502 36.094309224360856
-8.099197250154143 32.98967399698177
-10.160341200752782 29.76191611949392
-12.221485151351425 31.27996842443066
-14.282629101950064 30.729803469492122
-16.343773052548705 32.618103571724056
-18.404917003147343 31.16343618645191
-20.466060953745988 33.26674219692442
-22.52720490434463 35.4874216381196
-24.58834885494327 31.613021123792194
-26.649492805541907 33.550026149737036
-28.71063675614055 35.86380583947838
-30.771780706739193 34.07188410864765
-32.832924657337834 35.507119311063924
-34.894068607936475 37.49279561054136
-36.95521255853511 35.14361672906026
-39.01635650913375 32.52582991304656
-41.07750045973239 32.186307349650754
-43.13864441033103 30.425766443259022
-45.19978836092968 32.9260727026349
-47.26093231152832 29.563976147954506
-49.32207626212696 27.248994702059715
-51.3832202127256 21.28422088704254
-53.44436416332423 20.758352311696708
-55.50550811392287 19.489758272883165
-57.56665206452151 14.846500142202817
-59.627796015120154 16.92993390630943
-61.688939965718795 14.35779340893284
-63.75008391631744 13.6995930755239
-65.81122786691607 15.479489405349533
-67.87237181751472 13.611358224331058
-69.93351576811335 9.469975006725154
-71.994659718712 11.756778459366348
-74.05580366931065 11.421126932041377
-76.11694761990928 10.938934179366726
-78.17809157050793 11.329916102954085
-80.23923552110656 10.467320245219888
-82.30037947170521 10.057055710126741
-84.36152342230385 10.23858584907264
-86.4226673729025 11.718604404771146
-88.48381132350113 7.960394212443701
-90.54495527409976 8.426939717441389
-92.60609922469841 10.18542115374395
-94.66724317529705 11.28545604834103
-96.7283871258957 10.918563864320356
-98.78953107649433 6.633139729393546
-100.85067502709298 9.321140655617642
-102.91181897769162 9.667818406963896
-104.97296292829026 8.175268401990186
-107.0341068788889 10.1113234286403
-109.09525082948754 7.356181378504302
-111.15639478008617 11.379384998535857
-113.21753873068484 9.506534848876843
-115.27868268128347 8.614941445813434
-117.33982663188212 6.903414298110529
-119.40097058248075 10.148014102801666
-121.4621145330794 9.25161924402415
-123.52325848367803 10.740811613922894
-125.58440243427667 10.325762837517374
-127.64554638487532 8.850954920989436
-129.70669033547395 9.01153363992762
-131.7678342860726 9.006561091248487
-133.82897823667125 6.232296236043804
-135.8901221872699 5.438209709322728
-137.95126613786852 9.399200969133897
-140.01241008846716 6.8753388091786
-142.07355403906578 8.725654819762108
-144.13469798966446 7.828059589118884
-146.19584194026308 10.517242572596148
-148.25698589086173 7.395764644951253
-150.31812984146035 10.176872333597382
-152.379273792059 8.37941744318525
-154.44041774265764 8.501144850547565
-156.5015616932563 10.413276380177907
-158.5627056438549 6.765884948983984
-160.62384959445356 8.567593696228748
-162.6849935450522 6.743002263553136
-164.74613749565086 10.727497251727236
-166.80728144624948 8.706234088508978
-168.86842539684812 6.786575026294126
-170.92956934744677 7.279936562747603
-172.99071329804542 8.11008245513652
-175.05185724864407 9.017962332815507
-177.1130011992427 6.968440271055728
-179.17414514984134 10.707487921508276
-181.23528910043996 7.503470476237503
-183.29643305103863 7.90151280894092
-185.35757700163725 7.857556424744584
-187.4187209522359 8.584295567482577
-189.47986490283452 8.441775266401581
-191.54100885343317 5.278226252704998
-193.60215280403182 8.234246025753857
-195.66329675463047 6.805201330016016
-197.72444070522909 6.217959046743462
-199.78558465582773 4.813482942453339
-201.84672860642635 9.10079334804429
-203.907872557025 8.845186902245219
-205.96901650762362 6.772501794396653
-208.03016045822227 9.138398899495275
-210.09130440882095 5.92702156022436
-212.15244835941957 8.613764765410126
-214.2135923100182 7.362584016013719
-216.27473626061683 6.908825853871223
-218.3358802112155 6.056734623995384
-220.39702416181413 6.467219035119055
-222.45816811241278 6.6906509469373585
-224.5193120630114 6.650080503848249
-226.58045601361005 7.498166000256309
-228.6415999642087 6.679632437009387
-230.70274391480734 7.221751630138047
-232.76388786540596 6.944218412066348
-234.8250318160046 6.509967370177089
-236.88617576660323 9.958727009878093
-238.9473197172019 7.433981323916535
-241.00846366780053 7.513543800654228
-243.06960761839917 6.838932008305978
-245.1307515689978 9.523080841370797
-247.19189551959644 5.970921978150497
-249.25303947019512 8.580161670111451
-251.31418342079374 6.116078987637022
-253.3753273713924 7.1507246882656466
-255.436471321991 10.849094761271296
-257.49761527258966 9.93463078707811
-259.5587592231883 6.411080225675361
-261.61990317378695 9.720588284948127
