# BEGINHEADER
# This file contains data from the SALSA 2m radio telescope.
# DATE=2021-11-25T16:26:0004
# GLON and GLAT given in degrees
# GLON=85.33320926116417
# GLAT=-0.9438933358639088
# DATA in two columns below. Col. 1 is velocity relative to LSR [km/s]. Col. 2 is uncalibrated antenna temperature [K].
# ENDHEADER
264.82632796379403 0.8069553201529615
262.7651840131953 2.778277815403904
260.70404006259673 1.5800473572429024
258.6428961119981 2.951338847174864
256.58175216139944 3.5819089122977816
254.52060821080082 3.4171208159877877
252.45946426020217 3.184931048556424
250.3983203096035 3.570914906493487
248.33717635900487 5.888939707129634
246.27603240840622 4.876644464250597
244.2148884578076 2.5721054479610865
242.15374450720893 4.306091192356663
240.0926005566103 3.832343176927916
238.03145660601166 4.769845600493257
235.97031265541304 4.919154356063538
233.9091687048144 4.9229576289200905
231.84802475421574 3.87311137855606
229.7868808036171 5.472479888395237
227.72573685301847 5.33252684078497
225.66459290241983 5.243453963496412
223.6034489518212 5.483885447710321
221.54230500122253 4.666848852790357
219.4811610506239 2.0251259066398677
217.42001710002526 5.02725729492135
215.35887314942664 7.8599171040457225
213.29772919882797 7.442687636599841
211.23658524822932 6.187095617470683
209.1754412976307 6.668120158855606
207.11429734703205 5.557522287170551
205.05315339643343 6.725865263147322
202.99200944583475 6.8811005644201915
200.93086549523613 6.236582045023203
198.86972154463749 5.158052091630548
196.8085775940389 6.817676803641579
194.74743364344022 5.970219887972162
192.6862896928416 6.320038269778972
190.62514574224295 7.639331372548354
188.56400179164433 6.226218537429007
186.50285784104565 6.510014591568196
184.44171389044703 5.540453143645609
182.38056993984839 7.060125716753148
180.31942598924977 6.572989200509571
178.25828203865112 6.568192099751265
176.19713808805247 4.9082244849893994
174.13599413745382 5.825999416538066
172.07485018685517 7.359385360200316
170.01370623625655 6.520290800900249
167.9525622856579 5.959636019406288
165.89141833505926 6.830695802010356
163.8302743844606 5.629607344468765
161.769130433862 7.300095866175896
159.70798648326334 7.153162173546082
157.6468425326647 6.936925658961857
155.58569858206604 6.372445883544684
153.52455463146742 7.44597794193277
151.46341068086878 6.6773949384035935
149.40226673027016 6.488391022533394
147.34112277967148 8.191348298534892
145.27997882907286 6.63364511688506
143.2188348784742 7.53065067996854
141.1576909278756 7.011506630272246
139.09654697727694 6.782069998298635
137.0354030266783 6.895142152987445
134.97425907607965 6.545328574882624
132.913115125481 6.357652992988531
130.85197117488235 6.12312651592794
128.79082722428373 5.850360363457206
126.7296832736851 6.882060042104444
124.66853932308645 6.4466498817480105
122.60739537248782 6.727087567349396
120.54625142188917 8.067918835403088
118.48510747129053 6.6341432301912375
116.42396352069188 6.060398636881606
114.36281957009324 6.6453061458755265
112.3016756194946 5.862255697934145
110.24053166889595 6.584159291069719
108.17938771829732 5.643440678005681
106.11824376769867 6.3372413543774035
104.05709981710004 6.401371635533924
101.99595586650139 6.183856521165822
99.93481191590276 6.700251539277001
97.87366796530412 5.584803718187468
95.81252401470547 5.6443659520926355
93.75138006410684 6.848532077618904
91.69023611350819 7.653051683137786
89.62909216290956 7.83782239973017
87.56794821231091 6.844213953167735
85.50680426171228 6.880910801640506
83.44566031111364 6.384401822355017
81.384516360515 6.064954355732252
79.32337240991636 7.011149661964141
77.26222845931771 6.726965877401957
75.20108450871906 6.1446281076487494
73.13994055812041 5.253187845744159
71.07879660752178 5.93543208355164
69.01765265692315 5.6417701945207686
66.9565087063245 6.73437994677373
64.89536475572586 5.4711789752728786
62.834220805127224 5.69218857275187
60.77307685452858 6.453196942362063
58.71193290392994 5.769229690427243
56.6507889533313 5.9206892735339
54.58964500273266 6.0963200207186725
52.52850105213402 6.406630219318773
50.467357101535384 6.073836993813032
48.40621315093674 4.804245977287989
46.345069200338095 6.694116752229557
44.283925249739454 6.561493741222649
42.22278129914081 5.2823215243104125
40.16163734854217 4.979138555723365
38.10049339794354 6.0418962253286255
36.0393494473449 6.518589974243937
33.978205496746256 6.006038033143125
31.91706154614761 8.607428564878255
29.85591759554897 9.016778640722578
27.794773644950332 10.036497302744609
25.73362969435169 10.259180553308212
23.67248574375305 13.888899887173613
21.611341793154406 17.411730946965083
19.550197842555768 24.171635094047158
17.489053891957127 31.254881040816933
15.427909941358486 42.06504654294093
13.366765990759845 55.49094057081049
11.305622040161204 71.8562290345383
9.244478089562563 88.4477584191954
7.183334138963922 97.6713833253598
5.122190188365281 100.34384144229028
3.06104623776664 99.0406132914571
0.9999022871679992 91.65972445324886
-1.0612416634306414 91.32024315820321
-3.1223856140292825 87.8548786653386
-5.183529564627923 83.92254947926627
-7.244673515226564 81.58011182586615
-9.305817465825205 78.01067785156575
-11.366961416423845 75.30221200831642
-13.428105367022486 72.13402545841252
-15.489249317621125 66.25843209574862
-17.550393268219768 59.22134015036945
-19.61153721881841 50.72502495503918
-21.672681169417046 44.05554807579453
-23.733825120015688 36.71659108165369
-25.794969070614332 33.38635568632817
-27.85611302121297 29.957206541434005
-29.91725697181161 30.65126124457957
-31.978400922410252 31.67957874531152
-34.03954487300889 34.84863126446597
-36.100688823607534 40.030792963694786
-38.161832774206175 43.992539768160974
-40.222976724804816 48.47094926843398
-42.28412067540346 52.08904921124309
-44.3452646260021 50.32030065611207
-46.40640857660073 47.245283039823775
-48.46755252719937 42.57826567802288
-50.52869647779802 38.350591612623354
-52.58984042839666 35.129622000449594
-54.650984378995304 31.121351083116565
-56.712128329593945 28.504440969470615
-58.77327228019258 26.683383277859274
-60.83441623079122 25.422353907717422
-62.89556018138986 26.69876714996415
-64.9567041319885 29.334698198448233
-67.01784808258714 32.346163536465795
-69.07899203318578 36.531559006663905
-71.14013598378442 39.60094134669111
-73.20127993438307 42.265334650642
-75.2624238849817 42.42614666201325
-77.32356783558035 40.219090911575755
-79.384711786179 39.314663854080585
-81.44585573677763 36.6838491143398
-83.50699968737628 32.78796780911579
-85.56814363797491 30.109544705639323
-87.62928758857356 26.661581671853035
-89.6904315391722 22.80836741514552
-91.75157548977084 21.252203892319077
-93.81271944036948 19.830899869541767
-95.87386339096811 16.994195019007982
-97.93500734156676 14.78987198847535
-99.9961512921654 11.959605546872679
-102.05729524276404 10.98906498636062
-104.11843919336268 9.441708631541395
-106.17958314396132 8.9326608033469
-108.24072709455996 7.108288009409533
-110.30187104515859 6.5664120700179
-112.36301499575724 5.255772763047095
-114.42415894635587 4.431420984432242
-116.48530289695452 4.632546461079825
-118.54644684755317 3.3107219347165495
-120.6075907981518 3.4693012471675586
-122.66873474875045 3.675655989129386
-124.72987869934909 3.4970070521962744
-126.79102264994773 2.273466128180894
-128.85216660054635 1.9004465883336983
-130.913310551145 3.4791420726946036
-132.97445450174365 3.3600638804555416
-135.0355984523423 2.117177141758191
-137.09674240294095 2.0197057082868968
-139.15788635353957 1.6129718891320863
-141.21903030413822 1.8733044350344241
-143.28017425473686 1.9929408419756354
-145.3413182053355 1.8848733277325196
-147.40246215593413 2.8224168570324046
-149.46360610653278 3.086730168287349
-151.5247500571314 1.9500750385830503
-153.58589400773008 1.5389644668340932
-155.6470379583287 1.3752529550451917
-157.70818190892734 1.3659341564329048
-159.76932585952596 1.8426580897208924
-161.83046981012464 1.9131837204577986
-163.89161376072326 0.9477870031675818
-165.9527577113219 1.9077314837818125
-168.01390166192053 0.20979178781275692
-170.07504561251918 0.5898005523907655
-172.13618956311782 0.2118601610906763
-174.19733351371647 0.2697011575234426
-176.25847746431512 -0.027621129889903177
-178.31962141491374 0.2740154542167943
-180.3807653655124 0.5921722298565452
-182.44190931611104 0.6704407278627458
-184.50305326670968 1.3224225821889761
-186.5641972173083 0.7440705522039223
-188.62534116790695 0.9006835741633878
-190.68648511850557 1.261568797567064
-192.74762906910425 0.8402202471711241
-194.80877301970287 1.6731423290908942
-196.86991697030152 0.25926198859707356
-198.93106092090017 -0.7798580303494176
-200.9922048714988 -0.9216621224562452
-203.05334882209746 0.47473078220490983
-205.1144927726961 0.6531286453439102
-207.17563672329473 0.8356965793362354
-209.23678067389338 0.14505237761217482
-211.297924624492 -0.6477539092590919
-213.35906857509067 0.021196245717180977
-215.42021252568932 -1.0408784435613863
-217.48135647628794 0.1425518474111958
-219.5425004268866 1.050673624224224
-221.6036443774852 0.20441661185390808
-223.6647883280839 0.4402706718998455
-225.7259322786825 0.020953130938892648
-227.78707622928115 -0.7191790171165061
-229.84822017987977 0.699839702624635
-231.90936413047842 0.6013443207136919
-233.97050808107707 0.7114766258343412
-236.03165203167572 1.8086494209644068
-238.09279598227434 1.059701565573909
-240.153939932873 0.11576351771039427
-242.21508388347164 -0.36356692866483664
-244.27622783407028 -0.5098392638333455
-246.3373717846689 0.04594348168808153
-248.39851573526755 0.8852349695267251
-250.45965968586617 0.59989799758146
-252.52080363646485 0.6840037795576966
-254.5819475870635 1.7742299673461632
-256.64309153766214 1.5236069705783
-258.70423548826074 1.75910076111849
-260.7653794388594 2.0481554458145776
