# BEGINHEADER
# This file contains data from the SALSA 2m radio telescope.
# DATE=2021-11-24T15:47:0021
# GLON and GLAT given in degrees
# GLON=129.8680864949012
# GLAT=-0.16158946410350614
# DATA in two columns below. Col. 1 is velocity relative to LSR [km/s]. Col. 2 is uncalibrated antenna temperature [K].
# ENDHEADER
266.6982950873971 -2.3306303674859934
264.6371511367984 -1.386958544864712
262.57600718619983 -2.2223157949411636
260.5148632356012 -4.362128003755451
258.45371928500253 -4.472642293576702
256.3925753344039 -6.000022466679146
254.33143138380527 -5.902519043396914
252.2702874332066 -2.4534825678113616
250.20914348260797 -1.4856506209762126
248.14799953200932 -4.396782565278331
246.0868555814107 -5.490592013557771
244.02571163081205 -3.6040199631403658
241.9645676802134 -4.247368073105237
239.90342372961476 -5.553159947758117
237.84227977901614 -4.02959952441504
235.7811358284175 -6.547926462823455
233.71999187781884 -4.97961066463835
231.6588479272202 -4.106721198650934
229.59770397662157 -3.2475237810556052
227.53656002602293 -3.1161483586691463
225.4754160754243 -4.875463366567856
223.41427212482563 -2.9945787689102543
221.353128174227 -6.501333171539363
219.29198422362836 -5.524062463011058
217.23084027302974 -4.274129657808095
215.1696963224311 -4.376535221212416
213.10855237183242 -3.7924280397204853
211.0474084212338 -4.181449222391476
208.98626447063515 -3.681263777555934
206.92512052003653 -4.413170916950741
204.86397656943785 -1.5956245855178435
202.80283261883923 -4.594097307421156
200.74168866824058 -4.167502584683474
198.68054471764196 -5.989430239750566
196.61940076704332 -1.3498462113134855
194.55825681644467 -5.732709327469645
192.49711286584602 -4.4258759725547865
190.4359689152474 -2.7611949218464806
188.37482496464875 -3.4515398134169737
186.31368101405013 -2.524065090281399
184.25253706345146 -2.4709431692899857
182.19139311285284 -1.7518838950108087
180.1302491622542 -5.904356109818992
178.06910521165557 -2.1194031973227676
176.0079612610569 -3.4847379868085664
173.94681731045824 -4.3968133517785555
171.88567335985962 -2.974410595389203
169.82452940926098 -4.9128709544999545
167.76338545866236 -5.6766946219641214
165.70224150806368 -2.773605768413356
163.64109755746506 -5.411015864695214
161.5799536068664 -2.298002989534019
159.5188096562678 -3.6071434073543007
157.45766570566914 -2.833659501714429
155.3965217550705 -4.039183997585549
153.33537780447185 -3.5175901888426813
151.27423385387323 -2.1676417168853033
149.21308990327458 -1.7470547718935951
147.15194595267596 -2.4548219331066994
145.09080200207728 -1.8127058887820025
143.02965805147866 -2.9161014424484493
140.96851410088001 -3.266169274107289
138.9073701502814 -1.3573986400655729
136.84622619968272 -2.807733770646907
134.78508224908407 -2.3184327009861283
132.72393829848545 -2.8835206330870617
130.6627943478868 -0.7041302296651805
128.60165039728815 -3.313695793401426
126.54050644668953 -4.000901026494513
124.47936249609089 -2.3725867881868945
122.41821854549225 -1.7232344029475963
120.3570745948936 -0.5500527773568998
118.29593064429497 -4.047465651223557
116.23478669369632 -1.7741686585691123
114.17364274309767 -2.152241508250025
112.11249879249904 -3.6532511983805884
110.05135484190039 -3.420559472943
107.99021089130176 -3.451039767939081
105.92906694070312 -2.019201971669218
103.86792299010447 -2.913487483056959
101.80677903950584 -2.450608935012508
99.74563508890719 -5.025917967118316
97.68449113830856 -4.529186335399447
95.62334718770991 -3.11882525737497
93.56220323711128 -2.705602860951591
91.50105928651264 -3.1594304001946187
89.439915335914 -4.074114855144115
87.37877138531536 0.10528695709967814
85.31762743471671 -1.04313997769126
83.25648348411808 -2.8093452232712566
81.19533953351943 -1.1211239099430352
79.13419558292078 -3.683350384045991
77.07305163232215 -1.9717647624711738
75.0119076817235 -2.711121344113514
72.95076373112487 -5.050266397215852
70.88961978052622 -2.1484031427891295
68.82847582992758 -2.242987337533625
66.76733187932894 -0.43194948312106796
64.7061879287303 -2.8739183267573183
62.64504397813166 -2.6951754575980806
60.58390002753302 -1.9662134987545674
58.52275607693438 -3.0099679433997655
56.461612126335744 -3.1839532409896014
54.4004681757371 -1.0312835003324325
52.33932422513846 -4.8963229322394906
50.278180274539814 -1.8295223658755229
48.21703632394117 -1.5793252742848498
46.15589237334253 -4.981448854831442
44.0947484227439 -0.677141490382695
42.03360447214526 -2.3136546679172354
39.972460521546616 -1.278945103579236
37.911316570947974 -0.18527858708544603
35.85017262034933 -1.847691009096071
33.78902866975069 -2.7471830689097447
31.72788471915205 0.3748220420919141
29.66674076855341 0.16315099070833614
27.60559681795477 -0.5290004699145021
25.544452867356128 1.9500957828681045
23.483308916757483 0.9218852764981266
21.422164966158846 -0.17836110585487383
19.361021015560205 1.2024148004064068
17.299877064961564 0.3739427330689403
15.238733114362923 1.6897104927757272
13.17758916376428 0.6874401510238983
11.116445213165642 6.5610359420722375
9.055301262567 8.449629524405184
6.99415731196836 12.875378953055396
4.933013361369718 23.347861557373456
2.8718694107710783 37.603957351974906
0.8107254601724373 43.070001758005546
-1.2504184904262037 47.06760961803493
-3.311562441024844 51.29463984370654
-5.372706391623486 51.733594470097785
-7.433850342222126 50.78158315800008
-9.494994292820765 49.37049822922327
-11.556138243419408 44.82630979174823
-13.617282194018049 38.95173603288553
-15.67842614461669 34.479744942298126
-17.73957009521533 31.84092166731903
-19.80071404581397 26.368341105456917
-21.86185799641261 21.37431988542206
-23.923001947011254 18.59965988735575
-25.984145897609892 17.42195154467619
-28.045289848208533 19.400452214785616
-30.10643379880717 21.04614698558056
-32.167577749405815 26.16135270219652
-34.228721700004456 30.77107289964658
-36.2898656506031 33.42545198766287
-38.35100960120174 34.888078073736466
-40.41215355180037 38.80360782348087
-42.473297502399014 42.43893374715081
-44.534441452997655 42.828936782903035
-46.5955854035963 43.28519862882164
-48.656729354194944 42.45648545718314
-50.717873304793585 46.205879799368795
-52.77901725539222 45.75944156752509
-54.84016120599086 43.15428211830545
-56.9013051565895 43.55719658698351
-58.96244910718814 39.32253734238779
-61.02359305778678 33.831952874436936
-63.084737008385424 27.160212186007456
-65.14588095898407 24.749099248410705
-67.2070249095827 20.602984892878585
-69.26816886018135 16.031954838633148
-71.32931281077998 14.254393886237516
-73.39045676137862 11.182645990449172
-75.45160071197728 10.897900817603182
-77.51274466257591 11.296834731006095
-79.57388861317456 11.831782732245031
-81.6350325637732 9.735859410193184
-83.69617651437184 10.997180193269722
-85.75732046497048 12.848114264169121
-87.81846441556911 11.880187892665646
-89.87960836616776 9.676232181554923
-91.94075231676639 8.549288170766209
-94.00189626736504 9.744546617154292
-96.06304021796367 11.101748619514641
-98.12418416856232 9.688475480265625
-100.18532811916096 8.022340191744979
-102.24647206975959 9.674767889363332
-104.30761602035824 7.655737879378219
-106.36875997095687 3.9009366292406153
-108.42990392155552 3.751373409088911
-110.49104787215416 4.772710171182457
-112.5521918227528 4.52345121356965
-114.61333577335145 2.0276687489152443
-116.67447972395009 1.9099017766616209
-118.73562367454873 1.1966563356115139
-120.79676762514737 -0.7047440930801543
-122.85791157574602 -0.502794372655876
-124.91905552634465 2.82112460952293
-126.9801994769433 2.7485177884531033
-129.04134342754193 3.3804420825997985
-131.10248737814055 2.4502102001555106
-133.1636313287392 -0.2548259968800865
-135.22477527933788 0.9225110416481219
-137.2859192299365 1.4541995195103439
-139.34706318053514 0.4584684094604263
-141.40820713113376 -0.14763736483594808
-143.4693510817324 3.3706212668024595
-145.53049503233106 0.15588729317173414
-147.5916389829297 -0.12398727724368973
-149.65278293352833 0.8397067192149555
-151.71392688412698 0.7994983197652721
-153.77507083472562 1.7559250168932128
-155.83621478532427 0.3983359465779257
-157.8973587359229 3.240380821000879
-159.95850268652154 0.9718258465525955
-162.01964663712016 -1.043982425605331
-164.08079058771884 -0.42587019426602396
-166.14193453831746 -1.1776526078319987
-168.2030784889161 -1.3232844805917114
-170.26422243951473 0.9449668383622579
-172.32536639011337 1.778788909608614
-174.38651034071205 1.0678069905825835
-176.44765429131067 2.8461948638954806
-178.50879824190932 1.8546844100643496
-180.56994219250794 1.4724708506362068
-182.63108614310661 3.091987516788516
-184.69223009370523 1.189247356110215
-186.75337404430388 1.005081163721813
-188.8145179949025 2.3110696330078366
-190.87566194550115 2.599141836052413
-192.9368058960998 1.2375842154244994
-194.99794984669845 4.348155946876886
-197.05909379729707 1.8749891124799691
-199.12023774789571 1.0302419816280597
-201.18138169849433 0.7710703070794935
-203.242525649093 3.163584573665139
-205.30366959969163 2.6673924125396993
-207.36481355029028 2.4205408608860006
-209.4259575008889 4.038968884621212
-211.48710145148758 0.8911807515949333
-213.54824540208622 1.6015999221821131
-215.60938935268484 -0.3019354508897089
-217.6705333032835 1.524548885963886
-219.7316772538821 3.2620831191622432
-221.7928212044808 0.900687453234397
-223.8539651550794 1.5885452960601296
-225.91510910567806 1.7123788565407365
-227.97625305627668 3.176588388028008
-230.03739700687532 1.2574873374434123
-232.09854095747397 -0.3722910520690288
-234.15968490807262 1.88531601327043
-236.22082885867124 3.2264382052801146
-238.2819728092699 0.4467355092797996
-240.3431167598685 1.9517810777811873
-242.40426071046718 1.9434988687219765
-244.4654046610658 1.5275515102778414
-246.52654861166445 1.4396200180548706
-248.58769256226307 -1.1045237034759559
-250.64883651286175 1.3354468928480427
-252.7099804634604 0.2999779481508883
-254.77112441405902 -2.9083294631702645
-256.83226836465764 0.8373958374390629
-258.8934123152563 -0.21091550424218394
