# BEGINHEADER
# This file contains data from the SALSA 2m radio telescope.
# DATE=2021-11-23T20:14:0005
# GLON and GLAT given in degrees
# GLON=65.8909049126009
# GLAT=0.16599766287954962
# DATA in two columns below. Col. 1 is velocity relative to LSR [km/s]. Col. 2 is uncalibrated antenna temperature [K].
# ENDHEADER
264.6176422074186 -1.4511300310217599
262.55649825681996 1.6080461261928705
260.4953543062213 1.088596594290208
258.4342103556227 2.378661225772889
256.3730664050241 7.87272621870756
254.3119224544254 5.481279611831407
252.25077850382678 3.9261704821845758
250.18963455322813 6.753462339518912
248.12849060262948 6.784100864978888
246.06734665203086 4.3871084708211034
244.0062027014322 4.25812515752538
241.94505875083357 4.029479103757835
239.88391480023492 9.078154667499646
237.8227708496363 6.411777307748241
235.76162689903765 3.4395559925642387
233.700482948439 5.363609600029889
231.63933899784035 4.745478047124451
229.57819504724173 7.744234164642469
227.5170510966431 6.132939684179819
225.45590714604444 6.749243490507492
223.3947631954458 8.42925859926612
221.33361924484717 5.684100345170938
219.27247529424852 4.709196181829811
217.2113313436499 9.493735025654182
215.15018739305123 9.705053627715081
213.0890434424526 8.082961200358517
211.02789949185396 7.026530114213066
208.9667555412553 8.609648546745182
206.9056115906567 6.9285832375198755
204.844467640058 7.807410970358796
202.7833236894594 6.719711346187788
200.72217973886075 6.688753286204709
198.66103578826213 4.863982790989096
196.59989183766345 5.665439371846511
194.53874788706483 8.056564706392729
192.47760393646615 4.381981385862047
190.41645998586753 9.612089830913071
188.35531603526888 6.089049500640244
186.29417208467027 7.2630076269481805
184.2330281340716 12.031980506927862
182.17188418347297 13.410612038068484
180.11074023287432 9.6270067198343
178.0495962822757 6.582108367441529
175.98845233167705 10.549964940699004
173.92730838107838 10.709063253445748
171.86616443047976 5.3363306845897185
169.8050204798811 7.946706512074864
167.7438765292825 9.781863025411372
165.68273257868384 4.945882728518229
163.6215886280852 3.4536386099036323
161.56044467748654 8.138714364251593
159.49930072688792 7.026192110895307
157.43815677628928 7.297744387753385
155.37701282569066 7.487366072852074
153.31586887509198 7.797918326191589
151.25472492449336 6.167638346362081
149.1935809738947 8.956159152234008
147.1324370232961 8.703610221098552
145.07129307269742 6.741537308004123
143.0101491220988 8.901024342633416
140.94900517150015 10.318185603779908
138.88786122090153 9.717936024544208
136.82671727030288 8.310546804349883
134.7655733197042 6.902010873302993
132.70442936910558 9.1246689955929
130.64328541850693 7.756334501489437
128.5821414679083 2.128007756833075
126.52099751730967 8.006428376445681
124.45985356671103 6.434322318975627
122.39870961611238 8.67831036730446
120.33756566551375 10.041624529386844
118.2764217149151 9.404800236065602
116.21527776431647 11.110063134466047
114.15413381371782 9.633949199527507
112.09298986311917 8.500939528479462
110.03184591252054 6.939374983851743
107.97070196192189 7.276506682585663
105.90955801132326 5.610693754979739
103.84841406072461 7.480804895105026
101.78727011012597 8.09261934880374
99.72612615952734 8.059183338735538
97.66498220892869 6.204797908612241
95.60383825833006 4.45513962718973
93.54269430773141 7.157142172998625
91.48155035713278 6.172042968783479
89.42040640653413 7.98825660948178
87.3592624559355 5.9615668131721495
85.29811850533686 6.860149456723803
83.23697455473821 6.995665302165707
81.17583060413958 6.134666110542206
79.11468665354093 8.81206158280697
77.0535427029423 5.7582372290384
74.99239875234363 3.369285145440221
72.931254801745 7.739822015791166
70.87011085114636 3.7150761316871956
68.80896690054772 8.862010634885145
66.74782294994908 8.445703030908772
64.68667899935045 6.190149551447563
62.6255350487518 9.405415390031244
60.56439109815316 7.8855468968887195
58.50324714755452 5.919948114306625
56.44210319695588 11.039690210778533
54.380959246357236 10.045347469481007
52.319815295758595 8.88748823801405
50.25867134515996 7.075441438645797
48.19752739456133 7.16358668389782
46.13638344396268 10.019694982348827
44.07523949336404 15.935015468712276
42.014095542765396 15.258366252360815
39.952951592166755 17.978724235566624
37.891807641568114 19.57263680358449
35.83066369096947 24.138208833058837
33.76951974037084 24.612047948079052
31.70837578977219 31.4660492679712
29.647231839173553 37.07426139972781
27.586087888574912 48.020177751085214
25.52494393797627 63.56568204984982
23.463799987377634 68.84643875987105
21.40265603677899 80.3605640738894
19.341512086180348 86.2188313104982
17.28036813558171 100.98618537643911
15.219224184983068 108.04546679326478
13.158080234384427 111.98334690096425
11.096936283785784 118.53851041041615
9.035792333187144 127.13208105273713
6.974648382588503 120.28729423676046
4.913504431989863 116.22395414723667
2.852360481391222 102.10707853048986
0.7912165307925814 85.58133766266596
-1.2699274198060593 83.79639684250937
-3.3310713704047 69.7522818879575
-5.3922153210033406 66.75814316376548
-7.4533592716019825 57.447586605706285
-9.514503222200624 48.29562928954295
-11.575647172799263 42.03668878647006
-13.636791123397904 44.73226990789305
-15.697935073996543 42.358444673101566
-17.759079024595184 34.610332411206635
-19.820222975193825 32.43014552209981
-21.881366925792467 33.22048288398903
-23.942510876391108 25.30298214099044
-26.00365482698975 19.468518964135427
-28.06479877758839 22.591104641499903
-30.12594272818703 22.361820584700034
-32.18708667878567 16.915904160449323
-34.24823062938432 13.981471370174152
-36.30937457998295 17.089672153346083
-38.37051853058159 19.166277547768264
-40.43166248118023 14.248952660326475
-42.492806431778874 18.30646983668129
-44.553950382377515 17.698080222306235
-46.615094332976156 23.305296467814713
-48.67623828357479 23.690858348023998
-50.737382234173445 27.80590229563332
-52.798526184772086 25.037197390813088
-54.85967013537073 31.182154266955575
-56.92081408596937 35.29870125353474
-58.981958036568 40.156089859749464
-61.043101987166644 47.747076006662326
-63.104245937765285 46.76653246396081
-65.16538988836393 46.18044633007851
-67.22653383896257 49.90975854320931
-69.2876777895612 53.09859420518855
-71.34882174015985 47.688558908829776
-73.40996569075848 45.25492088673884
-75.47110964135713 36.6788445905909
-77.53225359195577 30.39687257460442
-79.59339754255441 24.90487787710451
-81.65454149315306 19.84256172953277
-83.7156854437517 17.31738450895034
-85.77682939435034 13.534054704637992
-87.83797334494898 13.157537131902261
-89.89911729554763 12.85632516148508
-91.96026124614626 10.474831145234788
-94.0214051967449 8.134971798087888
-96.08254914734354 10.993994574480368
-98.14369309794218 6.856369018528361
-100.20483704854082 5.024121319703077
-102.26598099913946 4.882620126790199
-104.3271249497381 8.64532816734979
-106.38826890033674 6.998917886421968
-108.44941285093537 7.928133463105124
-110.51055680153402 10.100691440371712
-112.57170075213266 5.899612355498297
-114.6328447027313 7.28619885747548
-116.69398865332994 6.2993287610804085
-118.7551326039286 2.9367947211195022
-120.81627655452724 4.086872654898308
-122.87742050512587 4.202292769246529
-124.93856445572452 2.996056719690213
-126.99970840632315 1.646667957395678
-129.0608523569218 5.0742807029154156
-131.12199630752042 2.8047750946461862
-133.18314025811907 1.6540430902747536
-135.2442842087177 2.075027333427391
-137.30542815931636 7.038323027788008
-139.366572109915 3.52283131347814
-141.42771606051363 2.57859302213761
-143.48886001111228 4.528914703966031
-145.55000396171093 3.2583256444511046
-147.61114791230958 3.8364600261178006
-149.6722918629082 0.883609432751304
-151.73343581350684 1.0406774067324998
-153.79457976410546 4.447309424387415
-155.85572371470414 1.856279977285896
-157.91686766530276 2.5012747976394896
-159.9780116159014 1.9869867267519028
-162.03915556650003 1.76351577027993
-164.10029951709868 4.762639166722053
-166.16144346769732 4.148386674659001
-168.22258741829597 3.477686774552661
-170.2837313688946 2.6241028140327325
-172.34487531949324 0.35618980512270115
-174.40601927009192 3.768129557772879
-176.46716322069054 -0.35642344001909215
-178.52830717128919 3.2157171463468686
-180.5894511218878 2.2697788644574075
-182.65059507248645 0.2849376817639787
-184.7117390230851 2.15860545622796
-186.77288297368375 2.378549116429149
-188.83402692428237 1.9577682759998283
-190.89517087488102 1.0316269917939194
-192.95631482547964 1.5532473650958902
-195.0174587760783 4.857471232932272
-197.07860272667693 -1.4901042986293063
-199.13974667727555 2.291009046986327
-201.2008906278742 3.2525815129423865
-203.26203457847285 5.196286784209533
-205.32317852907147 2.0019360722658357
-207.38432247967012 0.8342149260382696
-209.44546643026874 -0.6023144737978827
-211.50661038086741 2.2668303677941117
-213.56775433146603 1.9418737521483305
-215.62889828206468 1.255277103308869
-217.69004223266333 3.2533565005993355
-219.75118618326195 -1.2316783039258459
-221.81233013386063 0.7143097419952392
-223.87347408445925 1.0406327912100595
-225.9346180350579 1.8454905590172028
-227.99576198565651 1.9497288611179469
-230.0569059362552 1.8297493332019321
-232.1180498868538 5.033117009760729
-234.17919383745246 1.6157945645084917
-236.24033778805108 1.5772091056187896
-238.30148173864973 0.329506241933768
-240.36262568924838 -1.5535720182206236
-242.42376963984702 2.9033603037201523
-244.48491359044564 1.2989381675169285
-246.5460575410443 3.9397317984058247
-248.6072014916429 3.493982060064039
-250.6683454422416 0.8669222483139765
-252.7294893928402 0.49755895144455786
-254.79063334343886 1.2879633517984592
-256.8517772940375 0.6082127205513181
-258.91292124463615 1.7583353715427004
-260.9740651952348 4.050287783216113
