# BEGINHEADER
# This file contains data from the SALSA 2m radio telescope.
# DATE=2021-11-23T20:20:0013
# GLON and GLAT given in degrees
# GLON=101.81531622280083
# GLAT=-0.0002952708600541884
# DATA in two columns below. Col. 1 is velocity relative to LSR [km/s]. Col. 2 is uncalibrated antenna temperature [K].
# ENDHEADER
266.10310947450625 3.60294115345906
264.04196552390755 4.562498507050353
261.98082157330896 2.904885397634237
259.9196776227103 6.974244006630314
257.85853367211166 5.581920445598636
255.79738972151304 4.452529611062132
253.7362457709144 4.398248273341193
251.67510182031577 7.887743401455296
249.6139578697171 5.540396388801265
247.55281391911848 6.915172696095768
245.49166996851983 5.259341076558107
243.4305260179212 2.400768292074693
241.36938206732253 4.775209936383953
239.30823811672389 5.549262254206632
237.24709416612527 5.214732462435937
235.18595021552662 3.087949867076618
233.124806264928 8.341089625340546
231.06366231432932 8.828296760972341
229.0025183637307 7.003363241995596
226.94137441313205 4.868362339955277
224.88023046253343 5.0882890721193075
222.81908651193478 6.586921058045724
220.75794256133614 5.7253471410217
218.6967986107375 7.239779877719874
216.63565466013887 5.820028670506881
214.57451070954022 8.432403026714775
212.51336675894157 7.868259541153238
210.45222280834292 8.140739414554874
208.3910788577443 11.00993155616859
206.32993490714566 10.87378627886768
204.26879095654704 3.507477822848057
202.20764700594836 7.214404358738792
200.1465030553497 8.606034209552298
198.08535910475112 9.837191818197901
196.02421515415247 8.416203209675354
193.96307120355382 8.577884795234786
191.90192725295518 9.692413576558355
189.84078330235656 7.67756153193334
187.7796393517579 6.954204308007911
185.71849540115926 7.638744555100432
183.6573514505606 10.30017150850482
181.596207499962 8.109372381263213
179.53506354936334 6.082287576192014
177.47391959876472 7.786473085494272
175.41277564816605 8.900385678808329
173.35163169756743 6.5427915181421366
171.29048774696878 7.036548202636114
169.22934379637016 7.901681566118487
167.1681998457715 8.423245687920808
165.10705589517286 5.991743099798198
163.04591194457421 5.683437516410518
160.98476799397557 5.723044521105329
158.92362404337695 7.529935541896349
156.86248009277827 12.651020278479034
154.80133614217965 6.744835228311042
152.740192191581 5.272305898897049
150.67904824098238 8.497062031810978
148.61790429038373 9.426931353418201
146.5567603397851 4.937542350861489
144.49561638918644 7.450397136916047
142.43447243858782 5.854684756993194
140.37332848798917 7.819405339019021
138.31218453739055 8.14786840693367
136.25104058679187 7.4071598086369415
134.18989663619325 5.623397324668682
132.1287526855946 7.746136764161611
130.06760873499596 9.837629443365762
128.00646478439734 6.941471248029579
125.94532083379869 5.575451442554294
123.88417688320004 8.784930165513725
121.82303293260141 9.549262340447271
119.76188898200276 6.318584546411316
117.70074503140413 6.269889012396955
115.63960108080548 7.910132916798167
113.57845713020684 8.197115969709392
111.51731317960821 9.869038193086464
109.45616922900956 4.947108517602574
107.39502527841093 6.243834096418191
105.33388132781226 5.836089506405226
103.27273737721363 7.613142217651913
101.21159342661498 8.475519297642757
99.15044947601635 7.349109477208428
97.08930552541771 6.171066623890188
95.02816157481907 12.06899074748189
92.96701762422043 11.590836258038028
90.90587367362178 10.34623659786951
88.84472972302315 6.461472396571122
86.7835857724245 5.284643383463734
84.72244182182587 6.486197224835078
82.66129787122723 7.016468763293063
80.60015392062859 9.593772809234588
78.53900997002995 3.80888464656909
76.4778660194313 8.318933417317563
74.41672206883267 5.359905865204687
72.35557811823404 8.977183768080623
70.29443416763539 9.967871208885699
68.23329021703675 7.804377069491067
66.17214626643809 8.759931463946678
64.11100231583946 6.98761460186691
62.04985836524082 8.194019121633836
59.98871441464218 7.2906896076027365
57.92757046404354 7.0682764661342725
55.86642651344489 6.413996334428038
53.80528256284625 5.97250421867359
51.74413861224762 6.845222452703842
49.682994661648976 6.883457843323508
47.621850711050335 6.209351916734226
45.560706760451694 8.283312509248606
43.49956280985305 10.107421530044055
41.43841885925441 8.602094100782844
39.37727490865577 7.962898849707371
37.31613095805713 8.95833576275086
35.25498700745849 8.567252979138258
33.19384305685985 10.849311574058067
31.132699106261207 8.882250070617506
29.071555155662566 6.171863186374555
27.010411205063928 8.463167308778177
24.949267254465287 4.381887899739004
22.888123303866642 10.51496684875108
20.826979353268005 9.8535601313461
18.765835402669364 14.496439362202894
16.704691452070723 14.519279215936024
14.643547501472082 14.17131231549013
12.58240355087344 17.88409578803331
10.5212596002748 23.31981500798263
8.46011564967616 32.35948136482506
6.398971699077518 48.11823133444578
4.337827748478877 60.71841743347725
2.2766837978802363 65.7775354423124
0.21553984728159548 81.9193664503889
-1.8456041033170452 82.66811665835019
-3.9067480539156865 76.29126838185383
-5.967892004514327 71.92480138411183
-8.029035955112967 69.16358980918439
-10.090179905711608 61.055082077419414
-12.151323856310247 51.14070558012712
-14.21246780690889 49.654065888675085
-16.27361175750753 48.33382376339714
-18.334755708106172 51.94712843959936
-20.395899658704813 51.644419355412545
-22.45704360930345 47.296021248038855
-24.518187559902092 47.72814826435967
-26.579331510500737 45.21972758687681
-28.640475461099374 40.00131990049297
-30.701619411698015 41.94490473834694
-32.76276336229666 42.53509880895379
-34.823907312895294 42.06007735627827
-36.885051263493935 44.76783356949709
-38.946195214092576 45.149492463595465
-41.007339164691224 43.97487355730155
-43.068483115289865 45.719222183402586
-45.1296270658885 46.77902722029888
-47.19077101648714 49.492718259523386
-49.25191496708578 57.377994358118194
-51.31305891768442 61.002124540874505
-53.374202868283064 57.72726397780971
-55.435346818881705 57.21329866712521
-57.496490769480346 55.336184560431846
-59.55763472007899 55.54358662936311
-61.61877867067763 52.17124461627072
-63.67992262127627 54.50570820188671
-65.74106657187491 49.46653271579895
-67.80221052247354 44.650497137551376
-69.86335447307219 40.596670674488
-71.92449842367083 37.86896041723827
-73.98564237426947 33.64827328478719
-76.04678632486811 27.224465996858218
-78.10793027546676 22.643079992320306
-80.16907422606539 20.68577350587129
-82.23021817666402 18.933458610175087
-84.29136212726267 16.147568358398775
-86.3525060778613 16.120538481367316
-88.41365002845997 17.079280179061982
-90.4747939790586 21.277774160822833
-92.53593792965725 23.698410136655593
-94.59708188025589 21.266439041431187
-96.65822583085452 21.5101333563382
-98.71936978145317 22.161383597929596
-100.7805137320518 21.161740948371154
-102.84165768265045 21.549581759209943
-104.90280163324908 15.195898318111267
-106.96394558384773 15.133642301201462
-109.02508953444637 13.147856731224985
-111.086233485045 12.317272344726954
-113.14737743564365 12.292527538709104
-115.20852138624228 10.582854213516226
-117.26966533684093 7.21718303456279
-119.33080928743956 8.134044790584205
-121.3919532380382 8.686386585477548
-123.45309718863685 8.563031992797189
-125.51424113923548 3.9409804783888505
-127.57538508983414 7.356999885148731
-129.63652904043278 2.5381994835454353
-131.6976729910314 5.642039339827896
-133.75881694163007 5.120036218134472
-135.8199608922287 5.062418585963209
-137.88110484282734 4.908714381925989
-139.94224879342596 4.687683856004197
-142.0033927440246 2.631572217046553
-144.06453669462326 0.8629096174622307
-146.1256806452219 1.5305736102017449
-148.18682459582055 1.7356746771799747
-150.24796854641917 1.5349936038244125
-152.30911249701782 4.543821924648569
-154.37025644761647 4.729279066985365
-156.43140039821512 6.063970655447193
-158.49254434881374 5.871889489202314
-160.55368829941239 5.337290827431449
-162.614832250011 4.983642134850197
-164.67597620060968 5.434728943603016
-166.7371201512083 4.924158377478288
-168.79826410180695 -0.4689478042611684
-170.85940805240557 3.1138218454789914
-172.92055200300425 2.552523519386675
-174.98169595360287 0.8301729127505725
-177.04283990420151 2.9116714066858957
-179.10398385480013 -1.4241328229150654
-181.16512780539878 1.2507624717463832
-183.22627175599743 1.5610040905134546
-185.28741570659608 3.261228119762761
-187.34855965719473 3.4505631073099896
-189.40970360779335 2.2190288815725046
-191.470847558392 3.1062507167093854
-193.53199150899064 6.078036814587817
-195.5931354595893 -1.462920345201885
-197.6542794101879 0.8136763200009496
-199.7154233607866 1.9476615532088217
-201.7765673113852 4.172283697813189
-203.83771126198388 5.2550037212763145
-205.8988552125825 -1.0524883622799734
-207.95999916318115 1.7799669837189374
-210.02114311377977 0.9614895781962634
-212.08228706437842 4.19895142512253
-214.14343101497707 5.144750950380364
-216.20457496557572 1.9036009415973782
-218.26571891617434 1.3426400298709145
-220.32686286677298 3.8798296550900853
-222.3880068173716 0.20673762301213341
-224.44915076797028 2.0108283286241506
-226.51029471856893 3.455292975464988
-228.57143866916755 0.013003510984034133
-230.6325826197662 -1.7617528524300101
-232.69372657036482 2.0070131011499828
-234.7548705209635 0.850296904159308
-236.8160144715621 1.3120986851550802
-238.87715842216076 -2.6145521113292807
-240.93830237275938 2.01872447897908
-242.99944632335806 3.697212175310759
-245.06059027395668 3.4321483988328803
-247.12173422455533 2.913556485836659
-249.18287817515395 -1.475479246267999
-251.2440221257526 3.4721828827526955
-253.30516607635124 1.2147556621791753
-255.3663100269499 2.0452800497114176
-257.4274539775485 3.22748237409201
-259.48859792814716 4.788425564944849
