# BEGINHEADER
# This file contains data from the SALSA 2m radio telescope.
# DATE=2021-12-09T13:51:0053
# GLON and GLAT given in degrees
# GLON=23.84856259499408
# GLAT=0.2819166114351405
# DATA in two columns below. Col. 1 is velocity relative to LSR [km/s]. Col. 2 is uncalibrated antenna temperature [K].
# ENDHEADER
270.13380926468653 3.676417812503373
268.0726653140879 8.610808861912206
266.0115213634893 8.335403040234464
263.9503774128906 10.158649294177609
261.889233462292 8.761116540277134
259.82808951169335 8.979699402875852
257.7669455610947 7.663320687442804
255.70580161049608 9.176249540542688
253.6446576598974 10.606211190381853
251.58351370929878 11.284144989403917
249.52236975870014 9.316258844912873
247.46122580810152 11.141053852030526
245.40008185750287 10.043406519612711
243.33893790690422 10.626171496727258
241.27779395630557 8.882183110971114
239.21665000570695 10.471315150476029
237.1555060551083 10.867191662836655
235.09436210450963 11.984675014063383
233.033218153911 13.291453341406754
230.97207420331236 11.72983295454549
228.91093025271374 11.775099361560354
226.8497863021151 11.508502287227822
224.78864235151644 13.765240176412448
222.7274984009178 10.263465882504414
220.66635445031918 15.173855016457022
218.60521049972053 10.59831546739979
216.5440665491219 12.600536702855191
214.48292259852323 11.425641572218586
212.4217786479246 11.213349684431623
210.36063469732596 12.55031883250233
208.29949074672734 10.701457734862684
206.23834679612867 15.001321109881582
204.17720284553005 13.209969076525315
202.1160588949314 11.731127066371778
200.05491494433278 13.441336377215206
197.9937709937341 9.314724594229844
195.93262704313545 11.92214168608098
193.8714830925368 11.009559610624901
191.81033914193816 12.904500940572621
189.74919519133954 12.234081607972792
187.6880512407409 10.272747520065684
185.62690729014227 11.418524083748263
183.5657633395436 13.045751391232193
181.50461938894497 14.44649739847029
179.44347543834633 11.378826437313815
177.3823314877477 9.408999292730076
175.32118753714906 11.747703665935894
173.2600435865504 10.851088968278576
171.19889963595176 10.92978048668468
169.13775568535314 11.825507139878622
167.0766117347545 12.745104448477178
165.01546778415585 9.916718643885254
162.9543238335572 12.736738846685716
160.89317988295858 13.020299686497145
158.83203593235993 12.077028081688532
156.77089198176128 12.461960545480707
154.70974803116263 13.158564373269584
152.64860408056398 12.566819044269264
150.58746012996536 12.954341933531698
148.52631617936672 12.42206214383952
146.4651722287681 10.851676391348466
144.40402827816942 11.948908265933865
142.3428843275708 11.076214346575329
140.28174037697215 10.688940299192597
138.22059642637353 11.346671273875511
136.15945247577486 11.758217988022546
134.09830852517624 12.717425384947585
132.0371645745776 12.433992550305284
129.97602062397897 12.448669865108945
127.9148766733803 16.349037625248965
125.85373272278167 14.23923598256733
123.79258877218302 17.363133390659883
121.73144482158439 18.827270827719058
119.67030087098576 21.960630720327252
117.60915692038711 22.89760538818961
115.54801296978847 26.780390806555324
113.48686901918983 27.901008493476066
111.42572506859119 31.635493886176278
109.36458111799254 31.38032675313954
107.30343716739391 33.44225670999258
105.24229321679528 35.846147253625915
103.18114926619663 37.81258506062986
101.120005315598 36.38974667554077
99.05886136499934 37.715296493942354
96.99771741440071 38.313183635239895
94.93657346380206 37.1251483062297
92.87542951320343 38.73396492254025
90.81428556260478 37.29349530937797
88.75314161200615 37.49417964006882
86.69199766140751 38.78338936901328
84.63085371080886 37.99963182052976
82.56970976021023 37.24098005604886
80.50856580961158 34.94338068560483
78.44742185901295 36.08696843871317
76.3862779084143 36.28210912082033
74.32513395781567 38.24185954382802
72.26399000721703 35.13881327800021
70.20284605661838 38.205618947618156
68.14170210601975 41.08854326677753
66.0805581554211 40.14275180157481
64.01941420482247 43.33762257379424
61.95827025422382 44.89752389912758
59.89712630362518 45.146669206744846
57.83598235302654 46.22765966188295
55.774838402427896 45.93049745071477
53.713694451829255 50.69595343047441
51.65255050123062 51.7197874365501
49.59140655063197 50.862175899180826
47.53026260003333 55.02654540092653
45.46911864943469 52.29651387731894
43.40797469883605 53.720231820202635
41.34683074823741 58.73761300827003
39.285686797638775 55.90570370451742
37.224542847040134 56.77450814473855
35.16339889644149 58.49473229219468
33.10225494584285 56.22799070099174
31.041110995244207 58.220248001898376
28.97996704464557 59.20661255129202
26.918823094046925 62.44429015527955
24.857679143448284 67.66213476228057
22.796535192849642 70.07580273281523
20.735391242251 74.50936156990231
18.67424729165236 80.77146401927638
16.61310334105372 80.57783195284131
14.551959390455078 83.65936096513072
12.490815439856437 85.1606462362778
10.429671489257796 83.16146900530525
8.368527538659155 80.46373455885892
6.307383588060515 80.87828658965661
4.246239637461874 84.1919519141633
2.185095686863234 84.62208889531361
0.12395173626459291 83.9599611594629
-1.9371922143340479 67.77878278340872
-3.998336164932689 55.0218125646577
-6.05948011553133 44.120888906114914
-8.12062406612997 38.5978205887169
-10.181768016728611 34.71925083118093
-12.242911967327252 31.419596819197984
-14.304055917925893 30.897833705959737
-16.365199868524535 30.155484973652552
-18.426343819123172 31.959586006846227
-20.487487769721813 28.055836793714263
-22.548631720320458 28.2429522292717
-24.609775670919095 29.884655248705798
-26.670919621517733 29.430767331973463
-28.732063572116374 31.042393470938286
-30.79320752271502 30.036322617342215
-32.854351473313656 29.315616905244838
-34.9154954239123 29.852624224214736
-36.97663937451094 30.459819762960695
-39.03778332510958 25.967335753798235
-41.09892727570822 21.55472949384271
-43.16007122630686 19.533039294481593
-45.221215176905496 16.99999363815055
-47.282359127504144 13.585852413804435
-49.343503078102785 12.323070175189198
-51.404647028701426 10.381637225152188
-53.46579097930007 10.27528253218489
-55.52693492989871 9.039131174662856
-57.58807888049734 4.608430814185841
-59.64922283109598 6.252938826852685
-61.710366781694624 6.100162004922717
-63.771510732293265 9.149121779616712
-65.83265468289191 6.46822212220396
-67.89379863349055 6.831637752861864
-69.9549425840892 6.931662215401364
-72.01608653468783 8.439638420230972
-74.07723048528648 6.149816412325358
-76.13837443588511 7.579737584925611
-78.19951838648375 4.061831718394995
-80.2606623370824 4.467179624231052
-82.32180628768103 7.311658344911311
-84.38295023827968 9.462279853968836
-86.44409418887831 6.847700418617713
-88.50523813947696 7.518332773411088
-90.56638209007559 6.980476502214366
-92.62752604067423 7.068272326415221
-94.68866999127289 5.107599029661351
-96.74981394187152 4.660620231884877
-98.81095789247017 4.251477690809293
-100.87210184306882 4.64714353272073
-102.93324579366745 5.139170460425427
-104.9943897442661 6.31863079240611
-107.05553369486474 4.939812660232947
-109.11667764546338 2.1092991964326804
-111.17782159606202 5.776546007636649
-113.23896554666065 4.862473343979701
-115.3001094972593 6.482243145454804
-117.36125344785793 6.382007989514849
-119.42239739845658 4.139598570714789
-121.48354134905522 5.455550877521208
-123.54468529965386 7.0399930413711855
-125.6058292502525 5.349287740267446
-127.66697320085113 6.677248022417778
-129.7281171514498 4.248469096615357
-131.7892611020484 4.774233052501276
-133.85040505264706 3.174528902386906
-135.9115490032457 4.951092443487203
-137.97269295384436 4.5470605514774745
-140.03383690444298 4.340844636607217
-142.09498085504163 4.09518217859855
-144.15612480564025 4.807470614961506
-146.21726875623892 2.9759146725395316
-148.27841270683754 3.5543371315881904
-150.3395566574362 2.8783621810097766
-152.40070060803484 3.3256786809532155
-154.46184455863346 6.130836520050266
-156.52298850923214 4.237322273614095
-158.58413245983076 2.803857572978103
-160.6452764104294 4.848840276466105
-162.70642036102802 5.160185591055457
-164.7675643116267 5.087512032165986
-166.82870826222532 5.341240602814085
-168.88985221282397 3.8788257822402565
-170.9509961634226 3.3748029799105255
-173.01214011402124 4.860981286408158
-175.07328406461988 3.559031854551714
-177.13442801521853 2.2880001516135287
-179.19557196581715 3.587614556581751
-181.2567159164158 3.872542093456107
-183.31785986701442 4.651971472654429
-185.3790038176131 1.3075186768030858
-187.44014776821172 4.143821590438866
-189.50129171881036 4.730870993353566
-191.562435669409 2.0902119905487146
-193.62357962000766 2.8815725224799085
-195.6847235706063 2.170608467021013
-197.74586752120493 5.578692630154795
-199.80701147180355 3.507058881723445
-201.8681554224022 1.7793863491846662
-203.92929937300084 3.690482282367945
-205.99044332359946 2.9623733427157575
-208.0515872741981 5.456644249298924
-210.11273122479673 4.241763125444526
-212.1738751753954 6.702152027997687
-214.23501912599403 5.215144445963746
-216.29616307659268 4.711004206894146
-218.3573070271913 3.4433136097140644
-220.41845097778997 1.0017825245639882
-222.4795949283886 3.7036573022422465
-224.54073887898724 6.8125758630594575
-226.60188282958586 4.988354371198385
-228.6630267801845 3.6958039258762065
-230.7241707307832 5.284962428514679
-232.7853146813818 3.290862536470333
-234.84645863198045 1.2390149130613182
-236.90760258257907 6.898372432225254
-238.96874653317772 5.996381921539009
-241.02989048377637 3.0776141567327753
-243.09103443437502 3.8506050090586053
-245.15217838497364 4.589316376019704
-247.2133223355723 5.951201435070945
-249.27446628617093 7.87149157622081
-251.33561023676958 7.912148481735639
-253.3967541873682 6.190449825289955
-255.45789813796685 6.930629482125604
