# BEGINHEADER
# This file contains data from the SALSA 2m radio telescope.
# DATE=2021-11-25T15:39:0006
# GLON and GLAT given in degrees
# GLON=61.8401142265697
# GLAT=-5.880765536985438
# DATA in two columns below. Col. 1 is velocity relative to LSR [km/s]. Col. 2 is uncalibrated antenna temperature [K].
# ENDHEADER
261.4520058835149 -0.0007768345495056296
259.39086193291627 -0.8577188476652009
257.3297179823176 0.04657997826218626
255.26857403171897 0.4781767222180911
253.20743008112035 1.7494154754755349
251.1462861305217 1.642269385803726
249.08514217992305 1.2604092473221051
247.0239982293244 3.0312403497711347
244.96285427872579 4.132259234809276
242.90171032812714 3.622433846889109
240.8405663775285 2.8310304181706942
238.77942242692984 5.54521896325863
236.71827847633122 3.7755808535540907
234.65713452573257 3.349705295324671
232.59599057513395 4.339075423110071
230.53484662453528 4.9645825254215685
228.47370267393666 1.175314848008727
226.412558723338 4.374198976202368
224.3514147727394 4.640527367960029
222.29027082214074 4.446344680396599
220.22912687154206 4.680276151961004
218.16798292094344 6.1222053450321425
216.1068389703448 2.4201468031740223
214.04569501974618 5.0835700294295965
211.9845510691475 4.142833474451517
209.92340711854888 2.5165261385681266
207.86226316795023 3.5386172875478454
205.8011192173516 4.375721539473846
203.73997526675296 6.67217645507516
201.67883131615432 6.122480868350814
199.61768736555567 4.653631405486255
197.55654341495702 5.026642820091764
195.49539946435837 5.43672059820478
193.43425551375975 6.61013297539632
191.3731115631611 5.870049778843563
189.31196761256246 5.059997036309628
187.2508236619638 5.901321389207246
185.1896797113652 3.1522946728711516
183.12853576076654 3.3408236542872025
181.0673918101679 3.910204093409777
179.00624785956924 6.56062942438839
176.9451039089706 4.522548056079163
174.88395995837197 3.057294990343476
172.82281600777333 5.549070640365937
170.76167205717468 4.313005840227701
168.70052810657603 5.530952783119339
166.6393841559774 6.320693940173193
164.57824020537876 3.2452820864758367
162.51709625478014 4.4537494450909785
160.45595230418147 5.069867547669628
158.39480835358285 4.259778338756778
156.3336644029842 2.4657934355337927
154.27252045238558 4.308425045060264
152.21137650178693 4.895077932615669
150.15023255118828 3.6182074986508694
148.08908860058963 3.9995716802099284
146.027944649991 5.40362237488275
143.96680069939237 4.525068386615042
141.90565674879372 1.1238543632843132
139.84451279819507 4.0788246601039875
137.78336884759642 2.656007575361874
135.7222248969978 4.707038176971044
133.66108094639915 6.1177368503345075
131.5999369958005 3.693799011920294
129.53879304520186 6.212858053335722
127.47764909460324 2.6243860320154737
125.4165051440046 4.839597214795495
123.35536119340594 3.186958242645332
121.2942172428073 3.8409719328048713
119.23307329220866 4.863847306329652
117.17192934161002 4.11463786124412
115.11078539101138 4.344889523588526
113.04964144041274 4.159269431931196
110.98849748981411 3.082865001268375
108.92735353921546 6.822188383791641
106.86620958861683 3.655638633722761
104.80506563801818 3.0760183436341153
102.74392168741954 4.6740018227912214
100.6827777368209 3.850406493662926
98.62163378622226 3.814146427276357
96.56048983562363 7.50107232477646
94.49934588502498 6.788947625849201
92.43820193442635 3.9851006427622546
90.3770579838277 4.986696365383772
88.31591403322906 4.117166918825247
86.25477008263043 4.747244518382228
84.19362613203177 3.8825814774245164
82.13248218143313 5.515104863453754
80.07133823083448 7.4067775033230845
78.01019428023585 7.146750101405154
75.9490503296372 6.864488525195491
73.88790637903857 5.30530382377301
71.82676242843993 6.028641446537941
69.76561847784129 7.828077474402881
67.70447452724265 5.2746444619211985
65.643330576644 4.57147881807227
63.58218662604537 4.562181523017595
61.52104267544673 7.656360405390831
59.45989872484809 6.483369170900757
57.39875477424945 4.057238488295039
55.3376108236508 2.694798067384223
53.27646687305216 4.150692657965561
51.215322922453524 8.482080963466881
49.15417897185488 9.476519117119071
47.09303502125625 6.876695162696984
45.03189107065761 5.137054117009179
42.97074712005897 6.9344885713332705
40.909603169460325 11.175995117202321
38.848459218861684 10.084047388469573
36.787315268263036 12.595837754647183
34.7261713176644 14.789058874927923
32.66502736706576 16.429464076787223
30.60388341646712 18.63183415145413
28.54273946586848 27.43704305632202
26.481595515269838 29.70184218350647
24.4204515646712 35.563521766791155
22.359307614072556 42.35038586980884
20.298163663473915 49.06378756465776
18.237019712875274 62.14097303721343
16.175875762276632 75.30029898543164
14.114731811677993 84.47696190304451
12.053587861079352 87.87696633284175
9.99244391048071 83.19553427784496
7.93129995988207 79.27647742755455
5.87015600928343 68.59498530457088
3.8090120586847895 57.50927949091524
1.747868108086148 44.28564993296555
-0.31327584251249274 37.35078281463785
-2.3744197931111337 30.46782105834803
-4.435563743709774 24.20282345859774
-6.496707694308416 22.840314799302593
-8.557851644907055 14.890895432110893
-10.618995595505698 15.259847255734432
-12.680139546104336 14.309033733252372
-14.741283496702978 14.196717036555274
-16.80242744730162 11.63375152619165
-18.86357139790026 9.56995691438713
-20.9247153484989 10.81747490474619
-22.98585929909754 11.572731528275186
-25.04700324969618 9.387438775770736
-27.108147200294823 10.51577271170685
-29.169291150893464 6.478471114265993
-31.230435101492102 6.805778415905766
-33.291579052090746 7.515389033452537
-35.35272300268938 5.8090102386071845
-37.41386695328802 5.762274240548253
-39.47501090388666 5.207294305200919
-41.53615485448531 7.637792775038763
-43.59729880508395 6.214116202685097
-45.65844275568259 5.326234469801061
-47.719586706281234 6.956570923489004
-49.780730656879875 7.865126824065127
-51.841874607478516 7.827119944221131
-53.90301855807716 7.36515137620734
-55.9641625086758 8.628055965225235
-58.02530645927444 8.077535264236221
-60.08645040987308 10.352787071700797
-62.14759436047172 12.513212425569968
-64.20873831107036 12.577111438309762
-66.269882261669 14.557584330959314
-68.33102621226763 12.475910929849277
-70.3921701628663 14.107186395165266
-72.45331411346493 12.67111394523592
-74.51445806406358 9.267637271230647
-76.57560201466221 10.528302622947443
-78.63674596526086 8.80448214450076
-80.69788991585949 8.439848183301375
-82.75903386645813 8.476726197856632
-84.82017781705677 6.511520411051088
-86.88132176765541 5.418171613839316
-88.94246571825406 4.736430079919412
-91.00360966885269 4.164585759941027
-93.06475361945134 4.928443643091064
-95.12589757004997 1.2372354920109478
-97.1870415206486 2.609664034683181
-99.24818547124725 4.497527952993352
-101.30932942184589 0.4733024542734682
-103.37047337244454 0.6154231623631553
-105.43161732304317 0.8299965413904169
-107.4927612736418 -1.041438673146546
-109.55390522424047 0.16848293311204984
-111.6150491748391 0.45530903052439986
-113.67619312543775 0.2044430406026095
-115.73733707603638 3.2624305456985896
-117.79848102663503 2.2556858879122412
-119.85962497723366 0.015704351967306428
-121.9207689278323 1.7725227863299546
-123.98191287843095 0.029991080505528088
-126.04305682902958 1.9116326852116194
-128.10420077962823 0.2611201722039669
-130.16534473022688 -1.1996482780697653
-132.22648868082553 1.0437140439687176
-134.28763263142415 -0.26607519217238607
-136.3487765820228 -0.13068400754334267
-138.4099205326214 -1.0533783171164184
-140.4710644832201 0.8065658984361338
-142.5322084338187 0.11922762655787189
-144.59335238441736 -1.2392766083382167
-146.65449633501598 -1.1407380542847376
-148.71564028561463 -1.4385990859236688
-150.77678423621327 0.25382435101100903
-152.83792818681192 -1.0780547857472322
-154.89907213741054 -2.530399144722042
-156.9602160880092 -0.23287348793662443
-159.02136003860784 0.018728918715274368
-161.0825039892065 0.4807749619990669
-163.1436479398051 0.16518214821226368
-165.20479189040375 -0.7782625547821195
-167.2659358410024 -0.2783606538292424
-169.32707979160105 0.5115249573637446
-171.3882237421997 0.06421408756872662
-173.44936769279832 -0.03821806078282577
-175.51051164339697 -0.8980789498388039
-177.5716555939956 0.7155733645152026
-179.63279954459426 -0.33436222938175925
-181.69394349519288 -0.6344123894399585
-183.75508744579153 -2.3551688655365925
-185.81623139639015 -1.4995899274698927
-187.87737534698883 -1.0849388401821773
-189.93851929758745 -0.8781691627679312
-191.9996632481861 0.3003763948860542
-194.06080719878472 0.8639155849953145
-196.12195114938336 2.1092761107265656
-198.18309509998198 0.27440597956444246
-200.24423905058063 0.5044543229317394
-202.30538300117925 -0.2532212715432086
-204.3665269517779 -2.9987658325735964
-206.42767090237658 -0.5011789482133118
-208.4888148529752 -1.6372666397186995
-210.54995880357384 -0.8775149324474876
-212.61110275417246 -0.7993025341390659
-214.67224670477114 -2.0377793496162853
-216.73339065536976 -0.12443658593857958
-218.7945346059684 -1.7153326847333799
-220.85567855656703 -1.2850076538250388
-222.91682250716568 -1.822241019333353
-224.97796645776432 -0.6549696378118556
-227.03911040836297 -1.1961891872094996
-229.1002543589616 -1.3264746692719773
-231.16139830956024 -0.2412595125918398
-233.22254226015886 -1.628470912496581
-235.28368621075754 -1.085512438741283
-237.34483016135616 -2.7924957285988854
-239.4059741119548 -1.519262333639234
-241.46711806255342 -1.820021210784937
-243.5282620131521 -2.0708774227340436
-245.58940596375075 -0.5847230064950667
-247.65054991434937 -0.5137682958502808
-249.71169386494802 -0.995808948396313
-251.77283781554664 1.1151959538268648
-253.8339817661453 -2.134812175338005
-255.89512571674393 -1.5512892168805412
-257.95626966734255 -0.09480824811021511
-260.0174136179412 -0.9294275629285964
-262.07855756853985 -0.8851068275542823
-264.1397015191385 -0.040206866512284334
