# BEGINHEADER
# This file contains data from the SALSA 2m radio telescope.
# DATE=2021-11-25T15:04:0012
# GLON and GLAT given in degrees
# GLON=18.843777617356636
# GLAT=0.21350016854091697
# DATA in two columns below. Col. 1 is velocity relative to LSR [km/s]. Col. 2 is uncalibrated antenna temperature [K].
# ENDHEADER
263.73362682605193 -0.37531330894022485
261.67248287545334 0.0025940667366522296
259.61133892485464 1.3363884127532921
257.550194974256 -0.982296241097896
255.48905102365737 -1.7109841408461421
253.42790707305875 2.4624228752356014
251.3667631224601 1.5434090636912996
249.30561917186145 -0.459681596445626
247.2444752212628 1.449505273501146
245.18333127066418 -0.5398043916635386
243.12218732006554 1.7662875392388075
241.06104336946692 1.899051936279306
238.99989941886824 0.015454229125875714
236.93875546826962 2.7264329384457957
234.87761151767097 3.5353253270682647
232.81646756707235 2.435855202105243
230.75532361647367 2.732599259657993
228.69417966587505 1.086222903891815
226.6330357152764 4.25134083393248
224.5718917646778 1.5332667302855847
222.51074781407914 1.3907192694751733
220.4496038634805 3.431681541321643
218.38845991288184 0.7948250886708466
216.3273159622832 0.7321130924522123
214.26617201168457 4.058250683658734
212.20502806108593 2.700451976706003
210.14388411048728 2.6148352967153476
208.08274015988863 1.3130457164907188
206.02159620929 3.341442374888652
203.96045225869136 2.82661756759183
201.8993083080927 1.5140001653936381
199.83816435749407 2.977960741888457
197.77702040689545 2.0616375841248216
195.7158764562968 3.638498848152625
193.65473250569818 3.143034295810833
191.5935885550995 1.8949022892151266
189.53244460450088 3.2363005070280306
187.47130065390223 2.342432395333409
185.4101567033036 4.072822360372813
183.34901275270497 2.8659696429703994
181.28786880210632 4.406876980822602
179.22672485150767 3.9860356892797664
177.16558090090902 3.352244666828353
175.1044369503104 4.274234669499633
173.04329299971172 2.961455139161935
170.9821490491131 2.0419736186387585
168.92100509851446 1.7570877850558457
166.85986114791584 4.256603342245157
164.7987171973172 1.7428888929800408
162.73757324671854 2.710176275883547
160.6764292961199 4.629751519333452
158.61528534552127 3.3826706614553266
156.55414139492262 4.263730226897884
154.492997444324 5.666134650388726
152.43185349372533 5.472289819370544
150.3707095431267 3.9534215853702523
148.30956559252806 4.324587299248807
146.24842164192944 7.93184574621298
144.1872776913308 6.475531482721844
142.12613374073212 5.27470002610522
140.0649897901335 3.9058346085420217
138.00384583953485 6.893227092459801
135.94270188893623 6.829171728566605
133.88155793833755 7.791953333091557
131.82041398773893 8.606529542609502
129.75927003714028 10.896557408514216
127.69812608654166 9.588874157175232
125.63698213594301 12.278384215162914
123.57583818534438 12.310784752820144
121.51469423474572 11.543675968221487
119.45355028414708 11.644084760527273
117.39240633354844 12.570025809312797
115.3312623829498 13.983348572849769
113.27011843235117 12.847095710637639
111.20897448175252 14.304401332921524
109.14783053115389 13.367947365605673
107.08668658055524 11.827771865862399
105.0255426299566 13.48806187513105
102.96439867935797 13.749343410118252
100.90325472875932 14.49627164375392
98.84211077816067 12.248311045907842
96.78096682756203 14.640005163724636
94.71982287696339 18.132662433471747
92.65867892636476 15.82912673146304
90.59753497576611 17.02941374033466
88.53639102516748 15.807142171555487
86.47524707456883 17.536562952603166
84.41410312397018 18.923420923665603
82.35295917337153 19.6053271088195
80.2918152227729 21.112779956715066
78.23067127217426 19.194551758434393
76.16952732157561 20.795367866492967
74.10838337097698 20.174491281547773
72.04723942037833 24.71618651967932
69.9860954697797 24.227321900759396
67.92495151918106 24.6151777192421
65.86380756858242 27.615896242140046
63.802663617983775 28.709002690157142
61.741519667385134 29.741990853194785
59.6803757167865 31.958371037474922
57.61923176618786 34.63334291344667
55.55808781558922 32.4652900526622
53.49694386499057 36.292832815962065
51.43579991439193 39.67556144486542
49.37465596379329 37.828459401345995
47.313512013194654 38.93334297967256
45.25236806259601 40.70776537626354
43.19122411199737 42.25441021461505
41.13008016139873 43.869928668546756
39.06893621080009 44.419710839238036
37.00779226020145 44.82908402687296
34.9466483096028 44.52001237403051
32.885504359004166 50.337242715502775
30.82436040840552 51.43131722616184
28.763216457806884 55.66114052544209
26.702072507208243 60.23429713566858
24.640928556609605 68.13089591459324
22.579784606010964 71.99247602795371
20.518640655412323 78.33300821801078
18.457496704813682 80.46476071194519
16.39635275421504 78.69254202899809
14.335208803616402 78.07516797866462
12.27406485301776 76.81908919242161
10.21292090241912 77.1128407716272
8.151776951820478 77.5816839629329
6.090633001221837 74.62110598651611
4.029489050623196 76.68967049939249
1.9683451000245558 79.47369744101455
-0.09279885057408506 62.86505643200871
-2.153942801172726 55.997997145406124
-4.215086751771367 45.63753099592801
-6.276230702370007 38.60000488039966
-8.337374652968647 36.85908139786371
-10.39851860356729 31.959662459528076
-12.459662554165929 30.67200429518113
-14.520806504764568 27.961202076418395
-16.58195045536321 28.044761059154393
-18.643094405961854 29.951774726791882
-20.70423835656049 30.458369922747995
-22.765382307159133 30.68561214570517
-24.826526257757777 28.171816788196367
-26.88767020835642 29.838133904846632
-28.94881415895506 23.579125257808823
-31.0099581095537 24.721312412422037
-33.07110206015234 24.468579391936544
-35.13224601075098 18.600054288974615
-37.19338996134962 14.59596665296553
-39.25453391194826 13.562871303817902
-41.3156778625469 9.499560380255348
-43.37682181314555 7.742369261354853
-45.43796576374419 5.174743613453708
-47.49910971434283 4.26551124698884
-49.56025366494146 1.8741844875464244
-51.621397615540104 2.03219517073309
-53.682541566138745 2.3279343861883715
-55.743685516737386 1.0639536711835007
-57.80482946733603 1.9473343535344563
-59.86597341793467 1.8031582679265115
-61.92711736853332 0.5002369325398776
-63.98826131913195 1.6120157707438645
-66.04940526973058 1.5332071152403874
-68.11054922032923 2.3560321077663744
-70.17169317092787 2.547514516251174
-72.23283712152652 1.8914733864706437
-74.29398107212516 0.3567321343285652
-76.3551250227238 0.48042630949678666
-78.41626897332245 2.2422856156155535
-80.47741292392108 1.6202706048533702
-82.53855687451973 0.6357067203641747
-84.59970082511836 0.12223047500360729
-86.660844775717 -0.6773218371947448
-88.72198872631564 -0.569733011419652
-90.78313267691428 -0.026097931002034815
-92.84427662751293 -1.556185158992183
-94.90542057811156 1.6455923268081205
-96.96656452871021 0.004462066003598874
-99.02770847930884 0.5413870560373089
-101.08885242990748 0.2791097712261114
-103.14999638050611 1.0927215544194824
-105.21114033110474 -0.15810491104215685
-107.27228428170339 -0.9892659559022975
-109.33342823230203 -0.09103351783003237
-111.39457218290069 1.437983320778322
-113.45571613349932 -1.2813303994654373
-115.51686008409797 -0.5864813165169758
-117.5780040346966 -0.05479799557347521
-119.63914798529524 -1.8319412542729705
-121.70029193589389 -1.472971903996623
-123.76143588649252 -0.47114834116999094
-125.82257983709117 -0.44759156216824364
-127.8837237876898 -1.0209674429013347
-129.94486773828845 0.3046850644610041
-132.0060116888871 0.3839906151452489
-134.06715563948572 -3.0969634604154463
-136.12829959008437 0.3000732156347263
-138.18944354068302 -1.7285575169380738
-140.25058749128166 -0.842647416150387
-142.31173144188028 -2.5763543224504954
-144.37287539247893 -1.097618685423408
-146.43401934307755 -0.6916143534970117
-148.49516329367623 -0.534983106798288
-150.55630724427485 -2.186940846764722
-152.6174511948735 -0.02430986259538095
-154.67859514547212 -0.7645378599933049
-156.7397390960708 -1.5312245285506283
-158.8008830466694 -0.17878167197072026
-160.86202699726806 -2.256759253871899
-162.92317094786668 -1.4910955094772291
-164.98431489846533 -2.708450872901656
-167.04545884906398 -1.2622626049094363
-169.10660279966262 -3.864489780100332
-171.16774675026127 -1.296369585681605
-173.2288907008599 -3.303088269880476
-175.29003465145854 -2.133447654912039
-177.3511786020572 -0.7904427075810352
-179.41232255265584 -3.6189713018930787
-181.47346650325446 -2.2657945113094624
-183.5346104538531 -1.8990911872177976
-185.59575440445175 -3.1884805577942736
-187.6568983550504 -2.0948568035941664
-189.71804230564902 -2.7860548983729014
-191.77918625624767 -1.356478033677697
-193.8403302068463 -2.7944097867697435
-195.90147415744497 -4.734881300375095
-197.96261810804359 -2.9033782927209457
-200.02376205864223 -3.1024218928266025
-202.08490600924085 0.04141236974010047
-204.1460499598395 -2.089344255509505
-206.20719391043818 -0.7918000443251537
-208.2683378610368 -1.4003468105346195
-210.32948181163545 -0.7478834413256518
-212.39062576223407 -2.5854101936094147
-214.45176971283274 -0.787688301853778
-216.51291366343136 -1.8228827900079472
-218.57405761403 -3.537765166936843
-220.63520156462863 -2.0722874609794832
-222.69634551522728 -3.9884837715795403
-224.75748946582593 -1.8055179689372396
-226.81863341642457 -2.428546485856768
-228.8797773670232 -3.0953239823386705
-230.94092131762184 -0.4568881572016501
-233.00206526822046 -3.3590565850817833
-235.06320921881914 -1.6831566043449568
-237.12435316941776 -2.203091063178755
-239.1854971200164 -1.9030078182083623
-241.24664107061503 -3.4556846155919305
-243.30778502121368 -2.264947842984707
-245.36892897181235 -2.749836427375889
-247.43007292241097 -1.6127873941387596
-249.49121687300962 -0.9336211943592804
-251.55236082360824 -3.3355882846176392
-253.61350477420692 -1.9058542712883633
-255.67464872480554 -0.9432121641826902
-257.7357926754042 -5.049369769556743
-259.79693662600283 -1.4701383368599514
-261.8580805766014 -1.336546359427884
