# BEGINHEADER
# This file contains data from the SALSA 2m radio telescope.
# DATE=2021-12-09T14:23:0037
# GLON and GLAT given in degrees
# GLON=131.8438920649964
# GLAT=-0.16966857542403774
# DATA in two columns below. Col. 1 is velocity relative to LSR [km/s]. Col. 2 is uncalibrated antenna temperature [K].
# ENDHEADER
261.31974927438245 0.06988317313539913
259.25860532378385 1.2151416148572611
257.1974613731852 3.4855244887514063
255.13631742258656 1.6535832925204585
253.07517347198788 1.5850450431071994
251.01402952138926 4.835165276962235
248.9528855707906 5.058614874958005
246.891741620192 6.4224034829941
244.83059766959332 2.669795386029537
242.7694537189947 1.9506576586817526
240.70830976839605 0.913669003455631
238.64716581779743 2.134967881793874
236.58602186719878 5.773815166993404
234.52487791660013 5.169151639825152
232.46373396600148 6.965587343398819
230.40259001540286 7.93249834107972
228.34144606480422 5.501948883696098
226.2803021142056 3.277208330130501
224.21915816360692 6.873586143444589
222.1580142130083 5.317453173015492
220.09687026240965 6.1626120307464385
218.035726311811 3.3316353660926996
215.97458236121236 3.829324048656348
213.9134384106137 5.563478828257457
211.8522944600151 5.8602339443549765
209.79115050941644 1.984452750578479
207.73000655881782 4.191384650714935
205.66886260821914 4.810476950222172
203.60771865762052 3.236589699779736
201.54657470702188 4.658789398646819
199.48543075642326 3.826277213197381
197.4242868058246 3.629519066536205
195.36314285522596 1.6123857158686492
193.3019989046273 4.312026483745036
191.2408549540287 5.430595511621889
189.17971100343004 5.868848350703401
187.11856705283142 5.388529109311473
185.05742310223275 6.430483474460122
182.99627915163413 4.672552112947282
180.93513520103548 4.9206698549383
178.87399125043683 4.515617765453969
176.81284729983818 5.611105495731181
174.75170334923953 4.805277949378386
172.69055939864091 5.806800153705582
170.62941544804227 7.745165667384602
168.56827149744365 5.385459832322187
166.50712754684497 6.805803929954203
164.44598359624635 4.876951335911075
162.3848396456477 6.740445995548452
160.32369569504908 5.457373500968274
158.26255174445043 4.511460637860329
156.20140779385179 6.613199366556347
154.14026384325314 3.8413438373849527
152.07911989265452 6.396486833093277
150.01797594205587 4.913358768451996
147.95683199145722 3.9239360440401407
145.89568804085857 3.4136131369687783
143.83454409025995 4.857834625198386
141.7734001396613 4.4422565713573485
139.71225618906266 3.8434516061631783
137.651112238464 5.095559311682717
135.58996828786536 5.6417075279391184
133.52882433726674 6.6466098030665
131.4676803866681 5.255931316345917
129.40653643606944 1.6294701916095604
127.34539248547082 1.2758024259589988
125.28424853487218 3.441999180422291
123.22310458427354 3.6550632444614046
121.16196063367488 3.2621050665888505
119.10081668307625 4.220898373513436
117.03967273247761 3.627261663924408
114.97852878187896 5.078706109755935
112.91738483128033 3.8380141753255885
110.85624088068168 5.386678251571324
108.79509693008305 5.260078991306346
106.7339529794844 3.2378307278321423
104.67280902888577 4.703970185089607
102.61166507828713 4.390564847180474
100.55052112768848 3.138753822182445
98.48937717708985 2.60463646228265
96.4282332264912 4.734140239753963
94.36708927589257 2.1319448415593105
92.30594532529392 2.6594202665565065
90.24480137469529 4.139918095106307
88.18365742409665 4.734119506933043
86.122513473498 3.5654864514247797
84.06136952289935 3.0519175224862347
82.0002255723007 4.819593537901669
79.93908162170207 3.5338168887699015
77.87793767110342 3.115203008964242
75.81679372050479 4.608854324991455
73.75564976990616 3.0671774648159533
71.69450581930751 2.261051058292336
69.63336186870887 1.9904042720723114
67.57221791811023 1.0145576592230368
65.51107396751159 1.5705218193679658
63.44993001691295 5.215451940347241
61.38878606631431 3.4041930167463614
59.32764211571567 5.370974361811487
57.26649816511703 4.357451631911224
55.20535421451839 3.6793732263154855
53.144210263919746 1.2406805535200773
51.083066313321105 2.0833486525359977
49.02192236272247 5.460987055496662
46.96077841212383 5.234687095351562
44.89963446152519 4.158368739702831
42.83849051092655 2.593242192006493
40.777346560327906 1.288561796514191
38.71620260972927 4.595268840133523
36.65505865913063 3.526544365505227
34.59391470853198 3.6557306016995534
32.53277075793334 2.945292685126777
30.4716268073347 2.294872711323375
28.410482856736063 2.990224857697044
26.349338906137422 3.0254524857322154
24.28819495553878 5.136819330730835
22.22705100494014 1.9443574358573406
20.1659070543415 4.450864244221875
18.104763103742858 5.011469971792802
16.043619153144217 3.402922788545363
13.982475202545576 7.655937936640325
11.921331251946937 6.878503180594516
9.860187301348295 10.525325621095286
7.799043350749654 15.221323848323129
5.737899400151014 23.765084715766275
3.676755449552373 39.7589638693364
1.615611498953732 59.96808550930948
-0.44553245164490857 66.553876338099
-2.5066764022435497 65.43860132014413
-4.56782035284219 75.71402496422706
-6.628964303440831 74.85093136026524
-8.69010825403947 71.13481297360579
-10.751252204638114 67.92510717220509
-12.812396155236753 62.318339376724296
-14.873540105835392 59.69522480906687
-16.934684056434033 53.972075818762214
-18.995828007032678 47.42532151365609
-21.056971957631315 41.7738142613418
-23.118115908229957 36.11649754144155
-25.179259858828598 36.08990358830702
-27.24040380942724 34.39028992963058
-29.30154776002588 34.006138889404816
-31.36269171062452 40.06609624125956
-33.42383566122316 43.184193836411325
-35.4849796118218 49.0519637829177
-37.54612356242044 55.34910030973579
-39.60726751301908 61.33787320579029
-41.66841146361773 65.51293856725123
-43.72955541421637 69.76430858325573
-45.790699364815005 72.64530138159748
-47.851843315413646 73.50858041317139
-49.912987266012294 71.1756318198079
-51.974131216610935 72.3222791402832
-54.035275167209576 71.20978248958846
-56.09641911780821 70.8817695901232
-58.15756306840685 62.80553790132124
-60.21870701900549 55.02330822074435
-62.27985096960414 49.07488945719684
-64.34099492020277 41.9430448448258
-66.40213887080141 36.34534540318339
-68.46328282140006 32.34234144173778
-70.5244267719987 29.17231550288643
-72.58557072259735 25.307938435306724
-74.64671467319599 19.88983131273028
-76.70785862379462 22.47728207118747
-78.76900257439327 22.924709522641916
-80.8301465249919 22.36754531949973
-82.89129047559055 20.400072566546033
-84.95243442618919 22.571020084732986
-87.01357837678783 17.536986690597406
-89.07472232738647 15.111186795385725
-91.1358662779851 17.872321495629908
-93.19701022858375 18.552260542862406
-95.25815417918238 15.511608954162805
-97.31929812978103 13.894481562122653
-99.38044208037967 13.447898070508268
-101.44158603097831 13.192914780554515
-103.50272998157695 10.192594826523235
-105.56387393217558 7.342789580557538
-107.62501788277423 5.236698312660693
-109.68616183337288 3.890660935300223
-111.74730578397153 0.8664545988844968
-113.80844973457016 2.9340458907718494
-115.86959368516881 1.21536975843957
-117.93073763576744 0.5671802454261702
-119.99188158636608 0.3654900818369791
-122.05302553696473 -0.19067551775916083
-124.11416948756336 -0.033785571673119914
-126.17531343816201 -0.10207610894734184
-128.23645738876064 -1.025801262130503
-130.2976013393593 0.21859042739296985
-132.3587452899579 0.21420319981126193
-134.41988924055659 -0.2769514425674281
-136.4810331911552 -0.1656605000256904
-138.54217714175385 -3.2185140837960633
-140.60332109235247 0.6559094055800714
-142.66446504295115 -1.2134137547288226
-144.72560899354977 -1.1136106473411416
-146.78675294414842 -2.3287221923165555
-148.84789689474704 0.520728695122354
-150.9090408453457 -0.12491049823990735
-152.97018479594433 -0.8741970957536356
-155.03132874654298 -3.6142555455685326
-157.0924726971416 -2.3405701507703847
-159.15361664774025 -0.1229370709630439
-161.21476059833887 -1.1759714072277627
-163.27590454893755 1.0223154248508706
-165.33704849953617 -2.0374320557344463
-167.39819245013481 -2.3316461216315245
-169.45933640073346 -2.1424907215802045
-171.5204803513321 -2.2482123732897796
-173.58162430193076 -2.126253027219666
-175.64276825252938 -2.8988198619971506
-177.70391220312803 -3.258249576727193
-179.76505615372665 -0.9294002347252978
-181.82620010432532 -3.245778688651852
-183.88734405492394 -1.248151850353981
-185.9484880055226 -0.005228786529682196
-188.0096319561212 0.5606881758500258
-190.07077590671986 -0.4509680236806803
-192.1319198573185 -3.7237647759132853
-194.19306380791716 -2.3155629813843817
-196.25420775851578 0.6244863710770826
-198.31535170911442 -2.547433645546397
-200.37649565971304 -2.7777186984918028
-202.43763961031172 -1.7650660790872048
-204.49878356091034 -1.9097824088481063
-206.559927511509 2.0816204140827597
-208.62107146210764 0.6191007968627028
-210.68221541270628 -1.3502084415911597
-212.74335936330493 -1.082883734797063
-214.80450331390355 -2.146526471863364
-216.8656472645022 0.15481647951036834
-218.92679121510082 0.3803437870343061
-220.9879351656995 -1.0038707221983507
-223.04907911629812 -0.7894297571180707
-225.11022306689676 -2.4510353891205834
-227.17136701749538 -1.4399281324465385
-229.23251096809403 -1.9527075313962174
-231.29365491869268 -0.08320031343025423
-233.35479886929133 -1.4646996200220657
-235.41594281988995 -1.7677008566327728
-237.4770867704886 -0.5627383691048361
-239.53823072108725 -0.5634915670516522
-241.5993746716859 -1.7214772395669475
-243.6605186222845 0.26078826858105214
-245.72166257288316 0.5487572074734236
-247.7828065234818 0.3851093938507794
-249.84395047408046 -1.1997589288355555
-251.9050944246791 0.601428390219984
-253.96623837527773 1.465862478593792
-256.0273823258764 0.36852156519999774
-258.088526276475 1.651456934857722
-260.14967022707367 -1.2937709082352202
-262.21081417767226 1.4516082332883387
-264.2719581282709 0.8937437752499127
