# BEGINHEADER
# This file contains data from the SALSA 2m radio telescope.
# DATE=2021-11-27T02:04:0058
# GLON and GLAT given in degrees
# GLON=205.84407200862125
# GLAT=-12.25958747622872
# DATA in two columns below. Col. 1 is velocity relative to LSR [km/s]. Col. 2 is uncalibrated antenna temperature [K].
# ENDHEADER
259.0283727938611 1.7369494800132697
256.96722884326243 3.946397945529646
254.9060848926638 3.0699474751085263
252.84494094206516 5.63490800410578
250.78379699146652 5.802050274477844
248.7226530408679 5.4599105643920005
246.66150909026925 6.152609008756133
244.60036513967063 7.826169975517638
242.53922118907195 4.901603381828025
240.47807723847333 7.257496198205329
238.41693328787468 6.951904484449987
236.35578933727604 6.912841632185561
234.2946453866774 8.022027166834821
232.23350143607874 6.773150488522416
230.17235748548012 6.988624266142461
228.11121353488147 6.611305339636248
226.05006958428285 7.392976240415993
223.98892563368418 8.136126470570641
221.92778168308556 6.788202984381723
219.8666377324869 7.484068857284805
217.8054937818883 7.185061021470515
215.74434983128964 7.381287368314364
213.683205880691 5.52436475413745
211.62206193009234 6.734576409880578
209.56091797949372 7.742355814998479
207.49977402889508 6.487871813231637
205.43863007829643 7.809450225377659
203.37748612769778 7.306610948315477
201.31634217709916 6.015124986481627
199.2551982265005 6.44587287450844
197.19405427590183 7.192203115686669
195.13291032530321 7.440628147998505
193.07176637470454 5.959389788484164
191.01062242410592 6.67494456971632
188.94947847350727 7.366049172853184
186.88833452290865 6.694617077919153
184.82719057231 8.763490112088753
182.76604662171135 8.290121605656807
180.7049026711127 7.78376447281034
178.64375872051409 8.401143740349045
176.58261476991544 7.883793965177483
174.52147081931682 5.944958847351772
172.46032686871814 8.549704548188025
170.39918291811952 7.49571309043497
168.33803896752087 7.906113375815597
166.27689501692225 7.529667637683974
164.21575106632358 8.005719785302905
162.15460711572493 6.437864422203648
160.0934631651263 7.297737344089853
158.03231921452766 7.775887972750526
155.97117526392904 7.658102897978379
153.91003131333036 6.470247849656615
151.84888736273174 7.598473698439065
149.7877434121331 7.999926973613072
147.72659946153448 8.064801741986036
145.66545551093583 7.444031112115519
143.60431156033718 8.125779527192952
141.54316760973853 7.586278165895284
139.4820236591399 9.577168476865845
137.42087970854126 7.540528974618496
135.35973575794264 7.332907781515211
133.29859180734397 7.220517810387071
131.23744785674535 7.187390801763033
129.1763039061467 7.185186268053033
127.11515995554805 7.410437554549747
125.05401600494942 5.703724456491052
122.99287205435077 8.089095353249569
120.93172810375214 7.4657542278428215
118.8705841531535 7.252059036210443
116.80944020255485 8.314756624801669
114.74829625195622 6.706331565206018
112.68715230135757 6.759645376716548
110.62600835075894 6.899370676852906
108.56486440016029 6.979557482570772
106.50372044956165 6.198716269034153
104.442576498963 8.294130226826717
102.38143254836436 5.874559093901203
100.32028859776572 8.149342771695355
98.25914464716709 7.980435489830065
96.19800069656846 6.404329574250307
94.13685674596981 6.795443803432786
92.07571279537117 5.02488722658168
90.01456884477253 7.7293135808282365
87.95342489417389 6.9812185293011915
85.89228094357526 7.217474108392459
83.83113699297661 6.571771383653676
81.76999304237798 7.880841554742957
79.70884909177933 8.591387192540225
77.6477051411807 7.016725131489479
75.58656119058205 6.045277344416667
73.52541723998341 5.356307317688676
71.46427328938478 5.409354667625534
69.40312933878613 6.813008939759088
67.3419853881875 5.389692526611153
65.28084143758885 5.988205901012261
63.219697486990206 6.887009840196358
61.158553536391565 7.255702588464363
59.097409585792924 6.1542352360041885
57.03626563519428 9.214166747572785
54.975121684595635 6.2621645966414805
52.913977733996994 9.034221520324392
50.85283378339836 9.376465549236258
48.79168983279972 11.264813154241336
46.73054588220108 12.47736545630534
44.66940193160244 11.72815856457995
42.608257981003796 14.401663345796974
40.547114030405154 13.310908339993437
38.48597007980652 16.56716970555275
36.42482612920787 17.207623621652274
34.36368217860923 19.78495306245161
32.30253822801059 20.31056588040181
30.24139427741195 20.954288917171443
28.18025032681331 21.593833286545898
26.11910637621467 22.01065046977014
24.05796242561603 22.590305363148126
21.996818475017385 26.302822332232555
19.935674524418747 31.9213493153683
17.874530573820106 37.47355837351615
15.813386623221467 43.682479997548924
13.752242672622824 60.30211823839553
11.691098722024185 76.40810762989454
9.629954771425542 90.52367472281871
7.5688108208269025 97.38128199667601
5.507666870228261 92.67032290078079
3.44652291962962 72.03575293073524
1.3853789690309795 54.18698102139869
-0.6757649815676613 40.14598938779215
-2.736908932166302 32.188248703592166
-4.798052882764943 24.131508108161068
-6.859196833363583 19.806436725780273
-8.920340783962223 16.39555085326008
-10.981484734560865 14.149226273699044
-13.042628685159505 13.12614632640675
-15.103772635758146 11.92097393831958
-17.16491658635679 10.12970285905909
-19.22606053695543 11.416182781414607
-21.287204487554067 8.375412627926048
-23.34834843815271 11.00011786452567
-25.40949238875135 10.193780959721076
-27.47063633934999 9.027964443839933
-29.53178028994863 7.508054547079912
-31.592924240547273 6.366639123826064
-33.65406819114591 5.579257052036103
-35.71521214174455 5.880180027487047
-37.77635609234319 5.932661373838312
-39.837500042941834 4.289363377469053
-41.89864399354048 5.591897845023693
-43.95978794413912 5.784963348513947
-46.02093189473776 5.485791574986897
-48.0820758453364 5.798557419157786
-50.14321979593504 4.799058627331434
-52.20436374653368 4.784703401818686
-54.26550769713232 4.426364661042412
-56.32665164773096 3.7118885686272636
-58.387795598329596 3.7095461689540272
-60.448939548928244 3.6269922323579498
-62.510083499526885 5.22514672453675
-64.57122745012552 3.966489155914399
-66.63237140072417 2.723926895764646
-68.6935153513228 4.285860661918072
-70.75465930192145 2.2174859995478324
-72.81580325252008 4.96059486220914
-74.87694720311873 4.03865096326374
-76.93809115371737 4.236692557673292
-78.999235104316 3.0432508045449658
-81.06037905491465 2.6224622018915857
-83.12152300551328 2.449711402706983
-85.18266695611193 4.0177036680929525
-87.24381090671056 3.1818673134213498
-89.30495485730923 2.817411977919095
-91.36609880790786 1.5152356108934084
-93.4272427585065 2.9824528762790705
-95.48838670910514 3.052835432498349
-97.54953065970378 2.6217817404907477
-99.61067461030244 2.377503665560292
-101.67181856090107 1.0261102411082588
-103.73296251149971 2.540164957997573
-105.79410646209836 1.4181140263866976
-107.85525041269699 2.4876189921373753
-109.91639436329564 3.150770568812965
-111.97753831389427 1.8767324825473806
-114.0386822644929 0.8446065386210775
-116.09982621509155 2.586578024030752
-118.16097016569019 2.9581726943552176
-120.22211411628884 1.8827784394243217
-122.28325806688747 2.2789154230201585
-124.34440201748612 1.0645256391884224
-126.40554596808475 2.59913745210061
-128.4666899186834 0.8486662114515477
-130.52783386928203 2.4489902056686077
-132.58897781988068 1.5441519663995475
-134.6501217704793 1.6150617136029342
-136.71126572107798 3.584037674280076
-138.7724096716766 1.9175156086073633
-140.83355362227525 2.681959745265122
-142.89469757287387 3.0028112834221106
-144.95584152347251 1.029797220358922
-147.0169854740712 2.2221544077742053
-149.0781294246698 0.3703763159597613
-151.13927337526846 4.461177039644339
-153.20041732586708 1.6437675426187757
-155.26156127646573 2.332743238511621
-157.32270522706438 1.9925490068802973
-159.38384917766302 0.9374737585219138
-161.44499312826164 1.5483239979169199
-163.5061370788603 0.9946013343701721
-165.56728102945894 0.25016007513469724
-167.6284249800576 -0.482167570540387
-169.6895689306562 0.878304962595094
-171.75071288125486 1.7406293142229254
-173.81185683185348 1.9815390055944615
-175.87300078245215 0.4421309743723258
-177.93414473305077 2.0283333042899967
-179.99528868364942 1.9968735525471069
-182.05643263424804 1.1859972657791036
-184.1175765848467 1.6542050991573132
-186.17872053544536 0.5956605377975349
-188.23986448604398 1.4979041652337148
-190.30100843664263 2.536061839683259
-192.36215238724125 1.6616326800292849
-194.42329633783993 2.63972180818817
-196.48444028843855 0.8388826866605518
-198.54558423903717 0.7849423155040768
-200.6067281896358 2.6074647211667297
-202.66787214023446 0.16127057604455486
-204.72901609083308 -0.355691696191178
-206.79016004143173 0.5927391611274301
-208.85130399203035 1.909501225054707
-210.912447942629 0.6407801389671431
-212.97359189322765 0.44787695722172716
-215.0347358438263 -0.09212567432757636
-217.09587979442492 0.8415066663110471
-219.15702374502357 0.9819608181138997
-221.2181676956222 -0.027320219452478027
-223.27931164622086 0.5652014761428084
-225.3404555968195 -0.36199352462520296
-227.40159954741813 -1.114362260313051
-229.46274349801678 -0.21399536789966447
-231.52388744861543 -0.4885524798672613
-233.58503139921407 0.4631481827824327
-235.6461753498127 1.2875184673084776
-237.70731930041134 0.658973286748375
-239.76846325100996 -1.6761263675308447
-241.82960720160864 -0.955759569747201
-243.89075115220726 -0.32551731683257984
-245.9518951028059 0.9959490933698539
-248.01303905340453 0.02112450915945525
-250.0741830040032 -0.9679953360662841
-252.13532695460182 1.8582013913529785
-254.19647090520047 1.3007927970199407
-256.2576148557991 0.7565927835429206
-258.31875880639774 0.4872089013405512
-260.3799027569964 1.3890305010710207
-262.441046707595 2.013525586614047
-264.5021906581937 2.400994808964077
-266.56333460879233 3.0981052042954453
