# BEGINHEADER
# This file contains data from the SALSA 2m radio telescope.
# DATE=2021-12-09T13:50:0011
# GLON and GLAT given in degrees
# GLON=17.83864249651828
# GLAT=0.2723591009945886
# DATA in two columns below. Col. 1 is velocity relative to LSR [km/s]. Col. 2 is uncalibrated antenna temperature [K].
# ENDHEADER
270.3307828110966 3.541779220138693
268.26963886049793 8.270328853242164
266.20849490989923 8.685876955428409
264.14735095930064 9.461196043965293
262.086207008702 8.430962863333965
260.02506305810334 9.276868105870536
257.9639191075047 12.628669315548557
255.90277515690607 8.768977912927836
253.84163120630743 11.664307739497898
251.78048725570878 12.528502962533059
249.71934330511016 8.693222075709564
247.6581993545115 10.575371735591478
245.5970554039129 10.1272804493748
243.5359114533142 12.040391699416348
241.4747675027156 11.388901528455271
239.41362355211695 9.413127555345138
237.35247960151833 10.666587702838953
235.29133565091965 13.143525147270083
233.23019170032103 12.945556004702949
231.16904774972238 12.11769638768864
229.10790379912373 11.245422619290526
227.0467598485251 11.019786301523794
224.98561589792644 7.850466279702669
222.92447194732782 8.835256466021642
220.86332799672917 12.561808959968523
218.80218404613055 11.505432952608103
216.7410400955319 14.099745860544873
214.67989614493325 12.056312790522467
212.6187521943346 10.56047675157932
210.55760824373598 13.24298356891117
208.49646429313734 11.271215604050969
206.43532034253872 10.831675123178313
204.37417639194004 10.422534280097082
202.31303244134142 10.602773362753801
200.25188849074277 9.323470776205832
198.19074454014415 11.931390662019915
196.12960058954548 11.923613161546491
194.06845663894686 9.777617688341387
192.0073126883482 13.045137330549723
189.94616873774956 11.222676438183113
187.88502478715094 11.742465937175352
185.82388083655226 10.223910796116796
183.76273688595364 12.433818108983871
181.701592935355 11.836213994387704
179.64044898475638 13.478165138651379
177.57930503415773 9.354062172030806
175.51816108355908 10.773630462671026
173.45701713296043 13.043436746822088
171.3958731823618 12.76320026797177
169.33472923176316 10.127682013435368
167.27358528116451 12.685407656751954
165.21244133056587 13.913679956704119
163.15129737996725 14.204424129601732
161.0901534293686 11.521568756395927
159.02900947876998 9.149467163329856
156.9678655281713 13.701022703697777
154.90672157757268 11.235224307067455
152.84557762697403 13.764083518182863
150.7844336763754 14.888814689452975
148.72328972577677 13.46184845733562
146.6621457751781 12.273357498437345
144.60100182457947 12.208452304695143
142.53985787398082 14.635632294239864
140.4787139233822 14.432078721762293
138.41756997278353 14.075186304237736
136.3564260221849 16.528484894550452
134.29528207158626 14.190737650166339
132.23413812098764 17.652472215475996
130.172994170389 17.165901475023816
128.11185021979034 17.511828890231264
126.05070626919169 17.01889766487677
123.98956231859306 16.428016924706895
121.92841836799442 19.890604779672646
119.86727441739578 19.008223876312048
117.80613046679714 19.437277129928898
115.7449865161985 18.633895215162877
113.68384256559986 17.724235003869012
111.62269861500121 16.137443954467926
109.56155466440258 19.663020866633612
107.50041071380394 17.68599638949482
105.4392667632053 18.71871470631064
103.37812281260666 18.88893575649853
101.31697886200801 17.338724266264975
99.25583491140938 19.369019522451666
97.19469096081075 21.902891056442108
95.13354701021211 18.32983747174704
93.07240305961345 19.25471287660142
91.01125910901482 18.89383551410429
88.95011515841618 20.129127767906105
86.88897120781753 20.259704626513393
84.8278272572189 22.188595090429587
82.76668330662025 21.00930102288343
80.70553935602162 21.44377713065472
78.64439540542297 21.992276005832196
76.58325145482434 25.91587633920358
74.5221075042257 23.713013034962614
72.46096355362705 25.1385179730394
70.39981960302842 29.115266611936413
68.33867565242977 25.78117098908988
66.27753170183114 30.75712955906935
64.21638775123249 28.091632918995884
62.15524380063385 34.77972268543613
60.09409985003521 37.771898220896
58.032955899436566 37.6639441983559
55.971811948837924 39.33773479130626
53.91066799823929 39.16663282139862
51.84952404764065 40.170246012747356
49.78838009704201 40.88768100747811
47.72723614644336 44.43819402831976
45.66609219584471 45.39061966989998
43.60494824524608 47.003176468605105
41.54380429464744 51.17283224440605
39.482660344048796 52.621437633644994
37.421516393450155 52.05637361030779
35.360372442851514 56.25329979411304
33.29922849225287 61.54360442598638
31.23808454165423 61.205642336358046
29.17694059105559 68.057919818028
27.115796640456953 75.79783387732849
25.05465268985831 79.67228049316788
22.99350873925967 87.86114266153055
20.932364788661026 93.07118770667475
18.87122083806239 93.04190999065422
16.810076887463747 95.43548130355819
14.748932936865108 93.13452283886527
12.687788986266465 92.26808374345522
10.626645035667828 88.55495367624948
8.565501085069185 87.53940843892221
6.5043571344705455 84.20264150692246
4.4432131838719044 88.85021663806222
2.3820692332732634 88.77449094333218
0.3209252826746227 80.94247846825468
-1.7402186679240181 72.43788199005499
-3.8013626185226586 57.44212352274052
-5.862506569121299 51.342743050990016
-7.92365051971994 45.77408805545507
-9.984794470318581 43.5360692163331
-12.045938420917222 41.69670558516251
-14.107082371515864 39.18284723185706
-16.168226322114503 38.39182326082721
-18.229370272713147 41.912423435087945
-20.29051422331179 41.287805245439564
-22.351658173910426 41.02754032858295
-24.412802124509067 42.649023559333
-26.47394607510771 36.39744596396184
-28.53509002570635 33.274970694015046
-30.59623397630499 30.933507018123848
-32.657377926903635 26.724875194671252
-34.718521877502276 25.088613573441034
-36.77966582810092 19.572797946236154
-38.84080977869955 16.30201956883642
-40.90195372929819 15.671665598573648
-42.96309767989683 12.458116241368032
-45.024241630495474 11.444240052321641
-47.085385581094116 10.212634716406566
-49.14652953169276 8.716806453212689
-51.2076734822914 8.610558892627484
-53.26881743289004 8.490379715013448
-55.32996138348867 9.123455497768513
-57.391105334087314 10.077191679270815
-59.452249284685955 9.693051270125668
-61.513393235284596 7.459336133554631
-63.57453718588324 7.9360839522188975
-65.63568113648188 8.517088349197353
-67.69682508708053 7.472798839500544
-69.75796903767916 8.199470857395584
-71.81911298827781 7.2071539727347735
-73.88025693887644 8.00734703182778
-75.94140088947508 7.909031268776617
-78.00254484007372 5.6926049458546
-80.06368879067236 6.619104556150844
-82.124832741271 6.891899362972873
-84.18597669186964 5.890287766113337
-86.24712064246829 8.467431554855784
-88.30826459306692 8.879892199670238
-90.36940854366556 5.368050738515829
-92.4305524942642 5.49054001184829
-94.49169644486284 6.449816249867055
-96.55284039546149 8.513794239448623
-98.61398434606012 6.202101506977911
-100.67512829665878 6.1499707103541095
-102.73627224725743 6.409201423020836
-104.79741619785607 9.059541032000547
-106.85856014845471 4.734814020811907
-108.91970409905335 6.848288352533673
-110.98084804965198 6.421319264141065
-113.04199200025063 6.119529380871635
-115.10313595084926 6.405941637625117
-117.16427990144791 6.297759184175168
-119.22542385204655 4.951513872464182
-121.2865678026452 3.62250591445119
-123.34771175324383 4.624880021840743
-125.40885570384246 5.608622881010417
-127.46999965444111 5.400099344681729
-129.53114360503974 4.860515008815623
-131.5922875556384 4.077351411673443
-133.65343150623704 3.4605890207263332
-135.7145754568357 6.93080875091299
-137.7757194074343 4.025227994655685
-139.83686335803296 7.488158574853784
-141.89800730863158 4.75114777541301
-143.95915125923025 4.690851993792369
-146.02029520982887 6.4691242109909695
-148.08143916042752 6.146155158725774
-150.14258311102614 5.412761274635402
-152.2037270616248 4.343652156730939
-154.26487101222344 3.42719991339114
-156.3260149628221 6.056769885654979
-158.38715891342073 4.574668220850449
-160.44830286401935 3.4695411193728423
-162.50944681461803 4.365570065573156
-164.57059076521665 5.6559466612605585
-166.6317347158153 7.25061000492317
-168.69287866641392 4.3855580259278995
-170.75402261701257 4.804986185245
-172.81516656761121 5.638768235886991
-174.87631051820986 4.1452240343305755
-176.93745446880848 5.396086088901594
-178.99859841940713 5.057161768736773
-181.05974237000575 3.9201362764853918
-183.12088632060443 3.538366676953852
-185.18203027120305 2.2391976618687233
-187.2431742218017 4.664227802885086
-189.30431817240031 3.9127371546724987
-191.365462122999 5.925440002881482
-193.4266060735976 4.0159976316637565
-195.48775002419626 4.865446174224468
-197.5488939747949 3.838464504439401
-199.61003792539353 5.440564218197549
-201.6711818759922 6.810423036082629
-203.73232582659082 7.9258312346463455
-205.79346977718947 4.700288944599232
-207.8546137277881 4.629677256377179
-209.91575767838674 5.093670605554675
-211.9769016289854 4.358628278878701
-214.03804557958404 5.959448898255579
-216.09918953018266 2.339418001914062
-218.1603334807813 2.5329373136369475
-220.22147743137995 3.3972393349106356
-222.2826213819786 4.6159450084348235
-224.34376533257722 4.2868686064263875
-226.40490928317587 4.5812267946893
-228.4660532337745 3.400931564129564
-230.52719718437316 4.863634025138225
-232.58834113497178 5.198012935064171
-234.64948508557043 4.952774254265513
-236.71062903616908 5.399003537578642
-238.7717729867677 3.654936850852114
-240.83291693736638 6.094291005043844
-242.894060887965 4.740833038460434
-244.95520483856365 5.820374472202775
-247.01634878916227 4.867298961204267
-249.0774927397609 6.06975768425606
-251.13863669035956 5.859857161026254
-253.1997806409582 6.781452724745677
-255.26092459155683 7.814660295506446
