# BEGINHEADER
# This file contains data from the SALSA 2m radio telescope.
# DATE=2021-11-27T01:25:0057
# GLON and GLAT given in degrees
# GLON=201.33700037787645
# GLAT=-28.138110734161145
# DATA in two columns below. Col. 1 is velocity relative to LSR [km/s]. Col. 2 is uncalibrated antenna temperature [K].
# ENDHEADER
250.8493728829097 2.852690605992655
248.78822893231103 5.241740691810419
246.7270849817124 4.345164634293048
244.66594103111376 5.370120289839808
242.60479708051514 5.93240499407267
240.5436531299165 6.410747328736753
238.48250917931784 6.315330468247858
236.4213652287192 7.803130087719482
234.36022127812058 7.771857476269662
232.29907732752193 8.174622727023124
230.23793337692328 7.177174421948485
228.17678942632463 7.38359307212977
226.11564547572598 7.428120429634687
224.05450152512736 9.379549779411299
221.99335757452872 9.34423331359186
219.93221362393007 8.69553743411274
217.87106967333142 8.906322849669307
215.8099257227328 8.972175997025372
213.74878177213415 8.447283681702338
211.68763782153553 8.673664765850416
209.62649387093686 7.987010007452758
207.56534992033824 8.516422403934902
205.5042059697396 7.924514039871529
203.44306201914097 8.725213757232632
201.3819180685423 8.566307125566142
199.32077411794367 7.906278906291464
197.25963016734502 9.356313867697526
195.1984862167464 8.384249571814951
193.13734226614775 7.972072885714426
191.0761983155491 8.113650280992427
189.01505436495046 7.675060341016763
186.9539104143518 8.85471422900166
184.8927664637532 8.117632474163157
182.83162251315454 8.551320597939508
180.7704785625559 10.638568622583977
178.70933461195725 8.716744882968602
176.64819066135863 7.99709509746437
174.58704671075998 9.087540025972778
172.52590276016136 8.814280457634394
170.46475880956268 9.283674443737462
168.40361485896406 8.623116714378341
166.3424709083654 8.858351539697356
164.2813269577668 8.645439561110917
162.22018300716812 8.956086052399428
160.1590390565695 9.279865271577624
158.09789510597085 8.760538948310673
156.03675115537223 8.052693823338426
153.97560720477358 9.521849141368282
151.91446325417493 9.545663568998373
149.85331930357628 8.578598918284708
147.79217535297764 7.902880012025248
145.73103140237902 9.092409210094933
143.66988745178037 7.995892808138225
141.60874350118172 7.9216126708892975
139.54759955058307 9.170397089117396
137.48645559998445 9.04561764688003
135.4253116493858 7.806129734099157
133.36416769878716 8.882096209380508
131.3030237481885 8.239313814874539
129.2418797975899 7.6783353878760225
127.18073584699124 8.08418105801449
125.11959189639259 8.614785160040435
123.05844794579396 8.773511883781113
120.99730399519531 8.863731250992851
118.93616004459668 8.475011853782346
116.87501609399804 9.321830409280608
114.8138721433994 8.146055596690896
112.75272819280076 8.394188241477325
110.69158424220211 9.56892753671968
108.63044029160348 8.608547582674841
106.56929634100483 7.761468550535356
104.5081523904062 7.839368052372374
102.44700843980756 8.589209384008429
100.38586448920891 8.013052567220615
98.32472053861028 7.041765872734455
96.26357658801163 8.201976108813968
94.202432637413 8.043011398814373
92.14128868681433 8.191946111059659
90.0801447362157 8.0991642049337
88.01900078561707 9.31752648240032
85.95785683501842 7.4865723091524075
83.89671288441978 8.716708689714286
81.83556893382114 8.335736293479435
79.7744249832225 8.289709553503156
77.71328103262385 9.017680339529772
75.65213708202522 7.707005181680897
73.59099313142659 7.749407301899491
71.52984918082794 7.5615367696592575
69.4687052302293 8.379232787402994
67.40756127963066 8.275027476759666
65.34641732903202 8.36873306706896
63.28527337843338 7.239027626589818
61.22412942783473 7.6444408321183674
59.16298547723609 7.235853212345276
57.10184152663745 7.99365534498441
55.040697576038816 7.353853596203172
52.979553625440175 7.369423263583886
50.918409674841534 7.0936326298255015
48.85726572424289 7.082877325464282
46.79612177364425 6.227342509084306
44.73497782304561 7.649235980531233
42.67383387244696 8.070577834701227
40.61268992184833 7.083608029130209
38.55154597124969 8.222711174763774
36.49040202065105 7.76752622776742
34.429258070052406 6.748120607473856
32.368114119453764 7.297226770173204
30.306970168855127 7.717338457188813
28.245826218256482 8.141908512585534
26.18468226765784 9.699737604048098
24.123538317059204 9.575596515454293
22.062394366460563 11.235621686630934
20.00125041586192 12.502874661921343
17.940106465263277 13.902637405150076
15.878962514664638 17.43732675512061
13.817818564065998 19.75826194051493
11.756674613467357 23.300840491497606
9.695530662868716 28.177640150551348
7.634386712270076 37.64802663447134
5.573242761671436 39.13921659379608
3.5120988110727946 28.598983553692715
1.4509548604741538 23.391136480894776
-0.6101890901244871 18.943344657614496
-2.6713330407231277 19.19460591979915
-4.732476991321769 16.885795919159516
-6.79362094192041 15.196697624541388
-8.85476489251905 13.575126480286784
-10.915908843117691 12.524879346586967
-12.977052793716332 12.113979357017808
-15.038196744314973 11.581277836313665
-17.099340694913614 10.829959448724145
-19.160484645512255 9.528494927099022
-21.221628596110897 11.244235182107102
-23.282772546709538 10.817833197036816
-25.343916497308175 9.80256898974259
-27.405060447906816 10.365320078554728
-29.46620439850546 9.236311600994398
-31.5273483491041 8.721295125669021
-33.588492299702736 8.936733599891248
-35.649636250301384 8.070515666813359
-37.710780200900025 6.7717912227055725
-39.771924151498666 7.3765989097520395
-41.8330681020973 6.9952225779078585
-43.89421205269594 6.302702543968305
-45.95535600329458 6.257101003319965
-48.016499953893224 6.346174371274358
-50.077643904491865 7.259294314975315
-52.138787855090506 6.020453163265331
-54.199931805689154 6.9986290941815135
-56.26107575628779 6.378278515634678
-58.32221970688643 6.074087672272583
-60.38336365748507 6.167814680714143
-62.44450760808371 6.552438975385284
-64.50565155868236 4.624327025618706
-66.566795509281 5.8511451662706335
-68.62793945987964 6.769633968369013
-70.68908341047828 5.349541258467183
-72.75022736107692 6.8236716505595485
-74.81137131167556 4.6810541159958445
-76.87251526227419 4.657817202411104
-78.93365921287284 5.571543355950612
-80.99480316347147 4.417107337344916
-83.05594711407012 6.590446584383973
-85.11709106466876 5.803322742860446
-87.1782350152674 4.282961565599812
-89.23937896586604 4.2775651159157055
-91.30052291646467 4.544718792738326
-93.36166686706332 4.316306039913056
-95.42281081766195 4.5848758436173
-97.4839547682606 4.607737380145305
-99.54509871885924 4.4678966104735505
-101.6062426694579 5.011314122705646
-103.66738662005653 5.087474769773434
-105.72853057065517 4.047715595872151
-107.78967452125381 3.332846494895684
-109.85081847185245 4.039628750148363
-111.9119624224511 3.8761766597506355
-113.97310637304973 3.6528996858358234
-116.03425032364838 2.8976982460416245
-118.09539427424701 5.004084593447638
-120.15653822484565 4.2012904206369095
-122.2176821754443 2.9556818128242996
-124.27882612604293 3.4158625862100407
-126.33997007664158 3.66117241884008
-128.40111402724023 4.563783115648427
-130.46225797783887 2.8825678111584767
-132.5234019284375 3.151921157279746
-134.58454587903614 3.3045181674068678
-136.64568982963476 2.848878342296823
-138.70683378023344 3.935927007614349
-140.76797773083206 2.814842965119479
-142.8291216814307 2.8767407611724822
-144.89026563202933 2.9974528927804003
-146.95140958262797 3.0066156234634325
-149.01255353322662 4.165791317782209
-151.07369748382527 1.8499868932138825
-153.1348414344239 3.6892075666110156
-155.19598538502254 3.2241301173007164
-157.2571293356212 3.8956442852096194
-159.31827328621983 2.966492633558635
-161.37941723681848 2.807308227805305
-163.4405611874171 2.691809921514552
-165.50170513801575 2.688818695413548
-167.5628490886144 2.4437016736705903
-169.62399303921305 3.01216110433122
-171.68513698981167 3.107052936873753
-173.74628094041032 3.05317489938107
-175.80742489100894 2.864150066402444
-177.8685688416076 2.813081431403751
-179.92971279220623 2.4819446770191966
-181.99085674280488 2.166127927881964
-184.0520006934035 2.604185717247766
-186.11314464400218 3.5064987859678145
-188.1742885946008 2.709438361564971
-190.23543254519944 2.6937209619643427
-192.29657649579806 2.978121305622014
-194.3577204463967 0.5330329101899994
-196.41886439699536 2.2460311773624797
-198.480008347594 2.7253499552684977
-200.54115229819266 2.103423241454391
-202.60229624879128 2.689680819162879
-204.66344019938992 2.0600635602387327
-206.72458414998857 2.0705550526772796
-208.78572810058722 1.1497888370442535
-210.84687205118584 2.0963777857260726
-212.9080160017845 2.679397734213716
-214.9691599523831 2.6236845878124986
-217.03030390298179 2.274661716389642
-219.0914478535804 0.7423357888210069
-221.15259180417905 2.278758874519873
-223.21373575477767 1.6162925736265026
-225.27487970537635 2.258044427033329
-227.33602365597497 2.1651989291526585
-229.39716760657362 1.7271573933112994
-231.45831155717224 2.089114041725998
-233.51945550777089 2.754803196844295
-235.58059945836953 1.4309783035676098
-237.64174340896818 2.220260199022613
-239.70288735956683 1.8338951266868788
-241.76403131016545 2.1120511596269345
-243.8251752607641 1.6216495218640519
-245.88631921136275 2.3718512863479666
-247.9474631619614 2.1587308809360004
-250.00860711256001 2.3310010968568298
-252.06975106315866 2.7536894498090296
-254.1308950137573 1.494984315380505
-256.19203896435596 2.2221284320338235
-258.2531829149546 2.1121203813028324
-260.3143268655532 1.63126467804935
-262.3754708161519 3.270742558837789
-264.4366147667505 2.8314874002149497
-266.49775871734914 3.3471596688119845
-268.5589026679478 2.7940587471013614
-270.62004661854644 4.079664110881667
-272.6811905691451 3.5906641844553144
-274.7423345197437 5.0264867026361415
