# BEGINHEADER
# This file contains data from the SALSA 2m radio telescope.
# DATE=2021-11-23T20:14:0058
# GLON and GLAT given in degrees
# GLON=71.83892637498673
# GLAT=0.07155647134500846
# DATA in two columns below. Col. 1 is velocity relative to LSR [km/s]. Col. 2 is uncalibrated antenna temperature [K].
# ENDHEADER
264.83069328175213 -1.094456256348327
262.7695493311535 2.9004170012102937
260.70840538055484 4.448646664189941
258.6472614299562 2.7464990830252916
256.58611747935754 4.045832537761553
254.5249735287589 1.161769771054843
252.46382957816024 -0.6201108922095147
250.40268562756162 4.289803347629781
248.34154167696298 5.054505255174882
246.28039772636436 3.5715169613882436
244.21925377576568 6.305892509853014
242.15810982516706 2.285086761361948
240.0969658745684 3.93356012153454
238.0358219239698 7.195252744683168
235.97467797337112 4.184037783687555
233.9135340227725 5.542878668263736
231.85239007217385 5.465815967334654
229.79124612157523 7.720794448986412
227.73010217097658 7.419366437682604
225.66895822037793 4.416513376858596
223.60781426977928 9.309048619954613
221.54667031918066 6.811521454649996
219.48552636858201 3.214711119736291
217.42438241798337 6.366346687172661
215.36323846738472 5.212631051048146
213.30209451678607 3.8937105883489105
211.24095056618745 3.5563690056506165
209.1798066155888 4.110823991744254
207.11866266499018 2.6993632150614357
205.0575187143915 2.1544195060896443
202.9963747637929 5.056941819892675
200.93523081319424 6.719978949456214
198.87408686259562 4.926867456840419
196.81294291199694 3.534327485000442
194.7517989613983 8.610172134561243
192.69065501079965 6.516444573281668
190.62951106020103 5.899506134582066
188.56836710960238 6.428710608254159
186.50722315900376 5.836764321209822
184.44607920840508 9.434371561896155
182.38493525780643 10.079302195496679
180.3237913072078 2.490119930995552
178.26264735660916 6.791377432872781
176.20150340601054 2.8317433106528465
174.14035945541187 5.488630250909724
172.07921550481325 2.7166905990524666
170.0180715542146 3.8808952915392427
167.95692760361598 8.496309707492623
165.8957836530173 5.02989382342063
163.83463970241868 1.004168015868244
161.77349575182004 4.639845515362354
159.71235180122142 9.118348457479756
157.65120785062277 7.568308222263919
155.59006390002412 3.7104844850951078
153.52891994942547 1.6210657681948002
151.46777599882685 4.09899912038511
149.4066320482282 7.5495587831415545
147.34548809762958 6.781271500740725
145.2843441470309 4.254562320024413
143.22320019643226 7.364099558565334
141.16205624583364 4.528895280291856
139.100912295235 7.732470831236678
137.03976834463637 6.862230420953845
134.9786243940377 6.466251767905691
132.91748044343908 3.791080065594736
130.85633649284043 3.781902803929906
128.79519254224178 5.394327963154511
126.73404859164316 7.294235625319795
124.6729046410445 2.8883533375667563
122.61176069044586 6.019943047753208
120.55061673984723 5.317007781665359
118.48947278924858 6.263516411834079
116.42832883864995 7.920797726559649
114.3671848880513 5.968673944731663
112.30604093745266 5.886425519868191
110.24489698685403 7.048866053010146
108.18375303625538 2.6007735321030228
106.12260908565675 2.5382666776312983
104.0614651350581 4.283752996756876
102.00032118445947 4.752448502001002
99.93917723386082 6.353846633291491
97.8780332832622 7.408737427698766
95.81688933266355 7.20886316897494
93.75574538206492 5.636770269535743
91.69460143146627 5.316054741705356
89.63345748086763 5.064944583510645
87.572313530269 5.41591803413051
85.51116957967034 2.531331857994839
83.4500256290717 4.025742855112363
81.38888167847306 4.42206532791966
79.32773772787442 4.733406538369242
77.26659377727577 0.5604517193847944
75.20544982667714 2.302171747292559
73.1443058760785 5.693687591043924
71.08316192547986 4.150986798660611
69.02201797488122 6.542880389060255
66.96087402428257 7.514555623075583
64.89973007368394 4.806675111382034
62.8385861230853 3.8351147463351127
60.77744217248666 4.562815621846296
58.71629822188802 5.785941380523839
56.65515427128937 5.182287446468134
54.594010320690735 4.445249295889661
52.532866370092094 4.846658682338858
50.47172241949345 5.161824051943883
48.410578468894805 3.755409558216659
46.349434518296164 6.214915494045255
44.28829056769753 6.856287452789901
42.22714661709889 6.971689927386909
40.16600266650025 7.382956820955374
38.10485871590161 7.421713548885694
36.04371476530296 11.144057301491413
33.98257081470432 10.040929422052187
31.92142686410568 9.06546217291131
29.86028291350704 11.921938560340402
27.799138962908398 18.119710282136513
25.73799501230976 25.929974576472855
23.67685106171112 32.56386927044976
21.615707111112474 40.92588114452907
19.554563160513837 50.98236498681759
17.493419209915196 65.26743991522994
15.432275259316555 83.17462302381112
13.371131308717914 102.27931064228694
11.309987358119274 110.93112461442342
9.248843407520633 129.53583445113003
7.187699456921992 133.0622437195519
5.126555506323352 133.69416045241658
3.065411555724711 124.44022408540476
1.00426760512607 115.84046594723686
-1.056876345472571 111.8426290685451
-3.118020296071212 94.041262024558
-5.179164246669853 87.47754292682036
-7.240308197268492 74.81256590137161
-9.301452147867135 57.874994060376004
-11.362596098465774 54.132034961682365
-13.423740049064417 55.60143104753422
-15.484883999663058 47.69531745460474
-17.5460279502617 46.005697955948186
-19.60717190086034 40.746558344474316
-21.668315851458978 38.41420089125422
-23.72945980205762 39.5879520083948
-25.790603752656263 34.34895041168411
-27.8517477032549 29.136249114191774
-29.912891653853542 27.87519899566297
-31.974035604452183 27.77361640775602
-34.035179555050824 23.43175813849319
-36.096323505649465 20.337038269115563
-38.1574674562481 21.453922919286445
-40.21861140684675 18.443404896588184
-42.27975535744539 17.049875423923304
-44.34089930804403 18.424064640469084
-46.40204325864267 17.373210452901077
-48.46318720924131 22.792123724411216
-50.524331159839946 25.082301931733195
-52.58547511043859 32.96258522250539
-54.64661906103723 29.31439367147901
-56.70776301163586 33.26651381184815
-58.7689069622345 33.9488282536204
-60.83005091283315 39.812440600802425
-62.89119486343179 46.196353638163025
-64.95233881403043 48.47447394605886
-67.01348276462906 50.421173835308
-69.07462671522772 46.97593819642651
-71.13577066582636 46.95644425641917
-73.196914616425 47.43757333144308
-75.25805856702364 42.363809831325206
-77.31920251762227 36.449877233706864
-79.38034646822092 28.005928656843388
-81.44149041881955 25.539709814072513
-83.5026343694182 19.111136137037303
-85.56377832001684 13.441460619035748
-87.62492227061549 11.594699982580634
-89.68606622121412 12.952698024888674
-91.74721017181275 11.919991923383073
-93.8083541224114 8.469768924679004
-95.86949807301004 9.278488204064438
-97.93064202360868 5.737131390237218
-99.99178597420733 10.170702301763457
-102.05292992480597 6.199316829732777
-104.11407387540461 2.9011114402539118
-106.17521782600325 2.674425425357828
-108.23636177660191 4.989324027910081
-110.29750572720054 6.563395859974885
-112.35864967779918 6.827113452446798
-114.41979362839783 2.9056532378859696
-116.48093757899646 4.2166821746981915
-118.54208152959511 -0.06517507348027302
-120.60322548019374 1.0189538760634311
-122.66436943079239 4.667690089912251
-124.72551338139102 1.8184844943480305
-126.78665733198966 2.7407103038177496
-128.8478012825883 1.6832665659693904
-130.90894523318696 0.8923421950478719
-132.97008918378557 1.466764612399591
-135.03123313438425 0.4422366722575951
-137.09237708498287 0.0016706259958518845
-139.15352103558152 1.1107789566214208
-141.21466498618014 1.290795088654296
-143.2758089367788 -0.4135045810583142
-145.33695288737744 -0.19510981202430366
-147.39809683797608 -1.418849107721134
-149.4592407885747 1.7368386342542825
-151.52038473917335 1.4096753371045976
-153.58152868977197 -0.8308298736610884
-155.64267264037065 2.479130759067907
-157.70381659096927 0.8550719085624578
-159.76496054156792 -3.9490349264137636
-161.82610449216654 0.6563036840135524
-163.8872484427652 2.3393492940617464
-165.94839239336386 -0.7190223723704539
-168.00953634396248 0.6286374618140942
-170.07068029456113 2.318476325459526
-172.13182424515975 1.836352469987632
-174.19296819575843 -0.7337063075633999
-176.25411214635704 0.6699821603156155
-178.3152560969557 1.516659033921377
-180.3764000475543 0.7078446811411401
-182.43754399815296 -0.41781725508064255
-184.4986879487516 1.371141798605603
-186.55983189935026 1.3005190532386375
-188.62097584994888 2.7269880005665503
-190.68211980054753 2.412826310577319
-192.74326375114617 -0.6344604372327606
-194.80440770174482 -1.1984196960174698
-196.86555165234344 2.420760079718018
-198.92669560294206 1.3906777869814013
-200.9878395535407 0.07696175480730628
-203.04898350413936 1.4345973352859265
-205.11012745473798 4.618416641082307
-207.17127140533663 -2.3431935832523854
-209.23241535593527 0.23729554125627522
-211.29355930653392 -1.304111912768979
-213.35470325713257 -2.37625866481266
-215.4158472077312 -2.499280399376846
-217.47699115832984 -1.3173763480280447
-219.5381351089285 -1.2100113013173144
-221.59927905952713 -0.22263406461115912
-223.66042301012575 -2.1918761849510005
-225.7215669607244 -0.4848610436550589
-227.78271091132302 0.726178017148759
-229.8438548619217 0.12790516815794553
-231.90499881252032 0.31911943334797715
-233.96614276311897 -2.326431491125304
-236.0272867137176 0.3848151588231599
-238.08843066431623 1.8584248466725541
-240.14957461491488 -2.4993710099459223
-242.21071856551353 -3.057045704146765
-244.27186251611215 -2.259079059841205
-246.3330064667108 -2.9153364676958997
-248.39415041730948 -1.5777171132030405
-250.4552943679081 -0.03928776965161963
-252.51643831850674 4.479626729988291
-254.57758226910536 0.15958807157375035
-256.638726219704 0.2600484842809109
-258.6998701703027 1.5906779295297497
-260.7610141209013 0.1502605036628739
