# BEGINHEADER
# This file contains data from the SALSA 2m radio telescope.
# DATE=2021-11-24T16:03:0038
# GLON and GLAT given in degrees
# GLON=151.84429090582404
# GLAT=5.798813703502722
# DATA in two columns below. Col. 1 is velocity relative to LSR [km/s]. Col. 2 is uncalibrated antenna temperature [K].
# ENDHEADER
270.2664666169146 -1.399273020698863
268.20532266631596 -3.1082949106752067
266.1441787157173 -4.966945146653049
264.08303476511867 -5.013762612604562
262.02189081452 -5.164951420375542
259.96074686392143 -5.36890879520029
257.8996029133228 -3.8863450557713093
255.8384589627241 -4.873920202609029
253.77731501212548 -7.178657874373812
251.71617106152684 -4.942072403810808
249.65502711092822 -7.595343299229431
247.59388316032954 -5.914433000140018
245.53273920973092 -8.379290491069018
243.47159525913227 -7.200219864056287
241.41045130853365 -6.572445767309095
239.349307357935 -6.973331940187972
237.28816340733636 -7.218893768184463
235.2270194567377 -5.882003764268735
233.1658755061391 -6.743808466155858
231.10473155554044 -6.19702568192126
229.0435876049418 -8.381365934542387
226.98244365434314 -5.522584983906227
224.9212997037445 -6.292906925280989
222.86015575314588 -6.456767844722965
220.79901180254723 -6.6699071782076125
218.73786785194858 -7.621482041020335
216.67672390134993 -5.85382309663674
214.6155799507513 -7.261256915707529
212.55443600015266 -7.99737938279913
210.49329204955404 -9.043430926768888
208.43214809895537 -7.269137492957787
206.37100414835675 -6.168610965754539
204.3098601977581 -5.375437931716863
202.24871624715948 -9.177269651844597
200.18757229656083 -5.540098072094351
198.12642834596218 -7.474038665136424
196.06528439536353 -7.137134692010899
194.00414044476491 -9.245188935589772
191.94299649416627 -7.107722108692468
189.8818525435676 -5.3617590962466775
187.82070859296897 -7.101287456400151
185.75956464237032 -7.125060129044407
183.6984206917717 -6.711442275294255
181.63727674117305 -5.011132034296304
179.5761327905744 -6.591412513737148
177.51498883997576 -6.657495647635007
175.45384488937714 -6.848879088717348
173.3927009387785 -6.739766112636238
171.33155698817987 -5.4706426656777705
169.2704130375812 -4.281659892403895
167.20926908698257 -6.931851598689133
165.14812513638392 -7.515857412956436
163.0869811857853 -5.932094181317998
161.02583723518666 -5.967101717247827
158.964693284588 -6.215586141231936
156.90354933398936 -5.503667197971317
154.84240538339074 -5.464887771044804
152.7812614327921 -4.9486239223524695
150.72011748219342 -5.240611371530881
148.6589735315948 -5.701210882225295
146.59782958099615 -9.818960645556809
144.53668563039753 -5.275438347715397
142.47554167979888 -6.249420604786999
140.41439772920023 -7.488976616517456
138.35325377860158 -5.202988251412548
136.29210982800296 -4.168538143071761
134.23096587740432 -4.382225728520274
132.1698219268057 -6.9751546488479805
130.10867797620705 -1.1935078168927267
128.0475340256084 -4.955651627681943
125.98639007500975 -5.920537100775884
123.9252461244111 -4.130771406471342
121.86410217381247 -4.750845386003135
119.80295822321382 -4.531461004837621
117.74181427261519 -9.451893427133076
115.68067032201655 -5.6355819203024184
113.6195263714179 -7.2667565289907445
111.55838242081927 -7.386870022217236
109.49723847022062 -6.369590407793445
107.43609451962199 -8.776578085915082
105.37495056902335 -6.930763105756924
103.3138066184247 -9.037943869733795
101.25266266782607 -5.148582682915179
99.19151871722742 -5.090338438946486
97.13037476662878 -7.94198980339761
95.06923081603013 -5.567268959165752
93.00808686543148 -4.412799435760807
90.94694291483285 -6.54939045601199
88.8857989642342 -4.432954387441085
86.82465501363556 -6.995370823382695
84.76351106303693 -5.820525822731822
82.70236711243828 -5.939834521788499
80.64122316183965 -6.501602055870875
78.580079211241 -6.736880184768042
76.51893526064237 -5.781692234709673
74.45779131004372 -4.82073262021894
72.39664735944508 -5.607230684526846
70.33550340884645 -4.470556799161303
68.2743594582478 -8.507566151714304
66.21321550764917 -5.985673546520266
64.15207155705052 -6.382166076401352
62.09092760645188 -6.020372564092388
60.02978365585324 -5.2704298405703165
57.968639705254596 -6.00933672939544
55.907495754655955 -4.445890938516853
53.84635180405731 -4.610029399298014
51.78520785345867 -6.47716563973538
49.72406390286004 -6.344435732667451
47.66291995226139 -5.545231570951291
45.601776001662756 -4.222221734344174
43.540632051064115 -3.049812893804681
41.479488100465474 -4.44008516035377
39.41834414986683 -6.467846600247884
37.35720019926819 -3.0794485297176837
35.29605624866955 -2.578936994733588
33.23491229807091 -3.43062922613484
31.17376834747227 -4.440957374364324
29.11262439687363 -3.4152649985867964
27.05148044627499 -4.237996313431695
24.99033649567635 -5.149054907753796
22.929192545077704 -2.535907836204407
20.868048594479063 -2.896887976239271
18.806904643880422 -4.135806726347565
16.745760693281785 -1.5604774409516888
14.684616742683142 -1.810252744160511
12.6234727920845 0.2915291312099327
10.56232884148586 4.001474065547372
8.50118489088722 12.217666050362855
6.440040940288578 20.739596191052573
4.378896989689938 29.586205502068808
2.317753039091297 35.13778582747709
0.2566090884926564 41.59381514232497
-1.8045348621059845 45.80559469344718
-3.8656788127046253 45.91187555035535
-5.9268227633032655 50.51080467631184
-7.987966713901907 48.49631811029947
-10.049110664500548 41.78061605035118
-12.110254615099187 37.18317787610215
-14.17139856569783 30.822686186231717
-16.23254251629647 27.612651821648605
-18.29368646689511 24.217888152865914
-20.35483041749375 20.978035982209953
-22.415974368092392 22.300411380963638
-24.47711831869103 24.39813247841584
-26.53826226928967 27.818166534321808
-28.599406219888312 34.55765296282907
-30.660550170486953 33.94118161149884
-32.72169412108559 35.54886492484635
-34.78283807168424 41.52151519497855
-36.84398202228287 39.28144071410518
-38.905125972881514 35.772363401335895
-40.966269923480155 32.97621428601465
-43.027413874078796 31.119863450728875
-45.08855782467744 24.996673155125393
-47.14970177527608 25.07810977705107
-49.21084572587473 14.559268360885918
-51.27198967647337 16.444925912527754
-53.33313362707201 14.556573522344797
-55.39427757767065 9.140255227850863
-57.45542152826929 5.993192731117363
-59.51656547886793 5.647633297398227
-61.577709429466566 2.7989930340892073
-63.63885338006521 1.5380680999074157
-65.69999733066386 0.9340204658618987
-67.7611412812625 2.389260839276947
-69.82228523186113 0.9460725153520774
-71.88342918245978 0.9142518106975959
-73.94457313305841 -0.1176410564242943
-76.00571708365706 -0.18465157742930732
-78.0668610342557 0.1609428992927132
-80.12800498485434 -1.506140084661933
-82.18914893545298 -1.0181688037112426
-84.25029288605161 -2.161004087110399
-86.31143683665026 -2.271002859972058
-88.37258078724889 -0.8670758734748616
-90.43372473784754 -2.114341777129304
-92.49486868844618 -1.4183973204835276
-94.55601263904482 -2.135089475634948
-96.61715658964346 0.9944383121505143
-98.6783005402421 -1.562553373353065
-100.73944449084074 -1.2800234849390015
-102.80058844143937 -0.3554200336276868
-104.86173239203802 0.6140536611641969
-106.92287634263666 -1.7292327439748139
-108.9840202932353 -2.8066819291745357
-111.04516424383394 -1.3897432513659218
-113.10630819443259 -0.6764114625361266
-115.16745214503122 -0.6981428523635183
-117.22859609562985 -1.267980467966604
-119.2897400462285 0.16617279253171596
-121.35088399682714 -2.052094052099977
-123.41202794742578 0.28369487757124506
-125.47317189802442 -0.23028005989902697
-127.53431584862307 -1.538693608385718
-129.59545979922171 -0.9334874623767438
-131.65660374982036 -0.3536876403299326
-133.71774770041898 -1.1288689267943808
-135.77889165101763 -0.19547896005940302
-137.84003560161625 -1.3042517153234932
-139.90117955221493 -2.3047540971539036
-141.96232350281355 -1.7415128363523058
-144.0234674534122 -0.9944166999213655
-146.08461140401081 -0.8790872891905365
-148.14575535460946 1.5646977321178357
-150.2068993052081 -0.8192862554852107
-152.26804325580676 -0.7013871129059261
-154.32918720640538 0.03195798933248586
-156.39033115700403 -0.07309351625583967
-158.45147510760268 -0.6687577508086164
-160.51261905820132 -0.9130506427395831
-162.57376300879997 -2.502627574243547
-164.6349069593986 0.9464096718827989
-166.69605090999724 0.7180817695110423
-168.7571948605959 -0.44923365251225184
-170.81833881119454 0.4104863420891892
-172.87948276179316 -2.4640789177144504
-174.9406267123918 -1.6693699723191517
-177.00177066299042 0.28650938068233595
-179.0629146135891 -2.120312579738501
-181.12405856418772 0.7013349380075524
-183.18520251478637 2.251926193911992
-185.246346465385 0.24999626749728815
-187.30749041598364 1.3817774424951583
-189.36863436658228 1.2354595266897863
-191.42977831718093 0.5118713058070704
-193.49092226777955 0.20030544339891665
-195.5520662183782 0.025622340088281875
-197.61321016897688 -2.2375842132891646
-199.6743541195755 -0.020051896741353867
-201.73549807017415 -0.2186949296934275
-203.79664202077277 0.5875162490150753
-205.8577859713714 -0.6034586810871986
-207.91892992197006 -0.3843040902084193
-209.9800738725687 0.8081113128094151
-212.04121782316733 -2.222996031701102
-214.10236177376598 2.3070909298165745
-216.1635057243646 -1.4982407411597245
-218.22464967496327 0.42993895298230106
-220.2857936255619 1.4417606071019924
-222.34693757616054 -0.6598593206026454
-224.40808152675916 -1.1021235178446518
-226.4692254773578 1.6704750399371926
-228.53036942795646 0.7470918471291368
-230.5915133785551 2.0729930501904272
-232.65265732915373 1.6660394665411433
-234.71380127975237 1.4628076141294861
-236.77494523035105 2.1219552127792016
-238.83608918094967 2.1317208106698162
-240.89723313154832 2.081887200562031
-242.95837708214694 0.3566727689578742
-245.0195210327456 -1.9724236100798396
-247.08066498334423 -1.0402489497344685
-249.14180893394288 -2.9069468400705802
-251.2029528845415 -3.8545223864524236
-253.26409683514015 -2.2093494205867525
-255.32524078573877 -1.0479236619778136
