# BEGINHEADER
# This file contains data from the SALSA 2m radio telescope.
# DATE=2021-11-25T16:43:0027
# GLON and GLAT given in degrees
# GLON=133.38586688020362
# GLAT=-31.50398583895182
# DATA in two columns below. Col. 1 is velocity relative to LSR [km/s]. Col. 2 is uncalibrated antenna temperature [K].
# ENDHEADER
249.92946918276385 2.6008259771622044
247.86832523216523 5.769277234281379
245.80718128156659 4.65008732676315
243.74603733096797 6.231151355062231
241.6848933803693 5.466831508412713
239.62374942977067 6.7966450493829855
237.56260547917202 5.729106902599287
235.5014615285734 6.312432709391422
233.44031757797472 7.689710242437024
231.3791736273761 6.372097249777954
229.31802967677746 7.63471256615762
227.25688572617884 7.286154765577989
225.1957417755802 8.307191111275193
223.13459782498154 9.097296075529602
221.0734538743829 9.733408887915417
219.01230992378427 7.358784571004957
216.95116597318562 7.5084516702481805
214.89002202258698 10.445379426258217
212.82887807198833 8.776455388038414
210.76773412138968 8.662722468218307
208.70659017079106 8.669626747075435
206.6454462201924 8.752189903594731
204.58430226959376 7.517575711618199
202.52315831899512 9.23716176193342
200.4620143683965 8.450623254071033
198.40087041779785 9.46412642910878
196.3397264671992 9.543879076043975
194.27858251660055 8.561956368905188
192.2174385660019 9.691678111940975
190.15629461540325 8.56241664326425
188.09515066480463 7.494011408361561
186.034006714206 8.786138648328308
183.97286276360737 8.577340668608715
181.9117188130087 7.865162221267035
179.85057486241004 7.725059540133812
177.78943091181142 8.628720877496697
175.72828696121277 9.397186716078773
173.66714301061415 7.801496552508524
171.60599906001548 9.725980540227486
169.54485510941686 8.604900332512925
167.4837111588182 9.31303721954933
165.4225672082196 8.428366581322821
163.3614232576209 7.966757298848898
161.3002793070223 8.049493858502585
159.23913535642365 8.397349364027015
157.17799140582503 9.050361661337092
155.11684745522638 7.463276761318089
153.05570350462773 9.433819662704245
150.99455955402908 9.124614562070372
148.93341560343046 8.436376004210599
146.8722716528318 8.543151622037346
144.8111277022332 7.915103655362015
142.74998375163452 7.76078840106805
140.68883980103587 9.871783004118386
138.62769585043725 9.597145854149224
136.5665518998386 8.077085635917143
134.50540794923995 9.304147677125247
132.4442639986413 9.86585500520172
130.38312004804268 8.644511816397783
128.32197609744404 8.657030223173212
126.2608321468454 8.071713408696837
124.19968819624677 8.43600198953594
122.13854424564812 8.117005360821848
120.07740029504947 9.125449716280636
118.01625634445084 8.776854747650084
115.95511239385219 8.173708035063337
113.89396844325356 7.470435496351103
111.83282449265491 8.131753774421455
109.77168054205627 8.45346671943366
107.71053659145763 8.211113741357881
105.64939264085899 8.850108523828453
103.58824869026036 8.98071907924054
101.52710473966171 9.224693554289205
99.46596078906308 8.598480555547477
97.40481683846444 9.150623864586906
95.34367288786581 8.055080910257939
93.28252893726716 8.889948427905248
91.22138498666853 9.312226016389964
89.16024103606988 7.516516041451081
87.09909708547124 10.007117863730107
85.03795313487261 9.758842642757374
82.97680918427396 9.001608791875382
80.91566523367531 9.100818864452446
78.85452128307666 9.436843103274802
76.79337733247803 8.833824106210992
74.73223338187938 8.275307883734937
72.67108943128075 8.957440306766355
70.60994548068211 8.173670354783358
68.54880153008347 8.095271709122054
66.48765757948483 7.6763018906334
64.4265136288862 7.496436371224457
62.36536967828755 7.967221567534025
60.30422572768891 8.052684538160156
58.24308177709027 8.307756245329859
56.18193782649163 8.762952089558352
54.120793875892986 8.2752311701377
52.05964992529434 7.937005908176694
49.9985059746957 7.712055829823544
47.93736202409706 8.064675117656536
45.87621807349842 7.754099708349986
43.81507412289978 7.756252292471149
41.75393017230114 8.837935524052265
39.6927862217025 9.05565933098067
37.631642271103864 7.64790182831394
35.57049832050522 7.062335301751872
33.509354369906575 7.612524101747899
31.448210419307937 9.156378574330715
29.387066468709296 8.258309388247708
27.32592251811065 7.77487350957354
25.264778567512014 7.659844627783964
23.203634616913373 8.136880245667506
21.142490666314732 9.320223136715054
19.081346715716094 7.085719095295752
17.02020276511745 9.600010263921275
14.95905881451881 9.966149117465283
12.89791486392017 9.312484969150185
10.836770913321528 10.490314426749334
8.775626962722887 11.492032417606211
6.714483012124247 14.095388993725333
4.653339061525605 17.757563000595205
2.5921951109269643 24.8327410110486
0.5310511603283238 30.490762941809415
-1.530092790270317 34.52270731787983
-3.591236740868958 37.00324148717646
-5.652380691467599 32.46528341712453
-7.713524642066239 24.682070063199824
-9.774668592664879 19.252761105408094
-11.83581254326352 17.414565755232
-13.896956493862161 15.229769694508514
-15.9581004444608 15.3310770131654
-18.01924439505944 13.603467375709728
-20.080388345658086 12.69338060282406
-22.141532296256724 11.417818280540827
-24.202676246855365 10.406665633452263
-26.263820197454006 11.153379792399303
-28.324964148052644 9.239721954665978
-30.386108098651288 9.519836938629963
-32.447252049249926 10.056739060450584
-34.50839599984857 9.276660575738186
-36.56953995044721 9.539544359603948
-38.63068390104585 8.648357788114986
-40.69182785164449 7.891190684099109
-42.75297180224313 8.361864877286054
-44.81411575284178 7.626050178273374
-46.87525970344041 7.357238263338333
-48.936403654039054 7.976653236092932
-50.997547604637695 6.594623143453911
-53.05869155523634 6.620217715469974
-55.11983550583498 5.834777281077964
-57.18097945643362 7.171977547360477
-59.24212340703225 7.181179859079813
-61.303267357630894 6.41844992637399
-63.36441130822954 7.75004020558833
-65.42555525882818 7.570667373816416
-67.48669920942682 7.241379664413564
-69.54784316002545 6.76623275651671
-71.6089871106241 4.868647758953253
-73.67013106122275 4.8760697592058335
-75.7312750118214 6.023405291860448
-77.79241896242003 5.881927864382916
-79.85356291301868 4.921202865082868
-81.91470686361731 5.292620156168197
-83.97585081421595 5.76353641490648
-86.0369947648146 5.89191157715645
-88.09813871541323 5.198789239545994
-90.15928266601188 5.138169244149648
-92.22042661661051 5.379682228565396
-94.28157056720914 5.87027219510622
-96.34271451780779 4.738791535621285
-98.40385846840643 5.559601042535219
-100.46500241900509 4.638159450951452
-102.52614636960372 5.6007260042857645
-104.58729032020236 5.203367848289885
-106.648434270801 4.913152996524693
-108.70957822139964 5.538187161972988
-110.7707221719983 4.055501411370115
-112.83186612259694 4.37910296495482
-114.89301007319557 4.712492395096315
-116.95415402379422 5.030206370171354
-119.01529797439285 5.279446839230774
-121.0764419249915 4.587052750093938
-123.13758587559013 5.09592736266726
-125.19872982618878 4.974216466246805
-127.25987377678742 4.750357553150476
-129.32101772738605 5.237001380980594
-131.3821616779847 2.757967209299996
-133.44330562858335 4.581798102140114
-135.50444957918197 4.44975475262274
-137.56559352978064 4.657456491042975
-139.62673748037926 4.347942485233785
-141.6878814309779 3.7780986851277545
-143.74902538157653 3.9850845307227667
-145.81016933217518 1.9298236058698188
-147.87131328277383 2.522120236977128
-149.93245723337247 4.123867028209029
-151.9936011839711 2.4120950342599925
-154.05474513456974 3.0721282224491184
-156.11588908516836 3.847735004494638
-158.17703303576704 4.203994161191822
-160.23817698636566 2.882007994157357
-162.2993209369643 3.5785479694458093
-164.36046488756293 2.935582484006827
-166.4216088381616 2.273080032040795
-168.48275278876022 2.7685852914514166
-170.54389673935887 3.7504543060347846
-172.60504068995752 3.2153217784668855
-174.66618464055614 3.809043023486036
-176.72732859115482 2.0113508418822263
-178.78847254175344 2.418383082220562
-180.84961649235208 3.086032540445624
-182.9107604429507 2.8461711323107703
-184.97190439354935 3.624619250229522
-187.033048344148 2.548065968703245
-189.09419229474665 2.287094539645713
-191.15533624534527 1.5511616819887788
-193.21648019594392 2.80193520020059
-195.27762414654256 3.1816412484475145
-197.3387680971412 2.092615552243053
-199.3999120477398 3.5975453806371656
-201.46105599833845 2.8788577143429714
-203.5221999489371 3.907103365223325
-205.58334389953575 0.7104195871295278
-207.64448785013437 1.9745503795275992
-209.70563180073302 2.6736023355397163
-211.76677575133166 2.887247803154356
-213.8279197019303 2.6300861029342624
-215.88906365252896 2.6913873413871063
-217.95020760312758 2.0492464167156856
-220.01135155372623 2.5192163399679135
-222.07249550432488 2.270959985789259
-224.13363945492353 2.692319644231141
-226.19478340552214 2.2371287696826494
-228.2559273561208 1.6583140986163507
-230.3170713067194 2.383116628563342
-232.3782152573181 3.208125889224755
-234.4393592079167 2.7261075873866907
-236.50050315851536 2.9560183079011693
-238.56164710911398 2.4503335347824318
-240.62279105971263 2.574612186397581
-242.68393501031127 2.3846197891111127
-244.74507896090992 1.8778561396720719
-246.80622291150854 3.201516099436432
-248.8673668621072 2.885849555935083
-250.92851081270587 1.8889121325004072
-252.9896547633045 2.734204629922557
-255.05079871390313 3.271619747631026
-257.1119426645018 2.4468785447383783
-259.1730866151004 2.3750918494891664
-261.2342305656991 3.6426563139087955
-263.29537451629767 3.4204951136704382
-265.3565184668963 2.363331884840931
-267.41766241749497 3.045523792780143
-269.4788063680936 2.563001830171819
-271.53995031869226 3.0937147942812118
-273.60109426929085 3.100212279744715
-275.6622382198895 3.969594454141194
