# BEGINHEADER
# This file contains data from the SALSA 2m radio telescope.
# DATE=2021-11-25T15:47:0003
# GLON and GLAT given in degrees
# GLON=91.8209580788824
# GLAT=-5.94732740185185
# DATA in two columns below. Col. 1 is velocity relative to LSR [km/s]. Col. 2 is uncalibrated antenna temperature [K].
# ENDHEADER
262.28898804321403 5.198767221615563
260.2278440926154 9.980852871874951
258.16670014201674 11.707984221888106
256.1055561914181 13.085705017065973
254.04441224081947 12.385989048944397
251.98326829022082 12.985169657563835
249.9221243396222 13.212381542503651
247.86098038902352 10.742081859342177
245.7998364384249 13.633649638095275
243.73869248782626 13.634715792455422
241.6775485372276 10.958568636043765
239.61640458662896 12.549692745464498
237.5552606360303 15.505955519546362
235.4941166854317 15.805064417423246
233.43297273483304 13.917107288145223
231.37182878423442 12.422667816069943
229.31068483363575 14.774085424564749
227.24954088303713 12.925171276467221
225.18839693243848 12.235693297856725
223.12725298183986 16.092819647682262
221.0661090312412 16.090797920020755
219.00496508064256 12.408695232023167
216.94382113004391 12.93431803893941
214.8826771794453 14.746218136988889
212.82153322884665 14.222192826899523
210.760389278248 16.046624817892955
208.69924532764935 14.350440629972399
206.63810137705073 13.789325143940482
204.57695742645208 13.413717535071127
202.51581347585343 15.681172007345412
200.4546695252548 14.414077933739316
198.39352557465614 13.229882462597754
196.33238162405755 14.242014077052893
194.2712376734589 15.945282186358767
192.21009372286025 16.95160496230944
190.1489497722616 12.158986285998276
188.08780582166298 16.06411688909259
186.02666187106433 18.108861961087225
183.9655179204657 18.159756113777622
181.90437396986704 16.557736845089337
179.84323001926842 17.44908514260774
177.78208606866977 15.93212470904096
175.72094211807115 15.368786114979175
173.65979816747247 13.329667835913819
171.59865421687385 14.203516576864219
169.5375102662752 15.248263591728522
167.4763663156766 17.96516926433468
165.41522236507794 17.330856815798832
163.35407841447926 15.910461700001587
161.29293446388064 15.963643243508825
159.231790513282 15.987267579309771
157.17064656268337 15.257890710634243
155.1095026120847 17.59967448987358
153.04835866148608 16.69122420027186
150.98721471088743 15.705283675864973
148.9260707602888 16.272481886074015
146.86492680969016 14.308892434176336
144.8037828590915 14.733156349184295
142.74263890849286 18.566329878661282
140.68149495789424 14.66044897595297
138.6203510072956 16.097446021864638
136.55920705669698 14.45991405469389
134.4980631060983 16.172925098874508
132.43691915549968 13.544075758407368
130.37577520490103 13.274403480896575
128.31463125430238 14.244200065823692
126.25348730370375 13.431523958047707
124.19234335310512 17.226621543566754
122.13119940250647 15.232543682658326
120.07005545190783 13.451289714490006
118.00891150130919 14.857337420731788
115.94776755071055 13.886001509561925
113.8866236001119 17.080858835430078
111.82547964951327 14.074025947398157
109.76433569891464 14.37364652372201
107.70319174831597 16.143328061898323
105.64204779771734 15.918124940162556
103.58090384711869 14.485529082978095
101.51975989652006 17.189895858809315
99.45861594592141 13.49433316578648
97.39747199532277 15.168838047209695
95.33632804472414 15.39166979262033
93.27518409412549 13.893183846138172
91.21404014352686 15.512849590943796
89.15289619292821 14.861967050249108
87.09175224232958 16.73863992673946
85.03060829173094 14.263320722741014
82.9694643411323 14.948748721443641
80.90832039053366 14.482319786996701
78.84717643993501 14.3938554451863
76.78603248933638 14.441026074031353
74.72488853873773 14.733216287004302
72.6637445881391 14.96939406389206
70.60260063754046 16.277433768034957
68.5414566869418 18.79139660291115
66.48031273634317 16.80176351768366
64.41916878574452 15.161255776478207
62.35802483514589 14.382999625621995
60.29688088454725 15.861673085012892
58.2357369339486 15.713499770828617
56.17459298334996 13.099147434560626
54.11344903275132 14.444580775385903
52.05230508215268 15.496212007725228
49.991161131554044 13.341697422480458
47.930017180955396 13.310162136556743
45.868873230356755 13.797826652856466
43.807729279758114 11.981869348945047
41.74658532915947 15.63456281408674
39.68544137856083 16.694054207508145
37.62429742796219 16.272172118821928
35.56315347736355 15.282902555761137
33.50200952676491 13.97935063734822
31.440865576166267 15.774694187141975
29.37972162556763 14.323389372078113
27.31857767496899 16.948367325160323
25.257433724370344 15.598618978244538
23.196289773771706 16.08443514801062
21.135145823173065 19.72841092551463
19.074001872574428 22.099215176954036
17.012857921975787 23.218364846894158
14.951713971377146 26.468999483883586
12.890570020778503 32.85926104221579
10.829426070179862 42.08846011079636
8.76828211958122 50.26032186478026
6.70713816898258 61.796618582765056
4.645994218383939 77.80144466274113
2.584850267785299 87.16360937663441
0.5237063171866582 88.58498991933477
-1.5374376334119828 82.16816512039132
-3.5985815840106237 77.7304567012925
-5.659725534609264 67.69420885675093
-7.720869485207905 60.24131982809319
-9.782013435806546 54.61572649304936
-11.843157386405187 50.05995246870894
-13.904301337003826 50.67487080270835
-15.965445287602467 48.3053351614631
-18.026589238201108 41.911604568190114
-20.08773318879975 44.43842362583135
-22.148877139398387 41.28718067817816
-24.21002108999703 38.207913042827556
-26.271165040595672 36.13786869373127
-28.332308991194314 37.17614063040906
-30.393452941792955 31.29744649706072
-32.4545968923916 30.801470540876462
-34.51574084299023 32.05182393812596
-36.576884793588874 27.05593006755873
-38.63802874418752 28.11110170099574
-40.699172694786164 29.130658661955675
-42.760316645384805 27.649806554770763
-44.82146059598344 27.063516629619556
-46.88260454658208 27.344142968673673
-48.94374849718072 26.790603475491253
-51.004892447779355 22.320693748311207
-53.066036398377996 24.601956310547674
-55.12718034897664 26.77323539733321
-57.188324299575285 23.301069818040805
-59.249468250173926 23.096892634674738
-61.31061220077256 24.526193470231316
-63.3717561513712 25.23069592535864
-65.43290010196984 23.972393938038103
-67.49404405256848 24.265285203729064
-69.55518800316712 21.16190456902064
-71.61633195376577 25.083032402920363
-73.6774759043644 26.573632665630893
-75.73861985496305 23.7286434995263
-77.79976380556168 24.52306573291424
-79.86090775616033 24.31189334344033
-81.92205170675896 19.072177110819837
-83.9831956573576 20.39454143018424
-86.04433960795626 23.835391756507825
-88.1054835585549 18.547096067790722
-90.16662750915354 17.273409318544065
-92.22777145975218 20.06752683309002
-94.28891541035082 18.952948904528217
-96.35005936094946 17.55782068721254
-98.41120331154809 17.948968072382293
-100.47234726214674 18.486472655290072
-102.53349121274537 14.27410579440008
-104.59463516334402 16.65484108261636
-106.65577911394266 14.903304387897435
-108.71692306454129 16.17029826748198
-110.77806701513994 14.827823691472071
-112.83921096573857 13.041155661848329
-114.90035491633722 11.820313871050976
-116.96149886693586 12.100777102120093
-119.0226428175345 12.911350151083017
-121.08378676813314 11.710505325696856
-123.14493071873177 12.89536448090249
-125.20607466933043 10.23550945786836
-127.26721861992907 10.64053170070703
-129.3283625705277 11.583930021483683
-131.38950652112635 12.894432672960189
-133.45065047172497 10.121046928331333
-135.51179442232365 7.40338082710819
-137.57293837292227 10.36060542188114
-139.63408232352091 11.60124364450651
-141.69522627411953 11.639591166752577
-143.75637022471818 12.98741779341615
-145.81751417531686 9.653414045508141
-147.87865812591548 9.150175847782407
-149.93980207651413 10.75351830003597
-152.00094602711275 8.518180717798703
-154.0620899777114 10.256832563011482
-156.12323392831004 11.611936100098537
-158.1843778789087 7.3651485919155135
-160.2455218295073 7.376143249322458
-162.30666578010596 12.421549091711409
-164.36780973070458 9.792231791209689
-166.42895368130326 9.68591496499394
-168.49009763190188 11.869284889581929
-170.55124158250052 9.266514873559112
-172.61238553309914 11.729894925872069
-174.67352948369782 10.97264755444337
-176.73467343429644 13.29151068484968
-178.7958173848951 9.02565009323634
-180.8569613354937 10.237214597319557
-182.91810528609236 10.153117505035604
-184.97924923669103 10.609896883660458
-187.04039318728965 10.027695099185253
-189.1015371378883 10.046664221193558
-191.16268108848692 8.977642576287334
-193.22382503908557 11.16584448230368
-195.28496898968422 10.002225659910444
-197.34611294028286 7.505237233977561
-199.4072568908815 9.384762864553204
-201.46840084148016 7.871348523926316
-203.52954479207878 8.718293066945805
-205.59068874267746 9.367772602523994
-207.65183269327608 8.142959000172668
-209.71297664387473 8.92743447318657
-211.77412059447335 9.03491060419154
-213.835264545072 8.567961961757057
-215.89640849567064 10.508452539866735
-217.9575524462693 8.057248702425365
-220.01869639686794 10.27656504914913
-222.07984034746656 8.465652400296069
-224.1409842980652 10.69222285471998
-226.20212824866385 9.967711654711927
-228.2632721992625 9.495950048855184
-230.32441614986112 8.852470547053878
-232.38556010045977 10.693492131362115
-234.4467040510584 11.428025356674567
-236.50784800165707 9.193314656752344
-238.5689919522557 7.843094206711907
-240.63013590285433 9.020726572086923
-242.69127985345295 10.04388893547687
-244.75242380405163 8.694586590588457
-246.81356775465025 9.508033686821916
-248.8747117052489 10.946446718794821
-250.93585565584752 10.652755799940822
-252.99699960644617 11.514566491105333
-255.05814355704481 8.50295922932524
-257.11928750764343 10.738140593211048
-259.1804314582421 12.497698471569603
-261.24157540884073 8.548870395927038
-263.3027193594394 11.43055579937585
