# BEGINHEADER
# This file contains data from the SALSA 2m radio telescope.
# DATE=2021-11-24T16:05:0014
# GLON and GLAT given in degrees
# GLON=145.83742389963157
# GLAT=5.820980002975211
# DATA in two columns below. Col. 1 is velocity relative to LSR [km/s]. Col. 2 is uncalibrated antenna temperature [K].
# ENDHEADER
270.2086548625578 -0.028866687907681345
268.14751091195916 -5.25121435565752
266.0863669613605 -3.354251087349777
264.0252230107619 -4.409322075299816
261.9640790601632 -3.858219340049773
259.9029351095646 -3.5576194733001403
257.841791158966 -5.011424170696656
255.78064720836733 -4.198054386469667
253.71950325776868 -4.146366493172351
251.65835930717003 -4.973924830022004
249.5972153565714 -5.803060273629378
247.53607140597276 -5.745053930066061
245.47492745537414 -6.313544110292055
243.41378350477547 -5.080762189147499
241.35263955417685 -4.866764079014085
239.2914956035782 -4.2772554994425676
237.23035165297958 -4.450622873613802
235.1692077023809 -3.5073179054504178
233.10806375178225 -5.986575271526303
231.04691980118363 -6.041725113409817
228.985775850585 -4.822709900112374
226.92463189998637 -6.189137129296549
224.8634879493877 -6.3595224234075864
222.80234399878907 -6.111697089429021
220.74120004819042 -4.309220273617537
218.6800560975918 -5.21860813159316
216.61891214699315 -5.112632963253594
214.5577681963945 -5.929602598192507
212.49662424579586 -2.6412177459097372
210.43548029519724 -6.313143424623843
208.3743363445986 -5.399205488845949
206.31319239399994 -6.839620650514725
204.2520484434013 -5.938485403261296
202.19090449280267 -4.088258857544088
200.12976054220402 -5.761831728993857
198.0686165916054 -7.776264818062735
196.00747264100676 -3.5737882906759317
193.9463286904081 -4.665081285490825
191.8851847398095 -4.007703739404664
189.82404078921084 -6.265143086996077
187.7628968386122 -5.6520569147878374
185.70175288801354 -5.069519030290206
183.64060893741492 -5.814325613308515
181.57946498681628 -6.330242199385805
179.51832103621763 -5.018001020750821
177.45717708561898 -4.251564527586502
175.39603313502036 -4.442255911284461
173.3348891844217 -3.937399659341705
171.2737452338231 -6.02250698861839
169.21260128322442 -5.515274313051371
167.1514573326258 -6.743083611593658
165.09031338202715 -4.085658923317309
163.02916943142853 -6.516057275020163
160.96802548082988 -5.920094270742984
158.90688153023123 -5.559920997357454
156.84573757963258 -5.764714119106174
154.78459362903394 -4.13028651148194
152.72344967843532 -3.4686380011690363
150.66230572783664 -4.820479269712204
148.60116177723802 -5.613437217857013
146.54001782663937 -3.6605012660233522
144.47887387604075 -4.5700085459008015
142.4177299254421 -5.178947843974742
140.35658597484345 -4.392874702251406
138.2954420242448 -8.08355585434273
136.2342980736462 -5.727949297468712
134.17315412304754 -5.931014334586894
132.11201017244892 -5.8166424028133035
130.05086622185027 -5.362149141577252
127.98972227125161 -3.581851891287623
125.92857832065297 -5.145731363081538
123.86743437005433 -6.748080393181112
121.80629041945569 -3.9384657788507123
119.74514646885706 -4.933949613774437
117.68400251825841 -4.254724178218923
115.62285856765978 -3.635531684587772
113.56171461706113 -5.414281862039976
111.5005706664625 -6.193538733599928
109.43942671586385 -4.31704595668631
107.37828276526521 -4.201292299948881
105.31713881466658 -2.458060608626549
103.25599486406793 -4.557991205418843
101.1948509134693 -4.610569640699336
99.13370696287063 -7.13425479658981
97.07256301227198 -4.261724789391212
95.01141906167335 -5.925555425081911
92.9502751110747 -5.283249366267704
90.88913116047607 -3.51283268116677
88.82798720987742 -5.544162499050779
86.76684325927879 -5.7506902893048455
84.70569930868015 -5.500269526980953
82.6445553580815 -4.928146748648685
80.58341140748287 -4.586054632073934
78.52226745688422 -4.726761208917059
76.46112350628559 -5.7513415697611325
74.39997955568694 -5.836120468047771
72.3388356050883 -7.092270458756672
70.27769165448967 -3.5974470882423337
68.21654770389102 -4.254982527303617
66.15540375329239 -5.295019119029748
64.09425980269374 -4.368136633833297
62.0331158520951 -6.185682467729441
59.97197190149646 -4.579852830756417
57.91082795089782 -6.856949278692326
55.84968400029918 -6.270198710017704
53.788540049700536 -0.8866251953869047
51.727396099101895 -4.7835006868651835
49.666252148503254 -5.7186243136892525
47.60510819790462 -5.341083735893758
45.54396424730598 -8.197877895084424
43.48282029670734 -5.021396829235826
41.4216763461087 -5.195781436165242
39.360532395510056 -5.2384518660867565
37.299388444911415 -4.503027001084702
35.23824449431278 -5.088565759813093
33.17710054371414 -3.681714476014083
31.115956593115495 -4.1806032432265985
29.054812642516854 -2.928185653288485
26.99366869191821 -4.027305902780192
24.93252474131957 -3.3479136251090607
22.87138079072093 -4.983616281784535
20.81023684012229 -4.241174009522921
18.74909288952365 -3.8599968041577313
16.687948938925008 -3.3126014991871875
14.626804988326366 0.1828054716506144
12.565661037727727 0.2872977765102623
10.504517087129084 4.799358704025802
8.443373136530445 11.293939356200166
6.382229185931804 22.1997657648698
4.321085235333162 31.866526810474355
2.2599412847345217 35.0639972632783
0.19879733413588072 38.17705198173095
-1.86234661646276 39.09154200666017
-3.9234905670614006 38.13720082285196
-5.984634517660042 44.74241163956911
-8.045778468258682 51.730035087851896
-10.106922418857323 55.65023632491031
-12.168066369455962 46.8872719893701
-14.229210320054605 36.772810417010525
-16.290354270653246 25.88936730162965
-18.351498221251884 18.17457629447293
-20.412642171850525 19.101996801570355
-22.47378612244917 18.372578566360882
-24.534930073047807 17.844860475844918
-26.596074023646448 18.991788381561616
-28.65721797424509 24.912136523624152
-30.71836192484373 28.21731024074803
-32.779505875442375 33.25778593535761
-34.84064982604101 39.62141729874808
-36.90179377663965 38.68838953800634
-38.96293772723829 40.57519767279535
-41.02408167783693 38.549539352657476
-43.08522562843557 37.912065278920416
-45.14636957903422 29.42252981214053
-47.20751352963286 29.770843173882685
-49.2686574802315 25.580914755082475
-51.329801430830145 22.476140919780402
-53.390945381428786 23.006978763705114
-55.45208933202743 20.03071114963073
-57.51323328262607 14.813901035209614
-59.5743772332247 13.711182184649225
-61.63552118382334 11.194806026813039
-63.696665134421984 6.138790318993466
-65.75780908502063 5.047226583242692
-67.81895303561927 4.268318275968727
-69.88009698621791 5.186037570305408
-71.94124093681656 3.6341803686325576
-74.00238488741519 2.219493105405752
-76.06352883801384 1.4870693511427877
-78.12467278861247 1.5949116123244973
-80.1858167392111 -0.11235520636879053
-82.24696068980975 -1.9808453225337173
-84.30810464040839 0.4486487914841349
-86.36924859100704 -2.180004470114637
-88.43039254160567 -1.2088369873789324
-90.49153649220432 -0.06716384378212284
-92.55268044280295 1.0763873478947736
-94.6138243934016 -1.3395778411174952
-96.67496834400025 -1.775236553471878
-98.73611229459888 -1.9295253391673834
-100.79725624519752 -3.8563697826213366
-102.85840019579615 -1.1445187674240334
-104.9195441463948 0.10330133805299035
-106.98068809699343 -2.3173777655176626
-109.04183204759208 -2.61496204162928
-111.10297599819071 -2.431904275972057
-113.16411994878936 -1.1256735628062056
-115.225263899388 -0.06952914090118661
-117.28640784998663 -1.4585783998966684
-119.34755180058528 -0.37087347178718894
-121.40869575118391 -1.190710797749752
-123.46983970178256 -3.139782713770008
-125.5309836523812 -2.561257649663995
-127.59212760297983 -1.982999689327403
-129.6532715535785 -2.5963579189679677
-131.71441550417714 -2.398329669944468
-133.77555945477576 -3.8874033186712196
-135.8367034053744 -2.125429576283243
-137.89784735597303 -2.2132563983954365
-139.9589913065717 -1.148154669916919
-142.02013525717032 -0.5942617025334791
-144.08127920776897 0.849616310253292
-146.1424231583676 -1.2008470512023552
-148.20356710896624 -0.8104339602757781
-150.2647110595649 -0.8072112980878714
-152.32585501016354 -1.911063713234282
-154.38699896076218 -1.5232892053714169
-156.4481429113608 1.421684365292678
-158.50928686195945 -1.6313461020408733
-160.5704308125581 -2.1137349592260044
-162.63157476315675 -1.4068219229996286
-164.69271871375537 -3.22107011659508
-166.75386266435402 -1.6943238056062397
-168.81500661495264 0.5037063322795619
-170.8761505655513 -1.858249476287042
-172.93729451614993 -2.0506383190654733
-174.99843846674858 -4.297775446272765
-177.0595824173472 -1.701874512368159
-179.12072636794588 0.5747489366789232
-181.1818703185445 -0.9438904429634004
-183.24301426914315 -2.035339777518922
-185.30415821974177 2.1642763946006998
-187.3653021703404 1.4196749710069003
-189.42644612093906 0.2125404396938374
-191.4875900715377 0.5642265912971561
-193.54873402213636 1.4300626796891247
-195.60987797273498 -2.5898881324419003
-197.67102192333363 -0.5568801019992239
-199.73216587393227 -1.907399373557863
-201.79330982453095 -0.9457971476372788
-203.85445377512957 0.3060528397188939
-205.91559772572822 -2.255407526913231
-207.97674167632684 -0.18678059155050486
-210.03788562692552 1.4047445869638406
-212.09902957752413 -0.23749401270782694
-214.16017352812278 -1.1842258763545717
-216.2213174787214 0.18813418851001326
-218.28246142932005 -0.6807335920118343
-220.3436053799187 -1.4611259278584614
-222.40474933051735 0.29950350832659617
-224.46589328111597 0.40435790211440376
-226.52703723171462 -1.451008178846153
-228.58818118231326 -1.2381932522712673
-230.6493251329119 1.6461497884290603
-232.71046908351056 0.6297872637888108
-234.77161303410918 -2.8718335085255937
-236.83275698470783 -0.20026619063820156
-238.89390093530645 -1.6782284862987533
-240.95504488590512 -0.8263661436459439
-243.01618883650374 -0.8405170010229489
-245.0773327871024 -1.4230880470614053
-247.138476737701 -2.57782940495934
-249.1996206882997 -1.470346171711719
-251.2607646388983 0.3555761205718459
-253.32190858949696 -2.0819993723713606
-255.38305254009558 -3.0982222550401946
