# BEGINHEADER
# This file contains data from the SALSA 2m radio telescope.
# DATE=2021-12-09T14:21:0001
# GLON and GLAT given in degrees
# GLON=119.84715172512767
# GLAT=-0.11054443567315697
# DATA in two columns below. Col. 1 is velocity relative to LSR [km/s]. Col. 2 is uncalibrated antenna temperature [K].
# ENDHEADER
262.26879113618884 -0.6160374916900316
260.2076471855902 0.6036176800645365
258.1465032349916 -0.07215513021139795
256.08535928439295 2.2622583432580767
254.0242153337943 4.326228877209308
251.96307138319565 1.705545156907656
249.901927432597 1.3967984127354989
247.8407834819984 4.8869360496047145
245.77963953139974 3.032369701506126
243.71849558080112 1.5448788041400883
241.65735163020244 -1.290864525015961
239.5962076796038 3.100344779662265
237.53506372900517 4.804278716006799
235.47391977840653 3.006547038890825
233.4127758278079 3.5419376939384972
231.35163187720923 3.9665004356840616
229.2904879266106 4.164798489903789
227.22934397601196 3.0067283665514095
225.16820002541334 5.463437472744406
223.10705607481466 2.5535932894222135
221.04591212421604 5.774932905360539
218.9847681736174 2.3963944413603335
216.92362422301878 0.9653684955755627
214.86248027242013 4.2690642407820905
212.80133632182148 6.5885270070310735
210.74019237122283 3.9827150147122876
208.6790484206242 3.2121300125252574
206.61790447002556 5.052915270684194
204.55676051942694 5.056192825695925
202.49561656882827 3.055919733035873
200.43447261822962 4.753843444522887
198.373328667631 3.7604931082422763
196.31218471703232 3.819577990096395
194.2510407664337 4.908919511104826
192.18989681583506 4.778893132846115
190.1287528652364 6.651759439201139
188.06760891463776 4.426562395173929
186.00646496403914 5.871093696552676
183.9453210134405 5.546977640385033
181.88417706284184 5.691944965300952
179.8230331122432 5.11984012560217
177.76188916164458 2.522000526778759
175.70074521104593 2.883648791043855
173.6396012604473 3.689994762127006
171.57845730984863 3.7265352246229897
169.51731335925 4.388150194845063
167.45616940865136 4.893125207236914
165.39502545805274 4.529187277437554
163.3338815074541 4.587344821348575
161.27273755685542 5.011459672085416
159.2115936062568 3.624523996428659
157.15044965565815 2.819609014596234
155.08930570505953 4.657147014257964
153.02816175446085 3.1758514562919817
150.96701780386223 1.8981486618342456
148.90587385326359 5.231845451799484
146.84472990266497 4.255604364513713
144.78358595206632 3.0202500688739047
142.72244200146767 4.530398434576071
140.66129805086902 3.85535834042128
138.6001541002704 5.372743573820715
136.53901014967175 3.104598245443475
134.47786619907313 2.0582845082438586
132.41672224847446 3.9765333151663205
130.35557829787584 3.3200499905746637
128.2944343472772 4.000471044919133
126.23329039667854 2.900194305677293
124.1721464460799 6.161946924432694
122.11100249548127 2.016100249538343
120.04985854488262 3.6220598962839743
117.98871459428399 3.2315400603805284
115.92757064368534 4.195448341641147
113.86642669308671 4.588473409586385
111.80528274248806 1.9377173214029153
109.74413879188943 4.320798336705363
107.68299484129079 3.660563580139348
105.62185089069213 5.862546084457878
103.5607069400935 5.504793951021877
101.49956298949485 3.9058896215892744
99.43841903889621 2.381160013988188
97.37727508829758 1.4413873383286848
95.31613113769895 1.482600637053217
93.2549871871003 1.3562013579001546
91.19384323650166 2.6717788514316636
89.13269928590303 3.206373557391288
87.07155533530438 2.5234166936201774
85.01041138470575 4.537521168685626
82.9492674341071 4.259020186772076
80.88812348350847 2.872916588082462
78.82697953290982 1.3011972407549564
76.76583558231118 3.854094813830699
74.70469163171255 2.330476142790268
72.6435476811139 4.846437920170637
70.58240373051527 4.063964990169566
68.52125977991662 4.628041688450181
66.46011582931797 2.595026225089833
64.39897187871934 2.1548334792716037
62.337827928120696 2.3749889521299923
60.276683977522055 3.3713100884058256
58.21554002692341 2.0060861612243706
56.154396076324765 4.200523305632312
54.09325212572613 3.926605186708211
52.03210817512749 1.6834459352661824
49.97096422452885 2.5422624197108266
47.9098202739302 2.4388164109553716
45.84867632333156 2.710576780773498
43.787532372732926 4.938497142822811
41.726388422134285 2.075830587942758
39.665244471535644 2.8460236609674747
37.604100520936996 4.63908435879591
35.542956570338355 3.2132558104935116
33.48181261973971 3.080288334876709
31.420668669141076 2.3041474997823412
29.359524718542435 3.873503409502424
27.298380767943794 3.290390089963102
25.237236817345156 4.578306950966058
23.176092866746515 5.6723955212928034
21.114948916147874 2.9256044791865383
19.053804965549233 4.254293710118031
16.992661014950595 6.44371695340761
14.931517064351953 5.493921870723878
12.870373113753313 7.4360461304974885
10.80922916315467 10.88365397354926
8.748085212556031 12.80156318485587
6.68694126195739 20.442815973540064
4.625797311358748 36.64596314162169
2.564653360760108 58.64113187382399
0.5035094101614667 69.29658004358004
-1.5576345404371739 59.05394496798996
-3.618778491035815 69.32620136428
-5.6799224416344565 75.17436895739849
-7.741066392233096 75.21634566420174
-9.802210342831737 72.35390129577122
-11.863354293430378 71.49165845013924
-13.924498244029019 69.33117664702337
-15.985642194627658 61.12175350134998
-18.0467861452263 51.62254574886786
-20.10793009582494 42.78007146074182
-22.16907404642358 34.20008858494167
-24.230217997022223 29.604036277071362
-26.291361947620867 25.32645443957923
-28.352505898219505 29.772555628441904
-30.413649848818146 32.11242523541008
-32.47479379941679 37.70254075654126
-34.53593775001543 38.872570293201676
-36.59708170061407 44.08130227602356
-38.65822565121272 47.41989683995463
-40.71936960181135 50.46868165611725
-42.78051355240999 50.51050265372865
-44.84165750300863 54.740264095044125
-46.902801453607275 60.177700216734245
-48.963945404205916 64.04751199930838
-51.02508935480455 64.44777626127578
-53.08623330540319 68.03927553821744
-55.14737725600183 65.12585546248756
-57.208521206600466 65.27259968656362
-59.269665157199114 64.23991237275662
-61.330809107797755 63.43120991960591
-63.391953058396396 57.72488369742618
-65.45309700899503 54.29693118633158
-67.51424095959368 46.55367268235209
-69.57538491019231 37.276902348859586
-71.63652886079096 35.323005408402345
-73.6976728113896 27.308430785545838
-75.75881676198824 22.73307428142561
-77.81996071258688 16.241564954936266
-79.88110466318551 13.946814699357054
-81.94224861378416 13.607984085285137
-84.00339256438279 13.720506224835
-86.06453651498144 15.7818917815018
-88.12568046558009 16.439537706910983
-90.18682441617874 17.799382268146527
-92.24796836677737 17.98171140786142
-94.309112317376 16.77824363734529
-96.37025626797465 17.83698556509817
-98.43140021857329 17.040640994091742
-100.49254416917194 15.899542742255958
-102.55368811977058 14.695972022779564
-104.61483207036922 16.991429274631624
-106.67597602096787 13.696102570251895
-108.7371199715665 11.609974695954
-110.79826392216515 8.568304765327014
-112.85940787276378 5.279805365916927
-114.92055182336242 6.0683125135055285
-116.98169577396106 4.955129243503765
-119.0428397245597 2.5004884596063763
-121.10398367515835 0.6264507275870869
-123.16512762575698 2.4511940164454074
-125.22627157635561 1.3835151458661812
-127.28741552695428 1.1106273718601103
-129.3485594775529 0.35695842426234436
-131.40970342815154 1.0129878394880303
-133.4708473787502 -0.6789466044315701
-135.5319913293488 -2.702481436345793
-137.5931352799475 -1.068542064215706
-139.6542792305461 -1.526431056788355
-141.71542318114476 -1.2514274843164654
-143.77656713174338 0.20881552628619915
-145.83771108234203 -0.8602510457130339
-147.8988550329407 0.21056578530943593
-149.95999898353932 -0.2611477127863643
-152.02114293413797 -1.420443078304423
-154.0822868847366 -2.9151625604696605
-156.14343083533524 -2.796267869627529
-158.2045747859339 -0.5664537751474971
-160.26571873653253 -0.6752890176861038
-162.32686268713115 -2.6622115894823755
-164.3880066377298 -1.5414912623434198
-166.44915058832845 -2.7700974158203877
-168.5102945389271 -2.443973649527685
-170.57143848952572 0.09989445673227924
-172.63258244012437 -2.668019938818554
-174.693726390723 -2.2091739770076813
-176.75487034132166 -3.037132568503658
-178.81601429192028 -3.5228248221576237
-180.87715824251893 -3.103045548083575
-182.93830219311755 -2.4888787283250036
-184.9994461437162 -1.7675008192290356
-187.06059009431488 -3.38136890645353
-189.1217340449135 -1.9241187567238753
-191.18287799551214 -0.6230899543510598
-193.24402194611076 -3.4678643935614453
-195.3051658967094 -1.3655403648959081
-197.36630984730806 -1.4896680094062345
-199.42745379790668 -2.508776171349116
-201.4885977485053 -0.5616500781264175
-203.54974169910398 0.6300001685117277
-205.6108856497026 0.6154693066205071
-207.67202960030124 -1.8444870133311948
-209.73317355089986 -2.6949729862327914
-211.7943175014985 -1.3070248284278605
-213.85546145209716 -2.1450426289485223
-215.9166054026958 -6.201446327858363
-217.97774935329443 -1.734259787183095
-220.03889330389308 -2.6514489571663407
-222.1000372544917 -3.9165618872863788
-224.16118120509037 -1.423800742868021
-226.22232515568902 -1.4320442195085736
-228.28346910628764 -2.655941574773515
-230.3446130568863 -0.6350090167569906
-232.40575700748494 -2.002945792912042
-234.46690095808358 -4.8056276925826005
-236.5280449086822 -4.312678603742607
-238.58918885928085 -3.7572374750340836
-240.65033280987947 -4.883466067277464
-242.71147676047815 -2.5331311567712036
-244.77262071107677 0.06988361570218556
-246.83376466167542 -0.5509882071030334
-248.89490861227404 -1.9577322389338552
-250.95605256287269 -2.0932439141143018
-253.01719651347133 -0.6280930053815513
-255.07834046406998 0.390286278539189
-257.13948441466863 0.22046685780088668
-259.2006283652672 0.894772882692648
-261.2617723158659 -0.12693640786383167
-263.3229162664645 0.924532239325807
