# BEGINHEADER
# This file contains data from the SALSA 2m radio telescope.
# DATE=2021-11-25T16:59:0010
# GLON and GLAT given in degrees
# GLON=166.19919269761192
# GLAT=-23.845753796728623
# DATA in two columns below. Col. 1 is velocity relative to LSR [km/s]. Col. 2 is uncalibrated antenna temperature [K].
# ENDHEADER
253.93576697553485 1.683294021701538
251.87462302493623 3.7065822358978906
249.81347907433758 3.3710508149312455
247.75233512373896 4.020435221318634
245.6911911731403 5.116856705130605
243.63004722254166 4.756493774941827
241.56890327194301 5.065617017384219
239.5077593213444 5.167077901927295
237.44661537074575 5.712760188286222
235.38547142014707 5.739396347596969
233.32432746954845 4.3074462293279385
231.2631835189498 4.96549944863852
229.20203956835118 6.554288686512124
227.14089561775253 6.321657575909314
225.0797516671539 6.724879141141382
223.01860771655524 6.811737656615215
220.95746376595662 6.46931159281827
218.89631981535797 7.29223053340118
216.83517586475935 6.407575083645591
214.77403191416067 6.465438749281075
212.71288796356205 6.29595141222145
210.6517440129634 6.674674948740971
208.59060006236479 6.625066836267258
206.52945611176614 6.476761574178416
204.4683121611675 6.690020417818702
202.40716821056884 6.665357199057264
200.34602425997022 8.08436822493276
198.28488030937157 6.463954753902817
196.22373635877292 7.310979375878888
194.1625924081743 7.802109451498406
192.10144845757566 7.128506883305693
190.04030450697704 6.902209141557646
187.97916055637836 7.117986436523242
185.91801660577974 6.588956904672309
183.8568726551811 6.709426135545154
181.79572870458247 7.334398699036124
179.7345847539838 6.987920315779622
177.67344080338518 7.5988075065858665
175.61229685278653 7.39793610975574
173.5511529021879 8.176454840933292
171.49000895158926 6.462385007571134
169.4288650009906 6.248932769809033
167.36772105039196 6.861647199093391
165.30657709979334 6.723882656477236
163.2454331491947 6.891778916011302
161.18428919859608 7.5747344683798685
159.1231452479974 8.54554542227292
157.06200129739875 9.201083878945914
155.00085734680013 7.055602722590514
152.93971339620148 6.915899286934385
150.87856944560286 6.678836725525551
148.8174254950042 6.667652896789024
146.75628154440557 7.144179165238848
144.69513759380692 7.44403691453758
142.6339936432083 8.25065620617576
140.57284969260962 6.590074055067018
138.511705742011 8.064415347922964
136.45056179141235 7.302501240828691
134.38941784081373 7.5323054423469875
132.3282738902151 8.199296020709724
130.26712993961644 6.959330652055397
128.2059859890178 7.911663700685723
126.14484203841916 6.977360251615822
124.08369808782051 6.451492032134558
122.02255413722187 7.721987069437809
119.96141018662324 7.516644452226605
117.90026623602459 7.223154954217894
115.83912228542596 7.040293463888877
113.77797833482731 8.002874719925863
111.71683438422868 5.572521749194909
109.65569043363004 7.023812208555936
107.5945464830314 7.141872603525039
105.53340253243276 5.683251830080551
103.47225858183411 7.9661587813367865
101.41111463123548 7.5580497911094024
99.34997068063682 6.476697281313926
97.28882673003818 8.178866701022878
95.22768277943955 7.597900511149759
93.1665388288409 6.8605467101034785
91.10539487824227 7.212927901022844
89.04425092764362 8.342593114772079
86.98310697704498 7.037148955330014
84.92196302644633 7.227063347296889
82.8608190758477 6.7504995512544035
80.79967512524907 6.328112970902835
78.73853117465042 7.041638868218552
76.67738722405178 8.46179857398407
74.61624327345314 6.848434224454897
72.5550993228545 7.305236193796443
70.49395537225585 7.218259354787844
68.43281142165722 7.093818944141894
66.37166747105859 7.3129847468319875
64.31052352045994 7.4493964932899255
62.24937956986129 7.741665943766203
60.188235619262656 6.706924729122121
58.127091668664015 5.9714764881373
56.065947718065374 7.139457286730221
54.00480376746673 6.463408239360438
51.943659816868085 6.116341868097776
49.88251586626944 6.13112697482051
47.82137191567081 6.576009218629591
45.76022796507217 6.873173896752344
43.69908401447353 6.6004980900656065
41.637940063874886 7.4333498720951665
39.576796113276245 6.834475875557781
37.515652162677604 6.602741188732056
35.45450821207896 4.870493655951338
33.39336426148033 5.611746539708478
31.33222031088168 5.890270369360975
29.271076360283043 7.134864374915773
27.2099324096844 7.552730924028352
25.148788459085758 7.035463402168175
23.087644508487116 6.823598286956871
21.026500557888475 7.8746114644826415
18.96535660728983 9.644223997878926
16.904212656691193 10.282481167470388
14.843068706092552 12.934232955530941
12.781924755493913 17.007755351603333
10.720780804895272 25.73811114185555
8.659636854296632 35.77311538589999
6.5984929036979905 45.895438548022746
4.53734895309935 48.88159058487978
2.4762050025007087 49.30759438942601
0.41506105190206816 51.472685960260456
-1.6460828986965725 45.310041506080076
-3.707226849295213 38.335578586479734
-5.768370799893853 29.59889278547536
-7.8295147504924945 22.04999682966767
-9.890658701091136 14.859680021262173
-11.951802651689775 13.049834717676116
-14.01294660228842 13.240358982753946
-16.07409055288706 11.682099777777841
-18.135234503485698 11.39009587747138
-20.196378454084343 11.162622730294904
-22.257522404682984 11.002056513220587
-24.31866635528162 9.792603140621523
-26.37981030588026 10.090080643349486
-28.4409542564789 10.567909372315329
-30.502098207077545 8.552211139969723
-32.56324215767618 9.196437803376948
-34.62438610827483 8.86022457792771
-36.68553005887346 8.088769877402697
-38.7466740094721 7.722647133844495
-40.80781796007074 7.627017499593572
-42.868961910669384 6.794677143740524
-44.93010586126803 6.810528164126555
-46.99124981186667 7.155636586844595
-49.05239376246531 6.246168162700868
-51.11353771306395 5.201044198607072
-53.17468166366259 6.8356646718210134
-55.23582561426123 7.173036695724258
-57.29696956485987 5.9921737620337066
-59.35811351545851 5.616127849043092
-61.419257466057154 5.645565381523462
-63.48040141665579 4.520007870592447
-65.54154536725444 4.111014695750301
-67.60268931785308 4.6886590930577015
-69.66383326845173 4.656978815052368
-71.72497721905036 4.6322440464357895
-73.786121169649 4.905311069019428
-75.84726512024764 5.016980449401828
-77.90840907084628 4.950320181132673
-79.96955302144492 4.9545199712722665
-82.03069697204356 4.057158295132465
-84.09184092264219 3.5261550175777843
-86.15298487324084 4.3842016626168885
-88.21412882383947 5.444477964426343
-90.27527277443812 4.396931252053749
-92.33641672503676 4.214439467034786
-94.39756067563542 4.074734721597631
-96.45870462623405 4.8937939079861525
-98.51984857683269 3.859875354289732
-100.58099252743133 3.7988460440683816
-102.64213647802997 3.694164301226368
-104.70328042862862 3.1521084465136755
-106.76442437922725 3.0739205810438426
-108.8255683298259 3.7194167693870246
-110.88671228042453 3.865006200902241
-112.94785623102317 3.2513275946703795
-115.00900018162181 3.1424001707857223
-117.07014413222045 3.6008615305382445
-119.1312880828191 3.5709993625699585
-121.19243203341773 3.6057542873755852
-123.25357598401638 3.233807900520393
-125.31471993461501 3.3506062336772113
-127.37586388521365 2.8704896151308317
-129.4370078358123 3.6368969248569734
-131.49815178641094 2.1775336223043498
-133.5592957370096 1.367722736568325
-135.6204396876082 3.3353453099152786
-137.68158363820686 2.551724336825131
-139.74272758880548 2.1197530362563253
-141.80387153940416 2.267858646853143
-143.86501549000278 1.7983230122228153
-145.92615944060142 2.7081225827555695
-147.98730339120004 2.665410553471858
-150.04844734179872 1.8074104300179823
-152.10959129239737 1.2026650262216896
-154.170735242996 2.5442823897540823
-156.23187919359464 2.778006497461029
-158.29302314419326 2.687614502702445
-160.35416709479193 2.382724962926267
-162.41531104539055 2.8770803571953953
-164.4764549959892 2.130510509824348
-166.53759894658782 2.205973066362322
-168.59874289718647 2.6954357307382844
-170.65988684778512 1.1132008513778069
-172.72103079838377 1.1569748182112767
-174.78217474898238 2.4057510939650024
-176.84331869958103 1.9164787936962404
-178.90446265017968 1.1694931236051738
-180.96560660077833 0.5622528469695728
-183.02675055137695 1.2007406966491427
-185.0878945019756 1.4321234848332247
-187.14903845257422 0.03535555042825745
-189.2101824031729 0.102004995001398
-191.27132635377154 1.9512643667851655
-193.33247030437016 1.4086084085461628
-195.3936142549688 0.32695668281271817
-197.45475820556743 1.5018433883569902
-199.5159021561661 1.6591587865782933
-201.57704610676475 0.3001992595724572
-203.6381900573634 1.449342812580643
-205.69933400796202 1.7098861924957187
-207.76047795856067 0.783345305513838
-209.8216219091593 1.610587628038327
-211.88276585975797 1.5365729241188464
-213.9439098103566 0.9804179613520433
-216.00505376095524 1.525990218552215
-218.06619771155385 0.7629247806054036
-220.12734166215253 0.49555433038431934
-222.18848561275115 0.9925140880024835
-224.2496295633498 0.6098267845231404
-226.31077351394842 -0.17453814774416496
-228.37191746454707 0.4570711894131063
-230.43306141514574 0.7539167666736574
-232.49420536574436 0.10852273333257179
-234.555349316343 1.5951499021720554
-236.61649326694163 1.0819580338411838
-238.67763721754028 1.2519390578159713
-240.73878116813893 1.549038278861382
-242.79992511873758 1.3255613352359794
-244.8610690693362 0.7348014186007916
-246.92221301993484 0.4693323529997476
-248.9833569705335 1.0460439709858174
-251.04450092113214 0.916297029028754
-253.10564487173076 0.46803690361165196
-255.1667888223294 1.588781032670233
-257.22793277292806 1.4236505262993258
-259.2890767235267 2.018460043628343
-261.35022067412535 1.014759708641565
-263.41136462472394 1.8608595342382244
-265.47250857532265 2.439870592496082
-267.53365252592124 2.5196106172739947
-269.5947964765199 2.222111374493711
-271.65594042711854 2.1690166137034947
