# BEGINHEADER
# This file contains data from the SALSA 2m radio telescope.
# DATE=2021-11-24T16:12:0001
# GLON and GLAT given in degrees
# GLON=123.8996406674289
# GLAT=5.893924854796717
# DATA in two columns below. Col. 1 is velocity relative to LSR [km/s]. Col. 2 is uncalibrated antenna temperature [K].
# ENDHEADER
269.8133427487252 -7.990712267566718
267.7521987981265 -14.653435723022033
265.6910548475279 -12.29892387322507
263.62991089692923 -12.526347845926255
261.5687669463306 -13.671389148356289
259.50762299573194 -11.975257702593403
257.4464790451333 -10.778294753835375
255.38533509453467 -12.155598503007425
253.32419114393605 -10.819848273551413
251.26304719333737 -14.50979614288589
249.20190324273875 -14.183236751534022
247.1407592921401 -15.79139778642306
245.07961534154148 -13.921622284582487
243.0184713909428 -12.54253262178701
240.9573274403442 -11.11286105182791
238.89618348974554 -13.622766738438104
236.83503953914692 -13.281572568161243
234.77389558854827 -12.697835282521119
232.71275163794962 -12.185222723265479
230.65160768735097 -11.655715250452424
228.59046373675235 -12.15132675248804
226.5293197861537 -13.100688520731467
224.4681758355551 -10.659984948502299
222.4070318849564 -12.745075096516256
220.3458879343578 -12.713482436820433
218.28474398375914 -11.661619715104461
216.2236000331605 -12.589977180015385
214.16245608256187 -11.995272663896378
212.1013121319632 -13.340155604027002
210.04016818136458 -13.878246169154112
207.97902423076593 -11.433436923076554
205.9178802801673 -10.760227995595967
203.85673632956863 -13.69283352839481
201.79559237897 -14.629349684305257
199.73444842837137 -11.17700241651825
197.67330447777277 -12.412184234337465
195.6121605271741 -12.492254604086195
193.55101657657548 -11.910683974412366
191.48987262597683 -11.47614987590339
189.4287286753782 -11.802519889855178
187.36758472477953 -12.860374753924567
185.3064407741809 -12.829463335414541
183.24529682358227 -8.554585584380359
181.18415287298365 -10.337472760272192
179.123008922385 -13.73779006192908
177.06186497178632 -11.080049935634504
175.0007210211877 -12.57251549440336
172.93957707058905 -11.824396287767899
170.87843311999043 -11.626131374167095
168.81728916939178 -11.534791033190018
166.75614521879314 -11.431865803490656
164.6950012681945 -10.319838541092263
162.63385731759587 -12.43833353907703
160.57271336699722 -11.85127123795106
158.5115694163986 -9.851828527463674
156.45042546579992 -10.595664822571187
154.3892815152013 -9.859238010801159
152.32813756460266 -10.644292529918049
150.26699361400404 -10.746636569509908
148.20584966340536 -11.45182171348193
146.14470571280674 -10.24411012246017
144.0835617622081 -10.580280823381043
142.02241781160947 -11.647981558727547
139.96127386101082 -9.222431407523672
137.90012991041215 -12.537280323689432
135.83898595981353 -11.369955777719632
133.77784200921488 -11.746076524412427
131.71669805861626 -9.142436562926505
129.6555541080176 -10.516809902583175
127.59441015741898 -10.695710017682618
125.53326620682033 -8.902338543950183
123.4721222562217 -13.196999771826253
121.41097830562303 -11.74317347829381
119.3498343550244 -8.615706576477503
117.28869040442576 -9.612889877146431
115.22754645382712 -8.076755888179479
113.16640250322848 -9.780941440998665
111.10525855262983 -12.28672751011415
109.0441146020312 -11.414187240674902
106.98297065143255 -10.268715484544671
104.92182670083392 -11.17933435101942
102.86068275023528 -11.221420842053293
100.79953879963664 -8.915743997209567
98.73839484903799 -8.851662356852719
96.67725089843935 -11.443281683629897
94.6161069478407 -10.96073130912264
92.55496299724207 -10.542775061819471
90.49381904664342 -10.587227646627719
88.43267509604479 -10.69673717014882
86.37153114544614 -10.091187513249146
84.31038719484751 -10.79483549580157
82.24924324424886 -9.353436353151725
80.18809929365021 -9.908012143576952
78.12695534305158 -11.139744598141867
76.06581139245293 -11.11605324325912
74.0046674418543 -11.094162699093138
71.94352349125565 -9.196074808178182
69.88237954065701 -11.805720295877897
67.82123559005838 -9.879046421174516
65.76009163945973 -12.88894728254147
63.69894768886109 -10.58184442665694
61.637803738262456 -6.931680827621173
59.576659787663814 -10.815230348348184
57.51551583706517 -10.288769272727544
55.45437188646653 -10.75587536672645
53.393227935867884 -8.468738295369311
51.33208398526924 -10.837077832624157
49.2709400346706 -11.37937667508769
47.20979608407197 -10.287319472861677
45.14865213347333 -9.23137620572755
43.087508182874686 -10.364227100977148
41.026364232276045 -8.221349760175563
38.965220281677404 -11.146964976983663
36.90407633107876 -10.10504642378955
34.842932380480114 -8.19800163332158
32.78178842988148 -10.50958360024396
30.720644479282843 -9.597080331617104
28.659500528684198 -10.160351048850242
26.598356578085557 -9.598935989488721
24.53721262748692 -8.615172138073712
22.476068676888282 -4.836085330110853
20.41492472628964 -7.655321748111003
18.353780775690996 -6.5313006071655
16.29263682509236 -4.343108020215315
14.231492874493716 -7.18767515484088
12.170348923895075 -4.274924958655575
10.109204973296436 -0.03149018980865277
8.048061022697793 6.729548250483031
5.9869170720991525 15.605154707483045
3.9257731215005114 26.28768235808141
1.8646291709018707 35.685567620904074
-0.19651477969676986 40.65128071241247
-2.257658730295411 45.435880381353186
-4.318802680894051 46.42269130345924
-6.379946631492691 48.08871394748149
-8.441090582091332 49.61498491997731
-10.502234532689972 46.47609586452464
-12.563378483288615 41.43377691962857
-14.624522433887254 28.0688471351177
-16.685666384485895 18.618027134211705
-18.74681033508454 14.067200412910783
-20.807954285683177 11.236729261266822
-22.86909823628182 9.0364322966479
-24.93024218688046 8.399074422056563
-26.9913861374791 6.373651889948197
-29.052530088077745 8.791708519889157
-31.113674038676383 11.516961925945237
-33.17481798927503 10.376015911646986
-35.23596193987366 13.678885657451465
-37.2971058904723 12.55832140552155
-39.35824984107094 12.473568446851562
-41.419393791669584 17.237650999249357
-43.48053774226823 16.65978005552903
-45.541681692866874 16.770189434813876
-47.602825643465515 19.31599693736491
-49.66396959406415 20.1272720350456
-51.72511354466279 26.40425721302087
-53.78625749526143 26.8475335194121
-55.84740144586007 29.10902807440396
-57.90854539645871 27.633748582182147
-59.969689347057354 30.114982396163256
-62.030833297656 29.515277846225096
-64.09197724825464 23.69956525915202
-66.15312119885327 23.782590655763123
-68.21426514945192 19.401184165486132
-70.27540910005055 14.726193481681893
-72.3365530506492 8.743619221284217
-74.39769700124785 7.16247229486626
-76.45884095184648 5.712842109268828
-78.51998490244513 3.1891058617271244
-80.58112885304377 1.3951350995029432
-82.64227280364241 -0.1817650188813576
-84.70341675424105 2.196276218434778
-86.76456070483968 2.650165127783508
-88.82570465543833 0.8131441795619623
-90.88684860603696 1.7378437376060956
-92.94799255663561 -1.1800127791253887
-95.00913650723425 0.6903980372826247
-97.07028045783288 1.9486614682672099
-99.13142440843151 1.9056427563909328
-101.19256835903016 2.966104629586285
-103.2537123096288 2.860238298915327
-105.31485626022743 2.306141877285766
-107.37600021082608 -2.261813892733042
-109.43714416142471 -5.18384963359265
-111.49828811202337 -4.620854146591214
-113.55943206262201 -7.006687182870841
-115.62057601322066 -7.502255059077618
-117.68171996381929 -8.57503918876127
-119.74286391441792 -8.17978855248431
-121.80400786501657 -6.080392853981878
-123.8651518156152 -8.667176836023398
-125.92629576621385 -7.383646352348396
-127.98743971681249 -6.391022077526197
-130.04858366741115 -7.569614372003083
-132.10972761800977 -7.818845525748316
-134.17087156860842 -7.67542251704459
-136.23201551920707 -7.847840960450672
-138.2931594698057 -9.24263872697842
-140.35430342040434 -8.422702272802296
-142.41544737100298 -7.986806471144544
-144.47659132160163 -7.4786086496052215
-146.53773527220025 -8.953075686284285
-148.5988792227989 -6.957196503150664
-150.66002317339752 -9.29866270260293
-152.7211671239962 -10.32027867286458
-154.78231107459482 -9.567435409966437
-156.84345502519346 -9.376023286060173
-158.90459897579208 -8.380899638261033
-160.96574292639073 -7.288752998739648
-163.02688687698938 -9.521067383091172
-165.08803082758803 -9.37545484763437
-167.14917477818665 -8.512755718071231
-169.2103187287853 -6.713635774095413
-171.27146267938397 -7.2447453646846105
-173.3326066299826 -9.059765978817115
-175.39375058058124 -7.762407715841656
-177.45489453117986 -8.554262196810415
-179.5160384817785 -10.16209088255314
-181.57718243237716 -9.130369509148904
-183.6383263829758 -9.828345890207286
-185.69947033357442 -7.08319669873134
-187.76061428417307 -7.617284940706812
-189.8217582347717 -9.49548877574597
-191.88290218537037 -7.9414714696174835
-193.944046135969 -6.758089787950079
-196.00519008656764 -8.828439581449118
-198.06633403716626 -11.408910004580887
-200.12747798776493 -7.738499415725788
-202.18862193836355 -9.966875955766934
-204.24976588896223 -6.667647982310219
-206.31090983956088 -8.163399998474663
-208.3720537901595 -7.312811312540252
-210.43319774075815 -5.336612749002657
-212.4943416913568 -10.542531623806253
-214.55548564195544 -9.485580434586
-216.61662959255406 -5.408805632219796
-218.6777735431527 -9.831963789515772
-220.73891749375133 -8.613694991899818
-222.80006144435 -8.923879044460095
-224.86120539494863 -7.860394112317583
-226.92234934554727 -8.684461194343704
-228.9834932961459 -9.951458714181921
-231.04463724674454 -9.819723580677154
-233.1057811973432 -7.237386722633036
-235.16692514794184 -7.7587365137671105
-237.22806909854046 -7.799759918366307
-239.2892130491391 -7.111438082587166
-241.35035699973776 -8.860128272796597
-243.4115009503364 -7.915050950270644
-245.47264490093505 -9.264711338018973
-247.53378885153367 -11.468578624296716
-249.59493280213232 -8.681365118218482
-251.65607675273097 -10.175658643423612
-253.71722070332962 -13.056768519377245
-255.77836465392824 -12.452016712104742
