# BEGINHEADER
# This file contains data from the SALSA 2m radio telescope.
# DATE=2021-11-25T15:44:0001
# GLON and GLAT given in degrees
# GLON=79.80049028234798
# GLAT=-5.943214819294401
# DATA in two columns below. Col. 1 is velocity relative to LSR [km/s]. Col. 2 is uncalibrated antenna temperature [K].
# ENDHEADER
261.94413748735883 1.7983910065078397
259.8829935367602 3.589059183080878
257.82184958616153 5.323880274507004
255.76070563556289 5.238933405876426
253.69956168496427 2.8951587945772745
251.63841773436562 2.8756898590477915
249.57727378376697 3.618927394463219
247.51612983316832 4.289357845125039
245.4549858825697 4.272940094710838
243.39384193197105 4.234373969712389
241.33269798137243 3.3347880008486404
239.27155403077376 6.207848733058305
237.21041008017514 6.737916585732977
235.1492661295765 5.596748778538669
233.08812217897784 5.338182904835529
231.0269782283792 6.605949051872163
228.96583427778054 5.098826317021558
226.90469032718192 6.165969434610971
224.84354637658328 6.132198842417313
222.78240242598466 7.019280950962646
220.72125847538598 5.938193847476494
218.66011452478736 4.859071973825625
216.5989705741887 5.972418376401006
214.5378266235901 8.52190583754992
212.47668267299144 7.668421880060182
210.4155387223928 6.681940295456067
208.35439477179415 5.196987345659119
206.29325082119553 4.97135603086949
204.23210687059688 7.013086706178652
202.17096291999823 4.517666703720786
200.10981896939958 5.614241938735152
198.04867501880096 5.255927196673271
195.98753106820232 7.327472966736799
193.92638711760367 6.870075772420771
191.86524316700502 5.625859288341704
189.80409921640637 6.847263856820935
187.74295526580775 5.385992566684146
185.6818113152091 8.525328065282848
183.62066736461048 6.415010692163604
181.5595234140118 5.6801292641242105
179.4983794634132 7.014435661343785
177.43723551281454 6.671461131128934
175.37609156221592 5.841078425984177
173.31494761161724 4.357039270941538
171.25380366101862 5.771913496212705
169.19265971041997 8.524231417796154
167.13151575982135 10.715737582809261
165.0703718092227 7.853775612903114
163.00922785862406 4.558592486203432
160.9480839080254 8.1953121587303
158.8869399574268 5.998865227886102
156.82579600682814 5.964108097034978
154.7646520562295 7.475455975220059
152.70350810563085 7.153833040210837
150.6423641550322 6.727642630416013
148.58122020443358 7.771818092351605
146.52007625383493 6.938592805340412
144.4589323032363 6.962412875026093
142.39778835263763 6.307564723110321
140.336644402039 5.39787656260679
138.27550045144037 6.879510860911654
136.21435650084175 8.343919279980884
134.15321255024307 8.31550285894854
132.09206859964445 7.100698459920308
130.0309246490458 6.3839449383193845
127.96978069844717 6.024540278817581
125.90863674784852 5.302589840157894
123.84749279724988 8.361930720902873
121.78634884665124 7.918833427304513
119.7252048960526 6.17364527842205
117.66406094545395 6.672030235907151
115.60291699485532 9.072853725966528
113.54177304425669 7.719589647288945
111.48062909365804 6.122722829342947
109.4194851430594 7.32401382733813
107.35834119246076 7.562936449935019
105.29719724186212 7.5807425951668215
103.23605329126349 5.526145774038529
101.17490934066484 4.343655972044362
99.1137653900662 5.6655380485297595
97.05262143946753 3.9277710283915868
94.9914774888689 4.703477032419753
92.93033353827026 5.592706438570122
90.86918958767161 3.768150734643395
88.80804563707298 5.242441625316385
86.74690168647433 7.311544554052214
84.6857577358757 7.435827291229668
82.62461378527705 6.442818784481096
80.56346983467841 7.610769366712539
78.50232588407978 5.108383992498008
76.44118193348113 5.528688136812155
74.3800379828825 6.940485046896587
72.31889403228385 7.253198369132061
70.25775008168522 6.256781273421013
68.19660613108658 5.057946000988725
66.13546218048793 4.803473312458312
64.07431822988929 4.880687640634759
62.013174279290645 6.682473397469757
59.95203032869201 6.23988137218177
57.89088637809337 6.208871534247587
55.82974242749473 7.6710294999318664
53.76859847689609 4.773699539261458
51.70745452629745 8.00462776168865
49.6463105756988 6.991842660162933
47.585166625100165 5.198044255932208
45.52402267450152 7.093069049604464
43.46287872390288 6.857368145975016
41.40173477330424 7.517495308148333
39.3405908227056 8.006954651344264
37.27944687210696 4.064553516510748
35.21830292150832 5.531252804363345
33.157158970909684 5.927981425603969
31.096015020311036 7.912738279466158
29.0348710697124 9.518329800394811
26.973727119113757 9.305673653019815
24.912583168515113 14.129982960177939
22.851439217916475 13.948776249547072
20.790295267317838 16.8222639806356
18.729151316719197 20.33571079543017
16.668007366120555 29.7336062124263
14.606863415521914 38.76548251912197
12.545719464923273 49.13462774676823
10.484575514324632 65.69405296010748
8.423431563725991 77.40803355730426
6.362287613127351 85.03443310493236
4.30114366252871 86.71634152982202
2.2399997119300687 80.98583098725965
0.17885576133142822 74.65129668662937
-1.8822881892672125 64.83181787757243
-3.943432139865853 59.3346638774121
-6.004576090464494 53.60143770648902
-8.065720041063136 47.053175447154864
-10.126863991661777 41.810461729339146
-12.188007942260416 40.89181358727415
-14.249151892859057 34.78989553386158
-16.3102958434577 33.86893973580125
-18.37143979405634 28.270645078360037
-20.432583744654977 22.95250491745165
-22.49372769525362 22.667082057093836
-24.554871645852263 18.66221159132666
-26.616015596450904 18.81527027463566
-28.677159547049545 16.56281355999192
-30.738303497648186 14.540448005857384
-32.79944744824683 15.794289062857105
-34.86059139884547 14.01234239397774
-36.921735349444106 14.431757638080246
-38.98287930004275 15.495802832708096
-41.04402325064139 16.311117601465025
-43.10516720124003 14.730302933713872
-45.16631115183867 13.949110943580896
-47.22745510243732 14.820925440522391
-49.28859905303595 13.451198005498808
-51.34974300363459 11.994134442447393
-53.410886954233234 14.87645411594858
-55.472030904831875 10.650711514519617
-57.53317485543052 10.071160460063263
-59.59431880602916 11.257926643145995
-61.6554627566278 15.389164857988694
-63.71660670722643 13.435530931050979
-65.77775065782508 13.939950588222699
-67.83889460842373 11.959400137674818
-69.90003855902236 13.862857693161164
-71.961182509621 15.574423035131597
-74.02232646021965 15.323056232757372
-76.08347041081828 11.588130418515778
-78.14461436141693 13.016038545349929
-80.20575831201556 15.475530026933976
-82.26690226261421 10.5966988223543
-84.32804621321284 13.183912419487555
-86.38919016381148 10.930837109056043
-88.45033411441013 10.518947169673318
-90.51147806500876 10.128252907227278
-92.57262201560741 9.73293827610647
-94.63376596620604 6.353815506787641
-96.6949099168047 6.107484183052833
-98.75605386740334 7.450530053544813
-100.81719781800197 4.775582946124516
-102.8783417686006 2.9263396878777344
-104.93948571919924 6.272513301534191
-107.00062966979789 2.512974308402043
-109.06177362039652 2.5190670244777618
-111.12291757099517 4.9350242769295765
-113.1840615215938 3.902739487083579
-115.24520547219245 5.0111476382957605
-117.30634942279109 3.7847126946218665
-119.36749337338972 2.696521412094966
-121.42863732398837 5.431442344650968
-123.489781274587 4.12589190249774
-125.55092522518565 1.5093953091983885
-127.61206917578428 2.6723680107522925
-129.67321312638293 3.0967665017503903
-131.73435707698158 1.8347834710946491
-133.7955010275802 3.299201718580037
-135.85664497817885 3.566385969636666
-137.9177889287775 1.8102461661134008
-139.97893287937615 3.482650402487993
-142.04007682997477 0.5663060239492478
-144.1012207805734 2.7480516627250995
-146.16236473117203 3.106477970345062
-148.2235086817707 1.1307086032520932
-150.28465263236933 1.125485434193174
-152.34579658296798 1.313121823349999
-154.40694053356663 2.327570026502182
-156.46808448416527 2.650938949939849
-158.52922843476392 1.5875194116734448
-160.59037238536254 2.1373275320121796
-162.6515163359612 2.5784319898210297
-164.7126602865598 -0.17148104818898258
-166.7738042371585 2.516177934490017
-168.8349481877571 2.197903653236177
-170.89609213835575 0.1955445585114294
-172.95723608895437 1.1112196285152214
-175.01838003955302 0.8917224900791673
-177.07952399015167 3.9043186171658144
-179.14066794075032 2.823144639683945
-181.20181189134894 0.4596592569164845
-183.2629558419476 2.6208035497069844
-185.32409979254624 0.9829974323043504
-187.38524374314488 0.336125031594628
-189.4463876937435 2.7054371022034918
-191.50753164434215 0.01552639108020436
-193.5686755949408 1.9448588822651414
-195.62981954553945 1.522038595283505
-197.6909634961381 3.8414131998093164
-199.75210744673672 3.1520678846078285
-201.81325139733536 0.6555003822835231
-203.87439534793398 3.7419135889198634
-205.93553929853266 0.48297015904761786
-207.99668324913128 0.9157249347603934
-210.05782719972993 1.0767288450336514
-212.11897115032855 1.6697018430440567
-214.18011510092722 -0.0319352257544924
-216.24125905152584 2.3900169859709655
-218.3024030021245 3.012644551560663
-220.3635469527231 0.5767970251769259
-222.42469090332176 2.1001660279872705
-224.4858348539204 0.5624098822109981
-226.54697880451906 0.2870409918153463
-228.60812275511768 -0.9899857705760948
-230.66926670571632 0.35199061904575646
-232.73041065631497 0.9709396678218666
-234.79155460691362 1.5105848020859913
-236.85269855751227 2.2582089709277646
-238.9138425081109 1.655544557377846
-240.97498645870954 0.33449115506373533
-243.03613040930816 0.6323891324559467
-245.09727435990683 -0.10429616948079903
-247.15841831050545 1.9235411410254513
-249.2195622611041 3.139272886448797
-251.28070621170272 -1.1023365554272575
-253.3418501623014 0.4945851736742467
-255.40299411290002 1.3484103199820434
-257.46413806349864 1.5263270873390848
-259.5252820140973 3.029010618703345
-261.58642596469593 2.147976187926814
-263.6475699152946 3.6304038911662957
