# BEGINHEADER
# This file contains data from the SALSA 2m radio telescope.
# DATE=2021-11-25T17:58:0040
# GLON and GLAT given in degrees
# GLON=175.88814426866495
# GLAT=-6.25274074015686
# DATA in two columns below. Col. 1 is velocity relative to LSR [km/s]. Col. 2 is uncalibrated antenna temperature [K].
# ENDHEADER
263.24779561693407 3.3054494723173145
261.1866516663354 9.607723262824067
259.12550771573683 10.16066671451654
257.0643637651382 11.89845053903734
255.0032198145395 9.116347596062283
252.9420758639409 11.065546681219105
250.88093191334224 11.72913570855283
248.81978796274362 11.811003362044916
246.75864401214497 10.592522421013891
244.69750006154632 10.23816500143522
242.63635611094767 11.385657677606146
240.57521216034905 12.361942424894435
238.5140682097504 12.04548571529317
236.45292425915176 11.125187496722306
234.3917803085531 10.61966729861899
232.3306363579545 13.383829100180998
230.26949240735584 11.251621039628532
228.2083484567572 13.372126843667345
226.14720450615854 13.329578924194665
224.0860605555599 11.63227954446388
222.02491660496128 15.588539431872972
219.96377265436263 12.048544329569905
217.902628703764 11.168483575275667
215.84148475316533 11.548749326018513
213.7803408025667 11.198813647638154
211.71919685196806 10.415849133962908
209.65805290136944 11.420588981396701
207.5969089507708 13.036918380493788
205.53576500017215 12.377344095596815
203.4746210495735 12.641321708072388
201.41347709897488 13.230357585441697
199.35233314837623 13.311081006925034
197.29118919777758 12.257769036477807
195.23004524717894 11.901146098663403
193.16890129658032 14.475711012189494
191.10775734598167 11.933285594123697
189.04661339538302 12.610623336332257
186.98546944478437 12.958255405160294
184.92432549418572 14.28484409007113
182.8631815435871 13.960517140701215
180.80203759298846 11.665083423550632
178.74089364238984 12.644546951310463
176.67974969179116 13.201942208705464
174.61860574119254 12.471358209629866
172.5574617905939 13.077244647404854
170.49631783999527 11.989463815945607
168.4351738893966 13.341067452487298
166.37402993879797 12.836165865188798
164.31288598819933 13.92038388995265
162.2517420376007 11.866762237634436
160.19059808700206 12.440663300418809
158.1294541364034 14.261268435578303
156.06831018580476 12.540942246297075
154.0071662352061 11.10965844032246
151.9460222846075 14.175491013222754
149.88487833400885 11.125272152219939
147.8237343834102 12.908922511860402
145.76259043281155 13.064986832676189
143.70144648221293 11.83785308724301
141.64030253161428 13.63079888607639
139.57915858101563 13.261492502559587
137.51801463041699 11.080691655446264
135.45687067981837 12.9451217719893
133.39572672921972 12.229911718334495
131.3345827786211 10.670397681094961
129.27343882802245 12.342123251506406
127.21229487742379 14.607718700399026
125.15115092682515 12.251588568179356
123.09000697622652 11.563726316466182
121.02886302562787 12.29910504477769
118.96771907502924 12.407559815703342
116.90657512443059 13.272933556023611
114.84543117383195 11.96138045632352
112.7842872232333 13.528270418695096
110.72314327263467 12.005462730093328
108.66199932203604 11.297587568935258
106.60085537143739 11.01501952967659
104.53971142083876 12.568353673344776
102.47856747024011 12.361849247613888
100.41742351964147 12.017269148766559
98.35627956904283 13.494105881603456
96.29513561844416 11.581903894274646
94.23399166784553 13.823539314175024
92.17284771724688 12.378079215871791
90.11170376664825 10.523800324126373
88.05055981604961 10.509967749788425
85.98941586545097 11.443489778186153
83.92827191485233 12.38173982719302
81.86712796425368 12.738313202911977
79.80598401365505 11.67458425847226
77.7448400630564 11.300845121570438
75.68369611245777 13.026004887682072
73.62255216185913 13.559920872882811
71.56140821126048 10.491697233241327
69.50026426066185 9.331002133914334
67.4391203100632 11.989493227529504
65.37797635946457 12.984484981606975
63.31683240886592 13.28485290743408
61.25568845826728 12.80455552662668
59.19454450766864 11.805440688603019
57.13340055707 11.552299929704533
55.07225660647136 11.414676159944271
53.01111265587272 10.992178484863443
50.94996870527408 11.777173818933568
48.88882475467545 10.756615226244506
46.8276808040768 11.718788096446508
44.76653685347816 11.796566258010907
42.70539290287952 12.634173009119687
40.644248952280876 10.882055578178651
38.583105001682235 12.906495667460979
36.5219610510836 11.431365603843789
34.46081710048496 11.555345504922125
32.39967314988632 12.328179615526324
30.338529199287674 10.62848922995564
28.277385248689033 11.981907179210562
26.216241298090395 12.542746002590855
24.155097347491747 14.182735950755989
22.09395339689311 13.759066162111314
20.03280944629447 15.706059186878402
17.971665495695827 19.397255652045246
15.910521545097186 20.98943815131882
13.849377594498547 29.067853697748053
11.788233643899904 36.122937610669574
9.727089693301265 49.66944581140111
7.665945742702624 70.10998083010222
5.6048017921039825 87.88476190837122
3.543657841505342 95.24773424069704
1.4825138909067015 97.807276366701
-0.5786300596919393 94.09982218598147
-2.63977401029058 102.09908301617932
-4.700917960889221 100.38198357190882
-6.762061911487862 95.45304106325928
-8.823205862086503 89.44202014656837
-10.884349812685143 83.2225174166298
-12.945493763283785 70.63827336693835
-15.006637713882425 66.21840805490197
-17.067781664481068 63.34697577174182
-19.128925615079705 57.83789344664749
-21.190069565678346 53.37210284855824
-23.251213516276987 50.46919598569924
-25.31235746687563 45.30418506938116
-27.373501417474266 41.400100252035166
-29.434645368072907 35.34863474545278
-31.495789318671548 32.021136321207834
-33.55693326927019 28.322312417093457
-35.61807721986883 24.935483067030052
-37.67922117046747 22.002133054251495
-39.74036512106611 20.442918932047714
-41.80150907166475 19.02721164521634
-43.862653022263395 16.02435474295134
-45.92379697286203 16.178591935017582
-47.98494092346067 13.463860972253068
-50.046084874059325 13.34958111414566
-52.107228824657966 14.393073162723079
-54.16837277525661 10.862261914376885
-56.22951672585524 10.673528913324594
-58.29066067645388 9.85620700978858
-60.35180462705252 9.737456865601551
-62.412948577651164 10.819238048753274
-64.47409252824981 8.999318908496514
-66.53523647884845 11.178501424481203
-68.5963804294471 9.706365157655002
-70.65752438004573 9.28338946471555
-72.71866833064438 8.861643545549374
-74.77981228124301 8.915926351371949
-76.84095623184164 9.008883875457787
-78.9021001824403 9.182035221114935
-80.96324413303893 8.721310609613385
-83.02438808363758 7.121293636506086
-85.08553203423621 8.432081900073058
-87.14667598483486 8.655876796571672
-89.20781993543349 8.081469470814648
-91.26896388603213 10.157361060023215
-93.33010783663077 9.919918199367979
-95.39125178722941 7.89819440463801
-97.45239573782807 8.744774070317186
-99.51353968842669 7.69986381292596
-101.57468363902534 8.418264655836891
-103.63582758962397 7.252779579442244
-105.69697154022262 8.13248124676686
-107.75811549082125 8.370806504996736
-109.8192594414199 8.405018130755638
-111.88040339201854 7.208102273055775
-113.94154734261717 8.174091872695415
-116.00269129321582 7.359850073147703
-118.06383524381445 8.79827054086495
-120.1249791944131 7.341272254484447
-122.18612314501173 7.593650049112543
-124.24726709561037 7.49489592108332
-126.30841104620902 6.390394406491796
-128.36955499680766 7.153767312626853
-130.4306989474063 7.933800800467366
-132.49184289800496 6.616268448617186
-134.55298684860358 7.604842265734574
-136.61413079920223 7.116499728728598
-138.67527474980085 6.136296048492731
-140.7364187003995 7.159822368918683
-142.79756265099815 6.504458528495263
-144.8587066015968 5.6956537557305476
-146.9198505521954 8.373628266197363
-148.98099450279406 7.4191240959402345
-151.0421384533927 6.6665399113044845
-153.10328240399136 6.376924601087691
-155.16442635458998 5.711614721275604
-157.22557030518863 7.7259513023541215
-159.28671425578727 4.532379962102573
-161.34785820638592 5.338785604751893
-163.40900215698457 6.76003496439447
-165.4701461075832 5.951478388784477
-167.53129005818184 7.769535798970193
-169.59243400878046 6.708311477204903
-171.65357795937913 6.427957427432012
-173.71472190997775 5.477349021747695
-175.7758658605764 7.622031535235687
-177.83700981117502 6.61869927384232
-179.89815376177367 7.1998805414562685
-181.95929771237232 5.69732787651403
-184.02044166297097 5.3300026929374855
-186.0815856135696 7.150309256798604
-188.14272956416823 5.579833030045197
-190.20387351476688 5.508705875164758
-192.26501746536553 5.998269131584906
-194.32616141596418 6.662014288683808
-196.3873053665628 5.338396500512772
-198.44844931716145 6.540048338312711
-200.5095932677601 6.78908035902002
-202.57073721835874 5.725418411319594
-204.63188116895736 7.80535776082474
-206.693025119556 3.8103029649427747
-208.75416907015463 5.872492310741633
-210.8153130207533 4.862412989433303
-212.87645697135193 5.65307292737001
-214.93760092195058 5.496392807598894
-216.9987448725492 5.254650416627433
-219.05988882314787 5.779149400686626
-221.1210327737465 6.219198460416759
-223.18217672434514 6.04347243784048
-225.24332067494376 4.285363145416832
-227.3044646255424 5.548119906619404
-229.36560857614106 7.496952681348528
-231.4267525267397 5.886637256711412
-233.48789647733835 6.236846700054422
-235.54904042793697 5.514635880660872
-237.61018437853562 4.843717948941042
-239.67132832913427 5.958847382459243
-241.73247227973292 5.017387181620839
-243.79361623033154 5.159290360572126
-245.85476018093019 5.104735863828347
-247.91590413152883 6.344331949887284
-249.97704808212748 4.797662889787783
-252.0381920327261 7.62158974631025
-254.09933598332475 7.137181029506997
-256.1604799339234 6.711138502584999
-258.22162388452205 7.147072869698753
-260.2827678351207 7.849542087831822
-262.3439117857193 9.22883775571617
