# BEGINHEADER
# This file contains data from the SALSA 2m radio telescope.
# DATE=2021-11-25T15:34:0047
# GLON and GLAT given in degrees
# GLON=43.83873917582914
# GLAT=-5.781847486591632
# DATA in two columns below. Col. 1 is velocity relative to LSR [km/s]. Col. 2 is uncalibrated antenna temperature [K].
# ENDHEADER
261.01540951462414 2.6342444595648056
258.95426556402555 7.108791750205768
256.89312161342684 8.705305784814785
254.83197766282822 5.920385123075903
252.7708337122296 7.127560129094203
250.70968976163095 8.13130247595051
248.6485458110323 7.0474294605287895
246.58740186043366 6.973750681906305
244.52625790983504 7.869617515290806
242.4651139592364 8.31547647939844
240.40397000863777 8.964131126204526
238.3428260580391 8.610198401883817
236.28168210744047 9.029477983337362
234.22053815684183 10.444046110443
232.1593942062432 8.544666972537428
230.09825025564456 9.844767794437859
228.03710630504588 9.012601854489741
225.97596235444726 6.6769965453655615
223.9148184038486 8.427521384270413
221.85367445325 7.835331703615686
219.79253050265132 6.909641520331186
217.7313865520527 10.718549928446286
215.67024260145405 7.8782091439162745
213.60909865085543 7.328779320847191
211.54795470025678 9.584474862206681
209.48681074965813 9.060074419414507
207.42566679905948 11.003896936492573
205.36452284846087 9.86680703401786
203.30337889786222 11.80177200386667
201.2422349472636 9.77904862075986
199.18109099666492 8.820315079023949
197.1199470460663 8.791590584352676
195.05880309546765 10.716394989039973
192.99765914486903 8.674690890068124
190.93651519427038 9.22811650078606
188.8753712436717 10.945863097391225
186.8142272930731 10.582365907250063
184.75308334247444 10.684844695699391
182.69193939187582 7.844629934081047
180.63079544127714 6.60010812479145
178.56965149067852 10.298725406850355
176.50850754007988 12.404759193547479
174.44736358948126 11.55267179035741
172.3862196388826 10.925326004991346
170.32507568828396 10.571636501434858
168.2639317376853 7.822929427881147
166.2027877870867 9.675957434544886
164.14164383648804 10.87835596296245
162.08049988588942 9.665809282748004
160.01935593529075 8.779467346939862
157.95821198469213 9.398857143973789
155.89706803409348 9.284724454879514
153.83592408349486 10.121791453445793
151.77478013289618 10.54347723971354
149.71363618229753 13.051473793640785
147.65249223169891 9.643249949920218
145.59134828110027 7.751247775107696
143.53020433050165 10.651264915568253
141.46906037990297 8.211356150044542
139.40791642930435 9.0758346485538
137.3467724787057 8.086567596071385
135.28562852810708 8.173676842608472
133.22448457750843 9.749983297587177
131.1633406269098 10.330302694725436
129.10219667631114 11.257499230627413
127.0410527257125 8.998742315483652
124.97990877511386 10.810291712715792
122.91876482451522 11.388267981748767
120.85762087391659 11.715162084954763
118.79647692331794 11.495006323530717
116.7353329727193 11.651267437138943
114.67418902212066 10.859235634031329
112.61304507152202 8.61848120351692
110.55190112092338 10.810113789118319
108.49075717032474 10.612742263808828
106.42961321972611 8.289645484195713
104.36846926912746 8.671880903155051
102.30732531852883 10.896402778884974
100.24618136793018 10.322266662065605
98.18503741733154 9.307708362837046
96.1238934667329 9.783857008558497
94.06274951613426 9.059971243292393
92.00160556553561 13.002613041305437
89.94046161493696 11.242255920447464
87.87931766433833 12.792031268940574
85.81817371373968 11.75893401275948
83.75702976314105 10.734182974340102
81.6958858125424 13.070101375774126
79.63474186194377 12.486882301917213
77.57359791134513 10.864696343980839
75.51245396074648 13.298698841206384
73.45131001014785 15.91950626772628
71.3901660595492 18.16861246961504
69.32902210895057 17.509456811495117
67.26787815835192 18.53379570915258
65.20673420775329 18.472440254470744
63.14559025715464 21.21776852190251
61.084446306555996 23.875565183618267
59.02330235595736 24.063743417029077
56.96215840535872 25.178867337711264
54.90101445476008 29.976485671921672
52.83987050416144 27.732234343592992
50.7787265535628 27.419282262027348
48.71758260296416 30.11497439613209
46.656438652365516 33.5608566795063
44.59529470176688 29.088646781974596
42.534150751168234 32.6051296409056
40.47300680056959 31.572101275977978
38.41186284997095 34.57364255750969
36.35071889937231 35.290027146985764
34.28957494877367 35.4145139228815
32.22843099817503 36.03399839530873
30.16728704757639 36.606744724801665
28.10614309697775 41.59695055100229
26.04499914637911 43.65083155491874
23.983855195780464 42.58999114513253
21.922711245181826 47.22138968322019
19.861567294583182 50.440925692684246
17.80042334398454 52.910884263085926
15.739279393385901 53.0356489826565
13.678135442787262 50.399794535330244
11.616991492188621 47.83262275567494
9.555847541589982 55.708042715910715
7.494703590991341 64.57699871492098
5.4335596403927 66.50306114142434
3.372415689794059 60.30862109642641
1.3112717391954178 52.281950189558934
-0.7498722114032229 38.55150087600296
-2.811016162001864 29.072930782089422
-4.872160112600504 26.710562252400212
-6.933304063199145 22.64751185730086
-8.994448013797786 16.253039709538797
-11.055591964396426 15.763918612525528
-13.116735914995068 13.750313718478175
-15.17787986559371 13.213864461822707
-17.23902381619235 15.451348991164256
-19.30016776679099 13.552340549573445
-21.361311717389633 10.511678519487319
-23.422455667988274 13.115750102407514
-25.48359961858691 11.278092612882286
-27.54474356918555 13.553632687033316
-29.605887519784194 13.13928489369051
-31.667031470382835 10.102524156714217
-33.72817542098148 12.812685575930946
-35.78931937158012 13.238153581827152
-37.850463322178754 15.197449208918796
-39.911607272777395 14.84728504807786
-41.97275122337604 14.632182433305822
-44.03389517397468 11.488419979074193
-46.09503912457332 13.84492378652003
-48.15618307517196 15.690041977056895
-50.2173270257706 13.932221836948449
-52.278470976369235 11.660092541292027
-54.33961492696788 13.132687459914685
-56.400758877566524 12.038966654455107
-58.461902828165165 11.148030906552851
-60.523046778763806 14.737098454292232
-62.58419072936245 9.697757381371503
-64.64533467996108 11.006307290806992
-66.70647863055973 11.282830847986839
-68.76762258115838 10.446258601547717
-70.82876653175701 11.937780687045061
-72.88991048235565 9.483452598598674
-74.9510544329543 9.97734077249605
-77.01219838355293 9.825810339222171
-79.07334233415158 6.699090713205751
-81.13448628475021 6.643482795860145
-83.19563023534886 8.101281332849751
-85.25677418594749 9.929683520796688
-87.31791813654613 7.747944835884152
-89.37906208714477 6.939778756433294
-91.44020603774341 7.00596362838205
-93.50134998834206 7.685351314116379
-95.56249393894069 5.120677729242049
-97.62363788953934 5.936444614786271
-99.68478184013797 5.294137550989934
-101.74592579073662 5.852926235393652
-103.80706974133527 6.950646250281178
-105.8682136919339 9.076693162024425
-107.92935764253255 6.374641006678279
-109.99050159313119 3.5080783110371554
-112.05164554372983 3.2302732136488457
-114.11278949432847 4.1703769654031895
-116.1739334449271 5.174525561546729
-118.23507739552575 5.063021449017225
-120.29622134612438 7.153483871732216
-122.35736529672303 7.205197937117522
-124.41850924732167 4.7427006720165465
-126.4796531979203 7.11410383170926
-128.54079714851895 4.905839111149985
-130.6019410991176 6.240840284463693
-132.66308504971624 4.289891070876643
-134.72422900031486 4.560318339507297
-136.7853729509135 5.197835616323159
-138.84651690151216 3.667175625082053
-140.9076608521108 4.170039653809518
-142.96880480270943 2.8011026673042685
-145.02994875330808 4.552963634820877
-147.0910927039067 4.604363777773251
-149.15223665450537 4.464569031930697
-151.213380605104 5.477033735201466
-153.27452455570264 5.803479804952491
-155.33566850630126 4.681519907724271
-157.3968124568999 3.8034734442653386
-159.45795640749859 4.007076786073057
-161.5191003580972 6.253814232549599
-163.58024430869585 7.505759583224072
-165.64138825929447 5.686145984646267
-167.70253220989315 4.937000369436191
-169.76367616049177 5.090672650371264
-171.82482011109042 2.523613118702786
-173.88596406168904 4.150435989819581
-175.94710801228769 4.130441207986545
-178.00825196288633 3.124717212512027
-180.06939591348498 3.7845089577298325
-182.1305398640836 3.3907045143695944
-184.19168381468225 4.825179726768591
-186.25282776528087 5.748769799397721
-188.31397171587955 5.215972497826865
-190.37511566647817 5.5074079121675465
-192.43625961707681 3.0920746800474417
-194.49740356767543 2.967561237554265
-196.55854751827408 5.167240465801422
-198.61969146887276 5.100796065608357
-200.68083541947138 4.10299682001904
-202.74197937007003 3.5346633002228414
-204.80312332066865 4.338595239444676
-206.86426727126732 3.4111506187631755
-208.92541122186594 3.4972533723567527
-210.9865551724646 2.4225399064039843
-213.0476991230632 5.047052573970234
-215.10884307366186 -0.8105352684119099
-217.1699870242605 5.1228284983145995
-219.23113097485916 6.226412200363185
-221.29227492545778 5.37508322822379
-223.35341887605642 4.34665540157679
-225.41456282665504 4.955094850735606
-227.47570677725372 2.1978558212938815
-229.53685072785234 3.054976213064137
-231.597994678451 6.776701576517688
-233.6591386290496 6.141202644410507
-235.72028257964828 4.073718173891878
-237.78142653024693 4.2543777283395325
-239.84257048084555 4.730665772643466
-241.9037144314442 3.170506328423343
-243.96485838204282 4.141462986694377
-246.0260023326415 5.70071698883424
-248.08714628324012 4.414357286762778
-250.14829023383876 4.315301670773195
-252.20943418443738 4.6886012606801355
-254.27057813503603 4.282197311142803
-256.3317220856347 5.136872529334525
-258.39286603623333 4.2195610710246525
-260.454009986832 6.695883228033268
-262.51515393743057 7.926357715694384
-264.5762978880293 6.218841524906238
