# BEGINHEADER
# This file contains data from the SALSA 2m radio telescope.
# DATE=2021-11-25T17:42:0015
# GLON and GLAT given in degrees
# GLON=135.7812212951642
# GLAT=-6.171931786795577
# DATA in two columns below. Col. 1 is velocity relative to LSR [km/s]. Col. 2 is uncalibrated antenna temperature [K].
# ENDHEADER
263.1190737412077 0.9879092209294863
261.0579297906091 4.2480480879214095
258.99678584001043 3.225862862483101
256.9356418894118 5.504650438997232
254.87449793881316 4.8468073766136595
252.81335398821452 5.615023734774115
250.75221003761587 5.940164835954517
248.69106608701722 5.073399309033666
246.62992213641857 5.5282390946136255
244.56877818581995 6.856137081596725
242.50763423522127 5.586034402751042
240.44649028462266 6.289816493675604
238.385346334024 8.661997082192032
236.3242023834254 7.584095458002115
234.26305843282674 8.842959355043082
232.2019144822281 7.791483059745756
230.14077053162944 8.971308337382437
228.07962658103082 7.903981260907916
226.01848263043217 6.972148930139965
223.95733867983355 7.590620237657638
221.89619472923488 6.811788144572574
219.83505077863626 7.798738086652805
217.7739068280376 6.785723121935842
215.712762877439 8.408238767907205
213.6516189268403 6.377335403100155
211.5904749762417 7.5527361536306845
209.52933102564305 9.267929979078097
207.4681870750444 8.289187409819686
205.40704312444578 8.917199946019043
203.3458991738471 7.086281037930894
201.28475522324848 10.099409457080426
199.22361127264983 8.633288500480464
197.16246732205119 5.877202664131457
195.10132337145254 6.581373386519094
193.04017942085392 8.640921323589959
190.97903547025524 8.508453244664727
188.91789151965662 8.57666051305473
186.85674756905797 8.922751418935903
184.79560361845935 9.067405529939352
182.7344596678607 7.727285177957387
180.67331571726206 8.598886156815558
178.6121717666634 8.110243534726006
176.5510278160648 9.615467165503865
174.48988386546614 6.768263803363883
172.42873991486746 8.009586166593756
170.36759596426884 6.954243739964441
168.3064520136702 9.537565254230353
166.24530806307158 10.859870347889842
164.18416411247293 6.547392792750821
162.12302016187428 8.489687769520376
160.06187621127563 10.10836123130096
158.000732260677 9.8156870838603
155.93958831007836 7.381966573159799
153.87844435947974 9.473022773936865
151.81730040888107 9.198428853536717
149.75615645828245 7.3120729999527585
147.6950125076838 8.780353013627918
145.63386855708518 8.98030032957138
143.5727246064865 7.732804270571638
141.51158065588788 9.226575718321683
139.45043670528923 9.937540042462011
137.38929275469062 8.431149502067143
135.32814880409197 8.304232652340891
133.2670048534933 7.742220052764865
131.20586090289467 9.708263069264628
129.14471695229602 8.126770781592356
127.0835730016974 6.220489856484663
125.02242905109875 8.681244665505723
122.96128510050012 8.75656506884651
120.90014114990147 7.9892958011045705
118.83899719930284 7.848444063387492
116.77785324870419 7.717293620026658
114.71670929810556 6.006145180340266
112.65556534750691 8.289452912044712
110.59442139690826 8.932605449527216
108.53327744630963 8.321195328782347
106.47213349571098 6.8863793941304285
104.41098954511234 6.030404577065721
102.3498455945137 8.73305007396065
100.28870164391506 8.943283432121557
98.22755769331643 9.067943063843181
96.16641374271778 7.991036286254393
94.10526979211915 9.125552744544056
92.0441258415205 8.19638460049107
89.98298189092186 7.016809095011514
87.92183794032321 6.833178573120461
85.86069398972458 9.037614385526116
83.79955003912595 7.9322189575083435
81.7384060885273 5.927947079995991
79.67726213792866 7.444492784294209
77.61611818733002 8.28488736089967
75.55497423673137 8.390054350229134
73.49383028613273 7.996994981685171
71.43268633553409 7.649168632511726
69.37154238493545 7.9996221434012655
67.3103984343368 8.090558533908006
65.24925448373817 7.787541451844731
63.18811053313953 6.975786588891603
61.12696658254089 6.807228936522368
59.06582263194225 7.615189416726337
57.004678681343606 7.613719507881463
54.943534730744965 7.8041692899748485
52.88239078014633 6.63519375557401
50.82124682954769 8.098111896344484
48.760102878949056 8.11853831822478
46.698958928350415 7.941554164640029
44.637814977751766 6.758652285469945
42.576671027153125 7.496817987123384
40.515527076554484 7.661354501336373
38.45438312595584 6.485759760232133
36.3932391753572 7.405560419021283
34.33209522475857 6.482858787618434
32.27095127415993 5.1729485617005535
30.209807323561282 8.300625062874957
28.14866337296264 6.658186247531813
26.087519422364 9.15005127131079
24.026375471765363 9.089185729370776
21.965231521166718 6.983514839875248
19.904087570568077 9.019121334930576
17.84294361996944 8.844111818170887
15.781799669370798 9.99618322925541
13.720655718772155 10.727770101783184
11.659511768173516 10.463060693283069
9.598367817574875 14.6253478011052
7.537223866976234 16.803334223953954
5.476079916377594 24.416103809957434
3.4149359657789526 37.687558333167324
1.3537920151803116 54.216806816812806
-0.7073519354183291 59.836133611322204
-2.76849588601697 64.0120934219294
-4.82963983661561 63.78561727361048
-6.890783787214251 65.83134461457001
-8.951927737812891 67.82165692383377
-11.013071688411532 66.09462965817234
-13.074215639010173 62.88713405985618
-15.135359589608814 56.82260133519484
-17.196503540207456 55.261670471784875
-19.257647490806097 45.8328012957518
-21.318791441404738 39.28118456464286
-23.379935392003375 32.71596542191918
-25.441079342602016 28.150440097392984
-27.50222329320066 25.95543551622584
-29.563367243799302 23.26378364022754
-31.62451119439794 25.97818583251614
-33.68565514499658 28.34823729976439
-35.74679909559522 30.393306081622885
-37.80794304619386 31.281270589467905
-39.869086996792504 32.915857124140366
-41.930230947391145 33.755277710114285
-43.991374897989786 35.328334995594865
-46.05251884858843 34.43946496927481
-48.11366279918706 32.3306747648762
-50.174806749785716 31.073980215560546
-52.23595070038436 31.48771544011335
-54.297094650983 29.331837623011896
-56.35823860158164 28.628013982835686
-58.419382552180274 26.6127249544466
-60.480526502778915 23.965668097880886
-62.541670453377556 22.61445979796275
-64.6028144039762 19.92909496246725
-66.66395835457483 19.50933842782533
-68.72510230517348 15.615215513085582
-70.78624625577211 14.219455756531822
-72.84739020637076 13.835593337266292
-74.9085341569694 14.405097238565682
-76.96967810756804 13.827410643844622
-79.03082205816668 11.829811045860724
-81.09196600876533 12.143659688441485
-83.15310995936397 12.927482359328522
-85.21425390996261 10.889348369453726
-87.27539786056126 10.175607056892268
-89.33654181115989 11.136340820282749
-91.39768576175854 10.504532095316582
-93.45882971235717 9.685406323076373
-95.5199736629558 10.032378404569073
-97.58111761355445 8.10985193534131
-99.64226156415309 8.633837981346108
-101.70340551475174 6.996637012983209
-103.76454946535037 7.90127770487116
-105.82569341594902 6.883274810255642
-107.88683736654765 4.753256393788194
-109.94798131714629 4.761404924862519
-112.00912526774493 4.780051494254186
-114.07026921834357 3.43438504898938
-116.13141316894222 2.8648148717034796
-118.19255711954087 4.511472388246084
-120.2537010701395 3.6952831456230535
-122.31484502073815 3.0853140454980337
-124.37598897133678 3.6179419449899726
-126.43713292193543 3.657990181438013
-128.49827687253406 2.686866215299591
-130.5594208231327 3.4705558413868594
-132.62056477373133 4.019140562170249
-134.68170872432998 2.1209602149863986
-136.7428526749286 4.6178228516981985
-138.80399662552728 2.9760501308992287
-140.86514057612592 2.1460048222404944
-142.92628452672454 3.4083601769672898
-144.9874284773232 1.4126612540775974
-147.04857242792184 1.349066800250831
-149.1097163785205 3.3251251562382262
-151.1708603291191 2.043807208307135
-153.23200427971776 1.9422758484766893
-155.29314823031638 3.5614203227619914
-157.35429218091505 2.6011855560394253
-159.41543613151367 4.49274040970753
-161.47658008211232 3.6280366551225973
-163.53772403271094 1.2451549390898642
-165.5988679833096 2.6492421337335093
-167.66001193390824 3.3977668359820647
-169.72115588450689 2.061305127632605
-171.7822998351055 1.2079869155521707
-173.84344378570415 1.5773312429715693
-175.90458773630277 1.623651812644172
-177.96573168690145 1.3727755696116515
-180.0268756375001 1.9920949098733116
-182.08801958809872 2.2655156321485515
-184.14916353869737 1.0265813732579203
-186.210307489296 1.0494853659193997
-188.27145143989466 2.429838567741015
-190.33259539049328 1.7975457490151823
-192.39373934109193 2.1131567995812497
-194.45488329169055 3.016703003735923
-196.51602724228923 0.4573353473245369
-198.57717119288782 -0.13300559290189296
-200.63831514348647 0.618657237876518
-202.69945909408509 1.3834487091753618
-204.76060304468376 1.8466729206914005
-206.82174699528238 1.890023648522266
-208.88289094588103 1.4126936493687594
-210.94403489647965 2.9175409603259346
-213.00517884707833 1.675709668139178
-215.06632279767695 0.6811523500880637
-217.1274667482756 2.3804326569734835
-219.18861069887424 0.9323366612787113
-221.24975464947286 0.9308770956893847
-223.31089860007154 1.0441213388814035
-225.37204255067016 2.9293138341064475
-227.4331865012688 2.0287448086893334
-229.49433045186743 -0.3896805280784751
-231.55547440246607 1.879303585298436
-233.61661835306472 1.4259671207271847
-235.67776230366337 1.9687736718786817
-237.738906254262 0.7147556064265703
-239.80005020486064 2.0789826408012013
-241.8611941554593 1.497801765819675
-243.92233810605794 1.8336201110364094
-245.98348205665656 1.0173564890732525
-248.0446260072552 0.7130782147246206
-250.10576995785382 3.6509755753918522
-252.1669139084525 1.5405245533774639
-254.22805785905112 2.9140437476869003
-256.2892018096498 2.7531802039632423
-258.3503457602484 3.357021551436823
-260.41148971084704 1.250826516482175
-262.4726336614457 3.6443887164671107
