# BEGINHEADER
# This file contains data from the SALSA 2m radio telescope.
# DATE=2021-11-25T17:48:0053
# GLON and GLAT given in degrees
# GLON=149.87044717138227
# GLAT=-6.222784636658506
# DATA in two columns below. Col. 1 is velocity relative to LSR [km/s]. Col. 2 is uncalibrated antenna temperature [K].
# ENDHEADER
263.2412325296128 2.8007992561165813
261.1800885790141 5.147160527547938
259.1189446284155 5.828447634299086
257.05780067781683 6.797569508592969
254.9966567272182 5.926690268231088
252.9355127766196 7.600872632715968
250.8743688260209 6.060776618139703
248.8132248754223 5.423379965321168
246.75208092482364 7.719326162736043
244.69093697422502 7.378969990419006
242.62979302362635 6.4921340437306085
240.56864907302773 7.97874146427249
238.50750512242908 6.565124776144083
236.44636117183046 8.736591937167596
234.3852172212318 8.864247186478048
232.32407327063316 8.360314228724997
230.26292932003452 7.12061551926328
228.2017853694359 8.992712110539367
226.14064141883725 8.953123095318958
224.0794974682386 8.50893351469148
222.01835351763995 7.509266615592181
219.9572095670413 8.775924462524435
217.89606561644268 8.477260309267654
215.83492166584404 9.127743288073072
213.7737777152454 8.950142058743825
211.71263376464674 7.532333896916062
209.65148981404812 6.800601502852121
207.59034586344947 8.713373970584598
205.52920191285085 9.362136982544254
203.46805796225217 9.724198323979941
201.40691401165356 9.571316140105692
199.3457700610549 9.4433290046196
197.28462611045632 7.699830061801732
195.22348215985764 7.704649471533725
193.16233820925902 9.57136944177759
191.10119425866037 8.978391983996783
189.04005030806175 7.913435403699397
186.97890635746307 7.767170907706415
184.91776240686443 8.000457211902168
182.8566184562658 8.44666773603237
180.79547450566716 9.93883955897155
178.73433055506854 9.143307719321399
176.67318660446986 7.980094810530646
174.61204265387124 10.161716393333569
172.5508987032726 7.7666714617321295
170.48975475267397 10.35808437779097
168.42861080207533 8.643808209386231
166.36746685147668 8.53899707252578
164.30632290087803 10.250502867878057
162.2451789502794 9.246622287824978
160.18403499968076 11.542861911348565
158.1228910490821 9.60486234789353
156.06174709848347 10.14508892886605
154.00060314788485 10.71405671588913
151.9394591972862 10.216445466138905
149.87831524668758 8.252433127364556
147.8171712960889 9.411327861881855
145.75602734549025 9.400829116760484
143.69488339489163 9.722490875397932
141.63373944429298 9.476850991387881
139.57259549369437 9.591659915869341
137.5114515430957 8.798961531963238
135.45030759249707 10.026905481267994
133.38916364189842 9.357162901434714
131.3280196912998 8.058577713352689
129.26687574070115 8.540102119866221
127.20573179010252 9.263123267148252
125.14458783950386 7.879296795252496
123.08344388890522 9.338586574841067
121.02229993830657 9.784706548103596
118.96115598770794 10.294336821278536
116.90001203710929 10.149265053836162
114.83886808651066 9.42502658336454
112.77772413591202 9.052857332519087
110.71658018531338 7.112370747911484
108.65543623471474 10.075706135344111
106.5942922841161 9.98809564163198
104.53314833351746 5.833127266275647
102.47200438291881 8.809987937763978
100.41086043232018 8.856706627166929
98.34971648172154 9.078560750490244
96.2885725311229 8.22373914843587
94.22742858052426 9.367799546998077
92.16628462992561 10.367839212627311
90.10514067932698 8.41484220080648
88.04399672872833 9.682532074838266
85.98285277812968 8.44552308586603
83.92170882753105 7.878247229283111
81.8605648769324 7.870701116127037
79.79942092633377 10.165574818037001
77.73827697573512 10.187837655122335
75.67713302513648 7.2969975386948205
73.61598907453785 8.431752218050068
71.5548451239392 7.810373151131221
69.49370117334057 9.58285160379913
67.43255722274192 8.757010878489295
65.37141327214329 8.671764447462733
63.310269321544645 8.29879016599892
61.249125370946004 6.843586891241033
59.187981420347356 8.727865409692319
57.126837469748715 8.045602715355352
55.065693519150074 7.031204104760129
53.00454956855144 7.972853941592283
50.9434056179528 8.888789455982911
48.88226166735415 8.771293311196164
46.82111771675551 7.389682779974276
44.75997376615687 8.094656499429158
42.698829815558234 8.379969017184608
40.63768586495959 8.059781294936931
38.576541914360945 7.613560795993485
36.515397963762304 6.542634291194917
34.45425401316366 6.204961976238536
32.39311006256503 8.54813112944639
30.331966111966384 10.669368513407647
28.270822161367743 8.441562318847351
26.209678210769102 7.974014461856568
24.148534260170464 9.941934203868342
22.087390309571823 9.848972289885467
20.026246358973182 10.606522857218147
17.96510240837454 9.504792837316556
15.9039584577759 12.609635191623312
13.84281450717726 13.08707946239867
11.781670556578618 13.687179825805048
9.720526605979977 18.048442317068034
7.659382655381336 25.86287139020872
5.5982387047826965 41.599730388205394
3.537094754184055 59.42902660335774
1.4759508035854148 65.56414140409683
-0.5851931470132262 71.61849135456667
-2.646337097611867 75.93909188504112
-4.707481048210508 70.07406134798546
-6.76862499880915 77.38438165834394
-8.82976894940779 78.79054911002376
-10.890912900006432 77.48167333393897
-12.95205685060507 77.0841462230077
-15.01320080120371 78.65007768178727
-17.074344751802354 80.9424906774288
-19.13548870240099 83.25383164419628
-21.196632652999632 76.85474242032704
-23.257776603598277 70.10378417547888
-25.318920554196918 66.4887319336977
-27.38006450479556 61.90731816481731
-29.441208455394197 63.945519231132295
-31.502352405992838 63.09836299295315
-33.56349635659148 57.42758703047285
-35.62464030719012 55.40831613061192
-37.68578425778877 50.277961110627935
-39.7469282083874 45.029398000588124
-41.80807215898604 43.462330400398415
-43.869216109584684 37.023818797434856
-45.930360060183325 32.65435118835582
-47.991504010781966 27.631396369257363
-50.0526479613806 24.087792090139644
-52.11379191197924 22.950545994850557
-54.17493586257788 23.712489827837373
-56.236079813176524 22.677547280239928
-58.297223763775165 21.798250901113352
-60.358367714373806 19.62174377239942
-62.41951166497245 19.908946967425926
-64.48065561557108 20.56618998158243
-66.54179956616971 17.085655954902993
-68.60294351676838 17.795853999766724
-70.66408746736701 16.081548731017854
-72.72523141796566 16.00774209147876
-74.7863753685643 14.239535781304339
-76.84751931916294 14.60154618950252
-78.90866326976158 13.654005372374861
-80.96980722036021 12.335257659124151
-83.03095117095886 11.036583080103098
-85.09209512155749 8.521207762962161
-87.15323907215614 8.053172013401399
-89.21438302275477 8.220209617168932
-91.27552697335342 8.486205621390107
-93.33667092395206 6.029545301370304
-95.39781487455069 6.846791684977755
-97.45895882514934 5.435356116635095
-99.52010277574797 4.772642068373718
-101.58124672634662 6.051306389598616
-103.64239067694525 5.9840727514156224
-105.7035346275439 5.997338168042556
-107.76467857814255 3.089494038481013
-109.82582252874118 4.38225769617047
-111.88696647933983 4.37265582620692
-113.94811042993847 4.63262604859796
-116.00925438053712 5.843688420803407
-118.07039833113575 3.382534570239794
-120.13154228173438 4.900297726228971
-122.19268623233303 5.315112084023856
-124.25383018293167 3.7584919469032614
-126.31497413353031 3.4603964232250726
-128.37611808412896 3.9134286400117397
-130.4372620347276 4.556736705034504
-132.49840598532626 3.561810007218811
-134.55954993592488 3.455401629764043
-136.62069388652353 3.2986191353022893
-138.68183783712215 2.0873897554394336
-140.7429817877208 2.3240998349568627
-142.80412573831944 4.775704647464503
-144.8652696889181 4.98339977517581
-146.9264136395167 2.83224634907236
-148.98755759011536 4.394546709324861
-151.04870154071398 3.384540068061903
-153.10984549131265 4.135772911784922
-155.17098944191127 4.122405250560237
-157.23213339250992 3.908063360966256
-159.29327734310854 3.755012439215638
-161.3544212937072 2.2587410778544776
-163.41556524430587 5.260999363077936
-165.4767091949045 3.2702888841640383
-167.53785314550314 1.75510167342489
-169.59899709610175 1.902256388294227
-171.66014104670043 4.088785027085738
-173.72128499729905 2.948335247024723
-175.7824289478977 2.999484790989846
-177.84357289849632 2.942004965635161
-179.90471684909497 3.57641128959349
-181.96586079969362 3.3010125251264473
-184.02700475029226 3.298613357499138
-186.08814870089088 2.809734917457817
-188.14929265148953 3.1983593335274114
-190.21043660208815 2.0023443454089316
-192.27158055268683 1.1693044894555502
-194.33272450328545 3.3320522636950707
-196.3938684538841 2.2269304334503643
-198.45501240448274 2.8303800575331874
-200.5161563550814 4.358468256048143
-202.57730030568004 2.1843760211400105
-204.6384442562787 1.9187400973160373
-206.69958820687734 1.1325341441128853
-208.76073215747596 0.6296836947083959
-210.8218761080746 3.55090089674735
-212.88302005867325 3.2013126732581845
-214.9441640092719 0.6105970893545838
-217.00530795987052 0.5510759298854857
-219.06645191046917 1.4624916245180823
-221.1275958610678 1.157628487156653
-223.18873981166647 2.0127033162485697
-225.24988376226509 3.609754929057357
-227.31102771286373 2.249331472642235
-229.37217166346235 1.8079013930484258
-231.433315614061 1.5721639535322391
-233.49445956465965 1.707440439101287
-235.5556035152583 1.8018872069526053
-237.61674746585692 2.020040043483007
-239.67789141645557 2.2861325038434215
-241.73903536705424 2.471493429384009
-243.80017931765286 3.4547914375441193
-245.8613232682515 2.648520946017584
-247.92246721885013 3.3746682607959335
-249.98361116944878 2.7039236372502384
-252.04475512004743 1.0512171905079726
-254.10589907064607 2.875659522167913
-256.1670430212447 3.2802154640275125
-258.22818697184334 4.47500036334477
-260.289330922442 3.149104556698365
-262.35047487304064 5.302338160972274
