# BEGINHEADER
# This file contains data from the SALSA 2m radio telescope.
# DATE=2021-11-27T02:08:0002
# GLON and GLAT given in degrees
# GLON=211.8633460447279
# GLAT=-12.187885437482555
# DATA in two columns below. Col. 1 is velocity relative to LSR [km/s]. Col. 2 is uncalibrated antenna temperature [K].
# ENDHEADER
258.9881834297414 1.4805008313638472
256.92703947914276 3.787648495009146
254.86589552854412 3.987402679439501
252.8047515779455 6.509860397724088
250.74360762734685 6.315784226072413
248.68246367674823 5.746879833778223
246.62131972614955 6.417948045378884
244.56017577555093 5.8697460738323715
242.49903182495228 6.467746796563518
240.43788787435366 7.784191385164443
238.37674392375501 8.480725505241862
236.31559997315637 7.4661165747025375
234.25445602255772 5.027411468290543
232.1933120719591 8.013948962593194
230.13216812136045 8.83709025849427
228.0710241707618 8.443913845838056
226.00988022016315 6.876655233346147
223.9487362695645 7.053917547226701
221.8875923189659 7.38584744851421
219.82644836836724 8.703227645415165
217.76530441776862 7.670267822559683
215.70416046716994 8.424817377780702
213.64301651657132 7.75134853032169
211.58187256597267 6.703126545636628
209.52072861537405 8.87372520347078
207.45958466477538 8.92227799164927
205.39844071417676 7.942639521672526
203.3372967635781 7.425458159219417
201.2761528129795 7.2432917818399645
199.21500886238084 7.869147092075162
197.15386491178222 10.395083212595338
195.09272096118357 7.036334179355489
193.03157701058495 7.039987978538003
190.9704330599863 8.729974848075916
188.90928910938763 7.834786186743751
186.848145158789 7.950020562601325
184.78700120819036 6.8952950727477935
182.72585725759174 7.315128991275582
180.66471330699306 7.184748195908516
178.60356935639444 8.566177746273773
176.5424254057958 8.762050156490295
174.48128145519718 7.925009633878753
172.42013750459853 6.779703113877635
170.35899355399988 6.824720520563084
168.29784960340123 8.246047016682294
166.2367056528026 7.907790004244513
164.17556170220396 7.404088532596134
162.11441775160534 6.558310304009954
160.05327380100667 8.223482945197668
157.99212985040805 8.313779762586458
155.9309858998094 7.095732362976397
153.86984194921078 8.85211798742191
151.8086979986121 7.8653734661557095
149.74755404801346 7.785257278179867
147.68641009741484 8.111020047048358
145.6252661468162 7.636680648342261
143.56412219621757 8.810875615803864
141.5029782456189 6.8976028687090505
139.44183429502027 8.186859016454164
137.38069034442162 8.964613298685942
135.319546393823 6.443591528118687
133.25840244322436 5.337879768182108
131.1972584926257 8.878997862812993
129.13611454202706 7.799355862021049
127.07497059142842 5.842553700896324
125.01382664082978 7.531455981404332
122.95268269023114 8.308838898990395
120.89153873963251 9.180344565849168
118.83039478903386 9.786302777944158
116.76925083843523 8.066160000693685
114.70810688783658 8.013485819662028
112.64696293723794 9.572683562930404
110.5858189866393 8.144287595561531
108.52467503604066 7.723080228187084
106.46353108544203 6.6809564589775485
104.40238713484338 7.471210849359448
102.34124318424475 7.713404694667626
100.2800992336461 9.755094339258445
98.21895528304746 6.288977421851761
96.15781133244882 6.86429737933773
94.09666738185018 8.034117184849917
92.03552343125153 7.683454478485703
89.97437948065289 8.60752269032942
87.91323553005425 6.479022774430204
85.8520915794556 7.403228417548641
83.79094762885697 8.304907797312005
81.72980367825832 5.869491939432949
79.66865972765969 7.4047799850237785
77.60751577706105 6.5333477018121515
75.5463718264624 8.38154455614907
73.48522787586377 6.684261943569254
71.42408392526512 7.7666856130090745
69.36293997466649 8.658912372959765
67.30179602406784 8.864553494084417
65.2406520734692 8.018573324898144
63.17950812287056 8.163599702680578
61.11836417227192 9.685957415254371
59.05722022167328 8.126013559632051
56.99607627107464 9.97704883359335
54.934932320476 11.950875611721942
52.87378836987736 9.945140581028566
50.81264441927872 11.932306895708514
48.75150046868008 12.480760156088888
46.69035651808144 13.98486642257491
44.6292125674828 15.754498202926166
42.568068616884155 15.9095040367822
40.506924666285514 18.41880824569129
38.44578071568687 19.657033812611004
36.38463676508823 19.895749550354346
34.32349281448959 20.024677364444802
32.26234886389095 20.44859322800936
30.20120491329231 20.887008664103508
28.14006096269367 22.661423330797778
26.07891701209503 24.33580922303415
24.01777306149639 26.1574686174688
21.956629110897747 27.76433520353585
19.895485160299106 32.47965053735677
17.834341209700465 37.24542595643273
15.773197259101826 47.11078316633984
13.712053308503185 58.511114421451836
11.650909357904542 74.99734773447285
9.589765407305903 85.03164201978844
7.528621456707262 84.73641941201188
5.4674775061086205 77.84315440875719
3.4063335555099794 66.05878522253731
1.3451896049113385 50.42429696828383
-0.715954345687302 37.22836378552652
-2.777098296285943 25.725380924398905
-4.838242246884583 18.45074794720978
-6.899386197483224 15.469289058144636
-8.960530148081865 12.322759877209606
-11.021674098680505 10.439591878912776
-13.082818049279146 9.971744821222924
-15.143961999877785 8.984039393313418
-17.205105950476426 10.089341267589013
-19.26624990107507 9.083862517695005
-21.32739385167371 9.610054657875837
-23.38853780227235 8.123408729200214
-25.44968175287099 8.574833004644482
-27.510825703469628 8.122914593112167
-29.571969654068273 6.547751506489658
-31.633113604666914 7.43922857110733
-33.69425755526556 7.246583768910078
-35.7554015058642 6.030375761574995
-37.81654545646283 5.134068265689877
-39.877689407061474 4.965100722774777
-41.938833357660116 5.75776793079481
-43.99997730825876 5.4217513300967655
-46.0611212588574 5.987483584142851
-48.12226520945604 5.334909089001689
-50.18340916005468 5.935310337353505
-52.244553110653314 6.419014221029939
-54.30569706125196 6.411668809286046
-56.3668410118506 4.083775088994617
-58.427984962449244 5.402862852138802
-60.489128913047885 4.898288175386548
-62.550272863646526 6.062865841903974
-64.61141681424517 4.1021663683017895
-66.67256076484381 3.3896410444083864
-68.73370471544246 6.219648887496906
-70.79484866604109 3.7647492079542673
-72.85599261663972 4.101459924097837
-74.91713656723837 5.033207417723576
-76.978280517837 5.149712115555836
-79.03942446843566 4.125341416600891
-81.10056841903429 5.009714851928295
-83.16171236963294 4.622246871439591
-85.22285632023157 3.8461041013944834
-87.2840002708302 3.449192753935
-89.34514422142885 2.87719257205051
-91.40628817202749 2.8916699762318814
-93.46743212262614 1.5369013236842541
-95.52857607322477 3.397337000623533
-97.58972002382342 3.7300786800420647
-99.65086397442205 3.1794820901372334
-101.7120079250207 2.566525604629226
-103.77315187561935 3.269305576807068
-105.83429582621798 1.768293004152724
-107.89543977681663 3.717650639699402
-109.95658372741526 2.203191910238212
-112.01772767801391 4.227383162203295
-114.07887162861255 2.727634482441337
-116.14001557921118 2.4877377598049835
-118.20115952980983 2.883675685194139
-120.26230348040846 2.7177248535597296
-122.32344743100711 3.4820464357642105
-124.38459138160574 3.3207537031067464
-126.44573533220439 3.460263496582627
-128.50687928280303 3.4604875644954913
-130.56802323340168 2.8371019059898535
-132.62916718400032 3.965623163881337
-134.69031113459894 2.350340329377753
-136.7514550851976 2.398069287172498
-138.81259903579624 3.169140175502934
-140.8737429863949 1.243742649726532
-142.9348869369935 2.516370814072768
-144.99603088759216 2.5366108792521094
-147.05717483819078 3.0553409199809534
-149.11831878878945 1.894563560342059
-151.17946273938807 3.2151889274221177
-153.24060668998672 3.039082862504361
-155.30175064058534 2.208831001342707
-157.362894591184 2.480643357218888
-159.42403854178266 2.7159098077909314
-161.48518249238128 1.0878343968050175
-163.54632644297993 1.0167321855868865
-165.60747039357855 0.769948024671493
-167.66861434417723 1.5785888285733103
-169.72975829477585 2.4600594854101248
-171.7909022453745 1.0782433631022617
-173.85204619597312 3.105562652135298
-175.91319014657176 2.5561235633483967
-177.9743340971704 3.2783674392319635
-180.03547804776906 2.085330630976325
-182.09662199836768 1.9205914229879377
-184.15776594896633 1.3791095213694298
-186.21890989956495 2.4886120241835097
-188.28005385016363 1.8882179009280562
-190.34119780076225 1.875148444451167
-192.4023417513609 1.6060753965418944
-194.4634857019595 1.44232853725691
-196.52462965255816 2.721143428952225
-198.58577360315684 1.7724553221237451
-200.6469175537555 2.688197890442642
-202.70806150435413 0.9577190847341693
-204.76920545495275 2.2272147930842228
-206.8303494055514 0.62132232640523
-208.89149335615005 0.5345507794165337
-210.9526373067487 2.1507727374381616
-213.01378125734732 0.9516029417418234
-215.07492520794597 2.2663307370631642
-217.1360691585446 2.1774087263340776
-219.19721310914326 0.4171076817407285
-221.25835705974188 1.1869497989194318
-223.31950101034053 1.7450440438623334
-225.38064496093915 0.844667965095484
-227.4417889115378 1.6208919721431883
-229.50293286213645 2.388364040629512
-231.5640768127351 -0.7991001282946583
-233.62522076333372 1.8427770676739776
-235.68636471393236 0.5050243473411044
-237.74750866453104 0.18197239579860966
-239.80865261512966 1.0733193569150532
-241.8697965657283 0.5212406355834455
-243.93094051632693 0.5922169596367497
-245.99208446692558 1.5998545473779366
-248.05322841752422 1.4223615884028937
-250.11437236812287 1.5395121556578057
-252.1755163187215 1.4709508234512139
-254.23666026932014 1.7783278886721274
-256.29780421991876 3.712803198082025
-258.3589481705174 0.10013521522295236
-260.42009212111606 1.7070401958694927
-262.4812360717147 2.1355937763735375
-264.54238002231335 1.4884615782990667
-266.603523972912 5.180489366307689
