# BEGINHEADER
# This file contains data from the SALSA 2m radio telescope.
# DATE=2021-11-25T15:12:0011
# GLON and GLAT given in degrees
# GLON=42.87225131114422
# GLAT=6.224331966986083
# DATA in two columns below. Col. 1 is velocity relative to LSR [km/s]. Col. 2 is uncalibrated antenna temperature [K].
# ENDHEADER
267.5203383376122 3.969884104888761
265.4591943870136 8.008278449468465
263.39805043641496 5.093165767866312
261.3369064858163 6.118341117650609
259.27576253521767 7.651492074986221
257.2146185846191 4.794008484797097
255.15347463402043 4.709578351126107
253.09233068342175 8.16861274572973
251.03118673282313 6.954444453317557
248.97004278222448 8.030042794238355
246.90889883162586 4.297468411786361
244.8477548810272 7.357766420454367
242.78661093042857 7.486329231627914
240.72546697982992 8.094853702060448
238.6643230292313 8.304634225697662
236.60317907863265 6.375910162566755
234.54203512803403 8.561873109583534
232.48089117743535 7.059279990847055
230.4197472268367 9.54265222994385
228.35860327623809 9.820330058164952
226.29745932563944 9.89992491427351
224.2363153750408 8.829431206443129
222.17517142444214 6.8899654589999715
220.11402747384352 5.370476263064844
218.05288352324487 8.291832924672665
215.99173957264625 8.964576316193613
213.93059562204758 10.005126888783195
211.86945167144896 5.9785272123000635
209.8083077208503 7.3637946844895295
207.7471637702517 9.005137806797062
205.68601981965304 8.35876844297723
203.6248758690544 9.940304493319719
201.56373191845574 10.196784751645763
199.50258796785712 10.202555091531131
197.44144401725848 11.180645239694584
195.38030006665986 6.443905087599356
193.31915611606118 8.236889163022335
191.25801216546253 8.070876640019923
189.1968682148639 7.56260270781126
187.13572426426526 9.272438066981461
185.07458031366662 9.087920190762873
183.01343636306797 8.230375278771229
180.95229241246935 8.2353305842966
178.8911484618707 9.150132517441152
176.83000451127208 8.028267426751414
174.7688605606734 8.582460375644603
172.70771661007478 9.868410383520402
170.64657265947613 7.635203422306452
168.58542870887752 8.925145220356912
166.52428475827887 9.356012300345188
164.46314080768022 7.821667972116984
162.40199685708157 10.870302821317788
160.34085290648295 10.95418029189181
158.2797089558843 6.909033923587119
156.21856500528563 8.713707184303525
154.157421054687 7.63499906878941
152.09627710408836 7.898086458163309
150.03513315348974 6.916947306337457
147.9739892028911 10.117503279403417
145.91284525229244 8.523543982538406
143.8517013016938 8.357724413905066
141.79055735109517 7.8768057670072515
139.72941340049653 6.643537276668111
137.6682694498979 7.648541690427921
135.60712549929923 10.224475776185814
133.5459815487006 7.727213525616691
131.48483759810196 8.899687217923868
129.4236936475033 7.475547685227064
127.36254969690468 7.694517314419138
125.30140574630605 9.852253610854772
123.2402617957074 8.563327570858036
121.17911784510876 8.458256462988874
119.11797389451011 7.233301433876606
117.05682994391148 9.275757630890187
114.99568599331283 8.461678284419836
112.9345420427142 7.932567163761573
110.87339809211556 9.457526714619096
108.81225414151692 10.932531336044338
106.75111019091828 10.621125857845884
104.68996624031963 7.946656015979611
102.628822289721 8.79125379170733
100.56767833912235 10.379103535258658
98.5065343885237 9.717843928780223
96.44539043792507 12.632261116135407
94.38424648732642 10.277611041018508
92.32310253672779 11.12705996082971
90.26195858612914 10.88291309044712
88.2008146355305 10.14048552430404
86.13967068493186 12.929683044624046
84.07852673433322 13.34644706208827
82.01738278373459 11.954500353031037
79.95623883313594 13.79835701873994
77.89509488253731 14.818582077005104
75.83395093193866 13.519814109424097
73.77280698134003 18.528167519770633
71.71166303074139 16.478287334179022
69.65051908014274 20.52063751041792
67.58937512954411 20.26087842419558
65.52823117894546 20.326156097261038
63.46708722834682 20.43562756443749
61.40594327774818 21.67103982173902
59.34479932714954 28.18909500338718
57.2836553765509 23.875037603733656
55.222511425952256 25.244832703617984
53.161367475353615 25.025224833725566
51.10022352475498 25.50627380564228
49.03907957415633 29.4467675710567
46.9779356235577 28.9810871973774
44.91679167295906 32.91455558217011
42.855647722360416 34.45612483850076
40.794503771761775 35.523639994496506
38.733359821163134 42.142804696731815
36.67221587056449 42.72691465205504
34.61107191996585 48.23957413689806
32.54992796936721 46.92224881410649
30.488784018768573 49.16570886496842
28.427640068169932 52.76605178030508
26.36649611757129 53.44237619694265
24.305352166972646 53.266034315654736
22.244208216374005 51.51659349351145
20.183064265775364 50.171802798828395
18.121920315176727 50.33700550820597
16.060776364578082 48.25259501179976
13.999632413979441 51.80232182791233
11.938488463380803 55.009783798761624
9.877344512782162 59.02927037267838
7.816200562183521 67.23399904992712
5.755056611584879 71.77910620466949
3.693912660986239 69.05157068929212
1.6327687103875983 58.84784347058706
-0.42837524021104245 45.38024180615201
-2.489519190809683 29.34624677098984
-4.550663141408324 21.0930496062388
-6.6118070920069645 15.620421014960499
-8.672951042605604 15.6520116310261
-10.734094993204247 14.78474953355185
-12.795238943802888 12.81712981777784
-14.856382894401529 13.572215059387048
-16.917526845000168 11.910800058571965
-18.97867079559881 15.495843203806812
-21.03981474619745 13.776340070610923
-23.10095869679609 11.847769628707482
-25.16210264739473 13.138087536974279
-27.22324659799337 14.369977225318923
-29.28439054859201 15.05137463861622
-31.345534499190652 17.30130247297563
-33.4066784497893 16.34244937440891
-35.46782240038793 15.601734048000392
-37.52896635098657 15.707418481996216
-39.59011030158521 14.200177855837504
-41.651254252183854 14.713639452049964
-43.712398202782495 16.25652432003418
-45.773542153381136 18.59145211711144
-47.834686103979784 18.159274074731
-49.895830054578425 18.612563227196638
-51.95697400517707 20.844548669180128
-54.01811795577571 17.25296436512621
-56.07926190637435 19.71697850901107
-58.14040585697299 19.63646598211764
-60.201549807571624 17.91811255730343
-62.262693758170265 17.164958782995825
-64.3238377087689 17.225397884056974
-66.38498165936755 18.256672186700534
-68.44612560996619 15.544230014901835
-70.50726956056484 14.634572149926084
-72.56841351116347 13.871631760786345
-74.62955746176212 10.934507028003546
-76.69070141236075 12.896012691513128
-78.7518453629594 9.900913079050797
-80.81298931355803 9.34414681029756
-82.87413326415667 10.079873681490456
-84.93527721475532 6.272537474120297
-86.99642116535395 5.419436993175079
-89.0575651159526 7.958043191587011
-91.11870906655123 5.266203384525622
-93.17985301714988 5.591480327556115
-95.24099696774853 7.137110728205674
-97.30214091834716 6.86828260670184
-99.36328486894581 5.947556248189297
-101.42442881954445 6.17469785859231
-103.4855727701431 5.23997252348443
-105.54671672074173 4.931934663321465
-107.60786067134038 4.740492240474343
-109.66900462193901 3.606225034868247
-111.73014857253764 3.795067294650199
-113.79129252313629 4.99616792343571
-115.85243647373493 5.303624731622198
-117.91358042433357 4.581614379878713
-119.97472437493221 3.961759788438248
-122.03586832553084 5.820798964602553
-124.09701227612949 6.166917145710731
-126.15815622672812 3.7559139558376864
-128.21930017732677 4.658957019319431
-130.28044412792542 5.009665343023087
-132.34158807852404 2.7079679176923386
-134.40273202912272 6.2715265962867175
-136.46387597972134 4.448910516641838
-138.52501993031998 2.4162202971124116
-140.5861638809186 3.3830185434767515
-142.64730783151725 4.305516566294646
-144.7084517821159 5.334422361995602
-146.76959573271455 2.9409146502911594
-148.83073968331317 4.9981310544462065
-150.89188363391182 6.369434035453216
-152.95302758451044 1.9414488651715391
-155.0141715351091 3.232873968292194
-157.07531548570776 2.6190042373883466
-159.13645943630638 2.0247054398864615
-161.19760338690503 3.022305505993721
-163.25874733750365 3.9815427346420926
-165.31989128810233 2.0011963414098677
-167.38103523870095 3.8809757820304407
-169.4421791892996 1.8132064058499335
-171.5033231398982 3.971645048206019
-173.5644670904969 4.716169904652296
-175.6256110410955 2.5580617992551113
-177.68675499169416 5.415614720667177
-179.74789894229278 5.244680780787779
-181.80904289289143 4.350029589336214
-183.87018684349007 3.2606709818018085
-185.93133079408872 2.616237001510859
-187.99247474468734 3.598807327885683
-190.053618695286 3.8750180520875035
-192.11476264588464 3.0601682307666627
-194.1759065964833 3.1859933713058375
-196.23705054708194 4.42983558125054
-198.29819449768056 3.9221215801629867
-200.3593384482792 6.675865820078098
-202.42048239887785 3.9245670581660432
-204.4816263494765 3.557490777114765
-206.54277030007512 3.564556501448538
-208.60391425067377 1.9825623484308663
-210.6650582012724 4.582414670211333
-212.72620215187106 2.7085991112823127
-214.78734610246968 3.032248300150683
-216.84849005306833 2.8438438707579556
-218.90963400366695 1.3911267230597886
-220.9707779542656 1.994687063516421
-223.03192190486425 1.2114592603787633
-225.0930658554629 3.1651576667144243
-227.15420980606152 1.801116567642212
-229.21535375666016 2.7529084311384904
-231.27649770725884 2.7089267790870206
-233.33764165785746 3.275540025124623
-235.3987856084561 4.039981417123788
-237.45992955905473 2.492462421567151
-239.52107350965338 4.204003321915602
-241.58221746025202 3.6722209631530496
-243.64336141085067 4.156214267244296
-245.7045053614493 2.577696228194967
-247.76564931204794 5.307407370253912
-249.82679326264656 4.741203815149587
-251.88793721324524 3.7190759482114264
-253.94908116384386 3.8289139750855803
-256.0102251144425 4.343598657563563
-258.07136906504115 5.381136566536581
