# BEGINHEADER
# This file contains data from the SALSA 2m radio telescope.
# DATE=2021-11-27T01:15:0029
# GLON and GLAT given in degrees
# GLON=207.28579977637375
# GLAT=-28.11660014996429
# DATA in two columns below. Col. 1 is velocity relative to LSR [km/s]. Col. 2 is uncalibrated antenna temperature [K].
# ENDHEADER
250.79799671640788 2.831634494721628
248.73685276580923 4.853129864363237
246.67570881521058 2.1342196183363806
244.61456486461196 5.771130063832163
242.55342091401332 3.047732274720568
240.4922769634147 4.41720515590086
238.43113301281602 5.400693595723315
236.3699890622174 4.046309455050094
234.30884511161875 5.923445185957433
232.24770116102013 6.043242745319216
230.18655721042148 6.131306245945955
228.12541325982284 6.0320705039995675
226.0642693092242 4.806656018068748
224.00312535862554 7.104279416720388
221.94198140802692 6.5748896986942915
219.88083745742824 7.091675674999176
217.81969350682962 6.791388284423731
215.75854955623097 6.414426849571424
213.69740560563235 6.2435912676579655
211.6362616550337 7.628150039129745
209.57511770443506 6.047540795460555
207.5139737538364 7.040779980198491
205.4528298032378 6.822511214445738
203.39168585263914 5.659593508975446
201.33054190204052 6.106660847507692
199.26939795144185 6.146625880593885
197.20825400084325 6.761444681997015
195.1471100502446 6.412571462829088
193.08596609964596 5.6150191099191415
191.0248221490473 7.39694861760388
188.9636781984487 7.595746399623372
186.90253424785004 7.023691953265563
184.84139029725142 6.5117593730913805
182.78024634665275 7.867130283202897
180.7191023960541 6.120384331412301
178.65795844545548 6.785760014655854
176.59681449485683 6.545395011904902
174.5356705442582 9.165244771520442
172.47452659365953 6.43320131150352
170.4133826430609 5.35764259032894
168.35223869246227 6.248930579137135
166.29109474186365 5.184474583372446
164.22995079126497 7.263300017194563
162.16880684066635 6.670374811269135
160.1076628900677 7.118242042830777
158.04651893946908 5.617949425144356
155.98537498887043 7.390169664609947
153.92423103827178 7.555206791018047
151.86308708767314 7.501313117682647
149.80194313707452 7.166270955241401
147.74079918647587 7.630037702116078
145.67965523587722 6.2214316892028
143.61851128527857 6.607009040402705
141.55736733467992 5.218755560924345
139.4962233840813 8.866406554048979
137.43507943348266 6.9101622591170635
135.373935482884 5.043853092350156
133.31279153228536 8.078935299625899
131.25164758168674 7.163426660447007
129.1905036310881 5.698942036833002
127.12935968048944 6.181956930386683
125.06821572989081 5.723601139991396
123.00707177929216 7.127881829167119
120.94592782869353 6.941872276839598
118.8847838780949 6.216956269754403
116.82363992749625 6.043741312339986
114.76249597689761 5.044686272829794
112.70135202629896 6.629185744367734
110.64020807570033 5.1425389310927665
108.57906412510168 5.662545384010447
106.51792017450305 6.83820959704653
104.45677622390441 5.257408132180944
102.39563227330576 7.4115657770441175
100.33448832270713 5.764934818748812
98.27334437210848 6.3398181331706
96.21220042150985 7.044212365188482
94.1510564709112 5.871395325485344
92.08991252031257 6.647111495727037
90.02876856971393 6.118928774954487
87.96762461911527 5.051794076115134
85.90648066851664 5.737773399681025
83.84533671791799 7.248279118034379
81.78419276731935 5.680772519965201
79.7230488167207 6.108465717992059
77.66190486612207 5.97382477329384
75.60076091552344 7.877202824878485
73.53961696492479 7.30459244718657
71.47847301432616 6.045704300022798
69.41732906372751 6.573353312784677
67.35618511312887 5.167682994239422
65.29504116253023 5.203801889745012
63.23389721193159 5.784604607041921
61.17275326133295 6.500287496026735
59.1116093107343 5.3654961015621
57.05046536013567 6.018471278615305
54.98932140953703 4.114204242772504
52.928177458938386 6.165465346422133
50.867033508339745 5.8811324699843786
48.805889557741104 4.340675700658591
46.74474560714246 6.104595092694191
44.68360165654382 4.8970677743258575
42.62245770594519 7.2023200597423065
40.561313755346546 5.549111324655771
38.5001698047479 6.8364963947701405
36.43902585414926 5.1047524840321
34.377881903550616 5.736298935802079
32.31673795295198 5.79906252057209
30.255594002353337 7.565246337577569
28.194450051754696 7.512756512778188
26.13330610115606 6.248410357297461
24.07216215055741 8.290206922739973
22.01101819995877 7.868242823939929
19.949874249360132 10.556229145114035
17.88873029876149 14.230622328934176
15.82758634816285 16.66227985398416
13.766442397564209 19.038237177970288
11.70529844696557 23.982661032437882
9.644154496366928 26.967920704486428
7.583010545768288 31.258693280839392
5.521866595169647 31.256397126807904
3.460722644571006 28.347994762179965
1.3995786939723647 25.010516047228197
-0.661565256626276 21.630020350286124
-2.7227092072249173 17.460003726163166
-4.7838531578235575 17.427837870013175
-6.844997108422198 13.7851065289502
-8.906141059020838 12.742298660016923
-10.96728500961948 11.046594932206785
-13.028428960218122 11.780692700143542
-15.089572910816761 11.348143180464461
-17.150716861415404 9.718802082497678
-19.211860812014045 7.131684601149163
-21.273004762612683 8.426076278693971
-23.334148713211327 8.730470331058878
-25.395292663809965 7.215392869399616
-27.456436614408606 6.308116312865588
-29.517580565007243 7.1594674245350705
-31.578724515605884 7.328948398075487
-33.639868466204526 6.630380839566712
-35.70101241680317 6.1600159647688235
-37.762156367401815 5.6865320072554555
-39.82330031800045 6.6273399480119375
-41.88444426859909 4.8349162620535955
-43.94558821919773 4.084217002552534
-46.00673216979637 5.280501639487144
-48.06787612039501 4.790877873183572
-50.129020070993654 4.395093096940594
-52.190164021592295 5.481895469331054
-54.25130797219093 4.1821569614048375
-56.31245192278957 5.501462774193828
-58.37359587338822 3.65713470332675
-60.43473982398686 5.496101803844856
-62.4958837745855 5.4460630633063145
-64.55702772518414 3.1749136338771264
-66.61817167578279 3.8501015093881876
-68.67931562638142 3.6178323223041597
-70.74045957698007 4.760161752323425
-72.8016035275787 4.080633756942079
-74.86274747817734 3.6805532708454436
-76.92389142877599 2.331612789332721
-78.98503537937462 3.3324249501872867
-81.04617932997327 2.251347722734161
-83.1073232805719 4.016303984436415
-85.16846723117055 4.723672755636116
-87.22961118176919 2.9258426364799335
-89.29075513236782 3.3477736569147076
-91.35189908296647 2.3279646167464434
-93.4130430335651 2.411462445973222
-95.47418698416375 3.5952378337375617
-97.53533093476238 2.5798141673970436
-99.59647488536103 1.3426069702553625
-101.65761883595967 2.912146614397123
-103.7187627865583 0.4610759149878776
-105.77990673715696 3.756861155208724
-107.8410506877556 2.163225931026348
-109.90219463835425 3.2240197831185893
-111.96333858895288 2.6465830111839352
-114.02448253955153 1.6204058515272612
-116.08562649015016 2.939019789737119
-118.1467704407488 0.6221683232536137
-120.20791439134744 0.9969035013504269
-122.26905834194608 1.853604586252092
-124.33020229254473 3.088893393311802
-126.39134624314336 2.3982117618498893
-128.45249019374202 -0.09959494154942726
-130.51363414434064 0.6651122996115284
-132.5747780949393 1.1417852604198309
-134.6359220455379 2.101523621452687
-136.6970659961366 1.2168629672459637
-138.7582099467352 1.652846951418032
-140.81935389733385 2.168939038378781
-142.88049784793247 0.284314276498093
-144.94164179853112 0.2172500347854429
-147.00278574912977 1.05865118973344
-149.06392969972842 2.0514864155750567
-151.12507365032704 0.33728917496194016
-153.1862176009257 3.0810774692130387
-155.24736155152434 1.0976020247840452
-157.30850550212298 -0.00425069460446869
-159.3696494527216 0.833778235393048
-161.43079340332025 0.008588717299737897
-163.49193735391887 -0.23817446431808595
-165.55308130451755 -0.6287419975354928
-167.6142252551162 -0.6863825684784957
-169.67536920571482 0.054577085644285435
-171.73651315631346 0.2728351215809231
-173.79765710691208 0.626558189388793
-175.85880105751076 3.2759351471672455
-177.91994500810938 0.11137462571046046
-179.98108895870803 1.1183782096365484
-182.04223290930665 0.14852250625764882
-184.10337685990532 0.04478036319636475
-186.16452081050394 0.5742829600009453
-188.2256647611026 -2.4022042259695766
-190.2868087117012 0.31587364150392094
-192.34795266229986 2.1276820804168595
-194.4090966128985 1.1365834905615557
-196.47024056349716 -1.1144384854433689
-198.5313845140958 0.9295147290322489
-200.59252846469445 0.11486767681675791
-202.6536724152931 0.4095483889286386
-204.71481636589172 -1.5113869818420795
-206.7759603164904 0.5351487788938715
-208.83710426708902 0.32019435419265774
-210.89824821768767 -1.4096012080360931
-212.95939216828629 -0.49545996685457094
-215.02053611888493 -0.8438539298321899
-217.08168006948358 1.197814580349821
-219.14282402008223 0.811726941397826
-221.20396797068085 0.5943923098707315
-223.2651119212795 1.60076961324787
-225.32625587187815 0.20492456248305152
-227.3873998224768 -2.066426564338177
-229.44854377307541 -1.2798269599899441
-231.50968772367406 -1.421689413683823
-233.57083167427268 -0.5281884942452234
-235.63197562487136 -1.0528179198834728
-237.69311957546998 0.2953702782354259
-239.75426352606863 -0.7553797825436861
-241.81540747666727 0.3988144384030857
-243.8765514272659 0.5591868896560903
-245.93769537786457 -0.8664125712179216
-247.9988393284632 0.9934897843915679
-250.05998327906184 -1.0103269596962505
-252.12112722966046 -0.16812204448530843
-254.1822711802591 -0.604437480803283
-256.2434151308578 1.0019971895371536
-258.3045590814564 -0.47881708437963855
-260.365703032055 -0.46976255904395536
-262.4268469826537 0.6995566319097931
-264.4879909332523 0.578064547578449
-266.5491348838509 -0.6974358351866395
-268.6102788344496 1.4812922775163506
-270.67142278504826 1.1859777410846484
-272.73256673564686 1.9531952875182383
-274.7937106862455 3.215870742289517
