# BEGINHEADER
# This file contains data from the SALSA 2m radio telescope.
# DATE=2021-11-27T02:10:0036
# GLON and GLAT given in degrees
# GLON=211.84255491486343
# GLAT=-18.246678035422885
# DATA in two columns below. Col. 1 is velocity relative to LSR [km/s]. Col. 2 is uncalibrated antenna temperature [K].
# ENDHEADER
255.75507009547636 1.2355402372982682
253.6939261448777 4.950443545592051
251.6327821942791 3.1701526348623834
249.57163824368044 4.852313634026138
247.5104942930818 4.590140325502013
245.44935034248314 5.272996117906281
243.38820639188452 4.7031965947430905
241.32706244128588 4.754445982444044
239.26591849068723 5.462298123723597
237.20477454008858 5.5157147707405105
235.14363058948996 5.023584276395541
233.0824866388913 5.931093927903704
231.0213426882927 7.5576642865847194
228.96019873769401 5.71517945142836
226.89905478709537 6.677609295742653
224.83791083649675 7.1539498695990185
222.7767668858981 5.416171419317188
220.71562293529948 6.151462929335639
218.6544789847008 7.463567058254192
216.59333503410218 5.154090744238976
214.53219108350353 6.259208130688172
212.4710471329049 7.720956208809406
210.40990318230624 6.355190027338315
208.34875923170762 5.634074116178122
206.28761528110897 8.455761946286335
204.22647133051035 6.9152711446895765
202.1653273799117 5.997605343290519
200.10418342931305 5.886305410052934
198.0430394787144 6.408333262797768
195.98189552811579 6.191761670601395
193.92075157751714 7.79480106820167
191.85960762691852 6.682667431319773
189.79846367631984 5.999732007452541
187.7373197257212 5.344166552999691
185.67617577512257 7.408023775652709
183.61503182452392 5.583745358993291
181.55388787392528 6.4194527660093055
179.49274392332663 7.624633447241551
177.431599972728 8.257789953181682
175.37045602212936 6.508379512608216
173.30931207153074 7.2482418617301825
171.24816812093206 6.345400576100536
169.18702417033344 8.020819467172284
167.1258802197348 6.488481148640921
165.06473626913618 5.66663364672573
163.00359231853753 6.137868392844508
160.94244836793888 7.289106232414393
158.88130441734023 7.955485945097977
156.8201604667416 5.846261472937484
154.75901651614296 6.177358374211344
152.69787256554434 7.378925907018431
150.63672861494567 6.3068408661210515
148.57558466434702 6.306242153592681
146.5144407137484 5.655949478422662
144.45329676314975 6.08133376103535
142.3921528125511 5.286284305408864
140.33100886195245 5.877488847645299
138.26986491135384 6.104602265607471
136.2087209607552 6.626503838194686
134.14757701015657 7.824558152409041
132.0864330595579 6.003211997174967
130.02528910895927 7.238036159185692
127.96414515836062 7.644846054499078
125.90300120776197 5.831080156061274
123.84185725716334 6.230084720075928
121.7807133065647 6.908324630218875
119.71956935596606 5.251518441070691
117.65842540536742 6.062655769719528
115.59728145476878 5.64063481301347
113.53613750417014 6.2566407637844685
111.47499355357151 5.226725825502821
109.41384960297286 6.006323160229266
107.35270565237423 5.781617716507187
105.29156170177558 4.7407253806017655
103.23041775117694 7.252482621969371
101.1692738005783 6.709345798551935
99.10812984997966 4.3556444190446975
97.04698589938101 4.6942386988352816
94.98584194878235 6.183554991780763
92.92469799818372 7.073200492915123
90.86355404758508 6.403163386223248
88.80241009698643 6.331898964256383
86.7412661463878 7.113653234509271
84.68012219578915 6.328308900986378
82.61897824519052 5.019853506095451
80.55783429459187 6.26080305051641
78.49669034399324 6.655741781260014
76.4355463933946 6.056965447357774
74.37440244279595 5.948761513402361
72.31325849219732 6.070652767440507
70.25211454159867 6.730813300237991
68.19097059100004 4.72436117446283
66.12982664040139 5.828130372225533
64.06868268980276 6.593851202933271
62.00753873920411 6.201787381256447
59.94639478860547 5.949649013635977
57.885250838006826 5.681348206559856
55.82410688740819 4.995269228500321
53.76296293680955 6.765548068155883
51.70181898621091 6.660412892649863
49.64067503561227 6.391117056302429
47.57953108501362 9.783558065276281
45.51838713441498 7.248698856078957
43.45724318381634 7.030915778322665
41.396099233217704 7.824721017172269
39.33495528261906 8.960266262515134
37.27381133202042 9.171650925486233
35.21266738142178 7.676446409976598
33.15152343082314 8.750614913044336
31.0903794802245 10.954537890077388
29.029235529625858 11.299699793039965
26.968091579027217 11.860431294454573
24.90694762842858 14.42941678499923
22.845803677829938 15.563913161065722
20.784659727231297 17.403684854872594
18.723515776632656 19.9899143968862
16.662371826034015 24.48550300546777
14.601227875435375 28.282065347659213
12.540083924836734 38.59909583831541
10.478939974238093 52.60509986673374
8.417796023639452 62.523301264941175
6.356652073040812 68.30565237344126
4.29550812244217 74.98888272566396
2.2343641718435303 70.65471214848009
0.17322022124488934 55.13575569872733
-1.8879237293537514 37.00810198403989
-3.9490676799523925 24.611035522460423
-6.010211630551034 18.961373291676356
-8.071355581149673 12.85415661242996
-10.132499531748314 11.651331940740553
-12.193643482346955 11.356891947473944
-14.254787432945596 10.275431512374306
-16.315931383544235 9.567101668900834
-18.377075334142877 9.33717355522502
-20.438219284741518 9.294203537778886
-22.49936323534016 8.253855082215132
-24.5605071859388 8.85265180475594
-26.621651136537444 7.34073317521466
-28.682795087136085 6.776499935848709
-30.743939037734723 7.971663160842076
-32.80508298833337 4.992330701464748
-34.86622693893201 7.472137137163689
-36.92737088953065 5.064639254614778
-38.98851484012929 4.698388625974228
-41.049658790727925 5.56846665578824
-43.110802741326566 4.091582957331914
-45.17194669192521 4.439649113959255
-47.23309064252385 5.533000202824144
-49.294234593122496 6.159240154030918
-51.35537854372114 5.503073929580464
-53.41652249431978 5.204252422353031
-55.47766644491841 6.287095354708265
-57.538810395517054 3.1697503232255895
-59.599954346115695 5.554825409160208
-61.661098296714336 4.458349270097397
-63.72224224731298 2.977070490784727
-65.78338619791163 4.241221915138774
-67.84453014851026 5.829155961562472
-69.90567409910891 4.543341102173791
-71.96681804970754 4.685701968072719
-74.02796200030619 2.201712678087859
-76.08910595090482 3.254426163069998
-78.15024990150346 3.8570123180927713
-80.2113938521021 5.241571826556173
-82.27253780270074 4.172926008795261
-84.33368175329939 4.372323554872503
-86.39482570389802 3.3362311297902543
-88.45596965449667 3.3117978398621677
-90.5171136050953 3.230971291069623
-92.57825755569394 3.44143601392677
-94.63940150629259 3.9834653170604986
-96.70054545689122 3.6174318263415355
-98.76168940748988 3.9152665227695755
-100.8228333580885 5.0685166377519035
-102.88397730868715 1.828159557925309
-104.94512125928578 1.3545513592611746
-107.00626520988443 2.864464465366293
-109.06740916048307 3.1819366260191138
-111.1285531110817 2.92826945065762
-113.18969706168035 2.6807355614497386
-115.25084101227898 2.6574155602676632
-117.31198496287763 4.425860922573053
-119.37312891347626 3.232439004801928
-121.43427286407491 2.193868584523753
-123.49541681467355 2.1449809398798045
-125.55656076527218 2.690360681770475
-127.61770471587083 2.892616981659084
-129.67884866646946 2.060451315983806
-131.7399926170681 1.1301414616698475
-133.80113656766676 1.9451914599995777
-135.86228051826538 2.545988109777029
-137.92342446886403 2.2180620740338983
-139.98456841946268 1.720011773384015
-142.04571237006132 1.9580023338296095
-144.10685632065994 2.2142133429584057
-146.1680002712586 2.3123286036382944
-148.22914422185724 0.37492253905848705
-150.2902881724559 1.9762420060783505
-152.3514321230545 1.930028022252599
-154.41257607365316 1.1210776071269848
-156.47372002425178 1.273684380213408
-158.53486397485045 2.654465463237459
-160.5960079254491 0.455878821557183
-162.65715187604772 0.42588315574644064
-164.71829582664637 1.8233356442381106
-166.779439777245 -0.3815341966052856
-168.84058372784366 0.2567416037802983
-170.90172767844228 -0.20859711445814452
-172.96287162904093 0.19643246049263696
-175.02401557963955 1.2101441358756349
-177.08515953023823 1.26964673528108
-179.14630348083685 0.4787682770550755
-181.2074474314355 1.2314356916155433
-183.26859138203412 1.9540263014761017
-185.32973533263277 0.41794884454875497
-187.3908792832314 1.4158094330090762
-189.45202323383006 0.715016836595707
-191.51316718442868 1.6563773106633726
-193.57431113502733 0.1021049611509674
-195.63545508562595 0.9850326528842409
-197.69659903622463 2.179163125924624
-199.75774298682327 1.9664406510635073
-201.8188869374219 1.4380750332884467
-203.88003088802054 2.0778593887888452
-205.9411748386192 1.6275523420781697
-208.00231878921784 0.06370206160794402
-210.06346273981646 1.8344650573298196
-212.1246066904151 1.081413194117292
-214.18575064101373 0.9300167561280984
-216.2468945916124 1.4342636866419374
-218.30803854221102 1.9222999374388994
-220.36918249280967 0.30501062765542464
-222.4303264434083 0.6834644782355318
-224.49147039400694 0.2504511863446403
-226.5526143446056 0.5674861474197022
-228.61375829520424 -0.21861889017935693
-230.67490224580285 1.127796674918526
-232.7360461964015 1.8539371770119708
-234.79719014700012 -0.889606196395016
-236.8583340975988 0.01150390084997847
-238.91947804819745 0.8054775351243911
-240.98062199879607 0.754433651932038
-243.04176594939472 2.4668265279547343
-245.10290989999336 1.3212442604667836
-247.164053850592 1.1331833315931399
-249.22519780119063 0.8499368759448452
-251.28634175178928 -1.161578649619789
-253.3474857023879 0.2813227369341368
-255.40862965298658 -0.4878713852357013
-257.4697736035852 2.155443272224821
-259.5309175541838 2.633784777309878
-261.59206150478246 2.3894814340916386
-263.6532054553811 2.375837339448485
-265.71434940597976 1.3418198366498613
-267.7754933565784 2.670103731945498
-269.83663730717706 3.5456273206504374
