# BEGINHEADER
# This file contains data from the SALSA 2m radio telescope.
# DATE=2021-11-24T16:01:0003
# GLON and GLAT given in degrees
# GLON=157.8745798701732
# GLAT=5.769006384071991
# DATA in two columns below. Col. 1 is velocity relative to LSR [km/s]. Col. 2 is uncalibrated antenna temperature [K].
# ENDHEADER
270.2977116495276 -3.7015323408178133
268.2365676989289 -8.140586489230682
266.17542374833033 -6.202385826574464
264.1142797977317 -7.549166896500231
262.05313584713303 -7.522885649024964
259.9919918965344 -7.047202503980438
257.9308479459358 -6.1166813212249105
255.86970399533712 -6.598596403276951
253.80856004473847 -6.127260208172914
251.74741609413982 -6.6427526363043095
249.6862721435412 -7.834559078168504
247.62512819294255 -4.179460100628971
245.56398424234393 -8.777470490991611
243.50284029174526 -9.458455433129094
241.44169634114664 -7.854779127802059
239.380552390548 -5.9737304984868755
237.31940843994937 -5.444134197716665
235.25826448935072 -7.268759590293782
233.19712053875207 -7.439212559196867
231.13597658815343 -6.470953496894035
229.0748326375548 -6.518983230572487
227.01368868695616 -6.800353532257354
224.9525447363575 -8.563035253893236
222.89140078575886 -7.26844187940402
220.83025683516024 -5.912701819551719
218.7691128845616 -5.463397345691844
216.70796893396295 -8.585264544727377
214.6468249833643 -7.922928306583129
212.58568103276565 -7.796470583277185
210.52453708216703 -7.976910133513327
208.46339313156838 -7.804605672559202
206.40224918096976 -7.609922445048764
204.34110523037108 -6.882276615583797
202.27996127977246 -7.499441951091102
200.21881732917382 -5.499316898919759
198.1576733785752 -7.065640365873926
196.09652942797655 -8.603007596282358
194.03538547737793 -5.271548520156003
191.97424152677928 -4.169690252114247
189.91309757618066 -6.11753314389002
187.85195362558198 -6.370973161519972
185.79080967498336 -6.029149552400156
183.72966572438472 -5.187893768526947
181.6685217737861 -7.013825024491086
179.60737782318745 -6.393137586424097
177.54623387258877 -7.123686972376207
175.48508992199015 -8.38990753876465
173.4239459713915 -5.199470996228129
171.36280202079288 -7.076214637561012
169.30165807019424 -7.144122804730866
167.2405141195956 -6.490015654283892
165.17937016899694 -5.443092614481056
163.11822621839832 -7.0482555413219385
161.05708226779967 -4.085527000732191
158.99593831720102 -5.426865842084661
156.93479436660238 -7.492253613506608
154.87365041600376 -5.595056969871302
152.8125064654051 -6.288108151099463
150.7513625148065 -2.4154318139126065
148.6902185642078 -7.721834057836108
146.6290746136092 -8.922896935686822
144.56793066301054 -5.092767537781698
142.50678671241192 -7.110097195641867
140.44564276181328 -6.076874618719825
138.3844988112146 -7.462764637199739
136.32335486061598 -8.447885723637754
134.26221091001733 -6.1736878646542515
132.2010669594187 -5.733859368324516
130.13992300882006 -6.20349220799939
128.07877905822141 -5.599621458756353
126.01763510762278 -7.357364867270379
123.95649115702415 -8.757377079584874
121.8953472064255 -7.695866280551028
119.83420325582686 -7.5129175796152055
117.7730593052282 -6.381092481891696
115.71191535462957 -6.869557260153727
113.65077140403093 -7.847834993220871
111.58962745343229 -5.857696695094885
109.52848350283365 -5.055046733256193
107.467339552235 -6.392400845920201
105.40619560163637 -6.762367854977468
103.34505165103772 -5.458203543492888
101.28390770043909 -9.307725399507964
99.22276374984045 -6.799498634319436
97.16161979924179 -4.751504844301394
95.10047584864316 -6.496690134423932
93.03933189804452 -7.436805618767471
90.97818794744587 -5.882288423745658
88.91704399684724 -8.133339412505743
86.85590004624859 -9.313460436671557
84.79475609564996 -7.033487272275021
82.73361214505131 -10.22479708911649
80.67246819445266 -7.1355240396607265
78.61132424385403 -7.2595718302674275
76.55018029325538 -8.291725607137435
74.48903634265675 -7.319569944287924
72.4278923920581 -5.649289094966757
70.36674844145946 -8.044894243519199
68.30560449086082 -10.308013975228553
66.24446054026218 -8.29339073058527
64.18331658966355 -7.893940524088699
62.1221726390649 -5.643619523206321
60.06102868846626 -9.705294814543834
57.999884737867625 -8.342345812689356
55.93874078726898 -8.362803036303545
53.87759683667034 -7.3762328927958905
51.816452886071694 -7.669488466347285
49.75530893547305 -7.317322058126358
47.69416498487442 -7.750605835588129
45.63302103427578 -7.386977904374761
43.57187708367714 -6.663618594783951
41.5107331330785 -7.495475004773367
39.44958918247986 -9.234417228212413
37.38844523188122 -8.954464574622289
35.32730128128258 -7.653815252247422
33.26615733068394 -5.242960710351447
31.205013380085294 -6.284253707689022
29.143869429486656 -7.427018301007208
27.082725478888012 -7.364596649826819
25.02158152828937 -4.593963506661277
22.96043757769073 -5.774640176434079
20.89929362709209 -6.763162681429267
18.83814967649345 -3.633804622219249
16.777005725894806 -2.82356641745919
14.715861775296165 -4.114074036164857
12.654717824697526 1.871483692134106
10.593573874098885 4.636996900063133
8.532429923500246 10.339670715205632
6.471285972901605 19.716666399712018
4.4101420223029635 27.572369499152046
2.348998071704323 35.239330010459945
0.2878541211056818 43.97969486801429
-1.7732898294929589 49.039781126240605
-3.8344337800915995 49.37746521952537
-5.89557773069024 46.33649232057906
-7.956721681288881 42.26341637870264
-10.017865631887522 38.79092457537353
-12.079009582486162 38.45064729555619
-14.140153533084804 35.11523223850362
-16.201297483683447 30.41798985990372
-18.262441434282085 26.003569154137402
-20.32358538488073 29.217969329318457
-22.38472933547937 29.016779319473105
-24.445873286078008 29.966881800074717
-26.507017236676646 35.111402424464806
-28.568161187275287 31.90947888927364
-30.62930513787393 29.856889355376893
-32.69044908847257 25.714367015513105
-34.75159303907121 26.31974833665125
-36.81273698966985 21.950686171147268
-38.87388094026849 15.622328243730896
-40.93502489086713 13.121230288076566
-42.99616884146577 10.123035591947621
-45.057312792064415 7.392073675501914
-47.11845674266306 5.465665192090593
-49.1796006932617 1.5236443064251308
-51.240744643860346 0.8604344070331705
-53.30188859445898 1.1555494027976343
-55.36303254505762 -3.4113680963627893
-57.42417649565626 -2.6632495442077286
-59.4853204462549 -4.593662370941041
-61.546464396853544 -2.782223326244792
-63.60760834745219 -7.204132846197473
-65.66875229805082 -4.181952990037444
-67.72989624864947 -3.9850413640127433
-69.7910401992481 -4.907375266870367
-71.85218414984675 -6.120469329923208
-73.9133281004454 -7.5589154147430175
-75.97447205104403 -6.201943134664132
-78.03561600164268 -4.741883302915668
-80.09675995224131 -3.5627349338086685
-82.15790390283996 -6.247067367951763
-84.2190478534386 -6.6764098921989214
-86.28019180403724 -5.202453070113349
-88.34133575463588 -6.691733366277268
-90.40247970523451 -7.761836520551428
-92.46362365583316 -5.803721197541498
-94.5247676064318 -9.414241305974814
-96.58591155703044 -6.110897367939829
-98.64705550762908 -7.286739719881051
-100.70819945822771 -6.8572509989711
-102.76934340882634 -6.6837176448890565
-104.83048735942499 -7.081834538359567
-106.89163131002363 -6.94098316380334
-108.95277526062226 -8.241545036374946
-111.01391921122091 -6.881007460893256
-113.07506316181956 -5.0327135058800385
-115.1362071124182 -4.94106013078103
-117.19735106301684 -7.1760112892361745
-119.25849501361549 -5.312594548310842
-121.31963896421412 -7.109581499059396
-123.38078291481276 -8.042173280766784
-125.4419268654114 -6.843833944028733
-127.50307081601004 -7.363272928505709
-129.56421476660867 -5.9610611996850995
-131.62535871720735 -7.061936822383056
-133.68650266780597 -7.09693133165738
-135.74764661840462 -6.966472882717615
-137.80879056900324 -8.879971063082632
-139.86993451960188 -5.397354366489092
-141.93107847020053 -4.532081820840545
-143.99222242079918 -8.75864460168712
-146.0533663713978 -6.971215796045104
-148.11451032199645 -5.141029717808185
-150.17565427259507 -6.37751752676364
-152.23679822319374 -5.605867588075711
-154.29794217379236 -9.843616627546625
-156.359086124391 -8.899999799114426
-158.42023007498963 -8.314013814117063
-160.4813740255883 -7.735846166323826
-162.54251797618693 -8.722527413959659
-164.60366192678558 -5.859515214759777
-166.6648058773842 -3.2123134561930122
-168.72594982798284 -7.788650941412906
-170.78709377858152 -5.680982046921486
-172.84823772918014 -7.201236554229947
-174.9093816797788 -8.193768381448574
-176.9705256303774 -5.500958946549597
-179.03166958097606 -6.108554800455367
-181.0928135315747 -5.429991600342742
-183.15395748217335 -2.170826349992386
-185.21510143277197 -8.793777066403335
-187.27624538337062 -5.988235629542549
-189.33738933396927 -8.589763055450032
-191.39853328456792 -7.192987448407775
-193.45967723516654 -7.68115057039758
-195.5208211857652 -6.88660716819364
-197.5819651363638 -7.250656102016111
-199.64310908696248 -6.4358353968342525
-201.70425303756113 -7.4132357277477725
-203.76539698815978 -6.50395689694166
-205.8265409387584 -8.264061116401765
-207.88768488935705 -6.194786743016095
-209.9488288399557 -7.682881497045444
-212.00997279055434 -7.246635330415013
-214.071116741153 -6.305542430366327
-216.1322606917516 -5.955542384783971
-218.19340464235026 -4.956595806196498
-220.25454859294888 -6.5614195386791385
-222.31569254354756 -5.746612637490133
-224.37683649414618 -7.299416243177098
-226.43798044474482 -4.3327757795017465
-228.49912439534344 -6.788651658236984
-230.56026834594212 -5.7958157609682
-232.62141229654074 -4.374633283796601
-234.6825562471394 -6.573892248576331
-236.743700197738 -5.518482810656358
-238.80484414833666 -5.189193780402835
-240.8659880989353 -4.01369242932497
-242.92713204953395 -5.811106757342316
-244.98827600013257 -5.112671506713118
-247.04941995073122 -5.91695231466837
-249.11056390132987 -5.346009545866073
-251.17170785192852 -7.788522766925076
-253.23285180252716 -6.8490003494399385
-255.29399575312578 -6.119397047608062
