# BEGINHEADER
# This file contains data from the SALSA 2m radio telescope.
# DATE=2021-11-25T17:17:0039
# GLON and GLAT given in degrees
# GLON=118.00801047536011
# GLAT=4.917959319117035
# DATA in two columns below. Col. 1 is velocity relative to LSR [km/s]. Col. 2 is uncalibrated antenna temperature [K].
# ENDHEADER
268.85221100528463 3.242347592481178
266.79106705468604 4.723214862430521
264.72992310408733 2.8266019456891662
262.66877915348874 5.820312135317539
260.6076352028901 6.449280290051
258.54649125229145 7.468215971217996
256.4853473016928 5.7839049531847735
254.42420335109415 7.607512249718146
252.36305940049553 6.970887059342915
250.30191544989688 6.06822322376094
248.24077149929826 5.083084952011159
246.17962754869959 5.481339030511731
244.11848359810097 7.032871348195562
242.05733964750232 5.735244726633785
239.9961956969037 7.435386177944921
237.93505174630505 7.610903180694339
235.8739077957064 6.813734806612399
233.81276384510775 6.2135329624876965
231.75161989450913 7.845758792336487
229.69047594391049 9.715044119351116
227.62933199331184 7.408457357021164
225.5681880427132 7.170333068934515
223.50704409211454 7.72084965757954
221.44590014151592 8.845360282366578
219.38475619091727 8.144684297014145
217.32361224031862 7.749223142047006
215.26246828971998 7.378386527415908
213.20132433912136 8.208376227810476
211.1401803885227 6.501792344662313
209.0790364379241 8.256842826876547
207.0178924873254 7.461433385301365
204.9567485367268 8.188559691061759
202.89560458612814 7.903935255297312
200.83446063552952 7.468223273708841
198.77331668493085 9.675926903552398
196.71217273433223 7.012566399696262
194.65102878373358 6.001762381541911
192.58988483313496 6.891550638133391
190.5287408825363 7.481384412222029
188.46759693193766 7.360256324649603
186.40645298133902 6.884577783425648
184.34530903074037 7.1546662330664255
182.28416508014175 9.122177062219052
180.2230211295431 8.83651714526002
178.16187717894445 7.404288907829317
176.1007332283458 7.5520007708242805
174.03958927774718 8.43376450676394
171.97844532714853 8.627727367942983
169.9173013765499 8.00962573152794
167.85615742595124 7.9199375036605515
165.79501347535262 9.44969878561761
163.73386952475397 8.016236093423116
161.67272557415535 8.735992409727322
159.61158162355667 9.677190958556176
157.55043767295805 8.381947366157842
155.4892937223594 8.328498350406084
153.4281497717608 9.249537557705779
151.36700582116214 8.308727360155945
149.3058618705635 8.576526620456635
147.24471791996484 8.105800497248229
145.1835739693662 7.283851553562713
143.12243001876757 9.647186170559836
141.06128606816893 6.997386506923927
139.00014211757028 8.272879623358971
136.93899816697163 8.030648336598922
134.877854216373 7.18123994848279
132.81671026577436 7.689162643209553
130.7555663151757 9.132633338822208
128.69442236457706 7.680595306210223
126.63327841397843 6.781525872368271
124.5721344633798 7.18861975689883
122.51099051278115 9.25098342663171
120.44984656218251 8.631544598961213
118.38870261158387 6.758714815966372
116.32755866098523 7.990052817440906
114.26641471038658 7.25371411393057
112.20527075978795 6.494291028955683
110.14412680918932 7.752448261301927
108.08298285859067 6.445580221146384
106.02183890799203 8.235789716636972
103.96069495739339 8.282507009381169
101.89955100679475 8.125166722767622
99.83840705619612 9.290522828138569
97.77726310559747 7.7483319405672475
95.71611915499884 8.246662505775996
93.65497520440019 9.193667506901129
91.59383125380155 8.264499903783893
89.53268730320289 7.369958899619142
87.47154335260426 6.803695745929685
85.41039940200562 5.966801443966635
83.34925545140698 7.482758154506051
81.28811150080834 8.539710056785045
79.2269675502097 7.731918756162789
77.16582359961106 7.7045559824390395
75.10467964901241 6.718198368365395
73.04353569841378 8.145588130778162
70.98239174781514 8.256875698476405
68.9212477972165 5.6900807619825
66.86010384661786 5.372886538583166
64.79895989601921 5.709520540801057
62.73781594542058 5.009990276119715
60.67667199482193 8.349894092786686
58.61552804422329 7.943994951482349
56.55438409362465 6.92372521417608
54.49324014302601 7.676679046035015
52.432096192427366 6.796011843002233
50.37095224182873 5.813447132122827
48.30980829123009 8.166718752973933
46.24866434063145 7.38321762858234
44.18752039003281 7.270785252674344
42.12637643943416 6.7138008075495526
40.06523248883552 6.11179072972662
38.004088538236886 5.312644658317848
35.942944587638245 6.4413876935354475
33.8818006370396 7.172744130418816
31.820656686440962 5.831355834546077
29.75951273584232 7.13831152773107
27.698368785243684 6.069018980930665
25.63722483464504 8.385501778080865
23.576080884046394 7.493432475474157
21.514936933447757 7.961286293250747
19.453792982849116 8.718441205098955
17.39264903225047 8.46317814084867
15.331505081651832 11.001125786791533
13.270361131053193 12.041490530813096
11.209217180454553 15.02784115359197
9.148073229855912 20.786768302495027
7.086929279257271 30.640803478389426
5.02578532865863 44.01002381615652
2.964641378059989 55.55043086994403
0.9034974274613481 71.10409693218283
-1.1576465231372928 83.00132641455137
-3.218790473735934 88.84527110087245
-5.2799344243345745 92.07268185677788
-7.341078374933214 95.79731070421981
-9.402222325531856 96.51846584929024
-11.463366276130495 91.83624552881805
-13.52451022672914 85.68735348292344
-15.585654177327779 73.38779872749616
-17.64679812792642 58.28920946069507
-19.707942078525058 48.32505778555034
-21.769086029123702 40.88680281380308
-23.830229979722343 37.35156519511262
-25.89137393032098 35.62662181800413
-27.95251788091962 33.17907655538882
-30.01366183151826 33.725057689430265
-32.074805782116904 36.51867046516993
-34.13594973271554 39.532589286926765
-36.197093683314186 40.98906008593634
-38.25823763391283 44.98393681419364
-40.31938158451147 46.302510630475965
-42.38052553511011 49.60785327242671
-44.44166948570875 53.33520426249501
-46.502813436307385 56.37781931351566
-48.563957386906026 55.21146115142745
-50.62510133750467 54.1553753752607
-52.68624528810331 52.97709827561122
-54.747389238701956 51.61407005517046
-56.8085331893006 52.195557218154455
-58.86967713989923 51.41448955991062
-60.93082109049787 53.32461756940266
-62.99196504109651 54.291813431550665
-65.05310899169515 55.998406215319775
-67.1142529422938 55.49612897892986
-69.17539689289244 52.030199431428656
-71.23654084349108 46.90216685262173
-73.29768479408972 38.11399732444578
-75.35882874468837 30.067871440487572
-77.419972695287 25.637207543776917
-79.48111664588563 24.501058959376472
-81.54226059648428 23.201095555201302
-83.60340454708292 18.98951769642683
-85.66454849768157 17.671299489385962
-87.7256924482802 20.199812550208758
-89.78683639887885 20.15099096080098
-91.84798034947748 16.919409217849083
-93.90912430007612 14.54463350992064
-95.97026825067476 14.517676304462102
-98.0314122012734 18.541372326104653
-100.09255615187205 18.67991399686551
-102.15370010247068 19.92972576546658
-104.21484405306934 19.26630065795512
-106.27598800366798 18.275334268961107
-108.33713195426661 14.307525902611177
-110.39827590486526 11.604549807100417
-112.45941985546389 10.80120066069305
-114.52056380606254 9.549549437624382
-116.58170775666117 5.742287541551905
-118.64285170725982 6.696510611749365
-120.70399565785846 8.009816117472788
-122.76513960845709 3.753401370957207
-124.82628355905574 7.704484399429523
-126.88742750965437 6.177283670114698
-128.94857146025302 5.412558357815713
-131.00971541085167 6.142567767349886
-133.07085936145032 3.797183003734363
-135.13200331204894 4.173736971753387
-137.19314726264759 3.23613796071208
-139.2542912132462 3.7119374024319662
-141.31543516384488 4.133967889119412
-143.3765791144435 3.8982373956507126
-145.43772306504215 4.445438591240362
-147.49886701564077 5.135014075446225
-149.56001096623942 3.6602596441730064
-151.62115491683807 3.830845762002452
-153.6822988674367 3.8746854599627416
-155.74344281803533 1.912792707104532
-157.80458676863398 0.280126405094935
-159.86573071923263 1.2796789055633144
-161.92687466983128 2.850468854460799
-163.98801862042993 1.3095554207755058
-166.04916257102855 1.8086176732835264
-168.1103065216272 3.2079581643187196
-170.17145047222584 3.4056910261252242
-172.2325944228245 2.1643368716769973
-174.2937383734231 1.5983669554172295
-176.35488232402176 2.4502332189458453
-178.41602627462038 2.6272318248848614
-180.47717022521906 3.238120947079869
-182.53831417581767 0.9392318421799671
-184.59945812641632 3.3808525799831695
-186.66060207701494 4.26970640584608
-188.72174602761362 1.2077528582320973
-190.78288997821224 1.6340710704490558
-192.8440339288109 2.6713266806195155
-194.9051778794095 1.5424127165083237
-196.96632183000816 2.1352706602517437
-199.0274657806068 3.1989797067205914
-201.08860973120545 2.9329633347069346
-203.1497536818041 2.6763591480402935
-205.21089763240272 2.049104702934234
-207.27204158300137 0.8033934382445683
-209.33318553360002 1.305072093663339
-211.39432948419866 0.9148388479192633
-213.45547343479728 2.0345584590716026
-215.51661738539593 2.8944213158443155
-217.57776133599458 0.6018862696334064
-219.63890528659323 1.7359886529139463
-221.70004923719185 1.0109540146474154
-223.7611931877905 1.5344602702550896
-225.82233713838912 3.1936666000275964
-227.8834810889878 0.5847578822021977
-229.9446250395864 1.0156739112102153
-232.00576899018506 1.890263912182313
-234.06691294078368 3.4331456760421686
-236.12805689138233 1.9998482494338077
-238.189200841981 -0.08973015428725054
-240.25034479257963 2.3997450837121366
-242.31148874317827 1.7937030408666412
-244.3726326937769 2.96842331730713
-246.43377664437554 4.180897752810655
-248.4949205949742 3.7339950961969586
-250.55606454557284 3.475667136028872
-252.61720849617146 1.8183739998164792
-254.6783524467701 1.2677413599073266
-256.7394963973688 1.2330884038433265
