# BEGINHEADER
# This file contains data from the SALSA 2m radio telescope.
# DATE=2021-11-27T01:42:0005
# GLON and GLAT given in degrees
# GLON=179.86547334109252
# GLAT=-0.2418944925505621
# DATA in two columns below. Col. 1 is velocity relative to LSR [km/s]. Col. 2 is uncalibrated antenna temperature [K].
# ENDHEADER
265.86031209084405 1.1691655352651908
263.7991681402454 4.411045680115687
261.73802418964675 6.969361520485195
259.6768802390481 5.893354660379159
257.61573628844945 7.447692896797674
255.55459233785083 6.691234930003069
253.49344838725222 6.932550313497986
251.43230443665354 9.155614068775295
249.3711604860549 8.282321534361444
247.31001653545627 9.240660013021268
245.24887258485762 7.7938512701111815
243.18772863425897 7.999857983308679
241.12658468366033 7.0288237811288115
239.0654407330617 9.073787694173138
237.00429678246306 9.554385970481286
234.94315283186444 6.704179286062794
232.88200888126576 9.141084998629553
230.82086493066714 9.82389738134269
228.7597209800685 9.738291037048727
226.69857702946987 10.088750658949147
224.63743307887123 8.638827024974281
222.57628912827258 9.590626994585568
220.51514517767393 6.865977300054127
218.4540012270753 8.737565663719295
216.39285727647666 11.10985194867988
214.33171332587798 9.963158460772217
212.27056937527936 10.313375799605934
210.20942542468072 9.166260303050926
208.1482814740821 9.546237506359988
206.08713752348345 9.131528903738522
204.0259935728848 9.268085807333103
201.96484962228615 8.951669716455953
199.90370567168753 10.354951503171492
197.84256172108888 7.364871089186982
195.78141777049026 10.132854281671067
193.7202738198916 9.309319309676443
191.65912986929297 9.927646709773601
189.59798591869432 9.754469228401238
187.5368419680957 10.01185821300467
185.47569801749705 9.995924797066916
183.4145540668984 9.493470113112323
181.35341011629976 8.940989331168293
179.29226616570114 9.356265698081772
177.2311222151025 8.789436935335141
175.1699782645038 10.62070690097518
173.1088343139052 9.950139942189162
171.04769036330654 10.434811626109397
168.98654641270792 10.142989070611856
166.92540246210928 9.51080209462909
164.86425851151063 7.7774509916044465
162.80311456091198 9.3650744917048
160.74197061031336 11.012990248443359
158.6808266597147 9.06308873536918
156.6196827091161 9.960506867231583
154.55853875851741 9.553973539569558
152.4973948079188 10.233225389806787
150.43625085732015 9.721651764839562
148.37510690672153 11.926951417307928
146.31396295612285 10.643874677349238
144.25281900552423 10.496202805420044
142.19167505492558 9.375101380189575
140.13053110432696 9.711250797474483
138.06938715372831 9.16325429693034
136.00824320312964 9.230518464411848
133.94709925253102 10.924879521946764
131.88595530193237 8.360419712988099
129.82481135133375 8.059863932090165
127.7636674007351 8.456614758862434
125.70252345013647 9.615636725934637
123.64137949953782 10.228238381323905
121.58023554893919 7.7342987578672195
119.51909159834054 7.998801802154064
117.45794764774189 9.456076200373667
115.39680369714326 9.470604601319815
113.33565974654461 9.031209477826572
111.27451579594597 7.545252556261283
109.21337184534733 6.492395296920936
107.15222789474869 7.653910014814361
105.09108394415004 8.559325386013727
103.02993999355141 9.38762207585025
100.96879604295277 10.784058075652162
98.90765209235413 10.13151233254958
96.84650814175549 8.719110946637784
94.78536419115684 9.02171818270373
92.72422024055821 7.293549311898001
90.66307628995956 9.006316399465783
88.60193233936093 11.425562957000517
86.5407883887623 8.428316745431434
84.47964443816365 8.0703357846827
82.41850048756501 7.7452720845961025
80.35735653696636 8.804247327318784
78.29621258636772 6.960764280618252
76.23506863576907 8.46661972236404
74.17392468517043 10.404817787318033
72.1127807345718 10.35125164122008
70.05163678397315 10.198697760044755
67.99049283337452 9.861431175246217
65.92934888277587 7.723328258087629
63.868204932177235 7.790836521809841
61.807060981578594 8.322180698264415
59.74591703097995 7.365923534189042
57.68477308038131 6.254395321157426
55.62362912978267 9.615312538378175
53.56248517918404 8.59661222818866
51.501341228585396 7.0605414218114655
49.44019727798675 9.769317176404048
47.37905332738811 7.813774576153935
45.317909376789466 8.853180435563898
43.256765426190825 9.716576230844463
41.19562147559218 9.67403825570707
39.13447752499355 6.759966796465577
37.07333357439491 6.815014244898843
35.01218962379627 7.213221953027581
32.951045673197626 8.647496586267888
30.88990172259898 9.968211777257833
28.828757772000344 10.376025094042932
26.767613821401703 9.651701488904248
24.70646987080306 12.865010408825269
22.64532592020442 14.131053028159407
20.58418196960578 16.955842851254992
18.52303801900714 21.758997047196136
16.461894068408498 28.21626054121112
14.400750117809858 40.76298834373688
12.339606167211214 60.02661773866127
10.278462216612574 84.38784282579232
8.217318266013933 110.05443176329402
6.156174315415292 126.97432135084611
4.095030364816651 132.78687760117316
2.033886414218011 134.57972196975277
-0.027257536380629922 143.6048918432244
-2.088401486979271 142.7616817666071
-4.1495454375779115 133.95302197783508
-6.210689388176553 122.03160222917752
-8.271833338775194 109.21291858610903
-10.332977289373833 100.02490754885108
-12.394121239972474 88.19398052024049
-14.455265190571113 73.2293969886657
-16.516409141169756 62.69396585912914
-18.577553091768394 49.953948619456355
-20.638697042367035 39.35633664427816
-22.69984099296568 32.69902304139445
-24.76098494356432 25.018365341852434
-26.822128894162958 20.786203855099796
-28.8832728447616 17.624647472687535
-30.94441679536024 14.462020949297807
-33.00556074595888 13.594717263114745
-35.06670469655752 13.07520397562695
-37.12784864715616 12.010334611303344
-39.188992597754805 9.923479552082256
-41.250136548353446 10.084802096011558
-43.31128049895208 9.543915584602154
-45.37242444955072 7.907129894529064
-47.43356840014937 7.257905597013705
-49.49471235074801 7.921633763151696
-51.55585630134665 6.939472492226967
-53.61700025194529 8.4225567265369
-55.67814420254393 7.413036649896816
-57.73928815314257 6.543583812029252
-59.80043210374121 5.8422434402314805
-61.86157605433985 6.013017650077163
-63.92272000493849 6.657584928316275
-65.98386395553713 7.976053018968543
-68.04500790613577 6.382321749309627
-70.10615185673441 5.896261842972078
-72.16729580733305 6.880391111592147
-74.2284397579317 5.674438518259089
-76.28958370853034 5.580217710792248
-78.35072765912898 6.547312984697891
-80.41187160972763 5.725051430323496
-82.47301556032626 6.22283536323177
-84.53415951092491 6.316415260037227
-86.59530346152354 5.888909662901959
-88.65644741212219 6.559363985444014
-90.71759136272082 5.981303913667334
-92.77873531331946 4.2699250701872264
-94.8398792639181 4.365588735243444
-96.90102321451674 3.694638130512085
-98.96216716511539 4.510502486450976
-101.02331111571402 2.598465879989621
-103.08445506631267 5.659646623286443
-105.1455990169113 2.5355391391105124
-107.20674296750994 4.936019547250788
-109.26788691810859 5.797565718919526
-111.32903086870722 5.137972353201681
-113.39017481930587 3.36518721711948
-115.45131876990452 3.213824687901168
-117.51246272050317 4.82152923182758
-119.5736066711018 3.4150638967737725
-121.63475062170043 4.281755744860632
-123.69589457229908 4.143927750226676
-125.75703852289772 2.956910291073984
-127.81818247349636 4.442789213039591
-129.87932642409498 2.6830975104183845
-131.94047037469363 4.144523846551028
-134.00161432529225 3.595870533676964
-136.06275827589093 3.180386973017671
-138.12390222648958 4.323583222225196
-140.1850461770882 4.4594770662462615
-142.24619012768684 4.239948902204957
-144.3073340782855 2.702823058513869
-146.36847802888414 3.043496995917579
-148.42962197948276 3.9221315143798754
-150.4907659300814 4.296243571469038
-152.55190988068003 2.671365337902999
-154.6130538312787 2.509710568357709
-156.67419778187733 2.6049998813352895
-158.73534173247597 2.463744024185985
-160.7964856830746 3.60537705807785
-162.85762963367324 2.383287838251735
-164.9187735842719 0.7487615963419728
-166.97991753487054 2.76448669898004
-169.04106148546916 3.708393753927117
-171.1022054360678 3.337313855926154
-173.16334938666648 3.652914633068659
-175.2244933372651 3.293319060681383
-177.28563728786375 2.734391676473146
-179.34678123846237 -0.14310336072655264
-181.40792518906102 1.6960744779543817
-183.46906913965967 2.809236466500628
-185.53021309025831 2.1401306065718924
-187.59135704085693 2.6881753434127953
-189.65250099145558 2.1898102922948195
-191.7136449420542 3.1848537922381293
-193.77478889265288 3.646462930638065
-195.8359328432515 4.905403527216859
-197.89707679385015 2.9373356767056418
-199.95822074444877 1.6619784601363574
-202.01936469504741 1.6348949044439862
-204.08050864564606 2.452922266636408
-206.1416525962447 2.275096552616971
-208.20279654684333 2.139148183235363
-210.26394049744198 3.6377924168795355
-212.32508444804066 2.547814236222406
-214.38622839863928 1.111376878730516
-216.44737234923792 3.4789822026709887
-218.50851629983654 1.3342487789456594
-220.5696602504352 1.4445189666218483
-222.63080420103384 1.383326535155505
-224.6919481516325 1.0987079035220926
-226.7530921022311 3.0391975267633473
-228.81423605282976 3.1781900336695537
-230.87538000342838 3.2987896271793486
-232.93652395402705 2.6007300986320225
-234.99766790462567 2.002771942082143
-237.05881185522432 2.8165836460052023
-239.11995580582294 2.754669111796411
-241.18109975642162 4.052047138949194
-243.24224370702024 4.148943332246474
-245.30338765761888 2.6034238622827974
-247.3645316082175 4.485418974346337
-249.42567555881615 3.658759371653617
-251.48681950941483 5.622438406801826
-253.54796346001345 3.2087099440012046
-255.6091074106121 4.857642482745592
-257.6702513612107 5.218769764253704
-259.73139531180937 6.373484688976769
