# BEGINHEADER
# This file contains data from the SALSA 2m radio telescope.
# DATE=2021-11-25T15:25:0017
# GLON and GLAT given in degrees
# GLON=84.91371483455585
# GLAT=6.071326932230816
# DATA in two columns below. Col. 1 is velocity relative to LSR [km/s]. Col. 2 is uncalibrated antenna temperature [K].
# ENDHEADER
268.6319372758045 2.252752926239521
266.5707933252058 3.333048003974331
264.5096493746072 4.563768544237807
262.44850542400854 5.198892108305527
260.3873614734099 8.22878885393034
258.32621752281125 5.975244008833703
256.2650735722126 6.4737854953250595
254.20392962161398 7.458005372519124
252.14278567101533 5.851393533404989
250.0816417204167 7.0386965902354195
248.02049776981804 5.802355433602309
245.9593538192194 7.165758785363409
243.89820986862077 7.871948839875803
241.83706591802212 8.269458483045442
239.7759219674235 7.600425169100342
237.71477801682482 7.243076931126489
235.6536340662262 9.184906815721499
233.59249011562756 7.466184038648052
231.53134616502894 7.906540493365095
229.4702022144303 8.514933433443874
227.40905826383164 9.121297452245154
225.347914313233 4.871959328633995
223.28677036263437 4.862025631259523
221.22562641203572 8.468063666316102
219.16448246143707 7.950303620316759
217.10333851083843 7.420080230168065
215.0421945602398 9.886360412319592
212.98105060964116 6.5246377138739975
210.91990665904254 8.679393999595588
208.85876270844386 6.897924037085572
206.7976187578452 10.01234210385252
204.7364748072466 9.486738871176588
202.67533085664795 4.932364032252536
200.61418690604933 6.640225901485307
198.55304295545065 8.139114655294971
196.49189900485203 8.620980356376572
194.43075505425338 9.294151022773784
192.36961110365476 8.141595076267803
190.30846715305609 9.484954495850829
188.24732320245747 8.671917286476173
186.18617925185882 9.407415665958696
184.1250353012602 7.544269695423797
182.06389135066155 8.192111877226044
180.0027474000629 8.417345011535026
177.94160344946425 9.78049907317005
175.88045949886563 8.606369489912689
173.81931554826699 8.690625040463651
171.75817159766837 9.89953027572188
169.6970276470697 9.890459601546599
167.63588369647104 6.38129206452456
165.57473974587242 9.247328285194907
163.51359579527377 11.437332812637194
161.45245184467512 7.67063943599961
159.39130789407648 10.153888120362964
157.33016394347786 8.78950760104154
155.2690199928792 5.434548880843134
153.2078760422806 10.239588627049914
151.1467320916819 11.836986927753948
149.0855881410833 9.61290156970618
147.02444419048464 8.319435137995306
144.96330023988602 10.042169197900531
142.90215628928738 10.306322941083394
140.84101233868873 8.672181196719757
138.77986838809008 7.885279331141268
136.71872443749146 8.72705827541622
134.6575804868928 9.567457108862476
132.5964365362942 8.772563974185653
130.53529258569552 8.700909797938102
128.47414863509687 6.161356944244554
126.41300468449825 6.860192377668673
124.3518607338996 8.419728246763281
122.29071678330097 12.344443045667095
120.22957283270232 8.158974595724787
118.16842888210368 8.732414157665987
116.10728493150505 8.357887010988978
114.0461409809064 9.233791546185735
111.98499703030775 8.61089400623059
109.9238530797091 8.274442854872936
107.86270912911047 7.894059639584919
105.80156517851182 8.821931940563326
103.74042122791319 9.32643978415893
101.67927727731455 8.799900230780281
99.6181333267159 9.179221651068902
97.55698937611727 7.583555985458647
95.49584542551862 7.256232435163809
93.43470147491999 8.468514668385486
91.37355752432136 10.424328612345668
89.31241357372271 8.261087107739941
87.25126962312407 8.491885815390422
85.19012567252543 8.042951520886675
83.12898172192679 7.689719820467258
81.06783777132814 7.682878592105941
79.00669382072951 9.986363958500645
76.94554987013088 9.599153722636553
74.88440591953223 8.986766205440361
72.82326196893358 8.604393688493854
70.76211801833493 9.430359025212837
68.7009740677363 8.302150203297579
66.63983011713765 7.893128846350486
64.57868616653901 9.697765709242205
62.517542215940374 8.209838851888096
60.45639826534173 5.8850662257377575
58.39525431474309 8.673753184703624
56.33411036414446 7.64170624499544
54.27296641354582 7.899030310367799
52.211822462947175 7.023160739176963
50.150678512348534 6.328478098077391
48.089534561749886 6.508363112699366
46.02839061115125 11.04096636824743
43.967246660552604 8.201734130530342
41.90610270995396 8.1124418499724
39.84495875935532 6.435879164033313
37.78381480875668 9.755945234911882
35.72267085815804 10.964731393672912
33.6615269075594 8.12481767973845
31.60038295696076 12.102286111117433
29.539239006362116 11.489731881866126
27.47809505576348 12.552242720002491
25.416951105164838 13.671391059014404
23.3558071545662 13.829225822331026
21.294663203967556 19.11891039445341
19.233519253368918 25.100665009402928
17.172375302770277 30.274641660084228
15.111231352171638 40.27961953378715
13.050087401572995 50.02122940576393
10.988943450974354 64.56985738784172
8.927799500375713 77.17606540720449
6.866655549777072 86.44931613558586
4.805511599178431 93.19648119380254
2.7443676485797908 100.79605035308077
0.6832236979811496 103.81352662259144
-1.3779202526174912 105.81945035096597
-3.439064203216132 106.63784692871674
-5.500208153814772 99.92154381013209
-7.561352104413413 92.86879912183572
-9.622496055012054 85.32772207176568
-11.683640005610695 71.64560805856524
-13.744783956209334 67.31609090579751
-15.805927906807977 55.605887178272035
-17.867071857406618 47.62816116162946
-19.92821580800526 41.61488354261851
-21.989359758603896 35.45966459603466
-24.050503709202538 31.589801645350192
-26.111647659801182 29.242912723609013
-28.172791610399823 26.837379522443506
-30.233935560998464 25.09649266172075
-32.29507951159711 25.09149462161342
-34.35622346219575 24.107887274242213
-36.41736741279439 23.618048229185796
-38.478511363393025 23.446785495962832
-40.539655313991666 24.076051021536063
-42.60079926459031 24.363396017343025
-44.66194321518895 24.451081605326262
-46.72308716578759 22.654084802969624
-48.78423111638623 21.62076902507012
-50.845375066984865 23.49668432631925
-52.90651901758351 20.809780513295628
-54.96766296818215 20.59833439340038
-57.02880691878079 22.880226871827457
-59.08995086937943 23.08058075758512
-61.15109481997807 20.18658642212558
-63.21223877057671 21.036505472144384
-65.27338272117535 20.86491964581738
-67.33452667177399 22.307577744930242
-69.39567062237263 25.670213689008452
-71.45681457297127 27.358382752155993
-73.51795852356992 30.25836220137942
-75.57910247416855 31.93844687089398
-77.64024642476718 27.241864445146664
-79.70139037536583 27.62691918482919
-81.76253432596448 29.203345138869334
-83.82367827656313 28.484627573788615
-85.88482222716176 27.88700775489816
-87.94596617776041 27.914485068465485
-90.00711012835905 23.785650003421427
-92.06825407895768 22.525046427575113
-94.12939802955633 19.34042703151646
-96.19054198015496 16.456029277886707
-98.25168593075361 13.109875387058366
-100.31282988135224 12.631554627832019
-102.37397383195088 14.610356676380993
-104.43511778254953 12.493689013802078
-106.49626173314816 9.070758644466622
-108.55740568374681 11.538816060862667
-110.61854963434544 11.203121133583657
-112.67969358494409 11.030765282864785
-114.74083753554272 9.790930577080115
-116.80198148614136 11.582817659342984
-118.86312543674 7.590164557857693
-120.92426938733865 7.998856302761172
-122.9854133379373 6.8583902937545576
-125.04655728853594 7.120595406771908
-127.10770123913458 4.113247660337745
-129.16884518973322 4.776935546835478
-131.22998914033187 3.4888526916556546
-133.2911330909305 4.242462005064691
-135.35227704152913 4.737831426324862
-137.41342099212775 3.007826291790668
-139.47456494272643 5.857317789986673
-141.53570889332508 2.320146384849935
-143.5968528439237 1.7001000915515443
-145.65799679452235 5.558135860651553
-147.71914074512097 4.348572954035156
-149.78028469571964 3.7152845690955463
-151.84142864631826 2.836984882846227
-153.9025725969169 0.29617359105356017
-155.96371654751553 1.1050807911986091
-158.02486049811418 3.6517977010968545
-160.08600444871283 2.363270164107916
-162.14714839931148 4.021832926379651
-164.2082923499101 3.3745873588944653
-166.26943630050874 -1.0639689818383604
-168.3305802511074 3.9442872443472883
-170.39172420170604 2.262903247057589
-172.45286815230466 3.089714153803787
-174.5140121029033 4.559056158609829
-176.57515605350193 3.2827972705211352
-178.6363000041006 2.6387357856435982
-180.69744395469925 2.3966586172660063
-182.75858790529787 1.135242352359165
-184.81973185589652 -0.6262774532505585
-186.88087580649514 3.5386430270232667
-188.94201975709382 2.3396889756654566
-191.00316370769244 2.966392754896657
-193.06430765829109 1.4877197677518186
-195.1254516088897 1.4475956883065635
-197.18659555948838 3.355615108876892
-199.247739510087 3.4140876589333327
-201.30888346068565 3.385051811046123
-203.37002741128427 0.23928093000921957
-205.43117136188292 2.2802636298178953
-207.49231531248157 2.62562596710272
-209.5534592630802 1.3920167240679664
-211.61460321367883 1.5641638016474149
-213.67574716427748 0.23476638975163375
-215.7368911148761 1.4147122546076247
-217.79803506547478 1.219863763154866
-219.85917901607343 5.134840322500454
-221.92032296667205 3.213105065453788
-223.9814669172707 2.9031327653703594
-226.04261086786934 2.484605036583236
-228.103754818468 2.1938479627313963
-230.1648987690666 2.629521905780375
-232.22604271966526 2.276519918800093
-234.28718667026388 1.484587602592665
-236.34833062086255 1.9633185160576427
-238.40947457146117 1.3934351698227103
-240.47061852205982 0.2393250455916648
-242.53176247265844 3.0692576343698907
-244.5929064232571 2.426188607588971
-246.65405037385574 2.0003203685331927
-248.7151943244544 1.911678530622268
-250.776338275053 1.3044254125141872
-252.83748222565166 2.3127153732893544
-254.89862617625027 3.2593252367676593
-256.959770126849 6.062874538997928
