# BEGINHEADER
# This file contains data from the SALSA 2m radio telescope.
# DATE=2021-11-29T15:54:0041
# GLON and GLAT given in degrees
# GLON=85.87224967293591
# GLAT=12.05640721289746
# DATA in two columns below. Col. 1 is velocity relative to LSR [km/s]. Col. 2 is uncalibrated antenna temperature [K].
# ENDHEADER
271.95622601766974 1.657063353090799
269.89508206707103 4.819183730607266
267.83393811647244 5.2150418004839105
265.7727941658738 5.843152460620066
263.7116502152752 7.8031861771790405
261.6505062646765 7.949313084393655
259.5893623140779 7.21119058319459
257.52821836347925 5.773536148166964
255.46707441288058 5.804402112032437
253.40593046228196 7.559315687663052
251.3447865116833 2.4866030833758948
249.2836425610847 4.528995128752886
247.22249861048604 8.657445241155235
245.1613546598874 7.262662954636246
243.10021070928875 10.57856041092754
241.03906675869013 8.729830168691254
238.97792280809148 7.373584423625865
236.91677885749286 8.215792739257607
234.85563490689418 10.207779920080357
232.79449095629556 11.80010617903139
230.7333470056969 7.310551125258669
228.67220305509827 6.559742697471077
226.61105910449962 5.5817176622849
224.54991515390097 5.937686409736555
222.48877120330235 10.885847379687991
220.4276272527037 10.023514537838627
218.36648330210508 8.083333869994128
216.3053393515064 9.346187678938204
214.24419540090778 9.784461763614749
212.18305145030914 9.447967034594315
210.12190749971052 7.387002122574588
208.06076354911187 7.8896598612814675
205.99961959851322 8.630891740526234
203.93847564791457 8.091285654429953
201.87733169731595 8.512309376131066
199.8161877467173 7.920911231450377
197.75504379611866 6.617965506542289
195.69389984552 7.082088906495099
193.6327558949214 8.398412720635006
191.57161194432274 8.828798336460165
189.5104679937241 9.55949250333424
187.44932404312544 9.154821410579125
185.3881800925268 9.361818942468998
183.32703614192818 7.746239456542097
181.26589219132953 5.4239489616938545
179.2047482407309 7.668744731586027
177.14360429013223 9.838346874518546
175.0824603395336 10.49975285750267
173.02131638893496 10.366018734712647
170.96017243833634 7.597995745441575
168.8990284877377 5.641969256833543
166.83788453713905 9.814809954787487
164.7767405865404 8.005291924872017
162.71559663594178 11.781241152812854
160.65445268534313 10.02157248873677
158.59330873474448 7.161626324220662
156.53216478414583 10.231888747040976
154.47102083354721 8.76001282925272
152.40987688294857 7.40144764599963
150.34873293234992 6.9983505760077245
148.28758898175127 10.23108256848848
146.22644503115262 7.706166209478866
144.165301080554 9.035172895578858
142.10415712995535 7.815011617652061
140.04301317935673 6.4957305111123755
137.98186922875806 7.3167183904490845
135.92072527815944 6.433428728299327
133.8595813275608 7.9321411235437695
131.79843737696217 8.831925396416258
129.73729342636352 10.532008775935276
127.67614947576487 8.31894468240212
125.61500552516623 8.457699161906058
123.55386157456759 10.197693409549736
121.49271762396894 6.162840946786988
119.43157367337031 7.417422351484054
117.37042972277166 8.011545284728236
115.30928577217303 5.702399303043927
113.2481418215744 7.05291908332381
111.18699787097574 10.18851145843085
109.12585392037711 10.565595710189491
107.06470996977846 8.223801265833238
105.00356601917983 9.18226247978317
102.94242206858118 7.190847617471013
100.88127811798255 6.266569123402275
98.82013416738391 7.508140273321446
96.75899021678526 7.75640214414918
94.69784626618663 7.12527379769987
92.63670231558797 9.452476592902492
90.57555836498933 7.419774119536109
88.51441441439069 5.4267770994171185
86.45327046379205 7.9358210965966745
84.39212651319342 6.38197872450406
82.33098256259477 9.876320920743646
80.26983861199614 8.25514802757394
78.20869466139749 10.204909274915995
76.14755071079885 8.694187199451537
74.0864067602002 8.039634204698768
72.02526280960157 6.742989493681813
69.96411885900294 7.407728479737799
67.90297490840429 5.834407744422955
65.84183095780566 7.55463722653801
63.78068700720701 7.7689583435209375
61.719543056608366 6.482366915202839
59.658399106009725 7.132972978417143
57.597255155411084 6.931488164023882
55.53611120481244 7.332657285869874
53.4749672542138 7.511437836189709
51.41382330361517 5.0133297448212835
49.35267935301652 6.483668803525299
47.29153540241788 7.130188922095277
45.23039145181923 8.744066606335414
43.16924750122059 7.158589991580155
41.108103550621955 5.901499500008165
39.046959600023314 6.594966508207358
36.98581564942467 8.44764037965731
34.92467169882603 8.849035381826484
32.86352774822739 8.373317161778639
30.80238379762875 7.899082617336953
28.74123984703011 8.276157733251301
26.680095896431467 9.268641394922144
24.618951945832826 13.464569046395315
22.55780799523419 11.257548064824402
20.496664044635544 11.867147665318665
18.435520094036903 18.38391704086067
16.374376143438262 19.737930650273576
14.313232192839623 22.734996216144783
12.252088242240983 24.71954703654545
10.190944291642344 32.34413377048867
8.129800341043703 36.465511665387716
6.06865639044506 41.252376384811505
4.00751243984642 45.14915840913112
1.9463684892477793 44.41298288610496
-0.11477546135086147 38.46481588178112
-2.1759194119495024 33.76024559387771
-4.2370633625481435 35.36548891253889
-6.298207313146784 32.516865412777896
-8.359351263745424 29.40075894928792
-10.420495214344065 24.149481584200544
-12.481639164942706 21.732559617784823
-14.542783115541349 22.169928252455154
-16.60392706613999 17.556786751580397
-18.66507101673863 18.574512600108985
-20.72621496733727 15.17543494261344
-22.78735891793591 13.976172647213781
-24.84850286853455 12.471147389165264
-26.909646819133194 10.603226905717916
-28.970790769731835 12.010643909402443
-31.031934720330476 11.639861784765282
-33.09307867092912 12.879147235626455
-35.15422262152776 11.166227986784437
-37.2153665721264 11.612395529650732
-39.27651052272504 10.25424471298208
-41.33765447332368 11.487772828159729
-43.398798423922315 7.263240910833726
-45.459942374520956 9.465942730068617
-47.5210863251196 8.505580065941869
-49.58223027571823 6.237046671123698
-51.64337422631688 9.32795608207272
-53.70451817691552 8.973458921492409
-55.76566212751416 8.840742147923685
-57.8268060781128 9.745297829470363
-59.88795002871144 8.865202710573449
-61.94909397931008 7.756822731197055
-64.01023792990873 9.015081279081816
-66.07138188050736 8.191546258112446
-68.13252583110601 7.860544816958101
-70.19366978170464 5.4035018162867265
-72.25481373230329 9.495114726811321
-74.31595768290192 7.820994687153038
-76.37710163350057 9.45612292721819
-78.4382455840992 11.098223857199224
-80.49938953469784 8.219120847813237
-82.56053348529649 7.04206197387483
-84.62167743589512 8.55942868438403
-86.68282138649377 8.293967371339859
-88.7439653370924 4.714108359435895
-90.80510928769105 7.46818149247206
-92.86625323828969 7.939485100819308
-94.92739718888832 5.637943359348133
-96.98854113948697 7.287021892495243
-99.0496850900856 9.114814118297883
-101.11082904068427 6.899434373810422
-103.1719729912829 5.872206392618939
-105.23311694188155 6.347402981601621
-107.29426089248018 7.686096874775428
-109.35540484307882 6.051532240289605
-111.41654879367746 8.868333464758276
-113.4776927442761 7.66781465235591
-115.53883669487475 6.6039669712710936
-117.59998064547338 5.339310079552777
-119.66112459607203 7.331896515265967
-121.72226854667066 3.6352996763816554
-123.7834124972693 3.454130488423657
-125.84455644786794 5.706719892158098
-127.90570039846658 5.674612593246276
-129.96684434906524 5.76042628069672
-132.0279882996639 6.986960718345895
-134.0891322502625 8.02228262196979
-136.15027620086116 6.732140079672046
-138.21142015145978 5.079635142610949
-140.27256410205842 6.5078929431815125
-142.33370805265707 4.311663045988986
-144.39485200325572 3.682536921844465
-146.45599595385434 5.443160030105921
-148.517139904453 5.770938296402513
-150.5782838550516 3.421148184753459
-152.63942780565029 4.385637367395632
-154.7005717562489 3.3811345032250864
-156.76171570684755 2.3725315697490674
-158.8228596574462 5.006770930367322
-160.88400360804485 3.56445470488762
-162.9451475586435 4.244483816749262
-165.00629150924212 5.173241101695946
-167.06743545984077 5.3761990485918725
-169.1285794104394 3.332300528498151
-171.18972336103806 4.938693236842633
-173.25086731163668 4.932250961759228
-175.31201126223533 2.3712788018656665
-177.37315521283395 4.6977187285955635
-179.4342991634326 5.068236506336513
-181.49544311403125 3.911678264754179
-183.5565870646299 4.073977129931765
-185.61773101522851 3.244791506323127
-187.67887496582716 3.652223979344728
-189.7400189164258 6.098526506712491
-191.80116286702446 2.6536538122715507
-193.86230681762308 2.0263955910428577
-195.92345076822173 3.372095570559067
-197.98459471882038 1.786804336767632
-200.04573866941902 5.346972629083275
-202.10688262001767 4.227630677636956
-204.1680265706163 3.0319035559520646
-206.22917052121494 5.126963872369423
-208.29031447181356 4.15616352601622
-210.35145842241224 5.480722800788322
-212.41260237301086 5.111981666725413
-214.4737463236095 4.536755337699297
-216.53489027420812 6.322852951530296
-218.59603422480677 3.3908924632419795
-220.65717817540542 2.063373522341397
-222.71832212600407 3.2284584035745043
-224.7794660766027 5.271132912587332
-226.84061002720134 4.098449302836571
-228.90175397779998 3.40099442678935
-230.96289792839863 4.171526954433094
-233.02404187899725 5.11045449700264
-235.0851858295959 4.510369710922073
-237.14632978019455 2.652148467990532
-239.2074737307932 4.478885781220552
-241.26861768139185 6.106218352640753
-243.32976163199046 5.102850642631635
-245.3909055825891 5.561293157072992
-247.45204953318773 4.990843180473372
-249.5131934837864 8.220632413594071
-251.57433743438503 2.6620840998080992
-253.63548138498368 2.8520961127962163
