# BEGINHEADER
# This file contains data from the SALSA 2m radio telescope.
# DATE=2021-12-09T13:57:0035
# GLON and GLAT given in degrees
# GLON=47.83249266287991
# GLAT=0.2256874588166443
# DATA in two columns below. Col. 1 is velocity relative to LSR [km/s]. Col. 2 is uncalibrated antenna temperature [K].
# ENDHEADER
268.7830834487619 3.2264575434189173
266.72193949816324 5.499390413114108
264.6607955475646 4.699006375920418
262.599651596966 6.819682117354567
260.5385076463673 8.112252724201232
258.4773636957687 7.9897789482693184
256.41621974517005 6.553129163734935
254.3550757945714 8.247030938906306
252.29393184397273 7.942861506341081
250.2327878933741 9.279643971167959
248.17164394277546 9.50321106249627
246.11049999217684 10.203141786040117
244.0493560415782 9.661326885714193
241.98821209097954 7.572190318911734
239.9270681403809 11.9924113107195
237.86592418978228 9.500517022416348
235.80478023918363 8.37978966514947
233.743636288585 7.222597704396047
231.68249233798633 9.21240854806152
229.6213483873877 9.145003347188238
227.56020443678906 7.894521455047812
225.49906048619044 11.07846260920089
223.43791653559177 8.946281796275088
221.37677258499315 8.548995755728875
219.3156286343945 9.45369815006392
217.25448468379585 8.045459363869284
215.19334073319723 8.54177548581251
213.13219678259856 6.3158977429051655
211.07105283199994 6.3948939566397
209.0099088814013 7.683914126377775
206.94876493080267 9.232011980738504
204.88762098020402 10.567540166979208
202.82647702960537 7.345290273135542
200.76533307900672 9.807494781391807
198.7041891284081 9.34850582001034
196.64304517780946 8.519761648713278
194.5819012272108 9.12914514349283
192.52075727661216 9.529868078645734
190.45961332601354 9.656082444310767
188.3984693754149 8.10921228301801
186.33732542481627 9.75945471294807
184.2761814742176 9.86836951834924
182.21503752361897 6.606996289693827
180.15389357302033 8.299199481683127
178.09274962242168 7.265890144041641
176.03160567182306 11.360707906450905
173.97046172122438 8.977345963246023
171.90931777062576 7.61936479895674
169.8481738200271 7.020036688702126
167.7870298694285 7.445572740884144
165.72588591882985 7.923680981180875
163.6647419682312 6.725954539665213
161.60359801763255 8.263910098880267
159.54245406703393 7.98181670995331
157.48131011643528 6.957337067610929
155.42016616583663 9.136557259877065
153.35902221523799 10.58407951368382
151.29787826463937 11.354374915053091
149.23673431404072 9.023306714688852
147.1755903634421 11.036413835262543
145.11444641284342 8.17886025937267
143.0533024622448 9.213543648641357
140.99215851164615 9.41107550255261
138.9310145610475 9.688572926605458
136.86987061044888 10.304290464644252
134.8087266598502 8.404637804013667
132.7475827092516 9.230433386462273
130.68643875865294 8.518749903732013
128.6252948080543 7.872239026325591
126.56415085745567 9.218034935565818
124.50300690685704 4.603963441278652
122.44186295625839 7.545964482621637
120.38071900565974 5.850910414548784
118.3195750550611 9.474756036260922
116.25843110446246 7.6591527565933815
114.19728715386381 5.325029943850404
112.13614320326518 6.593157259991925
110.07499925266654 8.361698653026927
108.0138553020679 8.209321322795295
105.95271135146926 7.459521629075034
103.89156740087061 6.919332803563052
101.83042345027198 5.687879781339723
99.76927949967333 8.193378625628153
97.70813554907468 7.346286036449551
95.64699159847605 9.06488640951666
93.5858476478774 8.525064735013153
91.52470369727877 10.607232933115261
89.46355974668013 13.466271023391263
87.40241579608148 11.03151059934792
85.34127184548285 10.61956129023358
83.28012789488419 13.162503071280291
81.21898394428555 14.95517509690486
79.1578399936869 15.362088157298299
77.09669604308827 19.457723283092548
75.03555209248964 25.028675254766867
72.97440814189099 31.368822907450365
70.91326419129236 39.29925739237396
68.85212024069371 47.06467259469764
66.79097629009507 56.04832168021309
64.72983233949644 64.24971363884762
62.66868838889779 71.14506399807429
60.60754443829915 77.30515283217154
58.54640048770051 81.0125185642991
56.48525653710187 82.67586258754022
54.424112586503234 83.8630035804072
52.362968635904586 83.87104373356514
50.301824685305945 87.90975461373044
48.24068073470731 81.52213421628707
46.17953678410867 78.93450293155622
44.11839283351003 74.99375027054707
42.05724888291139 74.29671060565099
39.99610493231275 72.10943345673924
37.93496098171411 66.3286726085943
35.87381703111547 63.60153055583697
33.812673080516824 65.2465554686651
31.751529129918186 68.97992855561677
29.690385179319545 70.5106993866093
27.629241228720904 75.20720582984764
25.568097278122263 85.21406001204241
23.50695332752362 84.1009084669089
21.44580937692498 85.63344412031887
19.38466542632634 83.91243872310994
17.3235214757277 78.6604165026506
15.26237752512906 80.87335299809104
13.201233574530418 82.04243969210297
11.140089623931777 84.62027157517073
9.078945673333138 88.86782355797354
7.017801722734496 94.39255486308537
4.956657772135855 90.68155540725637
2.8955138215372136 81.17132306732933
0.8343698709385727 69.14784714565201
-1.2267740796600681 55.18922128958474
-3.2879180302587088 39.24629943573705
-5.349061980857349 26.763573259426746
-7.410205931455989 23.338092840788796
-9.47134988205463 18.81772002086001
-11.53249383265327 16.948437490588084
-13.593637783251912 15.78597407635501
-15.654781733850552 15.58052414522577
-17.715925684449193 16.610990470478242
-19.777069635047837 16.560033625490863
-21.838213585646475 17.91643740259727
-23.899357536245116 14.437962379099089
-25.960501486843757 17.867989148192898
-28.021645437442395 18.879938409865343
-30.08278938804104 21.271938875100847
-32.14393333863968 23.651608717212774
-34.20507728923832 25.496506288430886
-36.26622123983696 30.949518112260918
-38.3273651904356 27.576184526908374
-40.38850914103424 30.326414738807628
-42.44965309163288 35.41357786143439
-44.51079704223152 35.999318476760145
-46.571940992830164 34.051361193305716
-48.633084943428806 35.46093200020118
-50.694228894027454 36.344861094199935
-52.755372844626095 36.59173705403024
-54.81651679522473 35.69868495671287
-56.87766074582337 33.83911917814008
-58.93880469642201 32.34551149456086
-60.99994864702065 31.29741473379271
-63.0610925976193 26.087982280082016
-65.12223654821794 23.05046725639452
-67.18338049881658 19.3730368315125
-69.24452444941521 17.863460727779433
-71.30566840001386 17.560420425539633
-73.3668123506125 14.440056464897669
-75.42795630121115 14.699428309890816
-77.48910025180979 12.220944831121846
-79.55024420240842 8.211752096490498
-81.61138815300707 8.559511975536061
-83.6725321036057 5.189572560997303
-85.73367605420435 3.2948941848862616
-87.79482000480299 5.515070819581176
-89.85596395540162 6.467343506776834
-91.91710790600027 5.8212124695870315
-93.9782518565989 2.5153855634883517
-96.03939580719755 2.3470957937876693
-98.10053975779618 4.924843758529994
-100.16168370839482 3.8349585987143766
-102.22282765899345 2.772922820269093
-104.2839716095921 2.176158986882313
-106.34511556019073 2.6533046243105507
-108.40625951078938 3.0141398559945176
-110.46740346138802 3.106902303076793
-112.52854741198666 2.031019282998362
-114.58969136258531 4.190399949528679
-116.65083531318395 1.6488082182027208
-118.7119792637826 2.3672757369351833
-120.77312321438123 2.47665929358432
-122.83426716497988 1.4524142808797442
-124.89541111557851 0.25248747108634695
-126.95655506617715 3.0900632628658022
-129.0176990167758 2.4447316758609543
-131.07884296737444 2.7979808753439985
-133.13998691797306 2.100742672915668
-135.20113086857174 0.5781958796112668
-137.26227481917036 3.5051582544275464
-139.323418769769 3.031773853431886
-141.38456272036763 2.5886030223987415
-143.44570667096627 3.6085366150272296
-145.50685062156492 2.615975814145566
-147.56799457216357 2.8268692540589258
-149.6291385227622 2.2580531252519718
-151.69028247336084 3.3295499307293412
-153.75142642395946 1.2933731819783205
-155.81257037455813 4.628070606766905
-157.87371432515675 1.530478642676386
-159.9348582757554 0.3735373211467409
-161.99600222635402 0.8832052457088101
-164.0571461769527 0.76887401646822
-166.11829012755132 0.9097183773042321
-168.17943407814997 -0.24194519184319918
-170.24057802874862 2.290933864258347
-172.30172197934723 0.23965832847539395
-174.3628659299459 0.9196722089133311
-176.42400988054453 1.5599837097197955
-178.48515383114318 0.5836975348198337
-180.5462977817418 0.05572906579579345
-182.60744173234045 0.10029408005030481
-184.6685856829391 2.2138049789080396
-186.72972963353774 0.01827016024944834
-188.79087358413636 0.324640079341385
-190.852017534735 1.1306795055618117
-192.91316148533366 3.431683234370737
-194.9743054359323 2.2314144169914307
-197.03544938653093 1.5644462169745887
-199.09659333712958 6.1968759182617426
-201.1577372877282 1.8857945696841567
-203.21888123832687 1.6309788576572717
-205.2800251889255 0.9316909497792173
-207.34116913952414 -0.27267571268319907
-209.4023130901228 2.4687050361386524
-211.4634570407214 1.2033931827300932
-213.52460099132009 3.1281294437394194
-215.5857449419187 -1.5126655681251848
-217.64688889251735 1.9633187010010933
-219.70803284311597 1.0913068807868915
-221.76917679371462 0.6059788205450115
-223.83032074431327 2.8720977402068733
-225.89146469491192 3.3839393485085076
-227.95260864551054 2.2554459108186653
-230.01375259610919 2.6771199433700117
-232.07489654670783 0.6165430560274824
-234.13604049730648 2.28531697870324
-236.1971844479051 0.46373745351031825
-238.25832839850375 -0.5366170785757145
-240.31947234910237 1.1582124304523815
-242.38061629970105 4.0619745632114075
-244.44176025029967 3.5337126807351686
-246.5029042008983 5.553230550809295
-248.56404815149696 1.8888966529067588
-250.62519210209558 3.4212159078915905
-252.68633605269426 3.334563160365473
-254.74748000329288 2.986422420222338
-256.8086239538915 6.047660479540365
