# BEGINHEADER
# This file contains data from the SALSA 2m radio telescope.
# DATE=2021-11-24T15:32:0054
# GLON and GLAT given in degrees
# GLON=68.8845718118529
# GLAT=0.14922144801716897
# DATA in two columns below. Col. 1 is velocity relative to LSR [km/s]. Col. 2 is uncalibrated antenna temperature [K].
# ENDHEADER
264.82609614080485 -5.8600851758993455
262.76495219020615 -12.72347537515196
260.7038082396075 -11.894151801821899
258.6426642890089 -12.57288929066582
256.5815203384102 -10.432586806551441
254.52037638781158 -12.384507970868624
252.45923243721296 -14.081299174639533
250.3980884866143 -13.261347243578163
248.3369445360157 -13.215785299741816
246.27580058541702 -12.193073873734345
244.2146566348184 -12.17193610911512
242.15351268421975 -12.879476188733346
240.09236873362113 -13.339702874623681
238.03122478302245 -13.256322721992051
235.97008083242383 -12.930897982148215
233.90893688182518 -12.614428704364931
231.84779293122656 -10.324265971383031
229.78664898062792 -12.393353883361964
227.72550503002927 -13.57203882667476
225.66436107943062 -15.009322966997244
223.60321712883197 -13.895698828757652
221.54207317823335 -12.108722131531804
219.4809292276347 -13.258416279312783
217.41978527703606 -13.23355558990455
215.3586413264374 -12.157093438998112
213.2974973758388 -11.783676614231558
211.23635342524014 -12.37468043871956
209.1752094746415 -12.347116121678642
207.11406552404284 -11.175995890295017
205.05292157344422 -14.650725360482681
202.99177762284558 -11.941992793733128
200.93063367224696 -11.303482924620964
198.86948972164828 -11.87231732130243
196.80834577104966 -13.029620070433555
194.747201820451 -13.226577333592186
192.6860578698524 -13.924428845616871
190.62491391925374 -12.069038981763443
188.5637699686551 -12.706270161861452
186.50262601805645 -13.675762996257495
184.4414820674578 -10.473599453467388
182.38033811685918 -10.877596232680665
180.31919416626053 -10.550015301119657
178.25805021566188 -11.583638222900374
176.19690626506323 -12.016378585876355
174.1357623144646 -11.97867772839008
172.07461836386597 -13.633117275316705
170.01347441326732 -10.896490754785907
167.95233046266867 -12.46619175991512
165.89118651207005 -12.939081264255265
163.8300425614714 -13.573406374106503
161.76889861087278 -10.900495937197853
159.7077546602741 -8.36898139186448
157.64661070967549 -11.501069144217423
155.58546675907684 -11.960361385686777
153.52432280847822 -11.261639694537703
151.46317885787957 -11.342604067050136
149.40203490728092 -12.166453432567641
147.34089095668227 -12.231393491326193
145.27974700608362 -11.670550862828728
143.218603055485 -12.309449207505375
141.15745910488633 -10.828675721177685
139.0963151542877 -10.598313971477378
137.03517120368906 -9.494131729023236
134.97402725309044 -12.6483250139987
132.9128833024918 -11.785662190441863
130.85173935189314 -9.275757369516173
128.7905954012945 -10.629899676434915
126.72945145069586 -11.488813062991303
124.66830750009723 -12.147922051883318
122.60716354949858 -9.065915843695214
120.54601959889995 -12.633617360082901
118.4848756483013 -13.608948497722963
116.42373169770266 -10.52106059930793
114.36258774710402 -10.168494440914008
112.30144379650538 -11.052684437783343
110.24029984590675 -12.260664114229884
108.1791558953081 -10.716110634776577
106.11801194470947 -12.598797162872117
104.05686799411082 -11.399617294403823
101.99572404351218 -12.289418974548093
99.93458009291354 -11.63038333799611
97.87343614231492 -9.738006822510979
95.81229219171627 -10.320554891574504
93.75114824111763 -9.991157344131963
91.69000429051898 -9.316193630266918
89.62886033992035 -10.63766030483427
87.5677163893217 -11.867777439731045
85.50657243872305 -9.844930174775774
83.44542848812442 -11.330138955051853
81.38428453752577 -8.960588948867562
79.32314058692714 -11.035663677977475
77.2619966363285 -11.86783247942543
75.20085268572986 -11.046714902156571
73.13970873513122 -10.542752912481928
71.07856478453257 -10.974293827622835
69.01742083393394 -9.745731367341271
66.95627688333529 -10.704974199387923
64.89513293273666 -10.952779911509014
62.83398898213802 -9.103119656386472
60.772845031539376 -11.816129257703714
58.71170108094073 -11.095688884881824
56.65055713034209 -10.343676142616447
54.58941317974345 -11.368221134819187
52.52826922914481 -10.159662335961672
50.46712527854617 -10.595821781238227
48.40598132794753 -7.469851077804433
46.34483737734889 -7.3718856322323285
44.28369342675025 -10.392990528749408
42.22254947615161 -7.634941734317059
40.161405525552965 -7.540348823697432
38.100261574954324 -7.155319131032251
36.03911762435568 -5.9124578850309835
33.97797367375704 -5.021907876992553
31.916829723158404 -0.12645010000205179
29.855685772559763 4.603052139827391
27.794541821961122 6.657416873295162
25.733397871362477 12.88636818137349
23.67225392076384 20.1492862356473
21.6111099701652 30.699230707368596
19.549966019566558 40.8168857135379
17.48882206896792 51.26184746634042
15.427678118369277 64.9945602581941
13.366534167770634 72.5601403385254
11.305390217171993 79.37657472305209
9.244246266573352 85.26049806919295
7.183102315974712 84.84957315800939
5.121958365376072 82.35029875859514
3.060814414777431 75.02052690919334
0.9996704641787901 63.86760529472627
-1.0614734864198505 55.226746959667516
-3.122617437018491 43.08535475600511
-5.183761387617132 35.05128383347192
-7.244905338215774 32.24746684807944
-9.306049288814414 25.24989186294527
-11.367193239413055 24.931084625630998
-13.428337190011694 17.129624488641248
-15.489481140610335 17.651290731575248
-17.550625091208975 13.240452401193359
-19.611769041807616 13.739118390493887
-21.672912992406257 10.706658437372157
-23.734056943004898 9.58302704640905
-25.79520089360354 7.411961255597543
-27.85634484420218 7.542310958355599
-29.91748879480082 3.0186458003720977
-31.978632745399462 -0.9845353803558464
-34.0397766959981 -1.0672664730844672
-36.10092064659674 -0.5332157897267762
-38.16206459719539 -2.4474931206770765
-40.22320854779403 -3.0082665023104633
-42.284352498392664 -1.690353046177147
-44.345496448991305 -1.2669493674759311
-46.406640399589946 -1.3308389105131262
-48.46778435018859 2.4182322058729033
-50.52892830078723 4.669868935412341
-52.59007225138587 6.151552081090689
-54.651216201984504 9.333310682764516
-56.71236015258315 11.661184133048991
-58.77350410318179 16.748507099223684
-60.834648053780434 17.979441680301424
-62.895792004379075 21.427345083623123
-64.95693595497771 22.7244965139591
-67.01807990557636 23.152948722448862
-69.079223856175 22.871061209482328
-71.14036780677364 20.433075522942254
-73.20151175737229 18.378073555448992
-75.26265570797092 18.030686891648433
-77.32379965856956 9.574320590967263
-79.3849436091682 4.428589400626392
-81.44608755976684 2.9141712902947883
-83.50723151036549 -1.8060574622911882
-85.56837546096412 -0.13555856489228363
-87.62951941156277 -3.3416501206282554
-89.6906633621614 -2.962341295930108
-91.75180731276004 -4.732690481978481
-93.81295126335868 -4.9967322253966975
-95.87409521395732 -4.74909165105863
-97.93523916455597 -5.682759050591468
-99.99638311515461 -6.87593892906438
-102.05752706575325 -4.4484027183984916
-104.11867101635191 -5.64623436602867
-106.17981496695054 -6.55483553855587
-108.2409589175492 -7.0383466458968185
-110.30210286814783 -8.02660665684004
-112.36324681874646 -7.2111167066245425
-114.42439076934511 -8.17955014139023
-116.48553471994374 -7.7837734545175925
-118.54667867054239 -7.8807636482782
-120.60782262114103 -10.037667936452772
-122.66896657173967 -9.528921730155899
-124.73011052233831 -8.386322308050966
-126.79125447293694 -10.329044594222426
-128.8523984235356 -9.321315244099132
-130.91354237413424 -9.580859150233646
-132.9746863247329 -8.524214306749185
-135.0358302753315 -7.204224531900643
-137.09697422593015 -7.061228963208711
-139.15811817652877 -8.50895684309476
-141.21926212712745 -9.537388027697295
-143.28040607772607 -11.652374463517717
-145.34155002832472 -10.019014586723747
-147.40269397892334 -6.804962816459855
-149.46383792952201 -9.816301562789544
-151.52498188012063 -8.563103039723448
-153.58612583071928 -9.963081631455989
-155.6472697813179 -8.81511112306689
-157.70841373191655 -9.583842178464646
-159.7695576825152 -8.138458561379878
-161.83070163311385 -10.342346555576414
-163.8918455837125 -8.232085400226618
-165.95298953431111 -9.760963573551155
-168.01413348490976 -7.0095216785798975
-170.0752774355084 -9.299026153036175
-172.13642138610706 -8.88792843666972
-174.19756533670568 -8.309886763690058
-176.25870928730433 -9.117093314287773
-178.31985323790298 -6.094364898742456
-180.38099718850162 -9.859046802055277
-182.44214113910024 -7.676425625432613
-184.5032850896989 -8.461914944667445
-186.5644290402975 -8.300930520421423
-188.6255729908962 -9.379189021840928
-190.6867169414948 -9.381451189066025
-192.74786089209346 -8.787368255765253
-194.80900484269208 -9.185443918864216
-196.87014879329072 -8.574071726162613
-198.93129274388937 -11.130509508534455
-200.99243669448802 -10.230024814930625
-203.05358064508667 -7.751405042055932
-205.1147245956853 -8.14213528274129
-207.17586854628394 -9.14403148484684
-209.23701249688258 -8.86027491474481
-211.29815644748123 -8.54502001219671
-213.35930039807985 -10.519817520746278
-215.4204443486785 -9.386685995461036
-217.48158829927715 -9.650935812563752
-219.5427322498758 -8.404313539313398
-221.60387620047442 -8.332761178255833
-223.66502015107307 -8.901408622360028
-225.72616410167169 -9.986332599916421
-227.78730805227036 -8.104078860000259
-229.84845200286898 -9.703839083414803
-231.90959595346763 -8.207841747760883
-233.97073990406625 -6.316785360314584
-236.0318838546649 -9.062220184044213
-238.09302780526355 -9.432452746503863
-240.1541717558622 -8.186084804718297
-242.21531570646084 -9.326084631122008
-244.27645965705946 -9.475050142490565
-246.33760360765814 -9.579047166613874
-248.39874755825676 -7.661177848183395
-250.4598915088554 -7.544714580727409
-252.52103545945403 -9.560828507275389
-254.58217941005267 -12.035863521460533
-256.6433233606513 -12.91216573405513
-258.70446731124997 -9.2849541980969
-260.7656112618486 -13.728558442598537
