# BEGINHEADER
# This file contains data from the SALSA 2m radio telescope.
# DATE=2021-11-29T15:50:0031
# GLON and GLAT given in degrees
# GLON=67.94424414946815
# GLAT=12.117389168152933
# DATA in two columns below. Col. 1 is velocity relative to LSR [km/s]. Col. 2 is uncalibrated antenna temperature [K].
# ENDHEADER
272.07116952203376 -1.0337318789271135
270.01002557143516 -1.3864666676587676
267.9488816208365 -1.9018308175505079
265.88773767023787 -0.3714682750760682
263.8265937196392 1.5018564596514914
261.7654497690406 -0.33829627115045474
259.7043058184419 -0.7886420900983874
257.64316186784333 0.7171269715363299
255.58201791724468 2.5757505025160246
253.520873966646 0.8153996631101564
251.45973001604736 -2.4589911490872542
249.39858606544874 0.45220852192090605
247.3374421148501 1.0816639396187757
245.27629816425147 2.1094853424905553
243.2151542136528 1.201780720598922
241.15401026305418 0.26575496968806583
239.09286631245553 0.3404929501717379
237.0317223618569 2.6881243372618373
234.97057841125826 1.1736203056731564
232.9094344606596 1.8495525743673311
230.84829051006096 1.309959767463407
228.78714655946234 0.528874224326017
226.7260026088637 -1.5190549337144545
224.66485865826505 -3.5958286370535424
222.6037147076664 2.6369898271234793
220.54257075706778 -1.1041883336144827
218.48142680646913 1.9162512038313495
216.4202828558705 2.0712157539388656
214.35913890527183 1.7488430431538315
212.2979949546732 0.5488211775858641
210.23685100407457 -0.007517354176748392
208.17570705347592 1.193347163321955
206.1145631028773 -0.14319731910818015
204.05341915227862 0.218182281505823
201.99227520168 1.6734748451490695
199.93113125108135 -0.9813519449090724
197.86998730048273 0.6418897973347137
195.80884334988406 1.491544362594774
193.74769939928544 0.8092034385292464
191.6865554486868 1.0735834457090294
189.62541149808817 1.7207748437669619
187.56426754748952 -0.42879203036517266
185.50312359689087 0.45832831304400606
183.44197964629222 2.280029280640494
181.3808356956936 1.983539743803339
179.31969174509496 -1.6489036165502615
177.25854779449634 1.4873362547279354
175.19740384389766 1.1244754499615337
173.136259893299 1.3945118255792104
171.0751159427004 2.032619779413858
169.01397199210174 3.247214182514962
166.9528280415031 1.4139775725222343
164.89168409090445 0.7683486961154143
162.83054014030583 0.33365931860548703
160.76939618970718 2.45718461988633
158.70825223910856 0.17401400656793115
156.64710828850988 0.7713300558688893
154.58596433791126 1.2836181053228481
152.52482038731262 0.49108574068745425
150.463676436714 1.8317812656874561
148.40253248611535 1.625418650401842
146.3413885355167 1.4701375772294327
144.28024458491805 -0.017179399862717874
142.21910063431943 0.38895771427809134
140.15795668372078 1.7922964777517247
138.09681273312216 2.087778777406139
136.0356687825235 -0.29629476974578345
133.97452483192484 2.691991492917671
131.91338088132622 0.9885337897735291
129.85223693072757 0.4418456686078564
127.79109298012894 2.177295332265207
125.72994902953029 2.3289208020957366
123.66880507893165 1.3226905713071497
121.60766112833302 0.384843384614819
119.54651717773437 0.9197130861907531
117.48537322713574 1.3572674081369078
115.42422927653708 -0.08736537133883814
113.36308532593844 1.3134776395624739
111.30194137533981 -1.0013226975099085
109.24079742474116 -0.8936328363158635
107.17965347414253 0.782993728968169
105.11850952354388 -0.28072608570264657
103.05736557294524 0.849226139542496
100.9962216223466 0.1123437348368833
98.93507767174796 -0.7688288048916911
96.87393372114933 -0.10258314494355
94.81278977055068 -0.7303100938012476
92.75164581995205 0.21487567687626824
90.6905018693534 0.06891532598351621
88.62935791875476 -2.2571938878229836
86.56821396815612 -2.210424991211102
84.50707001755748 -1.281377034670048
82.44592606695885 1.0492202305870493
80.3847821163602 -0.876997294851841
78.32363816576157 0.4727642996773403
76.2624942151629 -1.831788348805934
74.20135026456427 0.2600258425847357
72.14020631396562 3.094791536569633
70.07906236336699 -0.9696592387403136
68.01791841276835 -1.0142839965862116
65.9567744621697 -1.5724326856631143
63.89563051157106 -1.2933478551017992
61.83448656097243 -2.2190040116579253
59.77334261037379 -0.6838977956966905
57.71219865977515 -1.1541896865072125
55.651054709176506 -1.125905708543708
53.589910758577865 -0.4830016450999005
51.528766807979224 -1.2843949380079327
49.467622857380576 -0.6249170625937693
47.406478906781935 -2.081679464515084
45.345334956183294 0.28570460941415277
43.28419100558465 1.3236746861664992
41.22304705498601 -1.687984094581341
39.16190310438737 2.636390726366823
37.10075915378874 3.527214223786293
35.039615203190095 3.050902473276943
32.978471252591454 2.419777940916247
30.91732730199281 2.545391299384685
28.85618335139417 4.763472407993537
26.79503940079553 6.465859195478603
24.733895450196886 6.633816284484925
22.672751499598245 12.254323580370075
20.611607548999608 10.087986820308108
18.550463598400967 11.39395283347593
16.489319647802326 15.728153727877586
14.428175697203685 17.97390403538128
12.367031746605043 20.76690204168914
10.305887796006404 22.991638443659102
8.244743845407763 27.637485914153718
6.183599894809122 29.044486236418734
4.122455944210481 33.00519981450518
2.0613119936118407 33.3300472692266
0.00016804301319970014 27.887033247333925
-2.060975907585441 22.769783148029838
-4.122119858184082 16.657516137395596
-6.183263808782723 15.1913038039678
-8.244407759381364 13.024501263800301
-10.305551709980003 10.308848830514822
-12.366695660578644 8.292684818196156
-14.427839611177287 5.018162769382876
-16.488983561775928 5.687036482133948
-18.55012751237457 3.6413630267816006
-20.611271462973207 2.7936428323600073
-22.672415413571848 1.1934778929147976
-24.733559364170493 1.8165898034768493
-26.794703314769134 -1.3150216461339306
-28.85584726536777 0.21162258616791874
-30.916991215966412 -0.005351249995609597
-32.97813516656505 -0.8583398566105577
-35.039279117163694 0.40191627046734973
-37.100423067762335 -1.1330352935909218
-39.16156701836098 -2.6477063659991207
-41.22271096895962 0.22233801683901827
-43.28385491955826 -0.6992147083176128
-45.34499887015689 -1.6897224962166226
-47.40614282075554 -0.7810125528791791
-49.46728677135418 -1.3021394513951439
-51.528430721952816 -2.301118020650589
-53.58957467255146 1.7331321500425567
-55.6507186231501 0.14432065059766133
-57.71186257374874 1.8178552759776736
-59.77300652434738 0.7589646273762348
-61.834150474946014 -1.2466847121395896
-63.895294425544655 -2.029231849719569
-65.9564383761433 1.3553732271309402
-68.01758232674194 1.5003677026079802
-70.07872627734058 1.0895823912703613
-72.13987022793921 -1.2723223437296851
-74.20101417853786 -1.1457841239724273
-76.2621581291365 -0.7076978732120304
-78.32330207973516 -0.5251061158970233
-80.38444603033379 0.2671257194370002
-82.44558998093243 -0.3878181279685652
-84.50673393153107 -1.4094521284692954
-86.56787788212971 1.6961068619792417
-88.62902183272836 0.07786541122440947
-90.69016578332699 -2.869782834609394
-92.75130973392564 -0.1783457985500478
-94.81245368452427 0.26978878137834256
-96.8735976351229 -2.080771309954336
-98.93474158572155 -0.7691013887397271
-100.99588553632019 -1.1028012165440653
-103.05702948691884 -1.9620635744014439
-105.11817343751747 -0.8290794132840511
-107.17931738811612 -3.81033893313003
-109.24046133871475 -2.5176773619872956
-111.30160528931339 -1.9182166353345866
-113.36274923991203 -4.235830729166994
-115.42389319051067 -4.2395837904986
-117.48503714110933 -2.7599607689081225
-119.54618109170796 -2.808013694963737
-121.60732504230661 -2.634531248486134
-123.66846899290525 -3.238543844056403
-125.72961294350388 -3.7657947532595513
-127.79075689410253 -7.964100892863635
-129.85190084470116 -4.0552308338732495
-131.91304479529978 -4.691222302674273
-133.97418874589846 -0.4415887468109463
-136.0353326964971 -1.3315700628695537
-138.09647664709573 -5.216444207341499
-140.15762059769438 -4.688135767710802
-142.218764548293 -4.248085271921096
-144.27990849889167 -2.6268272076781463
-146.3410524494903 -3.071342889038628
-148.40219640008894 -5.3470737129927945
-150.46334035068756 -5.235120068184395
-152.5244843012862 -4.918868108156688
-154.58562825188486 -5.200935587413943
-156.6467722024835 -5.59030972597652
-158.70791615308212 -3.1582756990741725
-160.76906010368077 -2.389535594177983
-162.83020405427942 -4.9215504319663355
-164.89134800487807 -2.059499154215837
-166.9524919554767 -5.141173722432867
-169.01363590607534 -6.348830235466867
-171.07477985667396 -4.4419739403352825
-173.13592380727263 -4.370220524554409
-175.19706775787128 -5.993387533444132
-177.2582117084699 -6.5434935682378
-179.31935565906855 -3.455074400759101
-181.38049960966717 -4.105606437782834
-183.44164356026585 -4.205973733439456
-185.50278751086447 -3.991001132291413
-187.5639314614631 -4.28657967133818
-189.62507541206173 -3.934044171601034
-191.6862193626604 -3.351542758513891
-193.74736331325903 -4.393360451287307
-195.80850726385768 -3.689039205116477
-197.8696512144563 -6.307973552772601
-199.93079516505495 -6.503216641496755
-201.9919391156536 -5.5688393780214245
-204.05308306625224 -3.965888758976279
-206.11422701685086 -5.632848186505282
-208.1753709674495 -5.624213345015144
-210.23651491804813 -4.339529870067032
-212.2976588686468 -4.7914786661177065
-214.35880281924545 -5.789922945604401
-216.41994676984407 -5.959387732181147
-218.48109072044272 -4.524583831281525
-220.54223467104134 -5.239031319881064
-222.60337862164002 -4.365903847490678
-224.66452257223864 -5.745939415023886
-226.7256665228373 -2.701553228426227
-228.7868104734359 -3.274064091608943
-230.84795442403458 -4.777522698762589
-232.9090983746332 -6.1958991126587755
-234.97024232523185 -3.8828964180131766
-237.03138627583047 -4.972874264229824
-239.09253022642912 -3.5442958807601728
-241.15367417702777 -4.951414998651429
-243.21481812762642 -4.11142346988103
-245.27596207822504 -4.9271185432091364
-247.33710602882368 -2.0267899667409353
-249.3982499794223 -4.522363995066718
-251.45939393002098 -4.68031737502624
-253.52053788061963 -4.3835668722047725
