# BEGINHEADER
# This file contains data from the SALSA 2m radio telescope.
# DATE=2021-11-25T16:31:0014
# GLON and GLAT given in degrees
# GLON=74.25645740621492
# GLAT=-8.204975225423293
# DATA in two columns below. Col. 1 is velocity relative to LSR [km/s]. Col. 2 is uncalibrated antenna temperature [K].
# ENDHEADER
260.5586784514902 2.114460665015138
258.49753450089156 6.44282708733432
256.4363905502929 3.9515489609197783
254.3752465996943 5.029387210503091
252.31410264909564 5.024404634950337
250.252958698497 6.845509354466986
248.19181474789835 5.611210593193796
246.13067079729973 4.88381019719429
244.06952684670108 5.931971222340689
242.00838289610243 4.5857693232131025
239.94723894550378 4.975847997562993
237.88609499490514 5.060712856327299
235.82495104430652 6.192897343941051
233.76380709370787 6.853096307812535
231.70266314310925 5.722926804644704
229.64151919251057 6.380789950425283
227.58037524191195 7.112550467769825
225.5192312913133 7.998812791169087
223.45808734071468 7.678157161877363
221.396943390116 6.098400219807088
219.3357994395174 6.130943052407958
217.27465548891874 6.552291251724902
215.21351153832012 5.165962976286899
213.15236758772147 7.068414120945226
211.09122363712282 8.52157011049974
209.03007968652418 7.9444267765471235
206.96893573592556 5.311694648512079
204.9077917853269 6.204460942096441
202.84664783472826 7.603409709263335
200.7855038841296 6.67038163166222
198.72435993353096 3.262164219230971
196.66321598293237 7.406826455788833
194.6020720323337 8.030677864073928
192.54092808173507 7.878614006428812
190.47978413113643 5.566271164132626
188.4186401805378 6.035892041695751
186.35749622993916 9.23201403765067
184.2963522793405 7.661254294772603
182.23520832874186 8.139536342031441
180.17406437814324 6.694121192330124
178.1129204275446 6.749916019890107
176.05177647694597 6.049142113189969
173.9906325263473 8.091364783428975
171.92948857574868 6.241817925467868
169.86834462515003 6.0380055775736
167.8072006745514 9.057027992183738
165.74605672395273 8.913348322417994
163.68491277335409 6.370792278883571
161.62376882275547 7.522202497559879
159.56262487215682 8.210916861798655
157.5014809215582 7.506605230848581
155.44033697095952 7.980923949179217
153.3791930203609 8.668763678777514
151.31804906976225 7.739871795799455
149.25690511916363 8.225254082960145
147.19576116856499 7.740505130905111
145.13461721796634 7.184803917241112
143.0734732673677 8.214946999583908
141.01232931676907 6.487809995478037
138.95118536617042 6.281231746701852
136.89004141557177 7.112234577673541
134.82889746497312 6.8245501328711775
132.7677535143745 7.6873320486550725
130.70660956377586 7.874022635454586
128.6454656131772 7.544765019169915
126.58432166257857 9.11015939053903
124.52317771197993 7.720419695746801
122.46203376138129 7.358421001796734
120.40088981078266 7.816968077270518
118.33974586018401 7.3531906761430506
116.27860190958538 7.971785907066417
114.21745795898673 6.208852653949887
112.1563140083881 6.556980123291987
110.09517005778945 6.140350568071854
108.03402610719081 6.673508253426708
105.97288215659216 7.262779995975432
103.91173820599352 8.916441986134902
101.85059425539488 8.863732162518227
99.78945030479623 7.712747256509526
97.7283063541976 8.643310653592538
95.66716240359895 6.457416801252719
93.60601845300032 7.058424627963938
91.54487450240168 7.822036607357038
89.48373055180303 7.227547040878544
87.4225866012044 6.375200728014385
85.36144265060575 8.842434921090508
83.30029870000712 7.308019624826608
81.23915474940847 6.544265306384291
79.17801079880984 7.347612407504017
77.1168668482112 6.982277597368595
75.05572289761255 7.638906497226631
72.99457894701392 8.30416899448638
70.93343499641527 6.8372923055024755
68.87229104581664 7.458351827307983
66.81114709521798 6.461564119236644
64.75000314461934 6.583585266090237
62.68885919402071 6.643114789948308
60.62771524342207 6.667350653677014
58.566571292823426 7.725666185218997
56.505427342224785 6.5688820558737975
54.44428339162614 6.275919101082868
52.3831394410275 7.3862000861098505
50.32199549042886 6.822072430406132
48.26085153983022 5.503486790585669
46.19970758923158 8.464177931749948
44.138563638632945 6.846605616196003
42.077419688034304 7.185070047805505
40.01627573743566 8.063541319061953
37.955131786837015 5.955843001323611
35.893987836238374 6.311467741929316
33.83284388563973 7.556972775738598
31.771699935041095 9.114652312961294
29.710555984442454 9.79597735462281
27.649412033843817 12.545437481441937
25.588268083245175 13.727189164703946
23.527124132646527 14.990847852030733
21.46598018204789 18.517188044234956
19.40483623144925 21.477137015335185
17.343692280850608 29.580307987418337
15.282548330251966 38.31619800817717
13.221404379653327 49.36617545516919
11.160260429054686 61.45389387306058
9.099116478456047 71.5047969207651
7.037972527857406 77.17640461322034
4.976828577258764 77.6811056960818
2.915684626660123 72.16621254252318
0.8545406760614822 68.8702365968611
-1.2066032745371587 60.391293174449224
-3.2677472251357997 48.61521743191201
-5.328891175734441 45.081461840664986
-7.39003512633308 39.25050279467423
-9.451179076931721 34.47131942562963
-11.512323027530362 31.173228876963872
-13.573466978129003 25.859582332371264
-15.634610928727644 22.453501382096967
-17.695754879326287 19.024234868624436
-19.756898829924925 19.020890673831033
-21.818042780523566 17.54220843869603
-23.87918673112221 15.060496923370883
-25.940330681720848 16.010083171344498
-28.001474632319486 14.917339663738291
-30.062618582918127 12.413657284380436
-32.12376253351677 13.768512352944914
-34.18490648411541 11.83606833714176
-36.24605043471405 12.268895032970065
-38.30719438531269 12.063186302122142
-40.36833833591133 12.069056671967251
-42.42948228650997 14.234618618318219
-44.490626237108614 10.613116357681744
-46.551770187707255 12.168720038854287
-48.6129141383059 11.990843387519805
-50.67405808890454 10.93198293789896
-52.73520203950317 10.159105044047086
-54.79634599010181 9.713986628134803
-56.857489940700454 11.771472005625002
-58.9186338912991 10.37626985685879
-60.97977784189774 11.451322422505728
-63.040921792496384 12.044120337724834
-65.10206574309503 11.613838440024757
-67.16320969369366 11.724608952284527
-69.22435364429231 13.275604973633998
-71.28549759489094 13.116565279682236
-73.34664154548958 12.331444194869338
-75.40778549608822 11.41375972863026
-77.46892944668686 10.353658225843535
-79.5300733972855 11.786903479734239
-81.59121734788414 11.52324525412037
-83.65236129848279 9.427178359832327
-85.71350524908142 9.252458892209315
-87.77464919968007 8.581429011247367
-89.83579315027872 7.298247047298864
-91.89693710087735 9.02928377421096
-93.958081051476 5.987886459984389
-96.01922500207463 7.357418417846054
-98.08036895267328 4.621522009926093
-100.14151290327192 5.010931375566504
-102.20265685387055 4.706272209198012
-104.2638008044692 3.2966361635053945
-106.32494475506783 4.4032288140624285
-108.38608870566648 4.319319586212222
-110.44723265626511 3.4192334708462973
-112.50837660686376 3.6389510807034564
-114.5695205574624 3.695220623067912
-116.63066450806103 3.0811796906401825
-118.69180845865968 3.297246098250912
-120.75295240925831 3.531050387799947
-122.81409635985696 2.8142741688636423
-124.8752403104556 4.440873756704905
-126.93638426105426 3.789924981991225
-128.99752821165288 2.372219350846696
-131.05867216225153 3.948569171638282
-133.11981611285015 5.071416898121708
-135.18096006344882 1.793108691026989
-137.24210401404744 1.9152634616076094
-139.3032479646461 1.8208453537845417
-141.3643919152447 3.131723738901351
-143.42553586584336 3.3968369635389464
-145.48667981644203 3.0896232886865507
-147.54782376704065 3.494963889467592
-149.6089677176393 3.5108890742511147
-151.67011166823792 2.6948504094947476
-153.7312556188366 2.535163762604105
-155.79239956943522 0.43360136435266594
-157.85354352003387 2.1253951529003485
-159.9146874706325 2.482179001703578
-161.97583142123113 2.1402322686763724
-164.03697537182978 3.4504836023119525
-166.09811932242843 2.036267421807928
-168.15926327302705 1.0606389742721856
-170.2204072236257 1.445861744280701
-172.28155117422432 0.9888118314549055
-174.342695124823 1.7238916587781679
-176.40383907542162 1.1486604538116423
-178.46498302602026 0.839135158268226
-180.52612697661888 1.891592356783459
-182.58727092721756 3.0696514954843943
-184.6484148778162 1.8896140979646299
-186.70955882841483 2.2763870796142816
-188.77070277901348 0.49093595733473705
-190.8318467296121 1.5910194917298948
-192.89299068021077 1.328419102539557
-194.9541346308094 1.1636546458696528
-197.01527858140804 2.852560159998894
-199.0764225320067 1.904368986231464
-201.13756648260534 2.09440716894769
-203.19871043320396 2.595189054851934
-205.25985438380263 1.3980124018410844
-207.32099833440125 2.2208717647440404
-209.3821422849999 0.6445450078974283
-211.44328623559852 2.3000871058640655
-213.50443018619717 1.6849083285591175
-215.56557413679582 2.130119017813307
-217.62671808739447 2.2204417603663567
-219.68786203799309 2.0428910506852263
-221.74900598859173 2.8472655282617914
-223.8101499391904 1.612789944705704
-225.87129388978903 -0.5703356407539613
-227.93243784038768 2.04490292948031
-229.9935817909863 1.464204857713373
-232.05472574158495 1.217336372510908
-234.1158696921836 2.4533363713827168
-236.17701364278224 0.8931913107093784
-238.23815759338086 -0.38049766119106726
-240.2993015439795 1.5803065447787672
-242.36044549457813 0.43289998016005027
-244.4215894451768 1.5936487962752521
-246.48273339577543 1.4498541660601365
-248.54387734637407 -0.45619581277920335
-250.6050212969727 2.266627538508752
-252.66616524757134 2.1318562452684002
-254.72730919817 2.3706054709033832
-256.7884531487686 2.35772561290248
-258.84959709936726 2.8282677784291352
-260.9107410499659 1.7759094896139542
-262.97188500056455 2.2612936315269203
-265.0330289511632 3.531618058735392
