# BEGINHEADER
# This file contains data from the SALSA 2m radio telescope.
# DATE=2021-11-24T15:30:0027
# GLON and GLAT given in degrees
# GLON=56.88957542060591
# GLAT=0.15474923684096314
# DATA in two columns below. Col. 1 is velocity relative to LSR [km/s]. Col. 2 is uncalibrated antenna temperature [K].
# ENDHEADER
264.3854989957956 -5.755851351030198
262.32435504519697 -8.631613612187735
260.2632110945983 -12.982033133326953
258.20206714399967 -11.26134135791737
256.1409231934011 -12.635487371556838
254.0797792428024 -11.921774278841866
252.01863529220375 -8.402396287749768
249.9574913416051 -12.136095526586143
247.8963473910065 -9.33710743678319
245.83520344040784 -12.902015923589126
243.7740594898092 -12.639867164273799
241.71291553921054 -10.34888508967092
239.65177158861192 -12.685708672253455
237.59062763801327 -10.998965047871781
235.52948368741465 -11.05338000593033
233.46833973681598 -11.695352808605152
231.40719578621736 -9.883444969598672
229.3460518356187 -14.519105084079825
227.2849078850201 -12.94451901469184
225.22376393442144 -11.087581284007037
223.1626199838228 -13.249369567521269
221.10147603322415 -9.873272199591044
219.04033208262553 -10.605882199891205
216.97918813202688 -11.01124045609363
214.9180441814282 -10.739471864511097
212.85690023082958 -11.339281219772793
210.79575628023093 -11.908097735259432
208.7346123296323 -10.8147572931958
206.67346837903366 -10.91409912163778
204.61232442843502 -12.59523236977097
202.55118047783637 -11.205780588122304
200.49003652723775 -11.042994692763463
198.4288925766391 -12.871065668479877
196.36774862604048 -9.984053612755442
194.30660467544183 -11.118639384028441
192.2454607248432 -12.715885168351006
190.18431677424456 -12.932192576553167
188.12317282364592 -10.194370031293364
186.06202887304727 -9.817786236188546
184.00088492244865 -10.817460661622738
181.93974097185 -10.449178636266108
179.87859702125138 -12.077285450162892
177.8174530706527 -13.78296341432278
175.75630912005406 -12.255305587042795
173.69516516945544 -10.533759753036241
171.6340212188568 -12.487038945600629
169.57287726825817 -12.638540229964665
167.5117333176595 -9.115595171880152
165.45058936706087 -9.624866962119517
163.38944541646222 -10.31055859641516
161.3283014658636 -10.128896057689456
159.26715751526493 -9.27146009749968
157.2060135646663 -11.568188750502395
155.14486961406766 -10.32990271155615
153.08372566346904 -11.128345164089378
151.0225817128704 -10.987669748882265
148.96143776227174 -9.62841496281524
146.9002938116731 -8.640962344830285
144.83914986107447 -9.322583472998337
142.77800591047583 -11.085015574316115
140.7168619598772 -8.597951329147595
138.65571800927853 -11.97208071692339
136.59457405867988 -9.575030541379318
134.53343010808126 -12.132088075504175
132.4722861574826 -10.965387395857213
130.41114220688397 -11.834834478642229
128.34999825628535 -8.369339415450245
126.2888543056867 -10.040302233003915
124.22771035508806 -9.748033416146752
122.16656640448942 -9.517428366136592
120.10542245389078 -11.136827798854135
118.04427850329212 -10.98074172291695
115.98313455269349 -9.199020641581775
113.92199060209485 -11.040813600756186
111.8608466514962 -10.147768111506158
109.79970270089757 -9.966321218598246
107.73855875029892 -10.894319143319894
105.67741479970029 -8.585416437093807
103.61627084910164 -9.42912395569672
101.555126898503 -7.326075887064003
99.49398294790437 -11.149157398688395
97.43283899730571 -9.669020048725445
95.37169504670707 -10.063399829902393
93.31055109610844 -10.708940527357141
91.24940714550979 -8.970132544259311
89.18826319491116 -10.58300531214578
87.12711924431251 -9.300815002366896
85.06597529371388 -11.074471280403253
83.00483134311523 -8.315457233744878
80.9436873925166 -9.970857748939872
78.88254344191795 -10.532123461717594
76.8213994913193 -8.950507453674495
74.76025554072066 -9.132820867433601
72.69911159012202 -7.505967848149888
70.63796763952338 -8.287938441299932
68.57682368892473 -7.062649907542987
66.5156797383261 -4.2139077750676845
64.45453578772747 -4.206801744773367
62.39339183712882 -1.1024940222600117
60.33224788653018 -1.0628307441587979
58.27110393593154 3.0858966233647926
56.2099599853329 5.1043224514957375
54.14881603473426 6.939208099211073
52.08767208413562 11.611156620464666
50.02652813353697 15.639830615234239
47.96538418293834 17.211804325688064
45.904240232339696 20.236203762387213
43.843096281741055 23.78938126212061
41.78195233114242 29.660226991021197
39.72080838054378 34.16760949356407
37.65966442994514 33.35726955915993
35.5985204793465 39.12511100403833
33.537376528747856 38.2749367752124
31.476232578149215 41.68911236958051
29.415088627550574 42.7391411603139
27.353944676951933 41.57300913480361
25.292800726353292 45.128014028204056
23.23165677575465 47.95326570387708
21.17051282515601 47.426835149395934
19.109368874557372 47.25516519741383
17.04822492395873 46.7954500406494
14.987080973360088 48.52969762188974
12.925937022761447 53.917521216178955
10.864793072162806 58.48381542421406
8.803649121564163 59.92766466617891
6.742505170965524 53.8689905754654
4.681361220366883 45.1064061505222
2.620217269768242 39.077886403956406
0.5590733191696015 33.726238888200676
-1.5020706314290395 31.158711801574377
-3.5632145820276806 25.74477673503195
-5.624358532626321 19.968478262766393
-7.685502483224962 15.86187643049977
-9.746646433823603 13.834170001139118
-11.807790384422244 9.988496824889879
-13.868934335020882 10.14092420620108
-15.930078285619524 6.573105038034273
-17.991222236218164 4.189673258975159
-20.052366186816805 -0.09522054998119961
-22.11351013741545 0.6323526703266704
-24.174654088014087 1.0706714614800894
-26.235798038612728 -3.1013612600813882
-28.29694198921137 -0.5366303122826223
-30.358085939810007 -1.7443895917537071
-32.41922989040865 -0.861674610679167
-34.48037384100729 0.15952201497608529
-36.54151779160593 2.027025043216517
-38.602661742204575 0.9881352753109769
-40.66380569280321 2.1212664518842774
-42.72494964340185 3.6856017842930466
-44.78609359400049 3.5143710001115283
-46.84723754459914 6.925916165684383
-48.90838149519778 8.958144261444536
-50.96952544579642 9.78644420421515
-53.03066939639506 8.973386606219774
-55.0918133469937 13.77991591405768
-57.152957297592344 14.01787414075773
-59.214101248190985 17.26520310197162
-61.27524519878963 14.212101141049018
-63.33638914938827 16.36655746853949
-65.3975330999869 11.897934525461517
-67.45867705058555 11.087567117019374
-69.51982100118418 8.80207231030409
-71.58096495178282 5.936347954366334
-73.64210890238147 4.236201650340043
-75.70325285298011 0.4416188696013042
-77.76439680357876 3.6847064429409886
-79.8255407541774 -2.5860566069464146
-81.88668470477604 0.27268945237325615
-83.94782865537468 -1.0653209333783378
-86.00897260597331 -2.1098575391894068
-88.07011655657196 -5.65397960093837
-90.1312605071706 -6.387136750766426
-92.19240445776924 -3.6663949123914796
-94.25354840836788 -7.064819424406402
-96.31469235896652 -3.54575180949166
-98.37583630956516 -6.3087574749379085
-100.43698026016379 -7.760503872180959
-102.49812421076243 -5.188922434645669
-104.55926816136108 -8.509670911039716
-106.62041211195971 -4.679435130182796
-108.68155606255834 -6.483105874210839
-110.74270001315699 -9.259841667615351
-112.80384396375563 -7.984360407422082
-114.86498791435429 -7.220780645568682
-116.92613186495292 -8.781923873313495
-118.98727581555156 -8.560746086280927
-121.0484197661502 -8.565495494596965
-123.10956371674884 -7.01822595506967
-125.17070766734749 -7.744276612157581
-127.23185161794612 -7.3918981889245075
-129.29299556854477 -8.111195148182945
-131.35413951914342 -8.421612114697044
-133.41528346974206 -7.588865281215279
-135.47642742034068 -8.041892578476366
-137.53757137093933 -8.349925128351998
-139.59871532153795 -8.102187705520176
-141.65985927213663 -7.201523270067462
-143.72100322273525 -6.433176923690831
-145.7821471733339 -7.919544492831188
-147.84329112393252 -8.334474903628383
-149.90443507453116 -7.794109313052497
-151.9655790251298 -8.2113445565127
-154.02672297572846 -7.989018812874125
-156.08786692632708 -9.463550833740127
-158.14901087692573 -6.315034045181072
-160.21015482752438 -8.251503178677995
-162.27129877812303 -8.655374264990147
-164.33244272872165 -8.538102080206475
-166.3935866793203 -5.87336409254901
-168.4547306299189 -7.742683231887684
-170.5158745805176 -8.596587464521777
-172.57701853111624 -6.713507095475978
-174.63816248171486 -8.05932063066407
-176.6993064323135 -8.459306676112604
-178.76045038291213 -8.700727201483751
-180.8215943335108 -8.632685733889428
-182.88273828410942 -8.896746805890501
-184.94388223470807 -8.632135448029446
-187.0050261853067 -7.6426015293865
-189.06617013590534 -8.219272480106632
-191.127314086504 -6.303258038205165
-193.18845803710263 -6.142897533541607
-195.24960198770125 -6.828537368387329
-197.3107459382999 -8.64232092640027
-199.37188988889855 -8.97162177838486
-201.43303383949723 -9.110691715902197
-203.49417779009585 -6.708793276462777
-205.5553217406945 -6.995152615232695
-207.61646569129312 -8.07460205567081
-209.67760964189176 -6.127788224043368
-211.73875359249044 -6.334986705733071
-213.79989754308906 -8.758802286835465
-215.8610414936877 -7.997066140613092
-217.92218544428633 -7.9022976375186795
-219.98332939488498 -6.448097779978148
-222.04447334548362 -6.94825739689653
-224.10561729608227 -8.478348273603403
-226.1667612466809 -9.349598052801209
-228.22790519727954 -7.510572342007059
-230.28904914787816 -9.151992063543794
-232.35019309847684 -8.986841432539368
-234.41133704907546 -10.073772853088636
-236.4724809996741 -8.813717399319755
-238.53362495027272 -7.744769591543885
-240.5947689008714 -6.255826923433808
-242.65591285147002 -8.472227831510367
-244.71705680206867 -8.599599006592744
-246.7782007526673 -8.045449980357018
-248.83934470326594 -8.030240027603192
-250.9004886538646 -8.879084864192752
-252.96163260446323 -11.193503970114602
-255.02277655506188 -8.856778531021424
-257.0839205056605 -7.854503461241962
-259.14506445625915 -9.879906250663195
-261.2062084068578 -10.306956755623428
