# BEGINHEADER
# This file contains data from the SALSA 2m radio telescope.
# DATE=2021-11-25T17:27:0002
# GLON and GLAT given in degrees
# GLON=111.83828781267762
# GLAT=-6.091578463418643
# DATA in two columns below. Col. 1 is velocity relative to LSR [km/s]. Col. 2 is uncalibrated antenna temperature [K].
# ENDHEADER
262.7160696332455 2.996619190610621
260.6549256826469 7.658828432980938
258.5937817320482 7.130889616865581
256.5326377814496 8.148867989047767
254.47149383085096 6.989378219518245
252.4103498802523 7.45263146171548
250.34920592965366 7.112170227319756
248.28806197905504 7.875056597815655
246.2269180284564 7.455488835942046
244.16577407785772 9.72210124888216
242.1046301272591 7.048678718039961
240.04348617666045 8.863988747790245
237.98234222606183 8.631308638052309
235.92119827546318 8.55688375312679
233.86005432486454 10.059524561686851
231.7989103742659 8.328681790029055
229.73776642366727 9.69243378749268
227.67662247306862 8.959598928643196
225.61547852247 10.870431985418074
223.55433457187132 10.823769219687872
221.4931906212727 9.753186729647028
219.43204667067405 9.494726074933293
217.37090272007543 7.449082162363219
215.3097587694768 9.778891633108012
213.24861481887814 9.688785822406826
211.1874708682795 9.707065036338808
209.12632691768087 9.097054296559447
207.06518296708222 10.423101196010936
205.00403901648355 9.346134529384551
202.94289506588493 10.439385524193789
200.88175111528628 10.458057527119228
198.82060716468766 9.472331063229078
196.759463214089 9.453759688691513
194.69831926349036 9.50574148023137
192.6371753128917 9.507797559326926
190.5760313622931 11.793490476159375
188.51488741169445 8.834731758419629
186.45374346109583 8.668610207392506
184.39259951049715 10.560543909988029
182.33145555989853 10.103038108056962
180.27031160929988 10.692068882266206
178.20916765870126 10.38193182288454
176.14802370810258 11.05248200054311
174.08687975750397 11.158931521399138
172.02573580690532 11.159021025656651
169.9645918563067 10.406459596684456
167.90344790570805 11.15621109140728
165.84230395510937 10.754496288554936
163.78116000451075 10.11754570292109
161.7200160539121 10.379975596422343
159.65887210331348 9.033465415777002
157.59772815271484 10.478205522717499
155.5365842021162 10.003657042071556
153.47544025151754 10.888541367592863
151.41429630091892 9.713949242841716
149.35315235032027 9.537301674120334
147.29200839972162 8.972724693035106
145.23086444912298 10.361743440913
143.16972049852436 10.616692418023726
141.1085765479257 11.345597779327782
139.0474325973271 11.196273505538846
136.9862886467284 9.482224145464926
134.9251446961298 9.21917783813348
132.86400074553114 9.352566919755981
130.80285679493252 9.629615077134247
128.74171284433388 10.170044267936369
126.68056889373523 8.406366232050773
124.61942494313658 9.650754367239902
122.55828099253795 11.646393925861402
120.4971370419393 9.404792199829469
118.43599309134066 9.323396036419393
116.37484914074203 8.500537576799305
114.31370519014338 9.850790473846557
112.25256123954475 10.26848795724621
110.1914172889461 9.784658459412022
108.13027333834745 8.327740032499488
106.0691293877488 9.06418119140781
104.00798543715017 9.92847897521261
101.94684148655153 10.393568755628587
99.88569753595289 9.94410060692938
97.82455358535427 9.560662494353426
95.76340963475562 9.245836929399418
93.70226568415698 8.702655901652175
91.64112173355834 10.238430579131503
89.5799777829597 11.041010460881092
87.51883383236105 11.257352832274208
85.45768988176242 9.623983448733153
83.39654593116379 8.678750182568326
81.33540198056514 9.875069770838305
79.2742580299665 8.463224603538748
77.21311407936786 10.86727395582882
75.15197012876922 10.43957526901591
73.09082617817057 8.14059373294432
71.02968222757194 9.43724185870576
68.9685382769733 8.67498873008683
66.90739432637464 8.59654067322846
64.84625037577601 10.226164042544132
62.785106425177375 9.78951753548251
60.723962474578734 7.264811924210722
58.662818523980086 10.443398394768021
56.601674573381445 9.893782082354909
54.5405306227828 8.454969832172637
52.47938667218416 9.500059764705778
50.41824272158552 8.632506773596695
48.35709877098689 8.820598130205882
46.295954820388246 9.263163490090921
44.234810869789605 9.691272287605761
42.173666919190964 10.098252395418303
40.11252296859232 8.906835066060708
38.051379017993675 9.907007744968192
35.990235067395034 10.159872209686666
33.9290911167964 10.278132395792706
31.86794716619776 8.772351762232525
29.806803215599118 9.365820991161321
27.745659265000477 10.09629270818077
25.684515314401835 10.556553896192954
23.623371363803194 10.670140411724873
21.562227413204553 9.992201322883055
19.501083462605912 9.669994241922494
17.439939512007275 11.30106153363899
15.378795561408632 12.569106603343542
13.317651610809989 15.191064751914945
11.25650766021135 14.827691201665107
9.19536370961271 20.063351449244408
7.134219759014068 26.86159802226957
5.073075808415427 31.403781036676442
3.011931857816786 44.63165209921893
0.9507879072181457 58.17865414123337
-1.110356043380495 68.53146770365198
-3.171499993979136 74.29080549932597
-5.232643944577777 70.91569115625089
-7.2937878951764175 64.63512279529529
-9.354931845775058 60.02912898044599
-11.416075796373699 51.11823361399311
-13.47721974697234 45.58636540361529
-15.53836369757098 38.36594205061362
-17.59950764816962 33.60976044747948
-19.66065159876826 31.506740383219416
-21.721795549366902 27.98460407702925
-23.782939499965543 27.90618596639173
-25.844083450564185 26.558168537509754
-27.905227401162826 26.80506612241088
-29.966371351761463 28.48716192410728
-32.02751530236011 32.45542820865041
-34.08865925295874 36.03487601240673
-36.14980320355738 41.00452700527961
-38.21094715415603 43.82569922330353
-40.27209110475467 46.801218047010856
-42.33323505535331 53.589507825873596
-44.394379005951954 54.84625658218248
-46.455522956550595 52.71025744126268
-48.51666690714923 51.09405693478985
-50.57781085774787 47.4660557750725
-52.63895480834651 43.54003654840146
-54.70009875894515 37.8597172465471
-56.7612427095438 32.98251478002518
-58.82238666014244 28.748619362554933
-60.88353061074108 28.28382115258733
-62.94467456133972 27.931491917406255
-65.00581851193836 24.593109154122793
-67.066962462537 22.13664885596886
-69.12810641313564 21.553523269112755
-71.18925036373427 19.177203768626867
-73.25039431433292 16.81670533507393
-75.31153826493156 15.816316743760618
-77.3726822155302 13.673862884334955
-79.43382616612884 13.2585236115357
-81.49497011672749 11.743515154703712
-83.55611406732612 9.62287992478695
-85.61725801792475 9.122500648630872
-87.67840196852342 11.237469302191828
-89.73954591912205 9.927193936633268
-91.8006898697207 9.517187356273114
-93.86183382031933 10.071155605756195
-95.92297777091797 9.538938558285826
-97.98412172151662 10.286073905333469
-100.04526567211526 11.08754722417826
-102.10640962271391 10.939553301029385
-104.16755357331255 10.04602129536085
-106.22869752391118 8.811263926148069
-108.28984147450983 8.270661283002903
-110.35098542510846 7.949082699045056
-112.41212937570711 6.374451542803154
-114.47327332630574 5.962735016598664
-116.53441727690438 7.413525643400148
-118.59556122750303 6.692779195395475
-120.65670517810166 5.750926435127896
-122.71784912870031 6.9607076598284
-124.77899307929896 7.673060372679524
-126.8401370298976 5.920307078675252
-128.90128098049624 5.890170302799159
-130.96242493109486 7.111143628861531
-133.0235688816935 5.329443660267134
-135.08471283229215 5.2354946370501345
-137.1458567828908 5.366672534187376
-139.20700073348942 4.9759380449174415
-141.26814468408807 4.802191039191283
-143.32928863468675 4.680300363592262
-145.39043258528537 3.3687183750073024
-147.45157653588402 5.890776117890287
-149.51272048648264 3.4838240367272344
-151.57386443708128 4.472223274482081
-153.63500838767993 5.19703231744689
-155.69615233827858 5.469327645959037
-157.7572962888772 3.6425733814803327
-159.81844023947585 5.289018891945132
-161.87958419007447 4.2226135286401165
-163.94072814067314 3.732199444425624
-166.00187209127176 3.256952326622366
-168.0630160418704 3.309025411410256
-170.12415999246903 4.288430647967419
-172.18530394306768 4.247198902378586
-174.24644789366633 3.9371231085371576
-176.30759184426498 3.163156916599662
-178.3687357948636 3.418665905908463
-180.42987974546224 4.039946754142758
-182.49102369606092 4.334651465739109
-184.55216764665954 3.484070462209468
-186.6133115972582 2.6123875405994252
-188.6744555478568 2.5026332679433656
-190.73559949845546 3.4740893918780613
-192.7967434490541 3.154635618651383
-194.85788739965275 1.361043237242456
-196.91903135025137 2.4776315530550956
-198.98017530085002 3.0807482593661875
-201.04131925144864 3.7004752811250023
-203.10246320204732 3.561439075263192
-205.16360715264594 5.572179444784869
-207.22475110324459 3.9701811147702144
-209.2858950538432 3.3845255742397424
-211.34703900444188 2.0825901040700567
-213.4081829550405 1.8381955515452746
-215.46932690563915 2.929535492354727
-217.53047085623777 4.620247305618057
-219.59161480683642 2.581932126551375
-221.6527587574351 2.885583464817157
-223.71390270803371 3.7354647767702227
-225.77504665863236 3.74959863062876
-227.83619060923098 3.9337877803540917
-229.89733455982963 2.3034233915493236
-231.95847851042828 3.2172693534995616
-234.01962246102693 4.736804447154842
-236.08076641162555 3.978375992983943
-238.1419103622242 4.45676572009262
-240.20305431282284 4.228490703341609
-242.2641982634215 2.6541546633305035
-244.3253422140201 3.5172455134403195
-246.38648616461876 2.9122375751775706
-248.44763011521738 2.8331254287643466
-250.50877406581606 3.0418104849575136
-252.56991801641468 4.926666254346869
-254.63106196701332 4.236541422645108
-256.69220591761194 4.691270844889536
-258.7533498682106 3.5034191053771524
-260.81449381880924 5.292167755457215
-262.8756377694079 6.206055992730424
