# BEGINHEADER
# This file contains data from the SALSA 2m radio telescope.
# DATE=2021-11-23T20:19:0020
# GLON and GLAT given in degrees
# GLON=95.86772350451496
# GLAT=-0.029026896284345072
# DATA in two columns below. Col. 1 is velocity relative to LSR [km/s]. Col. 2 is uncalibrated antenna temperature [K].
# ENDHEADER
265.8396316709992 3.5184223621527684
263.7784877204006 10.318642532280613
261.71734376980197 10.203933558276868
259.6561998192033 7.749650830302408
257.5950558686047 9.817160295137555
255.53391191800603 13.029803990088837
253.4727679674074 8.683607375302666
251.41162401680876 8.91712695899306
249.3504800662101 9.796618944760294
247.28933611561146 8.645177551356893
245.2281921650128 10.469009713959668
243.1670482144142 13.317099788550099
241.10590426381555 11.352380213313204
239.04476031321693 11.942791417349218
236.98361636261825 12.25880124843622
234.92247241201963 12.326947954082815
232.86132846142098 13.475936412716022
230.80018451082236 14.003412022929913
228.73904056022369 10.107851665409362
226.67789660962507 16.316333877963192
224.61675265902642 16.49721798971049
222.5556087084278 9.567533952989486
220.49446475782915 12.804103594000894
218.4333208072305 11.013528864079468
216.37217685663185 10.749043499586467
214.31103290603323 11.259607322407684
212.24988895543459 14.251638224757617
210.18874500483594 12.459366669777177
208.1276010542373 10.883204166161608
206.06645710363864 8.749264620696556
204.00531315304002 12.300781034332598
201.94416920244137 13.228671909371776
199.88302525184275 12.496014414827478
197.82188130124408 15.484850061851004
195.76073735064546 15.865174012779908
193.6995934000468 13.152107550510026
191.6384494494482 12.003473935033446
189.5773054988495 14.04047026249111
187.5161615482509 10.805503849009678
185.45501759765224 15.051087377163771
183.39387364705362 14.860455248890824
181.33272969645498 13.587215381915593
179.27158574585633 12.877831211630042
177.21044179525768 11.40757319786841
175.14929784465906 11.94476332606855
173.0881538940604 11.412901933893572
171.02700994346176 11.261725611295796
168.96586599286312 9.813755667633648
166.90472204226447 12.763055380475516
164.84357809166585 11.203914620005722
162.7824341410672 14.008636740868313
160.72129019046855 14.838264001964102
158.6601462398699 10.467687569462338
156.59900228927128 10.74853677827475
154.53785833867263 12.350552686641597
152.47671438807402 14.594637062078304
150.41557043747534 11.21921436203559
148.35442648687672 15.209690467718612
146.29328253627807 14.199746177584698
144.23213858567945 15.127872590510018
142.1709946350808 13.159018148541831
140.10985068448215 12.359992409090797
138.0487067338835 13.31134702938821
135.9875627832849 16.640204501564206
133.92641883268624 14.013735197805396
131.86527488208756 13.647103043828306
129.80413093148894 12.984431418986388
127.74298698089031 10.893572992921614
125.68184303029167 11.643138016115813
123.62069907969303 13.042288534905854
121.55955512909439 16.355852298784793
119.49841117849574 12.306927826391435
117.43726722789711 15.468745600455685
115.37612327729846 15.355835723694282
113.31497932669981 15.227639907113057
111.25383537610118 11.33469683178106
109.19269142550253 12.876576864158608
107.1315474749039 13.466070532938922
105.07040352430525 14.10795174043942
103.00925957370661 14.573148873732066
100.94811562310798 9.766379003216677
98.88697167250932 17.73619089525292
96.82582772191068 15.619709459022891
94.76468377131205 13.29137921863098
92.7035398207134 12.991432220274605
90.64239587011477 12.058135452741114
88.58125191951612 11.870346466529757
86.52010796891749 12.28210542517854
84.45896401831884 12.87058486277281
82.3978200677202 10.915058991716894
80.33667611712157 14.422626095086482
78.27553216652291 12.52992032838091
76.21438821592427 16.08189449384555
74.15324426532563 14.48593955914828
72.09210031472699 9.558090298027832
70.03095636412834 10.34910378174748
67.96981241352971 15.388810712602211
65.90866846293108 11.735472446838475
63.84752451233243 9.989792160061066
61.78638056173379 13.388250098189962
59.72523661113515 9.438869301210156
57.66409266053651 12.532195829103872
55.60294870993787 11.71800430502075
53.54180475933923 13.864309668283825
51.48066080874059 13.946122823942666
49.419516858141954 15.596294155441825
47.358372907543306 13.889867661964306
45.297228956944664 12.563340938881238
43.23608500634603 14.810605805156085
41.17494105574739 11.366850603063433
39.11379710514875 10.060341297439745
37.05265315455011 14.950825684840204
34.991509203951466 14.915546758063881
32.930365253352825 13.920220393274588
30.869221302754184 16.197146639879342
28.808077352155543 13.807135395406668
26.746933401556905 14.286028699275995
24.685789450958257 16.100205450226767
22.624645500359616 14.096080336118707
20.56350154976098 17.487157408090198
18.502357599162337 16.35359938423217
16.441213648563696 20.96348062934162
14.380069697965055 27.52037508327543
12.318925747366416 27.06833111938375
10.257781796767775 37.18400907317052
8.196637846169136 55.37360158091492
6.135493895570493 67.99021527839086
4.074349944971852 83.85241391853664
2.0132059943732115 90.51075333810958
-0.04793795622542923 96.66082540419477
-2.10908190682407 94.1037030082352
-4.170225857422711 92.81045136327569
-6.231369808021351 90.95573578433238
-8.292513758619991 86.64665367105617
-10.353657709218632 83.10344952339595
-12.414801659817275 85.38975427506178
-14.475945610415915 72.33171188735486
-16.537089561014557 70.12122688252443
-18.5982335116132 63.73552833292244
-20.659377462211836 59.724937339911044
-22.720521412810477 54.88786694995266
-24.781665363409118 51.51586079618202
-26.84280931400776 49.30515078083939
-28.903953264606397 55.597574675852755
-30.965097215205038 52.573469598070226
-33.02624116580368 59.43186424583418
-35.087385116402324 59.86135178743635
-37.148529067000965 62.06454308935023
-39.2096730175996 69.25654953025641
-41.27081696819824 64.90151930980737
-43.33196091879688 67.67899111179061
-45.39310486939552 63.10832120033793
-47.45424881999416 59.797848692699105
-49.51539277059281 57.20700884420201
-51.57653672119145 57.07285668377212
-53.63768067179009 60.16090157776699
-55.698824622388734 56.396113950634714
-57.759968572987376 58.68519886506645
-59.82111252358602 60.34165583910103
-61.88225647418466 53.0426307402288
-63.94340042478329 57.87151228595559
-66.00454437538194 56.74483264841038
-68.06568832598057 58.33565218028194
-70.12683227657921 56.869978145209316
-72.18797622717786 50.83824203855913
-74.24912017777649 50.841594343640885
-76.31026412837514 42.61360018304761
-78.37140807897379 41.01024024247629
-80.43255202957243 38.0627929012112
-82.49369598017107 34.6963746780324
-84.5548399307697 32.732679934951484
-86.61598388136835 28.32046764548229
-88.67712783196698 29.76020367903884
-90.73827178256563 29.965048649897806
-92.79941573316427 31.65442088185367
-94.86055968376292 36.81398815992277
-96.92170363436155 35.93799891532444
-98.98284758496018 31.652247598465095
-101.04399153555882 28.56541111629513
-103.10513548615747 21.866092842976506
-105.1662794367561 19.694427669160508
-107.22742338735473 21.69378096137433
-109.28856733795338 19.26285695357481
-111.34971128855202 13.86355424470499
-113.41085523915066 17.68835663403073
-115.4719991897493 15.936483761456048
-117.53314314034796 13.649397029318965
-119.5942870909466 14.201640822775017
-121.65543104154523 11.727700370113558
-123.71657499214388 12.69689531766389
-125.77771894274251 13.78516707525379
-127.83886289334116 8.836412778922075
-129.9000068439398 8.156933810538021
-131.96115079453844 8.15531821446344
-134.02229474513706 9.607884633602074
-136.0834386957357 7.802294465947842
-138.14458264633436 8.669433479887703
-140.205726596933 13.004469810144984
-142.26687054753165 8.692411388083835
-144.32801449813027 7.963010563079284
-146.38915844872892 9.12067975847994
-148.45030239932754 5.3490427079356975
-150.51144634992622 9.420239256989227
-152.57259030052484 12.808569217687518
-154.63373425112349 10.900569500355445
-156.6948782017221 9.406997071834967
-158.75602215232078 6.35014256250296
-160.8171661029194 6.738721826074472
-162.87831005351805 5.555403269741036
-164.93945400411667 9.13582068654955
-167.00059795471532 10.725632487925408
-169.06174190531397 8.216522675427312
-171.1228858559126 9.90299441863136
-173.18402980651123 7.781035617446002
-175.24517375710988 8.699803943676148
-177.30631770770853 9.284696447897359
-179.36746165830718 8.102593049995024
-181.42860560890583 7.351300228678144
-183.48974955950445 7.3903753773641165
-185.5508935101031 7.3630145158440135
-187.6120374607017 10.01161364602031
-189.6731814113004 6.698674568294652
-191.734325361899 9.519090619989683
-193.79546931249766 6.938969355428206
-195.85661326309628 5.678052618782705
-197.91775721369495 8.496061291479924
-199.97890116429357 6.389086319441066
-202.04004511489222 8.154995202390511
-204.10118906549084 6.0172667154017265
-206.1623330160895 6.704970026594898
-208.22347696668814 7.884914543986793
-210.2846209172868 3.9963552779689895
-212.3457648678854 9.157850523316855
-214.40690881848406 7.010864541677411
-216.4680527690827 5.3589434797842035
-218.52919671968135 8.796625275941908
-220.59034067028 9.15037942206916
-222.65148462087862 7.377398371456209
-224.71262857147727 9.680756345965865
-226.77377252207592 9.252632596865402
-228.83491647267456 7.857825377177509
-230.89606042327318 8.607311532173128
-232.95720437387183 8.929930727107687
-235.01834832447045 7.566410171799199
-237.07949227506913 11.13675544583236
-239.14063622566775 9.453749270578896
-241.2017801762664 6.371522760639292
-243.26292412686502 9.828772829953863
-245.32406807746366 8.128756814370016
-247.3852120280623 9.311254102761065
-249.44635597866096 10.735925163172277
-251.50749992925958 9.730192440290299
-253.56864387985823 6.159589181497133
-255.6297878304569 6.12492939874703
-257.69093178105555 8.755170441424674
-259.75207573165414 10.562828698056675
