# BEGINHEADER
# This file contains data from the SALSA 2m radio telescope.
# DATE=2021-11-25T15:45:0023
# GLON and GLAT given in degrees
# GLON=85.82377876336874
# GLAT=-5.978884233971458
# DATA in two columns below. Col. 1 is velocity relative to LSR [km/s]. Col. 2 is uncalibrated antenna temperature [K].
# ENDHEADER
262.10047704225263 0.423198951570873
260.039333091654 2.032427353223467
257.97818914105534 2.848706829202927
255.9170451904567 1.798821631206523
253.85590123985804 4.494818131750613
251.79475728925942 2.232273078136027
249.73361333866077 1.5958429980873343
247.67246938806213 2.591832876917764
245.61132543746348 4.742640247941221
243.55018148686483 3.8149567249861494
241.4890375362662 1.3844210013567884
239.42789358566756 1.5771619605359493
237.36674963506894 4.5407688872136776
235.30560568447027 4.75364206861494
233.24446173387165 4.95901458781894
231.183317783273 4.515575967655335
229.12217383267438 1.0709387616455661
227.0610298820757 3.6170641962111074
224.99988593147708 6.51423524801522
222.93874198087843 4.026723526885253
220.8775980302798 5.603659093774896
218.81645407968117 3.6356424359227097
216.75531012908252 2.931872678540025
214.69416617848387 2.022185693720543
212.63302222788525 4.112078628444338
210.5718782772866 2.436587867308611
208.51073432668795 4.560095429094615
206.4495903760893 3.6510458709100657
204.38844642549066 4.217211126163986
202.32730247489204 3.0981619253608517
200.2661585242934 4.140737348999891
198.20501457369477 3.1975423115153965
196.1438706230961 4.726409470192856
194.08272667249747 4.876822370595513
192.02158272189882 4.458202943181851
189.9604387713002 4.715283518150139
187.89929482070153 4.6524999740520006
185.8381508701029 5.612884747459451
183.77700691950426 1.666965668459289
181.71586296890564 3.8507427121297395
179.654719018307 5.483574502249425
177.59357506770834 5.244052649606695
175.5324311171097 3.5369424518997508
173.47128716651108 4.100988249607801
171.41014321591243 4.2802481185701025
169.34899926531378 4.094779112541536
167.28785531471513 3.4989216223121087
165.22671136411648 3.672934432282151
163.16556741351786 3.981686621410225
161.10442346291921 5.115619271491859
159.04327951232057 5.6567877062467105
156.98213556172192 4.78879651595991
154.9209916111233 4.009462547408485
152.85984766052465 5.53991081783414
150.79870370992603 5.318532643283241
148.73755975932735 3.9688166686042576
146.67641580872873 4.0848159482553
144.6152718581301 3.9874799545145403
142.55412790753147 5.420384067128949
140.49298395693282 4.259308509229888
138.43184000633417 2.871035374869667
136.37069605573552 3.568589217703402
134.3095521051369 4.265076273561853
132.24840815453825 4.687105925374736
130.1872642039396 4.073052908058647
128.12612025334096 6.781724826617468
126.06497630274232 4.492356889254189
124.00383235214369 6.872436683918688
121.94268840154504 2.972479524891032
119.88154445094641 3.4448780304637703
117.82040050034776 5.297428960913284
115.75925654974913 3.1434722522634093
113.69811259915048 6.061750855944823
111.63696864855183 5.086628695613108
109.5758246979532 6.972187143265072
107.51468074735455 2.3316723182729824
105.45353679675591 4.877227319471832
103.39239284615726 8.143012010046577
101.33124889555863 4.1100430400297725
99.27010494496 6.127567078710726
97.20896099436133 3.519753420560957
95.1478170437627 5.9227218638255685
93.08667309316407 4.224439158491823
91.02552914256542 3.397379745961778
88.96438519196678 5.947487506662805
86.90324124136814 5.494452851056921
84.8420972907695 4.867667635952067
82.78095334017085 5.244727545064934
80.71980938957222 4.97743506056596
78.65866543897359 3.1571538705375017
76.59752148837492 3.7720549182081453
74.53637753777629 5.992694912933652
72.47523358717764 4.369236795409214
70.414089636579 6.315457463723731
68.35294568598036 8.288962146767837
66.29180173538172 4.522997299624693
64.23065778478309 2.5978748100514393
62.16951383418444 4.543224689334202
60.10836988358581 3.773877699540695
58.04722593298717 5.595476167465381
55.98608198238853 3.952714180268595
53.924938031789885 5.5791014043517695
51.863794081191244 3.9064727029767425
49.8026501305926 5.6483507923061165
47.741506179993955 5.725174231967924
45.68036222939532 2.6898745552397205
43.61921827879668 4.654774096336649
41.55807432819804 6.556296805039705
39.4969303775994 5.386829571804177
37.43578642700076 3.646590175118523
35.374642476402116 5.811529314200483
33.313498525803475 4.820317687860301
31.252354575204834 6.317163960121186
29.191210624606196 5.482997832731858
27.130066674007555 4.688527218968929
25.068922723408914 6.694233426563224
23.00777877281027 8.594892228095809
20.94663482221163 13.937816919594765
18.88549087161299 15.549880047289717
16.82434692101435 21.915814574989813
14.763202970415708 31.45278211122187
12.702059019817069 39.6760036193599
10.640915069218426 54.12363329310934
8.579771118619787 66.16706172727217
6.518627168021146 79.25061376352068
4.457483217422506 87.50471250033836
2.396339266823865 90.84314002300775
0.33519531622522414 83.47762769439294
-1.7259486343734165 67.84487042177288
-3.787092584972057 64.28121924835361
-5.848236535570698 53.83439313170386
-7.909380486169339 47.636463823330864
-9.970524436767981 46.083625880710954
-12.03166838736662 39.99616656954535
-14.092812337965261 38.88167460788658
-16.153956288563904 35.66315507815655
-18.215100239162545 31.323199598573716
-20.276244189761183 30.379750074246182
-22.337388140359824 30.52725788195024
-24.398532090958465 25.007448151477856
-26.459676041557106 23.266629062387487
-28.520819992155747 20.946702699154788
-30.58196394275439 19.32739238154435
-32.64310789335303 19.990331902851178
-34.704251843951674 16.193466916679398
-36.76539579455031 16.0013491555892
-38.82653974514895 15.344275159054462
-40.88768369574759 16.02791238671613
-42.94882764634623 15.644448096049853
-45.00997159694487 15.929177322731839
-47.07111554754351 15.036809663574441
-49.13225949814216 13.497746436726054
-51.193403448740796 13.45309830247279
-53.25454739933944 10.186468969572473
-55.31569134993808 10.600714600995667
-57.37683530053672 10.947934070581626
-59.43797925113536 11.533184952287378
-61.499123201734 12.617820908881958
-63.56026715233264 13.088606416482637
-65.62141110293128 12.329773367811782
-67.68255505352992 15.555429407228642
-69.74369900412856 12.872097272497692
-71.80484295472719 14.776149141074182
-73.86598690532584 14.774286638008423
-75.92713085592447 14.220684634892216
-77.98827480652312 13.353132969539855
-80.04941875712177 13.42858498258834
-82.11056270772042 13.774062470966152
-84.17170665831905 12.18569839971248
-86.23285060891769 10.342863515072676
-88.29399455951634 13.357812663327191
-90.35513851011497 9.36307254074359
-92.41628246071362 8.506042610420868
-94.47742641131225 8.780102102083125
-96.5385703619109 12.02013080773067
-98.59971431250953 7.810928211496163
-100.66085826310817 7.658153555497258
-102.7220022137068 6.765484551121872
-104.78314616430545 4.253051438733543
-106.84429011490408 5.142222115065962
-108.90543406550272 4.442829920152676
-110.96657801610137 4.11189848401559
-113.0277219667 2.9865490632510214
-115.08886591729865 5.083748332469864
-117.15000986789728 3.5357637412734655
-119.21115381849593 2.183528635641684
-121.27229776909458 1.8374660113966454
-123.33344171969321 1.606333802197803
-125.39458567029186 0.18483430843698528
-127.4557296208905 0.5884384845583556
-129.51687357148913 2.426992681596122
-131.57801752208778 2.729982624769898
-133.63916147268642 0.043017861689579315
-135.70030542328504 0.5541887310877902
-137.7614493738837 -0.31881950971421846
-139.82259332448234 1.2229302082783744
-141.883737275081 -0.6353170084412724
-143.94488122567964 1.46100365507101
-146.00602517627826 0.8648688657007413
-148.0671691268769 -0.5056723818354476
-150.12831307747553 0.0008193119909081654
-152.1894570280742 1.349419492367892
-154.25060097867282 1.2920462872388472
-156.31174492927147 -0.06807985176508989
-158.3728888798701 2.290038956398571
-160.43403283046877 2.5044177532447
-162.49517678106739 1.7944187249473216
-164.55632073166603 -0.5883603314999103
-166.61746468226465 -0.6397064971550179
-168.6786086328633 -0.24503301266872451
-170.73975258346195 0.9760668830115373
-172.8008965340606 2.6411775865929936
-174.86204048465922 -0.6307598970384567
-176.92318443525787 0.08112474802096489
-178.98432838585651 0.0792533355491442
-181.04547233645516 -0.3792350996848081
-183.1066162870538 1.054880834750619
-185.16776023765243 1.8060285013182147
-187.22890418825108 -0.37106004683027427
-189.2900481388497 -0.436978717147753
-191.35119208944838 -1.7429619169298434
-193.412336040047 0.2741229813142963
-195.47347999064564 1.287844988738981
-197.53462394124426 1.5002761377002372
-199.59576789184294 -3.7381980983735756
-201.65691184244156 -0.8125669207345293
-203.7180557930402 0.43660119731108854
-205.77919974363883 -0.07226129952720925
-207.84034369423748 2.0318990188875965
-209.90148764483612 -0.20222639626658895
-211.96263159543477 -1.8268128051605217
-214.0237755460334 2.3898479262327426
-216.08491949663204 -1.1668402504171627
-218.1460634472307 -1.2251493802595976
-220.20720739782934 -0.23932500759017056
-222.26835134842798 1.8948990146075193
-224.3294952990266 2.7815833200291786
-226.39063924962525 -1.5501349982447894
-228.4517832002239 -0.48545944462866464
-230.51292715082255 -0.36229611515213184
-232.57407110142117 0.13714173168285926
-234.63521505201982 -1.5485572935842333
-236.69635900261844 0.13131824798227096
-238.7575029532171 -1.9118158976577067
-240.81864690381573 -1.5750948584770317
-242.87979085441438 -0.6432540759313887
-244.940934805013 -0.9846737014976283
-247.00207875561165 -0.68814494738428
-249.0632227062103 -0.886448491345225
-251.12436665680895 -2.1154772781656126
-253.18551060740756 -2.165283438377509
-255.2466545580062 -1.1407168410447845
-257.30779850860483 -0.020697299324249102
-259.36894245920354 -1.3646126210746559
-261.43008640980213 0.9201971409717029
-263.49123036040083 -0.38422150508925307
