# BEGINHEADER
# This file contains data from the SALSA 2m radio telescope.
# DATE=2021-11-24T16:23:0020
# GLON and GLAT given in degrees
# GLON=81.90204658435472
# GLAT=6.058444268659804
# DATA in two columns below. Col. 1 is velocity relative to LSR [km/s]. Col. 2 is uncalibrated antenna temperature [K].
# ENDHEADER
268.5145160009552 -5.582743628454715
266.4533720503565 -11.738184232721746
264.3922280997579 -9.819055843238974
262.33108414915927 -11.41512583702402
260.2699401985606 -10.504285712145013
258.20879624796197 -11.81484559780335
256.1476522973633 -13.739384302253942
254.0865083467647 -13.622182796820072
252.02536439616605 -11.935376584849969
249.96422044556743 -14.343667698124886
247.9030764949688 -12.238749824864515
245.84193254437014 -12.081787356350578
243.7807885937715 -11.42159758112203
241.71964464317287 -13.61227613407822
239.65850069257422 -10.353828887772183
237.5973567419756 -12.329684918979954
235.53621279137693 -13.029830344496803
233.4750688407783 -11.590749695081186
231.41392489017966 -12.004895122180189
229.352780939581 -11.46653523425808
227.2916369889824 -11.634675320843868
225.2304930383837 -12.355650615667031
223.1693490877851 -14.688942486481936
221.10820513718645 -13.502436308718368
219.04706118658783 -12.358604633961209
216.98591723598915 -13.179532578326251
214.92477328539053 -13.628052633971452
212.86362933479188 -14.25358252945921
210.80248538419326 -12.857594510528905
208.7413414335946 -12.503955135770928
206.68019748299596 -12.737258886434924
204.61905353239732 -14.04826415320169
202.5579095817987 -13.547059970105835
200.49676563120005 -13.474468855262927
198.43562168060143 -11.459432243854762
196.37447773000275 -12.270390039114632
194.31333377940413 -11.880433172655941
192.25218982880548 -9.783267972058196
190.19104587820684 -11.620076063070696
188.1299019276082 -12.276217599547541
186.06875797700954 -9.989695830551115
184.00761402641092 -11.295301309285508
181.94647007581227 -12.365453766853888
179.88532612521365 -12.034848032546702
177.82418217461498 -13.575888069623943
175.76303822401636 -10.194993961032422
173.7018942734177 -13.325821920984456
171.6407503228191 -9.180507474227719
169.57960637222044 -10.286835925998485
167.5184624216218 -11.232060878106493
165.45731847102314 -11.760912343642461
163.39617452042452 -11.038921292575353
161.33503056982588 -10.144859190440393
159.27388661922723 -12.636745858297148
157.21274266862858 -12.44178210845923
155.15159871802996 -10.313255192377168
153.0904547674313 -10.498274395862778
151.02931081683266 -8.634527685682484
148.96816686623401 -10.285830140971235
146.90702291563537 -11.955733909613512
144.84587896503675 -10.079410999418663
142.7847350144381 -10.957174335639634
140.72359106383948 -11.04557121570839
138.6624471132408 -12.462384862767347
136.60130316264218 -12.880872481309977
134.54015921204353 -12.356105977051618
132.4790152614449 -10.892211330588463
130.41787131084627 -12.736832784310272
128.35672736024762 -9.815251947073532
126.29558340964897 -13.145610930011566
124.23443945905034 -13.20176281101072
122.17329550845169 -10.024645678654338
120.11215155785305 -12.017000974308763
118.0510076072544 -11.721899772393048
115.98986365665577 -10.265687676122042
113.92871970605714 -9.212858903982514
111.86757575545849 -9.944811649765668
109.80643180485986 -9.550992617958956
107.7452878542612 -10.413737365189647
105.68414390366257 -11.303412493354218
103.62299995306394 -10.024193687454812
101.56185600246529 -10.29711243075714
99.50071205186666 -9.494949860948838
97.43956810126798 -10.078497090724818
95.37842415066935 -11.224244333749665
93.31728020007071 -10.50947650349519
91.25613624947206 -10.55847283251551
89.19499229887343 -9.5431578918548
87.13384834827478 -9.775080117559177
85.07270439767615 -9.521057075663101
83.0115604470775 -7.667300253499683
80.95041649647887 -10.798118028314676
78.88927254588023 -11.445944112414375
76.82812859528158 -10.802367623468832
74.76698464468295 -11.403479807074202
72.7058406940843 -11.978786618289753
70.64469674348567 -10.940806095531451
68.58355279288703 -10.088828392398442
66.52240884228839 -11.495261861584359
64.46126489168974 -9.859073693659747
62.400120941091096 -8.606681275046501
60.33897699049246 -10.166620577135825
58.27783303989382 -9.478969313737243
56.21668908929518 -11.117020463938417
54.15554513869654 -9.371644828451318
52.0944011880979 -11.650581513882916
50.03325723749926 -9.197330924932642
47.972113286900615 -11.4135156768639
45.910969336301974 -12.368917263267862
43.84982538570333 -11.942859722301124
41.78868143510469 -12.034775525677937
39.72753748450605 -9.01199106859744
37.66639353390741 -11.1079698395645
35.60524958330877 -10.524655573459277
33.544105632710135 -6.421576688293485
31.482961682111487 -8.33765170646013
29.42181773151285 -7.441965490835225
27.360673780914208 -4.544973762627244
25.299529830315567 -2.908623997710784
23.238385879716926 1.2227368661382334
21.177241929118285 7.0690900045359415
19.116097978519644 14.666977061489503
17.054954027921006 24.189229841912383
14.993810077322363 35.65250720714407
12.932666126723722 45.34566311162474
10.871522176125081 54.54303744387048
8.81037822552644 66.75558015925967
6.7492342749278 68.90618845656985
4.688090324329159 71.48357657988144
2.6269463737305183 74.49652940409665
0.5658024231318775 72.72059368872307
-1.4953415274667632 71.44891619628422
-3.556485478065404 65.02715469309075
-5.617629428664045 59.81628275723831
-7.678773379262686 54.88774827272978
-9.739917329861326 46.14382053950162
-11.801061280459969 34.99547535157137
-13.862205231058608 30.70288681561986
-15.923349181657247 25.17645937580133
-17.98449313225589 19.61583828241758
-20.04563708285453 14.630531660209192
-22.10678103345317 8.900891106865913
-24.167924984051815 8.434351912227061
-26.229068934650453 7.073460936070528
-28.290212885249094 4.056426534229316
-30.351356835847735 3.5319142671436663
-32.41250078644637 5.116886723884944
-34.47364473704502 5.249573093129161
-36.534788687643655 6.407288807786065
-38.595932638242296 4.203238556572647
-40.65707658884094 3.792975010922418
-42.71822053943958 5.525786947172787
-44.77936449003822 2.509331347365583
-46.84050844063686 3.9290583806298445
-48.9016523912355 3.7874395721481435
-50.96279634183414 2.1240681118905433
-53.02394029243278 1.106386139594087
-55.085084243031424 2.4526188808512934
-57.146228193630066 3.1548555592750853
-59.20737214422871 2.885486579976861
-61.26851609482735 3.778214550453224
-63.32966004542598 6.670991237795498
-65.39080399602463 4.418132190223039
-67.45194794662328 6.127993788853714
-69.51309189722191 7.648178422092083
-71.57423584782055 10.227055651389895
-73.6353797984192 6.934374498288768
-75.69652374901783 8.364092843264205
-77.75766769961648 7.3724074409156035
-79.81881165021511 5.652723512986824
-81.87995560081376 7.1992389585655525
-83.94109955141239 10.126551915484923
-86.00224350201103 8.419362990999161
-88.06338745260967 3.822826562866262
-90.12453140320831 4.30742797067913
-92.18567535380696 1.4109509192929737
-94.24681930440559 0.34953900555181616
-96.30796325500425 -0.5177622284352819
-98.36910720560289 -2.686338929075564
-100.43025115620152 -0.8959382120448266
-102.49139510680016 -3.335242027553119
-104.55253905739879 -4.777240256615416
-106.61368300799744 -4.519292834078633
-108.67482695859607 -4.38380916864687
-110.73597090919472 -4.271926844035801
-112.79711485979335 -4.356346671766472
-114.858258810392 -6.379761216291932
-116.91940276099064 -4.873725405287919
-118.98054671158927 -6.544906090154215
-121.04169066218792 -7.770388303891246
-123.10283461278655 -5.056736532421294
-125.1639785633852 -9.79080688985517
-127.22512251398383 -8.521086925996665
-129.2862664645825 -8.74276664976755
-131.34741041518114 -9.722649760731276
-133.40855436577976 -8.979450443748274
-135.4696983163784 -7.654867444214091
-137.53084226697703 -7.923908779584392
-139.59198621757568 -9.625248014787152
-141.65313016817433 -11.034731007239142
-143.71427411877298 -9.201184414084912
-145.7754180693716 -8.026196796118512
-147.83656201997024 -8.02315189294066
-149.89770597056886 -10.276650396356919
-151.95884992116754 -9.245983944311815
-154.01999387176616 -6.951615172466825
-156.0811378223648 -8.856605311616205
-158.14228177296346 -8.811037834573108
-160.20342572356208 -8.480838226515157
-162.26456967416075 -5.929183861215844
-164.32571362475937 -8.971709287672343
-166.38685757535802 -8.404741156994147
-168.44800152595664 -8.816156741708078
-170.50914547655532 -8.78785129936852
-172.57028942715394 -9.146183599012964
-174.6314333777526 -8.268502098467474
-176.6925773283512 -9.41905578396106
-178.75372127894985 -9.653436470010186
-180.8148652295485 -8.168171661774153
-182.87600918014715 -7.894711589960032
-184.93715313074577 -6.954789568230992
-186.99829708134442 -9.033632877069632
-189.05944103194304 -8.427383904613022
-191.12058498254171 -9.48483112856478
-193.18172893314033 -10.674863579498904
-195.24287288373898 -9.039855133865123
-197.30401683433763 -9.233782834227597
-199.36516078493628 -10.612655650634816
-201.42630473553493 -10.444969310306206
-203.48744868613355 -9.458542231705833
-205.5485926367322 -9.45441558074555
-207.60973658733081 -10.422616356845245
-209.6708805379295 -6.9849049683953455
-211.7320244885281 -7.6608966594208745
-213.79316843912676 -8.983290109412502
-215.85431238972538 -6.756686071508415
-217.91545634032403 -8.350243701909662
-219.97660029092268 -6.724811903678031
-222.03774424152132 -8.353995807123422
-224.09888819211994 -8.217538179653033
-226.1600321427186 -10.741611146094701
-228.2211760933172 -8.52257452833373
-230.2823200439159 -9.252729688194496
-232.3434639945145 -8.16168440098972
-234.40460794511316 -8.229207176839218
-236.4657518957118 -8.192646942752491
-238.52689584631045 -7.813290360774483
-240.5880397969091 -9.402320084112429
-242.64918374750772 -8.392345228262112
-244.71032769810637 -9.245033267438982
-246.771471648705 -9.71453017061557
-248.83261559930367 -8.973833778894438
-250.89375954990228 -9.950422367244618
-252.95490350050093 -11.55945262909473
-255.01604745109955 -10.816588278669283
-257.0771914016982 -10.992182917245303
