# BEGINHEADER
# This file contains data from the SALSA 2m radio telescope.
# DATE=2021-11-25T15:30:0016
# GLON and GLAT given in degrees
# GLON=25.815749069605367
# GLAT=-5.740630321586283
# DATA in two columns below. Col. 1 is velocity relative to LSR [km/s]. Col. 2 is uncalibrated antenna temperature [K].
# ENDHEADER
260.6322916322161 1.5123879524097823
258.57114768161745 4.501435358517157
256.5100037310188 2.9954837729836115
254.44885978042015 1.4837908352633078
252.3877158298215 3.7299692250853536
250.32657187922288 4.718685471583762
248.26542792862423 4.061982140431049
246.20428397802561 3.360174423256597
244.14314002742694 3.1170469579739915
242.08199607682832 5.304667998330086
240.02085212622967 6.015561571729332
237.95970817563105 3.5262588995666864
235.89856422503237 7.330150878092279
233.83742027443375 5.5930098244672894
231.7762763238351 5.9183668476000815
229.7151323732365 4.302148955100184
227.65398842263784 7.832264500798641
225.5928444720392 6.66657886050041
223.53170052144054 4.8635927242223485
221.4705565708419 4.127689043747516
219.40941262024327 5.169178481599101
217.34826866964463 5.485411991135864
215.28712471904598 4.432567315066463
213.22598076844733 4.094211679051537
211.1648368178487 7.137358832676534
209.10369286725006 5.570527896721303
207.04254891665144 5.461928403131514
204.98140496605276 6.1444711218064985
202.92026101545414 6.828081082253976
200.8591170648555 7.117402141151921
198.79797311425688 5.405520998871954
196.7368291636582 5.836108715561635
194.67568521305958 7.191428438019594
192.61454126246093 4.907701463164777
190.5533973118623 7.157892692534467
188.49225336126366 6.311892484459953
186.43110941066502 5.185975458738816
184.36996546006637 9.352852452679803
182.30882150946772 5.6356437872715155
180.2476775588691 4.814127095914174
178.18653360827045 5.51086465624407
176.1253896576718 6.488464878311357
174.06424570707316 7.480909936071448
172.00310175647454 5.548053030543203
169.9419578058759 7.094239735191742
167.88081385527724 7.246497002926455
165.8196699046786 7.7886111234037605
163.75852595407997 5.32011578524898
161.69738200348132 7.529371782709966
159.6362380528827 6.442298151103092
157.57509410228403 7.232989399756327
155.5139501516854 5.559146218310147
153.45280620108676 3.7792737051488676
151.39166225048814 8.993177645273281
149.3305182998895 6.7895665263764835
147.2693743492908 4.355090465514757
145.2082303986922 6.539141642897405
143.14708644809355 7.415610843694222
141.08594249749493 7.0101489703447974
139.02479854689625 7.792195551161222
136.96365459629763 7.749637131168784
134.90251064569898 7.399989859470852
132.84136669510036 7.7796632331410995
130.7802227445017 8.115210495877145
128.71907879390307 9.184693175395207
126.65793484330442 5.115121707074914
124.59679089270578 7.648848159520416
122.53564694210715 8.49761668306712
120.4745029915085 10.000421992367247
118.41335904090987 7.204373901139511
116.35221509031122 8.717878908560436
114.29107113971259 8.294350831873308
112.22992718911394 9.414188399348223
110.1687832385153 8.6294396051764
108.10763928791667 8.617725375544653
106.04649533731802 9.393770172885633
103.98535138671939 8.69676010802808
101.92420743612074 11.771795923611956
99.8630634855221 10.325065195423479
97.80191953492346 9.910372050813931
95.74077558432481 14.801399921648324
93.67963163372617 11.578101751230689
91.61848768312753 10.8145712009425
89.55734373252889 10.517581393703848
87.49619978193024 8.848248347971023
85.4350558313316 11.291194738946144
83.37391188073296 12.543295623045752
81.31276793013431 12.543425743222508
79.25162397953568 11.826904088482697
77.19048002893703 12.199062487378276
75.1293360783384 15.194824244038672
73.06819212773976 11.007302659855178
71.00704817714112 13.923039581118529
68.94590422654248 11.83361775751367
66.88476027594383 14.482525672095404
64.8236163253452 17.42750857694966
62.76247237474656 12.613077105278009
60.70132842414792 14.916549458246033
58.64018447354927 15.593676290167721
56.57904052295063 15.556906667779545
54.517896572351994 16.123506794209803
52.45675262175335 17.701183407142356
50.39560867115471 17.134563142511013
48.33446472055607 16.125768858359127
46.27332076995743 18.306721329735595
44.21217681935879 18.720523440074427
42.15103286876015 19.00512206620903
40.089888918161506 18.902902023819756
38.028744967562865 16.96473239076704
35.967601016964224 19.417566504447873
33.90645706636558 20.415040194375397
31.845313115766942 20.243043961849548
29.784169165168304 19.221018220129988
27.723025214569663 19.306177342786544
25.66188126397102 24.114773593298718
23.60073731337238 23.36770034471527
21.53959336277374 26.360464532475824
19.4784494121751 29.751899619434884
17.417305461576458 36.7302498450472
15.356161510977817 42.96576492069351
13.295017560379176 47.89057828175713
11.233873609780536 50.95917984252186
9.172729659181893 52.257945598061234
7.111585708583254 56.067384660449484
5.050441757984614 63.27549186102642
2.989297807385973 67.53590962533845
0.928153856787332 61.6554185059325
-1.1329900938113087 48.18395226857864
-3.194134044409949 29.390040245648823
-5.255277995008591 21.677275221407044
-7.316421945607232 17.16767134310785
-9.377565896205871 14.975246473509632
-11.438709846804514 12.853903934709558
-13.499853797403153 8.674876763858814
-15.560997748001796 12.56993881709321
-17.622141698600437 10.388127997103895
-19.683285649199075 8.359496305999253
-21.744429599797716 11.999219172284636
-23.80557355039636 11.597047310483688
-25.866717500994998 11.31013233618558
-27.92786145159364 11.480358912837648
-29.98900540219228 10.440473469743743
-32.05014935279092 10.52778784129292
-34.11129330338956 9.544132814607108
-36.1724372539882 8.648772671208475
-38.23358120458685 7.5177472916946435
-40.29472515518549 8.578685343208488
-42.35586910578412 7.796132710733749
-44.417013056382764 6.697821700295034
-46.478157006981405 9.145463679618
-48.539300957580046 7.699675182234061
-50.60044490817869 6.577353506446866
-52.66158885877733 6.24569438683297
-54.72273280937597 8.809082418396939
-56.78387675997461 5.532703038286354
-58.84502071057325 6.585439217458888
-60.90616466117189 7.793394785028448
-62.967308611770534 5.490872556776531
-65.02845256236917 3.5537173623538703
-67.08959651296782 4.681405996676385
-69.15074046356646 3.995612842366662
-71.2118844141651 6.401086332618266
-73.27302836476375 5.144817512660758
-75.33417231536238 3.9836633882687376
-77.39531626596101 5.554542644011281
-79.45646021655966 6.789477893658691
-81.5176041671583 3.755511599104371
-83.57874811775694 5.3314075764047235
-85.63989206835558 2.3183323394741326
-87.70103601895423 6.128899744328826
-89.76217996955286 3.813050946314565
-91.8233239201515 3.1773549772347542
-93.88446787075014 3.092572260201877
-95.94561182134878 1.3727189680847385
-98.00675577194743 6.737261690921548
-100.06789972254604 3.284953393662144
-102.1290436731447 3.692128025961957
-104.19018762374333 5.068447575883027
-106.25133157434199 1.8514179237842074
-108.31247552494062 2.69242023448849
-110.37361947553927 3.2156062199457773
-112.4347634261379 3.8276870497852853
-114.49590737673654 1.8948457940880057
-116.55705132733519 3.5724986739825066
-118.61819527793382 2.7590464432097677
-120.67933922853247 2.927175766641781
-122.7404831791311 1.6660766153262625
-124.80162712972975 1.919670460039609
-126.86277108032839 0.598967924328622
-128.92391503092702 -0.6664271235723561
-130.98505898152567 2.6312840486083835
-133.04620293212432 -1.063859020233124
-135.10734688272296 1.6169106564045563
-137.16849083332158 0.2729095944754169
-139.22963478392023 2.5056173377323576
-141.29077873451885 1.2622195498278093
-143.35192268511753 1.0664567197524772
-145.41306663571615 1.1145551576998736
-147.4742105863148 1.755402994824718
-149.53535453691342 2.373759049726192
-151.5964984875121 0.15268481848395948
-153.6576424381107 3.1290820776006627
-155.71878638870936 2.2541852007068144
-157.77993033930798 -0.6712291159481395
-159.84107428990663 0.4496433589107013
-161.90221824050528 2.2541738880714166
-163.96336219110393 1.8386246595103704
-166.02450614170257 2.919476964447887
-168.0856500923012 0.681709597615211
-170.14679404289984 2.309816679963732
-172.2079379934985 1.4852667141291325
-174.26908194409714 2.1340548820780834
-176.33022589469576 1.7102446762964802
-178.3913698452944 2.1154437437474045
-180.45251379589303 0.4838107868672459
-182.5136577464917 1.2355584867491993
-184.57480169709032 0.9482851000180839
-186.63594564768897 2.08689045255189
-188.6970895982876 2.1281709026258495
-190.75823354888627 0.24154727078355473
-192.8193774994849 1.4558175209218491
-194.88052145008353 0.4966969407436764
-196.94166540068215 1.0574535823640756
-199.0028093512808 1.9769434752159107
-201.06395330187945 -0.015141703698860613
-203.1250972524781 0.4315213468059943
-205.18624120307675 0.7828365949086123
-207.24738515367537 1.4169016052845977
-209.30852910427402 0.19716313439212177
-211.36967305487266 -0.48730209382567913
-213.4308170054713 2.41752464106817
-215.49196095606993 -0.170580605418835
-217.55310490666858 0.9728341240483372
-219.61424885726723 1.1009904829353676
-221.67539280786588 1.7261090639378118
-223.7365367584645 -1.2299635190308473
-225.79768070906314 0.49784109436231583
-227.85882465966176 -1.8440740251005296
-229.91996861026044 -2.282551808391403
-231.98111256085906 0.8890406507764692
-234.0422565114577 0.24220036424234526
-236.10340046205633 1.1056799407705482
-238.16454441265498 -1.741002059357635
-240.22568836325365 -1.0777744439321573
-242.28683231385227 -0.957734586103974
-244.34797626445092 1.8311679449852254
-246.40912021504954 2.009018650484536
-248.47026416564822 0.35158671258473223
-250.53140811624684 -1.1119025110788978
-252.59255206684549 1.628313538856288
-254.6536960174441 1.258414568839945
-256.7148399680427 1.6909820004831462
-258.77598391864143 1.2168277351000945
-260.83712786924 2.5721500550251415
-262.89827181983867 0.3055946459260975
-264.9594157704373 2.532555057583488
