# BEGINHEADER
# This file contains data from the SALSA 2m radio telescope.
# DATE=2021-11-27T01:14:0027
# GLON and GLAT given in degrees
# GLON=207.3520548622108
# GLAT=-28.12944815452183
# DATA in two columns below. Col. 1 is velocity relative to LSR [km/s]. Col. 2 is uncalibrated antenna temperature [K].
# ENDHEADER
250.79124699783594 4.283000967896021
248.73010304723726 4.806552682305433
246.66895909663864 4.474365687677098
244.60781514604 2.955087668886308
242.54667119544138 4.780090723691543
240.4855272448427 8.95699974027315
238.42438329424408 7.191743630355701
236.36323934364543 4.5785137888107394
234.3020953930468 4.699501418168288
232.24095144244816 8.574215082533723
230.1798074918495 6.022552424163829
228.11866354125087 5.6201269269654945
226.05751959065222 5.175737856839287
223.9963756400536 6.955084877607549
221.93523168945495 8.986536059998702
219.8740877388563 7.638620078773119
217.81294378825766 7.160873284674704
215.75179983765904 6.572908063400471
213.6906558870604 11.948860886869586
211.62951193646174 7.8007822788645775
209.5683679858631 8.584893995659971
207.50722403526447 6.43468845149135
205.44608008466582 7.228696355752681
203.3849361340672 9.024909001911022
201.32379218346853 7.108622533704265
199.2626482328699 8.967230205056811
197.20150428227123 6.582328242469399
195.1403603316726 9.05895145437677
193.07921638107396 7.019367023281129
191.0180724304753 3.908764314531463
188.95692847987667 6.986750125648285
186.89578452927802 9.113567228244023
184.8346405786794 5.453879359669872
182.77349662808075 8.39512583687106
180.71235267748213 6.693492123720538
178.65120872688345 8.137675573899587
176.59006477628483 6.656577781843191
174.52892082568619 8.789149455844598
172.46777687508757 9.693821522538299
170.4066329244889 6.326736540256521
168.34548897389027 9.629917132781507
166.28434502329162 7.670958856075827
164.223201072693 10.874817371332671
162.16205712209435 8.848713649248573
160.1009131714957 9.406476496026087
158.03976922089706 5.823984597169409
155.97862527029844 5.101234469851189
153.9174813196998 6.166729779242299
151.85633736910114 7.778614381819059
149.7951934185025 7.668083526259459
147.73404946790384 9.926508193209653
145.67290551730522 10.89274038106253
143.61176156670658 9.985713735688321
141.55061761610796 10.068412782646229
139.48947366550928 6.456516572450693
137.42832971491066 8.214590751723604
135.367185764312 9.227440426434349
133.3060418137134 6.670675833962815
131.24489786311472 9.124559428934248
129.1837539125161 8.862136603257184
127.12260996191745 10.8225475743449
125.06146601131881 9.694934552897818
123.00032206072017 7.824902738204571
120.93917811012153 6.964125501006623
118.87803415952288 9.526281910311164
116.81689020892425 9.585244130497312
114.7557462583256 6.43755471969722
112.69460230772697 7.842049791101961
110.63345835712833 8.642723033485561
108.57231440652969 7.712158429092537
106.51117045593105 10.332013323922276
104.4500265053324 4.353773963673602
102.38888255473377 9.434737637220483
100.32773860413512 8.689670404558541
98.26659465353649 8.56288243401518
96.20545070293785 11.529781474079861
94.14430675233919 6.813632513244415
92.08316280174056 5.291742056360875
90.02201885114191 4.9204155527251965
87.96087490054327 8.850067970552713
85.89973094994464 8.525857708448177
83.83858699934599 7.827018072155116
81.77744304874736 6.22047762673778
79.71629909814871 8.486247899528058
77.65515514755008 10.756212247860118
75.59401119695143 3.999379035341383
73.5328672463528 9.518456419529663
71.47172329575416 6.123785352515476
69.41057934515551 7.8464838278933655
67.34943539455688 5.883197301335772
65.28829144395823 9.059783440828342
63.22714749335959 9.128968223613489
61.16600354276095 7.8670616919828795
59.104859592162306 8.786339848224477
57.043715641563665 10.641060276612164
54.982571690965024 8.354161960601745
52.92142774036638 6.399701006273864
50.86028378976775 10.923266518912984
48.79913983916911 8.410912645447937
46.73799588857046 4.839151209728683
44.67685193797182 5.577992013815569
42.61570798737318 5.400788513991444
40.554564036774536 5.950382817571196
38.493420086175895 5.455502116811181
36.43227613557726 5.5085121060150755
34.37113218497862 5.985507917603982
32.30998823437998 6.299881702947913
30.248844283781334 6.462373029424604
28.187700333182693 5.622248212462929
26.126556382584056 8.826916369888743
24.06541243198542 11.2744330200017
22.004268481386774 8.110940637726905
19.943124530788133 12.336892000023033
17.881980580189495 16.95436703217416
15.820836629590852 17.8513077239796
13.759692678992213 20.878827668384524
11.69854872839357 26.103590637702236
9.637404777794929 29.547405707554873
7.576260827196288 31.136519726258243
5.515116876597648 30.797176556730044
3.4539729259990066 31.184950000163006
1.392828975400366 26.285476639797682
-0.6683149751982747 22.086111741326125
-2.7294589257969157 20.223648089339505
-4.790602876395557 17.522519567893124
-6.851746826994198 18.301379133616322
-8.912890777592839 15.763965210009392
-10.974034728191478 13.710990865138276
-13.03517867879012 14.655599719104488
-15.096322629388759 11.732879300057842
-17.1574665799874 12.19772630404048
-19.21861053058604 12.850948618113765
-21.279754481184682 9.817766257967063
-23.34089843178332 10.007289917997703
-25.402042382381968 8.240137848162608
-27.46318633298061 9.834800785306445
-29.524330283579246 8.020450832415708
-31.585474234177887 8.055048271443484
-33.64661818477653 7.804383187187638
-35.70776213537517 8.332232396392657
-37.76890608597381 6.047944976017488
-39.83005003657245 6.6367947458061485
-41.89119398717109 7.906913796147485
-43.952337937769734 7.7971113947252695
-46.01348188836837 6.85702323832358
-48.07462583896701 9.557096780539224
-50.13576978956566 3.5517240872814204
-52.1969137401643 6.563113320100995
-54.25805769076294 6.636558817840206
-56.31920164136158 2.9779212742927843
-58.38034559196022 6.093062667527514
-60.441489542558855 4.4186629463486415
-62.5026334931575 6.775795439407253
-64.56377744375614 5.54643811430666
-66.62492139435479 2.476768758701781
-68.68606534495342 3.1353623448827923
-70.74720929555207 1.2236337576762095
-72.8083532461507 8.04798294008609
-74.86949719674935 4.298818001681031
-76.93064114734798 3.7970605549693155
-78.99178509794663 4.816997920732346
-81.05292904854527 5.263133057868781
-83.1140729991439 6.067114532242367
-85.17521694974255 6.6285398952106505
-87.23636090034118 2.5085101272867307
-89.29750485093983 3.2199629435003123
-91.35864880153846 5.8143391745812565
-93.4197927521371 7.225817111602818
-95.48093670273575 3.7228383841645516
-97.54208065333438 1.6166502585987192
-99.60322460393304 4.236081808501581
-101.66436855453168 4.71166480880202
-103.72551250513033 1.9827128869633264
-105.78665645572896 2.8054775621197967
-107.8478004063276 1.2718193447214088
-109.90894435692624 3.234998877743874
-111.97008830752488 0.9878896906708675
-114.03123225812352 1.575981704097382
-116.09237620872216 5.3577214608671655
-118.1535201593208 1.8152630960577851
-120.21466410991944 5.18108330251826
-122.27580806051807 4.287590323866789
-124.33695201111672 2.995933235843117
-126.39809596171536 5.952999687345169
-128.45923991231402 3.1199580694204014
-130.52038386291264 2.3561305866552495
-132.5815278135113 3.3137319297353027
-134.64267176410993 -0.07107640271759308
-136.70381571470855 4.938523915002677
-138.7649596653072 2.424599959969519
-140.82610361590585 3.2435346478841187
-142.8872475665045 0.9144598972548288
-144.94839151710312 5.92742150428327
-147.00953546770177 5.144391680583922
-149.0706794183004 3.7028597784943225
-151.13182336889906 4.075957135660053
-153.19296731949768 1.7710745592151047
-155.25411127009633 4.237579649758762
-157.31525522069498 4.301471055353304
-159.37639917129363 0.7891993013516253
-161.43754312189228 0.9708023662209735
-163.4986870724909 3.021785059726108
-165.55983102308954 1.5637977702476709
-167.62097497368816 -0.39281850779438965
-169.68211892428684 1.258329448982972
-171.74326287488546 3.1078846222175653
-173.8044068254841 4.308461529335271
-175.86555077608273 0.6215849793668778
-177.92669472668138 1.0055321917498643
-179.98783867728002 1.6899614466665192
-182.04898262787867 -0.10909451294700595
-184.1101265784773 3.2768148358613374
-186.17127052907594 6.741134747707457
-188.2324144796746 1.250805051253048
-190.29355843027324 0.7683225574289916
-192.35470238087186 3.399138439000656
-194.4158463314705 2.1518989728133797
-196.47699028206915 -0.4158929462108957
-198.53813423266777 1.0680022014748245
-200.59927818326642 2.0711058156590507
-202.66042213386504 -0.13241966347901762
-204.7215660844637 1.9218676901380012
-206.78271003506234 -0.16473464527794818
-208.84385398566099 3.4154014840282794
-210.9049979362596 2.865765151291119
-212.96614188685825 0.19208296836574715
-215.0272858374569 -1.447811758794394
-217.08842978805555 -0.7171675276797395
-219.14957373865417 1.650194885904067
-221.21071768925282 1.980171352991352
-223.27186163985144 1.4595674656226003
-225.3330055904501 0.713843174440858
-227.39414954104873 1.9874136315309305
-229.45529349164738 -1.2389238921460983
-231.516437442246 -0.31705092372085697
-233.57758139284465 1.3626311675122202
-235.63872534344333 2.8910957761996734
-237.69986929404195 -0.9912059242516837
-239.7610132446406 2.5814662959083665
-241.8221571952392 1.569851485430676
-243.8833011458379 -0.8096310422489457
-245.9444450964365 0.9468936989514998
-248.00558904703516 1.0060714492141323
-250.06673299763378 1.947120995402535
-252.12787694823243 0.6898388055823303
-254.18902089883107 -1.2201822601536354
-256.2501648494297 3.789200632485452
-258.31130880002837 3.648007697294003
-260.37245275062696 2.4032273624408362
-262.4335967012256 2.572330314480857
-264.49474065182426 1.1566195935195565
-266.5558846024229 -0.547975651671443
-268.61702855302156 1.9550659727309894
-270.6781725036202 1.895343517016486
-272.7393164542188 0.948885008178294
-274.8004604048175 3.88432430759417
