# BEGINHEADER
# This file contains data from the SALSA 2m radio telescope.
# DATE=2021-11-29T15:43:0002
# GLON and GLAT given in degrees
# GLON=43.90041674562346
# GLAT=12.180944150339776
# DATA in two columns below. Col. 1 is velocity relative to LSR [km/s]. Col. 2 is uncalibrated antenna temperature [K].
# ENDHEADER
272.1650641736501 4.314039431508858
270.1039202230514 7.78348948802973
268.0427762724528 7.944412259050446
265.98163232185414 11.46882452723721
263.9204883712555 12.290330546586127
261.85934442065684 11.176030702028358
259.79820047005825 10.614800044157798
257.73705651945954 8.769599828106863
255.67591256886092 9.286471035046734
253.6147686182623 11.632069882543155
251.55362466766366 9.705765925191338
249.49248071706498 9.53158067538337
247.43133676646636 9.139675339163668
245.3701928158677 11.859876354095187
243.3090488652691 9.497345322294061
241.24790491467044 8.985076576554986
239.1867609640718 8.333028767012078
237.12561701347315 9.345825600224364
235.06447306287453 8.98703165798036
233.00332911227588 13.0253104393809
230.94218516167726 10.240117334189334
228.88104121107858 13.592556836599279
226.81989726047996 8.826091131834383
224.7587533098813 8.272765700122967
222.6976093592827 11.391743585381604
220.63646540868405 13.63021526312682
218.5753214580854 12.576011792740514
216.51417750748675 12.74125819552207
214.45303355688813 11.232033759369932
212.39188960628948 10.331919857650396
210.3307456556908 11.842197591773914
208.26960170509219 10.078310715006571
206.20845775449354 9.825385594844748
204.14731380389492 9.283312831859458
202.08616985329627 10.599799202607423
200.02502590269762 8.590316438853726
197.96388195209897 10.278034973575805
195.90273800150035 11.841100450040667
193.8415940509017 10.571901646075743
191.78045010030309 11.311940382320978
189.7193061497044 10.934761512063496
187.6581621991058 9.6424524724625
185.59701824850714 12.421906407293331
183.53587429790852 9.884903883928757
181.47473034730984 12.33305587828691
179.41358639671122 10.043504557769758
177.35244244611258 12.539251616711486
175.29129849551396 12.698517498282612
173.2301545449153 11.73461804639003
171.16901059431663 9.425474227186855
169.107866643718 9.686336622227408
167.04672269311936 10.926266940311221
164.98557874252074 8.303328610528903
162.9244347919221 12.739121592943215
160.86329084132345 10.475062140406028
158.8021468907248 12.13637816578384
156.74100294012618 11.097996728797824
154.67985898952753 8.672009363996466
152.61871503892888 10.931865421195885
150.55757108833023 9.378966881884075
148.49642713773162 11.334526477642427
146.43528318713297 10.942741424010014
144.37413923653435 7.788818454103958
142.31299528593567 10.052198248578495
140.25185133533705 13.301113813998237
138.1907073847384 12.130988999539705
136.12956343413978 9.712259042318724
134.06841948354113 10.728782729872908
132.00727553294246 10.683938382916164
129.94613158234384 9.867548711749915
127.8849876317452 11.880534614050339
125.82384368114656 11.25489192293022
123.76269973054792 11.728544078185509
121.70155577994929 9.024531207107579
119.64041182935064 9.125697427841
117.579267878752 10.976832934483072
115.51812392815336 10.836875844675442
113.45697997755472 7.693886590005862
111.39583602695606 11.314244539313387
109.33469207635743 13.545327357738758
107.2735481257588 10.302631683609649
105.21240417516015 10.707980778291821
103.15126022456151 11.260574097548956
101.09011627396286 11.966972836481139
99.02897232336423 10.888879251466777
96.96782837276558 11.747485599194748
94.90668442216695 10.1132602588939
92.84554047156831 10.820463252714756
90.78439652096966 10.889714058368341
88.72325257037103 9.57852628847156
86.66210861977238 9.83505038628371
84.60096466917375 8.642073888792979
82.53982071857511 10.57416953482451
80.47867676797647 8.789952620961113
78.41753281737783 12.157152353752894
76.35638886677918 11.128577095260528
74.29524491618054 11.372971478661178
72.23410096558189 13.611406701672356
70.17295701498325 11.757016968996716
68.11181306438462 12.708442342837555
66.05066911378597 12.663747347401351
63.98952516318733 11.718320710076178
61.9283812125887 12.522261827891848
59.867237261990056 10.569633175130166
57.806093311391415 14.382321111175514
55.74494936079277 11.242919542584229
53.68380541019413 13.787315239895538
51.62266145959549 13.820377815494444
49.56151750899685 13.153635376579766
47.500373558398216 15.591426191540082
45.43922960779957 16.06127407307713
43.37808565720093 16.032728029630572
41.316941706602286 16.146493445325905
39.255797756003645 22.24399742811962
37.194653805405004 20.97500338059609
35.13350985480636 20.875463677972768
33.07236590420773 23.325662343142906
31.01122195360908 25.855748949995238
28.950078003010443 29.028289031674866
26.888934052411802 27.544437351495002
24.82779010181316 27.226996820472426
22.766646151214523 27.3223079303665
20.70550220061588 31.791956566077605
18.644358250017238 27.359340765564976
16.5832142994186 28.822986792221904
14.522070348819959 35.66219679324819
12.460926398221316 40.8529604265592
10.399782447622675 45.46798454978867
8.338638497024034 51.116824218047405
6.277494546425394 58.51418608576548
4.216350595826753 57.51252750918852
2.1552066452281116 53.82426882146473
0.09406269462947105 46.981174028530596
-1.96708125596917 37.684908840991895
-4.028225206567811 25.215972089941488
-6.089369157166451 20.494528837180752
-8.150513107765093 17.74204913874795
-10.211657058363734 13.915487290393799
-12.272801008962373 13.221628585804794
-14.333944959561013 11.418694801688035
-16.395088910159654 9.231436607054302
-18.456232860758295 9.615466205023717
-20.517376811356936 10.760780559788277
-22.578520761955577 10.477217005017282
-24.639664712554215 11.650159245136974
-26.700808663152856 10.601875929056131
-28.7619526137515 11.565237558519051
-30.82309656435014 11.0286173268881
-32.884240514948786 10.475413120463461
-34.94538446554742 9.739559821294746
-37.00652841614606 8.205320730642338
-39.0676723667447 10.15797945118491
-41.12881631734334 12.76532540404925
-43.189960267941984 9.287799546460475
-45.251104218540625 10.04411917806707
-47.31224816913927 10.185762986347502
-49.3733921197379 10.970968733993992
-51.43453607033655 13.557535054587646
-53.49568002093519 10.632421236169982
-55.55682397153383 11.289531763086924
-57.61796792213247 8.987409155577254
-59.67911187273111 12.441374668775353
-61.740255823329754 11.136843934997898
-63.80139977392839 9.32557844726769
-65.86254372452703 11.213399201652809
-67.92368767512568 9.361811590909115
-69.98483162572431 9.219334612544774
-72.04597557632295 7.2372873431242315
-74.1071195269216 9.71761687997263
-76.16826347752023 7.8814815991701925
-78.22940742811888 8.252487679281119
-80.29055137871752 7.808446924923194
-82.35169532931617 6.113795485864686
-84.4128392799148 3.8331143460269415
-86.47398323051344 6.442348994653106
-88.53512718111209 7.872759240224406
-90.59627113171072 5.867389592083518
-92.65741508230937 6.403192096476551
-94.718559032908 8.166056018653503
-96.77970298350665 8.785430488332812
-98.84084693410529 4.256448345576413
-100.90199088470392 4.647773250942942
-102.96313483530257 3.851095864478667
-105.0242787859012 4.048116699718684
-107.08542273649985 6.112102374978003
-109.14656668709848 5.5624777348073335
-111.20771063769712 6.36477146001735
-113.26885458829577 5.547924100337837
-115.3299985388944 8.178693665184666
-117.39114248949305 6.459197955243193
-119.4522864400917 6.327291032606532
-121.51343039069035 5.330623018143327
-123.57457434128898 5.127412095402595
-125.63571829188761 4.633259800541081
-127.69686224248626 5.9766085572025025
-129.7580061930849 4.783777412867351
-131.81915014368354 4.55313308900271
-133.88029409428216 6.158703155781212
-135.9414380448808 4.589989960495504
-138.0025819954795 5.629224705180232
-140.0637259460781 5.127018411819468
-142.12486989667676 6.366886325094444
-144.18601384727538 5.865424349758818
-146.24715779787402 6.369584468057401
-148.30830174847267 4.906193029441731
-150.36944569907132 4.88908426741352
-152.43058964966994 6.735229402413215
-154.4917336002686 5.080615674680412
-156.5528775508672 4.6569196791000165
-158.61402150146588 6.489663086243471
-160.6751654520645 5.899837519713814
-162.73630940266315 4.159452483945178
-164.79745335326177 4.10006592166382
-166.85859730386042 5.227282848345892
-168.91974125445907 3.4057966980299446
-170.98088520505772 5.185917691483392
-173.04202915565634 3.054821619354805
-175.10317310625499 4.322157466620618
-177.16431705685366 3.7518343840036024
-179.22546100745228 0.4461948452562258
-181.28660495805093 5.829707345632626
-183.34774890864955 5.926713861730702
-185.4088928592482 4.698693752799902
-187.47003680984685 3.2378308603198898
-189.5311807604455 5.130562570265557
-191.5923247110441 4.174273011651646
-193.65346866164276 4.500660165997481
-195.71461261224138 3.8534201861538357
-197.77575656284006 4.297026993668276
-199.83690051343868 4.73499751893616
-201.89804446403733 4.046098040758822
-203.95918841463595 4.1711808637481615
-206.02033236523462 4.336858268069325
-208.08147631583324 5.690463849345874
-210.1426202664319 4.674469304393716
-212.2037642170305 5.086937045445281
-214.26490816762916 5.410859210711755
-216.32605211822784 4.517760180753595
-218.38719606882646 5.506741243457057
-220.4483400194251 3.8220412504339865
-222.50948397002372 3.7718836193686966
-224.57062792062237 5.733191176189208
-226.63177187122102 4.8086115871462205
-228.69291582181967 6.213650171571572
-230.7540597724183 4.473167977266456
-232.81520372301694 4.87384300722623
-234.87634767361558 3.0640954718767897
-236.93749162421423 5.703692756439504
-238.99863557481285 3.927288559029371
-241.0597795254115 4.763313041149626
-243.12092347601012 5.237705696442802
-245.1820674266088 3.977477071768177
-247.24321137720742 3.3484917059958237
-249.30435532780606 6.261311225128614
-251.36549927840468 5.190499812947561
-253.42664322900333 8.064117137413705
