# BEGINHEADER
# This file contains data from the SALSA 2m radio telescope.
# DATE=2021-11-23T20:24:0014
# GLON and GLAT given in degrees
# GLON=125.84589345185039
# GLAT=-0.09263458836981266
# DATA in two columns below. Col. 1 is velocity relative to LSR [km/s]. Col. 2 is uncalibrated antenna temperature [K].
# ENDHEADER
266.9127967538818 3.2743769662671065
264.8516528032832 7.710301355027142
262.7905088526845 4.2655202687635905
260.7293649020859 4.691772668893284
258.6682209514872 7.2197893598259695
256.6070770008886 4.871829462177165
254.54593305028996 9.71509644918583
252.4847890996913 7.850951973738448
250.4236451490927 6.369206194809899
248.36250119849402 4.935089720764485
246.3013572478954 3.4419823094555846
244.24021329729675 3.0404811212883405
242.17906934669813 7.695639537729181
240.11792539609948 9.229536385797344
238.05678144550083 8.492839920969109
235.99563749490218 4.149064577565912
233.93449354430356 8.641942182810354
231.87334959370492 11.350613760271687
229.81220564310627 7.891089047261635
227.75106169250762 10.358328223501056
225.689917741909 11.173395688754416
223.62877379131035 7.161653457501905
221.56762984071173 4.689949203030225
219.50648589011305 9.549994299313404
217.4453419395144 5.387211884459657
215.3841979889158 7.561498198218818
213.32305403831714 9.590655544201292
211.26191008771852 11.637980424381073
209.20076613711984 5.239457247449765
207.13962218652122 8.610337596849144
205.07847823592257 7.6768109373440865
203.01733428532395 8.071245457168747
200.95619033472528 6.689100620266969
198.89504638412666 8.872256380277074
196.833902433528 10.736948599170995
194.7727584829294 9.372611700090523
192.71161453233074 8.9821975501918
190.6504705817321 8.096955306677957
188.58932663113345 10.962624007714757
186.52818268053483 6.599229123810314
184.46703872993618 7.670630122141834
182.40589477933756 7.842759601358003
180.34475082873888 4.928284952384829
178.28360687814023 8.829570128416382
176.2224629275416 6.870871198313946
174.16131897694297 7.550514648515409
172.10017502634435 7.292908226658091
170.03903107574567 9.224559834855922
167.97788712514705 9.060540410667306
165.9167431745484 8.463398554423458
163.85559922394978 8.016845980334036
161.7944552733511 7.228677332774117
159.73331132275248 7.4421274345998105
157.67216737215384 8.005648594519739
155.61102342155522 4.733938332988358
153.54987947095657 6.462373296845817
151.48873552035792 7.4474609439157025
149.42759156975927 9.089760355604474
147.36644761916065 7.774667483451291
145.305303668562 9.61577646552772
143.24415971796338 6.576832973650723
141.1830157673647 7.909943156526528
139.12187181676606 9.102967398475956
137.06072786616744 7.748528445660243
134.9995839155688 10.01577911620975
132.93843996497014 9.26326059002538
130.87729601437152 10.133613248562037
128.81615206377288 11.060900836614703
126.75500811317424 7.870744208956107
124.6938641625756 6.645445812241292
122.63272021197696 6.222496403180785
120.5715762613783 7.4906064279396345
118.51043231077966 7.5838317025934785
116.44928836018103 6.892744761660213
114.38814440958238 9.500102557308379
112.32700045898375 8.291731782246206
110.2658565083851 7.8413488309440265
108.20471255778646 10.844031861322174
106.14356860718782 5.782679534572726
104.08242465658918 5.1117127756577165
102.02128070599055 9.64417019715166
99.9601367553919 9.019135995717964
97.89899280479327 6.217932088007394
95.83784885419462 8.507181748042452
93.77670490359598 6.218129500034944
91.71556095299734 10.89282701955658
89.6544170023987 11.104631287582892
87.59327305180007 7.525428509492998
85.53212910120142 8.017641983635118
83.47098515060277 8.981791786210604
81.40984120000412 5.585244218903145
79.34869724940549 8.984789121683704
77.28755329880684 10.632591279819518
75.22640934820821 7.810993725191034
73.16526539760957 6.254666941073087
71.10412144701093 10.328210575776891
69.04297749641229 10.08056379163114
66.98183354581364 7.506427712808755
64.92068959521501 7.605138577106834
62.85954564461637 8.650453455930561
60.79840169401773 8.371055773336352
58.737257743419086 9.020103247014758
56.676113792820445 8.200311717271989
54.61496984222181 10.765050062230916
52.55382589162316 5.5759782485764635
50.49268194102452 5.657160546168663
48.43153799042588 9.563906728782891
46.37039403982724 5.394020161941022
44.3092500892286 6.124776332547518
42.24810613862996 4.500429359577512
40.18696218803132 8.086724071874844
38.12581823743268 7.754775128810582
36.06467428683404 8.363951484001065
34.00353033623539 9.294334729396025
31.942386385636755 7.228926958145898
29.881242435038114 9.578419155743426
27.820098484439473 7.796781556377336
25.758954533840832 10.44143261071785
23.697810583242195 8.95366427032123
21.636666632643557 7.232918557136526
19.575522682044912 11.748958698747304
17.51437873144627 12.108600879571458
15.453234780847632 10.662744829708258
13.392090830248993 14.484640128049783
11.33094687965035 14.688265186797313
9.26980292905171 18.26129209149865
7.208658978453069 23.000530970277918
5.147515027854428 31.84946779850607
3.0863710772557873 48.74609616623392
1.0252271266571469 72.04344940408885
-1.0359168239414942 73.90041495968698
-3.097060774540135 76.46009924498512
-5.158204725138776 79.57514868174616
-7.219348675737417 73.95519655784783
-9.280492626336057 79.38235802298581
-11.341636576934699 79.63789311129355
-13.402780527533338 77.43525915064578
-15.463924478131979 63.989277747007435
-17.52506842873062 54.42478801815192
-19.58621237932926 42.691524401206
-21.647356329927902 36.93147258905459
-23.708500280526543 25.37515334152302
-25.769644231125184 30.859778129842226
-27.83078818172383 28.319725874175084
-29.89193213232247 32.54966141450159
-31.953076082921108 39.048490128658955
-34.01422003351975 40.05171657194603
-36.07536398411839 48.86253549245072
-38.13650793471703 52.23968724246503
-40.19765188531567 54.287335946606795
-42.258795835914306 56.85719171643247
-44.319939786512954 62.49186302610647
-46.381083737111595 60.21172044608473
-48.442227687710236 63.4860204167319
-50.50337163830888 62.90380257318116
-52.56451558890752 67.03240900200143
-54.62565953950616 69.22217966887618
-56.68680349010479 65.65608698396572
-58.747947440703435 67.80369403087464
-60.809091391302076 65.5419587971416
-62.870235341900724 57.63751229688056
-64.93137929249936 51.09623307031253
-66.99252324309799 43.488508367188146
-69.05366719369664 41.04550457521387
-71.11481114429527 36.15209231663109
-73.17595509489394 31.010697293471065
-75.23709904549257 25.924446059700387
-77.2982429960912 25.161366685346334
-79.35938694668985 27.8747993141085
-81.42053089728849 23.22491158401949
-83.48167484788713 22.203503884586453
-85.54281879848577 25.179907722832276
-87.60396274908442 21.704892085830448
-89.66510669968305 21.353205790407742
-91.72625065028168 21.27524503902525
-93.78739460088033 23.337380066351333
-95.84853855147897 24.67748496668154
-97.90968250207762 21.843356037755893
-99.97082645267625 20.95433960865186
-102.0319704032749 21.792772282273848
-104.09311435387353 15.92560194515609
-106.15425830447217 15.927079043184998
-108.21540225507081 13.812048116838316
-110.27654620566946 11.322274354407597
-112.33769015626811 10.173787828444844
-114.39883410686674 7.699915608878988
-116.45997805746539 7.6400603512535366
-118.52112200806403 8.878434307739177
-120.58226595866266 7.678648602380932
-122.64340990926131 6.877440168464905
-124.70455385985994 6.463867582668586
-126.76569781045859 6.936878145494235
-128.8268417610572 -1.1870719436027826
-130.8879857116559 4.489350333983338
-132.9491296622545 3.660294225878731
-135.01027361285315 4.8509462242334385
-137.07141756345177 4.999495616507945
-139.13256151405045 5.553337212872804
-141.19370546464907 5.299406100569195
-143.25484941524772 2.3076232108325043
-145.31599336584634 1.860450880702923
-147.377137316445 4.8784715673471535
-149.43828126704364 2.677681722849011
-151.49942521764228 4.304634107938839
-153.5605691682409 5.889882667245954
-155.62171311883955 4.1767009567828115
-157.6828570694382 5.460898662916184
-159.74400102003685 6.671711625869663
-161.80514497063547 1.269787192389108
-163.86628892123412 4.540358491683453
-165.92743287183274 2.224459457637038
-167.9885768224314 3.351723414522867
-170.04972077303006 3.7389352208246547
-172.11086472362868 2.324769405821582
-174.17200867422733 6.471231537812022
-176.23315262482595 1.7548367869143557
-178.29429657542462 2.876980820170937
-180.35544052602324 6.032561610790044
-182.4165844766219 2.5021526896997734
-184.4777284272205 3.600532425647084
-186.53887237781916 5.187639666898327
-188.6000163284178 2.130514830847184
-190.66116027901646 5.320607971501523
-192.72230422961508 3.6482875285689866
-194.78344818021372 2.140828064589291
-196.84459213081237 3.1974451700740834
-198.90573608141102 1.4452992181124489
-200.96688003200964 2.704140800207859
-203.0280239826083 5.2676209159871785
-205.0891679332069 2.503954307508633
-207.15031188380559 4.192362090098405
-209.21145583440423 2.66493659586607
-211.27259978500285 4.7774957515490515
-213.3337437356015 3.2675210209458543
-215.39488768620012 4.3325186768481965
-217.4560316367988 3.0481219887352804
-219.51717558739742 2.0756087290932834
-221.57831953799607 1.1742902456014768
-223.63946348859469 1.6065411351816794
-225.70060743919336 4.257274454577011
-227.76175138979198 0.8619266013231455
-229.82289534039063 1.5897525031767743
-231.88403929098925 2.2882813070426087
-233.9451832415879 1.8727245079584367
-236.00632719218655 2.902318195091666
-238.0674711427852 -0.7680036410561963
-240.12861509338381 0.3145066590278857
-242.18975904398246 1.9996965787912473
-244.25090299458108 5.112220012905305
-246.31204694517976 1.431524655992287
-248.3731908957784 3.8589757991913625
-250.43433484637703 2.0645806973550203
-252.49547879697568 0.5330638520597097
-254.55662274757432 5.636916838769087
-256.61776669817294 3.6979037395306564
-258.6789106487716 3.539504502278362
