# BEGINHEADER
# This file contains data from the SALSA 2m radio telescope.
# DATE=2021-11-24T15:23:0031
# GLON and GLAT given in degrees
# GLON=26.892775303493153
# GLAT=0.2574963441840639
# DATA in two columns below. Col. 1 is velocity relative to LSR [km/s]. Col. 2 is uncalibrated antenna temperature [K].
# ENDHEADER
263.510315299135 -4.661266422208487
261.44917134853637 -4.756865276855478
259.3880273979377 -5.930825540273965
257.32688344733907 -6.221614984979954
255.26573949674042 -6.03770497911057
253.2045955461418 -7.99464411848593
251.14345159554316 -5.759812909033606
249.0823076449445 -5.345225648651848
247.02116369434586 -5.259538524846357
244.96001974374724 -7.360462428057633
242.8988757931486 -8.353093490657225
240.83773184254997 -8.50144763197579
238.7765878919513 -7.40338257612309
236.71544394135267 -5.665623854335378
234.65429999075403 -4.797083608456835
232.59315604015538 -7.128019351752989
230.53201208955676 -7.642268220180694
228.47086813895808 -8.0027458177246
226.40972418835946 -7.323318696853416
224.3485802377608 -6.895768607150655
222.2874362871622 -5.822982179042905
220.22629233656352 -5.953008043161849
218.1651483859649 -8.149243468743437
216.10400443536625 -7.788821337273144
214.04286048476763 -5.316506259893184
211.98171653416898 -6.789177677275169
209.92057258357033 -5.396814526250199
207.85942863297169 -7.386208737663822
205.79828468237307 -6.313305226248027
203.73714073177442 -8.14077669664174
201.6759967811758 -7.923239141371527
199.61485283057712 -6.259088488021697
197.55370887997844 -7.238415354296628
195.49256492937982 -7.606569459109311
193.43142097878118 -4.231415032387444
191.37027702818256 -6.239032946232669
189.30913307758388 -5.680410222592742
187.24798912698526 -5.756095158081249
185.1868451763866 -7.301231987325475
183.125701225788 -7.451525772993081
181.06455727518934 -5.411228377726406
179.0034133245907 -3.592464830009754
176.94226937399205 -6.312879350189508
174.88112542339343 -6.822059292933339
172.81998147279478 -6.439601162512748
170.75883752219616 -4.218024366814754
168.69769357159748 -6.2303041408963935
166.63654962099886 -7.665216327777081
164.57540567040022 -4.740202116039841
162.5142617198016 -7.13417274865541
160.45311776920295 -5.814400432577926
158.39197381860427 -6.339587850256446
156.33082986800565 -4.289261459662738
154.269685917407 -5.611952358056466
152.20854196680838 -6.36403946227291
150.1473980162097 -5.005829812500441
148.0862540656111 -4.5514759139536345
146.02511011501244 -5.946434558485823
143.96396616441382 -6.9893017847310706
141.90282221381517 -4.1900527459035395
139.84167826321652 -5.532664901953321
137.78053431261787 -6.051403266675643
135.71939036201925 -3.806704265740908
133.6582464114206 -1.9749104194742144
131.597102460822 -3.5415257308656263
129.53595851022334 -4.184290023589868
127.47481455962468 -2.33665704713885
125.41367060902604 -2.059979386947673
123.3525266584274 -1.5481837390799154
121.29138270782876 -1.3039532687278141
119.23023875723013 -0.5028629531000719
117.16909480663148 3.4529235004758174
115.10795085603284 3.001202532809701
113.0468069054342 5.760003947913047
110.98566295483556 10.688778119482977
108.92451900423691 13.635991190404509
106.86337505363828 14.155826469998233
104.80223110303965 14.326513831273282
102.741087152441 13.89930194605874
100.67994320184236 14.918253408157293
98.6187992512437 17.880638354222626
96.55765530064507 18.93151150596725
94.49651135004642 18.260853138531868
92.43536739944778 19.174772643640342
90.37422344884915 19.79743003879284
88.3130794982505 19.24527581529231
86.25193554765187 16.371534065548065
84.19079159705322 17.933170290731987
82.12964764645459 19.130713679372437
80.06850369585594 16.798563195238643
78.0073597452573 17.20412478948668
75.94621579465867 18.269433886772266
73.88507184406002 17.685474018648584
71.82392789346139 18.425047995265267
69.76278394286274 19.12271840436008
67.7016399922641 18.198255450568155
65.64049604166546 21.371138788830173
63.579352091066816 23.77503814174401
61.518208140468175 23.70976442906964
59.457064189869534 20.828813222673645
57.39592023927089 21.95889190809267
55.33477628867226 21.060860296252322
53.27363233807362 24.735400360758288
51.21248838747497 24.997826402746604
49.15134443687633 27.96618613553256
47.09020048627769 26.243356296771832
45.02905653567905 29.27801914969544
42.96791258508041 30.46423144508154
40.90676863448177 27.750883863575968
38.84562468388313 30.54433740249466
36.78448073328449 26.931488267871107
34.72333678268585 28.973424230040994
32.66219283208721 27.61304250737604
30.601048881488566 28.96196358608681
28.539904930889925 32.95033444974967
26.47876098029128 33.228172087945126
24.417617029692646 37.58299029745353
22.356473079094005 41.24681624750628
20.295329128495364 43.90489498384967
18.234185177896723 45.58666987684675
16.173041227298082 47.89554042256711
14.111897276699441 47.85502292371021
12.050753326100802 48.51610663223136
9.989609375502159 46.67978127401982
7.92846542490352 43.7094526127217
5.8673214743048785 46.52585431565535
3.8061775237062374 49.94160754500663
1.7450335731075963 52.627957101286114
-0.31611037749104426 43.489592865370284
-2.3772543280896854 30.032301070338953
-4.438398278688325 24.166683348353732
-6.499542229286966 19.44224419373921
-8.560686179885606 13.260683508393848
-10.621830130484248 14.376296253348139
-12.682974081082888 13.298647303618187
-14.74411803168153 13.633485154791321
-16.80526198228017 13.062038569940983
-18.86640593287881 14.14402393207803
-20.927549883477454 13.441220267110179
-22.988693834076095 13.26928364706473
-25.049837784674736 12.40289741237627
-27.110981735273377 15.165308048996867
-29.172125685872015 15.164226790728765
-31.23326963647066 16.001910605692576
-33.2944135870693 18.044748624679087
-35.35555753766794 16.478214512204787
-37.41670148826658 13.760330094444795
-39.47784543886522 12.252163323954097
-41.53898938946386 11.372429336784089
-43.6001333400625 9.190666800067978
-45.66127729066115 3.126952192794111
-47.72242124125979 5.277579189737393
-49.78356519185843 2.578965435596637
-51.84470914245707 1.322595103099096
-53.905853093055704 -0.8629686347359002
-55.966997043654345 -2.0877149105964974
-58.028140994252986 -0.8449997896055166
-60.08928494485163 -2.0833786677138955
-62.15042889545027 -3.8403880930146475
-64.21157284604891 -5.2146499705102975
-66.27271679664756 -3.571343614006666
-68.33386074724619 -6.276230656369722
-70.39500469784484 -2.5013182653962365
-72.45614864844347 -2.62133888937899
-74.51729259904211 -4.178686000702079
-76.57843654964076 -1.768749445080678
-78.63958050023939 -2.4284700960055257
-80.70072445083804 -3.251439423683159
-82.76186840143667 -2.9109023645282663
-84.82301235203532 -3.3073968237719282
-86.88415630263395 -3.0028042045487617
-88.94530025323259 -4.612692581402466
-91.00644420383124 -2.4860493700935833
-93.06758815442987 -5.033498306926379
-95.12873210502853 -3.581751627391083
-97.18987605562717 -3.324796105461111
-99.25102000622581 -3.359030813317004
-101.31216395682445 -3.731875028044776
-103.37330790742308 -3.622266559436047
-105.43445185802173 -5.891093120077653
-107.49559580862037 -5.401833900443011
-109.55673975921901 -3.1926978292385053
-111.61788370981765 -1.9169332441925677
-113.6790276604163 -4.673010688966938
-115.74017161101493 -2.587669423824665
-117.80131556161356 -2.8994471027514885
-119.86245951221221 -3.052455682926199
-121.92360346281085 -0.985951336784466
-123.9847474134095 -2.4439864270734013
-126.04589136400813 -1.8411435911695524
-128.10703531460678 -4.696492274287384
-130.16817926520542 -4.780070303228996
-132.22932321580407 -3.728100353974303
-134.2904671664027 -4.24754750511913
-136.35161111700134 -2.006546954903419
-138.41275506759996 -3.5831065158026387
-140.47389901819864 -3.519097641306659
-142.53504296879726 -3.6235657452924337
-144.5961869193959 -4.337921887528157
-146.65733086999452 -1.3672638451664985
-148.71847482059317 -2.766325036591512
-150.77961877119185 -2.48249074540653
-152.84076272179047 -5.394551790971956
-154.90190667238912 -4.09336405007791
-156.96305062298774 -4.393101901991419
-159.02419457358639 -5.169972592973814
-161.08533852418503 -2.524853559010532
-163.14648247478368 -0.5153230078937071
-165.2076264253823 -2.9028631722269873
-167.26877037598095 -3.7378355873890383
-169.3299143265796 -4.78293039158366
-171.39105827717825 -3.575672606770966
-173.45220222777687 -3.631083139506358
-175.5133461783755 -1.932651267481428
-177.57449012897413 -1.6676766096043107
-179.6356340795728 -2.664207311716748
-181.69677803017143 -1.5532743240267248
-183.75792198077008 -1.5048883585522668
-185.8190659313687 -0.4876425971363596
-187.88020988196735 -3.307237415515738
-189.94135383256602 -0.9803508496893845
-192.00249778316464 -2.0042676484169792
-194.0636417337633 -2.090834248656465
-196.1247856843619 -1.814275387764089
-198.18592963496056 -3.3528084219965852
-200.24707358555918 -2.4344906177858157
-202.30821753615783 -2.7645742992812625
-204.36936148675645 -5.108204380599988
-206.43050543735512 -3.1745446591322732
-208.49164938795374 -2.630572953103414
-210.5527933385524 -2.9391324999523256
-212.613937289151 -4.632172966599286
-214.67508123974966 -1.9394488996069923
-216.7362251903483 -1.9185951534858758
-218.79736914094696 -4.745310722432903
-220.85851309154557 -3.5184129408053972
-222.91965704214422 -0.17476490824078844
-224.98080099274287 -2.62154337017039
-227.04194494334152 -0.8837394050722831
-229.10308889394014 -2.7488511033020187
-231.1642328445388 -2.6763945958284996
-233.22537679513744 -2.76388964483991
-235.28652074573608 -6.24408167957214
-237.34766469633473 -4.558485316777896
-239.40880864693335 -3.526313291519431
-241.469952597532 -3.232483994684532
-243.53109654813062 -2.5386592876037053
-245.5922404987293 -1.3783770893799472
-247.65338444932792 -3.3867475179876165
-249.71452839992656 -3.28107523683413
-251.77567235052518 -3.0440942581519903
-253.83681630112383 -5.7184525312547265
-255.89796025172248 -3.1431348907722425
-257.9591042023211 -3.479772837693756
-260.02024815291975 -2.784489667222578
-262.0813921035184 -4.636663530894931
