# BEGINHEADER
# This file contains data from the SALSA 2m radio telescope.
# DATE=2021-12-09T13:56:0004
# GLON and GLAT given in degrees
# GLON=41.84163287824845
# GLAT=0.22634477484386908
# DATA in two columns below. Col. 1 is velocity relative to LSR [km/s]. Col. 2 is uncalibrated antenna temperature [K].
# ENDHEADER
269.1822860308277 1.1632604460194789
267.121142080229 4.2988942478948875
265.0599981296304 6.778136167948178
262.99885417903175 6.690988410063879
260.9377102284331 7.748651158038088
258.87656627783446 7.160277122557767
256.81542232723586 6.857437334953004
254.7542783766372 6.106676851492664
252.69313442603854 7.869869685614019
250.63199047543992 6.600792692328242
248.57084652484127 5.7674413096241475
246.50970257424265 8.738114334279144
244.44855862364398 7.92411873564193
242.38741467304533 7.580093244924655
240.3262707224467 9.387013811463346
238.26512677184806 8.37067028109329
236.2039828212494 8.793600680778743
234.14283887065076 8.619770372815118
232.08169492005214 7.6550473613528265
230.0205509694535 9.337254675054272
227.95940701885488 7.139154878824365
225.8982630682562 8.17571344239335
223.83711911765758 7.607685849524768
221.77597516705893 8.4604130612679
219.7148312164603 9.182721164671795
217.65368726586166 8.75275964674726
215.59254331526301 8.90364323804453
213.53139936466437 10.11782000510001
211.47025541406575 9.099095011556761
209.4091114634671 7.520570075123484
207.34796751286845 6.085925963098555
205.2868235622698 9.040583830173157
203.22567961167115 9.35366266935551
201.16453566107253 6.935283791130423
199.1033917104739 8.917364982709389
197.04224775987527 7.0085773724362985
194.98110380927662 7.556580016970269
192.919959858678 5.686511199171071
190.85881590807935 11.232440908995956
188.7976719574807 6.9620268642315715
186.73652800688205 8.753943273108398
184.67538405628343 8.958557500728793
182.6142401056848 7.040394216288522
180.55309615508614 8.326560103703155
178.4919522044875 9.002448894765694
176.43080825388887 7.758474515547366
174.36966430329022 8.802064537941034
172.3085203526916 8.530406398985239
170.24737640209293 6.911245950057649
168.1862324514943 6.692664215201925
166.12508850089566 7.865236338915098
164.063944550297 11.398938392280801
162.0028005996984 7.603468494549313
159.9416566490997 6.186138472722327
157.8805126985011 9.634907702682035
155.81936874790244 7.9716584592900865
153.75822479730382 8.527247147187872
151.69708084670515 8.269569357450456
149.63593689610653 7.9697707075334465
147.57479294550788 7.393322398685278
145.51364899490926 7.747886302385819
143.4525050443106 8.996007563716052
141.39136109371196 7.492933075066624
139.33021714311332 9.709235337714775
137.2690731925147 9.627312417853997
135.20792924191605 6.369134105412338
133.14678529131743 9.521291230731318
131.08564134071875 7.634423253392898
129.02449739012013 7.230575206574226
126.96335343952148 7.027734604244386
124.90220948892284 8.66401899951879
122.8410655383242 7.387311455095835
120.77992158772557 7.909507792258787
118.71877763712692 7.690398206569986
116.65763368652829 5.485340746582757
114.59648973592964 7.59319229501607
112.535345785331 7.156866325432672
110.47420183473236 9.339245683883682
108.41305788413372 6.110998052897399
106.35191393353507 5.605713289112292
104.29076998293642 8.40360734202613
102.22962603233779 8.34057653094615
100.16848208173914 8.414037872439964
98.10733813114051 9.391142006482427
96.04619418054186 10.54145378884814
93.98505022994323 12.288267759988761
91.92390627934459 14.109035553857531
89.86276232874594 15.520869720281238
87.80161837814731 18.72090188393325
85.74047442754866 20.098569832510094
83.67933047695003 24.274154430343334
81.61818652635138 28.480139204960828
79.55704257575275 33.19345138977889
77.49589862515411 36.62911829948258
75.43475467455546 43.85118422855343
73.37361072395683 48.15819880656798
71.31246677335818 48.98459061738497
69.25132282275955 59.422136668296645
67.19017887216089 63.59712427947643
65.12903492156225 67.17914852722392
63.06789097096362 70.89968231411311
61.006747020364976 70.67405918174217
58.945603069766335 71.74448516283448
56.884459119167694 72.18646765093852
54.82331516856905 69.79369350691852
52.76217121797041 66.26597607707154
50.70102726737177 65.71567821802235
48.63988331677313 65.92701299132132
46.57873936617449 67.34158415300264
44.51759541557585 68.13710256388529
42.45645146497721 71.54245985132799
40.39530751437856 74.74734175914543
38.33416356377992 81.8606698988587
36.273019613181276 83.60994807239386
34.21187566258264 84.38012088593047
32.150731711984 87.09233547287268
30.08958776138536 84.43982984669836
28.02844381078672 79.91985001327441
25.967299860188074 81.16819679906604
23.906155909589437 80.6806585555129
21.8450119589908 76.03973994222466
19.783868008392158 76.62434566151283
17.722724057793517 72.06153523841286
15.661580107194876 75.2108765251618
13.600436156596235 78.15892001068552
11.539292205997596 80.01384908304945
9.478148255398954 85.62051208651857
7.417004304800313 83.83578517655975
5.355860354201673 82.05641813834599
3.2947164036030316 74.55346484790064
1.2335724530043908 60.90169405735518
-0.82757149759425 47.14624924324001
-2.888715448192891 38.35374148279989
-4.949859398791531 26.835140622762214
-7.0110033493901724 24.355309333918495
-9.072147299988812 21.42152515646647
-11.133291250587455 19.253242418414278
-13.194435201186094 21.319193286597763
-15.255579151784737 19.09333144183669
-17.316723102383378 20.750495556121685
-19.377867052982015 21.110418578600143
-21.439011003580656 18.074867052887974
-23.5001549541793 23.110338814764972
-25.561298904777942 26.304755295731304
-27.622442855376583 28.614626335869374
-29.683586805975224 28.972341040739867
-31.744730756573862 32.88597191068466
-33.8058747071725 33.384356813063704
-35.86701865777114 34.341867649476725
-37.92816260836979 37.46551816823076
-39.98930655896843 33.65598483316107
-42.05045050956707 34.28835063362377
-44.11159446016571 32.58497929174502
-46.17273841076435 32.11875417484749
-48.23388236136299 31.820950608393886
-50.29502631196163 33.3162222253089
-52.35617026256026 35.50161592147602
-54.4173142131589 30.590956296189983
-56.478458163757544 30.585262179676352
-58.53960211435619 29.381527519993508
-60.60074606495483 27.173602074519334
-62.661890015553475 22.66350243682899
-64.7230339661521 17.2576398759572
-66.78417791675075 16.487153670867517
-68.8453218673494 12.605274327570886
-70.90646581794803 9.878331334900853
-72.96760976854667 6.481236739437349
-75.02875371914531 10.060943068168745
-77.08989766974395 6.9509995432445475
-79.1510416203426 4.137894069282732
-81.21218557094123 5.9160856931027155
-83.27332952153988 5.5558980369883715
-85.33447347213851 2.786549430164075
-87.39561742273716 3.9804675723133376
-89.45676137333581 2.9722582638523147
-91.51790532393444 2.3142688130730535
-93.57904927453309 2.6783846741652324
-95.64019322513172 1.6925227009498522
-97.70133717573037 2.8307229418059827
-99.762481126329 0.4509367849684007
-101.82362507692764 -0.24649687662998154
-103.88476902752629 1.8223756013440804
-105.94591297812492 2.9226944303378684
-108.00705692872357 0.9434072947896861
-110.0682008793222 2.71770983956829
-112.12934482992085 2.840520289166532
-114.19048878051949 1.930741505987247
-116.25163273111812 2.604198404948164
-118.31277668171677 0.842348036372545
-120.3739206323154 1.657274801117018
-122.43506458291405 0.26020654245477026
-124.4962085335127 2.4281977576427036
-126.55735248411133 0.09786676963802918
-128.61849643470998 3.0110157108490476
-130.6796403853086 3.7734539666544755
-132.74078433590725 2.47583173755113
-134.8019282865059 2.499759694500134
-136.86307223710452 1.4085945249714755
-138.9242161877032 0.3852598873331085
-140.98536013830181 2.3774829652469824
-143.04650408890046 1.6457318910392253
-145.1076480394991 1.3426774814461573
-147.16879199009773 2.065748826180709
-149.2299359406964 1.073794872467965
-151.29107989129503 1.163352836746997
-153.35222384189368 0.4306646278434199
-155.4133677924923 1.822802705518876
-157.47451174309094 1.0516892159959113
-159.5356556936896 1.0099364553781414
-161.59679964428824 0.7395603696341756
-163.65794359488686 1.6503575088777147
-165.7190875454855 0.706456032820751
-167.78023149608416 3.9978005604107922
-169.8413754466828 2.2530204117153416
-171.90251939728142 -0.5007257667018136
-173.96366334788007 1.722169364068903
-176.0248072984787 1.857861368239347
-178.08595124907737 0.7823433941016397
-180.147095199676 0.6596337965288717
-182.20823915027464 4.038005525239262
-184.26938310087328 1.197499545544323
-186.3305270514719 1.956488582426648
-188.39167100207058 0.12634329682327475
-190.4528149526692 1.0173828399928997
-192.51395890326785 -0.4321148478136573
-194.57510285386647 -0.7555619181330873
-196.63624680446512 0.6929929267553483
-198.69739075506376 1.2997070275288585
-200.75853470566244 0.4453629147790771
-202.81967865626106 2.500519769240595
-204.8808226068597 0.7881910288782383
-206.94196655745833 0.9806503090809731
-209.003110508057 1.3405255219815266
-211.06425445865563 1.0870251315790371
-213.12539840925427 -0.4465854769277358
-215.1865423598529 0.7543208634740395
-217.24768631045154 2.181226080842942
-219.30883026105022 2.5482599871650065
-221.36997421164884 1.7494384459860404
-223.4311181622475 0.4252022000194056
-225.4922621128461 2.262832615419999
-227.55340606344475 -0.8959078488786438
-229.6145500140434 1.8128753516694678
-231.67569396464205 3.258811592702918
-233.73683791524067 1.2773022189019698
-235.79798186583932 2.003522349917333
-237.85912581643794 -0.6491291351770174
-239.92026976703661 0.16010122333516516
-241.98141371763523 -0.2485009838016482
-244.04255766823388 5.886835472956257
-246.1037016188325 2.8964301802409516
-248.16484556943118 1.8003569686373369
-250.2259895200298 3.368273607186934
-252.28713347062845 1.9545485288145772
-254.34827742122707 5.362956721735774
-256.4094213718257 4.097052772000393
