# BEGINHEADER
# This file contains data from the SALSA 2m radio telescope.
# DATE=2021-11-24T15:49:0015
# GLON and GLAT given in degrees
# GLON=142.86821011970093
# GLAT=-0.19972523028856043
# DATA in two columns below. Col. 1 is velocity relative to LSR [km/s]. Col. 2 is uncalibrated antenna temperature [K].
# ENDHEADER
266.92576774627446 4.058062616318521
264.86462379567587 8.219442749414723
262.8034798450772 6.306945720669943
260.7423358944786 6.4805144226916065
258.6811919438799 5.247318208981808
256.62004799328133 7.197508636377063
254.55890404268266 6.219756544032411
252.497760092084 3.8388875389200936
250.4366161414854 3.6592482322379363
248.37547219088674 4.4598966051610995
246.31432824028812 3.378752268838801
244.25318428968944 0.5411765803098965
242.1920403390908 1.5983409870622662
240.13089638849218 5.779381227562871
238.06975243789353 6.128682562938598
236.00860848729488 2.1341312915521726
233.94746453669623 3.1480710735294406
231.8863205860976 3.0622526350801915
229.82517663549896 3.9752547433608956
227.76403268490034 4.978522627141287
225.70288873430167 4.784806211883579
223.64174478370305 5.771876081153481
221.5806008331044 5.239058837920735
219.51945688250578 6.888878574636714
217.45831293190713 4.5059620648305785
215.39716898130848 4.665923281127612
213.33602503070983 5.015410442611004
211.27488108011121 3.8077287392670534
209.21373712951257 6.289986044141723
207.15259317891392 4.532634195081121
205.09144922831527 4.557507761376543
203.03030527771662 4.498579226760515
200.969161327118 4.260193168876222
198.90801737651935 5.435342703739769
196.8468734259207 3.9192837109936205
194.78572947532206 4.177308759871525
192.72458552472344 6.278948589074917
190.6634415741248 5.32230285394519
188.60229762352617 6.30812045642509
186.5411536729275 5.63853391862212
184.48000972232887 2.709114756156557
182.41886577173022 5.95050699073083
180.3577218211316 9.363841955748805
178.29657787053296 5.2540891306676905
176.2354339199343 6.613557159869795
174.17428996933566 8.175454609799845
172.11314601873704 6.295846583528091
170.0520020681384 5.729342050854311
167.99085811753972 8.972545946183557
165.9297141669411 7.116702887416231
163.86857021634245 6.1467315869351
161.80742626574383 7.197878506804697
159.74628231514518 5.033608080499797
157.68513836454653 6.865975410527463
155.62399441394788 8.112797498257667
153.56285046334926 7.315357801288063
151.50170651275062 8.186138533259104
149.440562562152 8.63573559413694
147.37941861155332 8.515694591270117
145.3182746609547 8.717995402019664
143.25713071035605 7.611746240370368
141.19598675975743 9.366022179758277
139.13484280915876 7.467892869599506
137.07369885856014 9.05049993204975
135.0125549079615 8.786845000223472
132.95141095736287 7.373141040950131
130.89026700676422 7.055901237358729
128.82912305616557 6.865276822859381
126.76797910556692 8.861906817322982
124.70683515496829 7.172515338415131
122.64569120436965 8.030216814559779
120.584547253771 10.52166181222516
118.52340330317237 7.906246820790412
116.46225935257372 9.080719858367107
114.40111540197509 8.680513536599708
112.33997145137644 7.422640789330563
110.27882750077781 10.290280058831348
108.21768355017916 8.047407210232787
106.15653959958051 6.31286110118567
104.09539564898188 8.023818696595242
102.03425169838323 7.4814657099695765
99.9731077477846 7.748188805970812
97.91196379718595 5.656102490491794
95.8508198465873 7.673009700387738
93.78967589598867 11.223445448661552
91.72853194539002 8.192316265994709
89.66738799479138 9.01930025490069
87.60624404419275 9.410614755602044
85.5451000935941 7.256656604565468
83.48395614299547 7.545648818968282
81.42281219239682 8.736546018935368
79.36166824179818 7.34284957121407
77.30052429119954 8.609917321060685
75.2393803406009 8.211878697381772
73.17823639000227 8.16076619346031
71.1170924394036 7.766079662990738
69.05594848880497 10.900763188850597
66.99480453820632 9.352299420765084
64.93366058760769 8.550577285844177
62.872516637009056 9.945614399120947
60.81137268641041 9.884037356119244
58.75022873581177 8.169622567566687
56.689084785213126 10.56922154897342
54.627940834614485 7.654616370933333
52.56679688401585 10.112812871894056
50.50565293341721 9.002686127443564
48.44450898281857 6.783240240981084
46.38336503221993 8.840327024273385
44.32222108162129 11.109108813113513
42.26107713102264 11.168916866729832
40.199933180424 9.863069149581865
38.13878922982536 11.361851680849082
36.07764527922672 12.048216858556339
34.01650132862808 11.160988451592003
31.95535737802944 12.544418872487887
29.8942134274308 11.885409031699792
27.83306947683216 10.105451729487385
25.771925526233517 14.205397338593809
23.71078157563488 11.427399230246046
21.649637625036238 12.92197164690031
19.5884936744376 11.640379398335764
17.527349723838956 13.443036909426857
15.466205773240318 15.548246734262161
13.405061822641676 14.9759312200259
11.343917872043036 15.65019748469922
9.282773921444393 18.705051230373584
7.221629970845754 29.73411678948809
5.160486020247112 39.48398467192787
3.0993420696484715 53.234280212793706
1.0381981190498306 61.161114976635346
-1.02294583154881 60.04399782133209
-3.084089782147451 60.82360333441049
-5.1452337327460915 58.53067582817651
-7.206377683344732 56.225208894572894
-9.267521633943373 54.84748575565526
-11.328665584542014 56.820315193236475
-13.389809535140653 60.678111670399524
-15.450953485739294 61.01899204230192
-17.512097436337935 53.164806590488645
-19.573241386936576 49.01462037650329
-21.634385337535218 44.23051628741176
-23.69552928813386 46.0821753753328
-25.7566732387325 49.72588313351576
-27.81781718933114 50.96688391042862
-29.878961139929782 54.61803789827458
-31.940105090528427 60.26314903582044
-34.00124904112706 60.07912886048301
-36.06239299172571 59.68543545834962
-38.12353694232435 64.25263662842379
-40.18468089292299 65.13632779853486
-42.24582484352163 62.32334467394017
-44.306968794120266 57.581018764630635
-46.36811274471891 52.965158229431964
-48.42925669531755 47.25698803724372
-50.49040064591619 41.77755812444785
-52.55154459651483 37.95266305133447
-54.61268854711348 35.27466452809507
-56.67383249771212 31.231975231532306
-58.73497644831075 27.126159967803122
-60.796120398909395 26.286288797849714
-62.857264349508036 25.795542183869312
-64.91840830010668 22.416411310547648
-66.97955225070531 21.830726090916762
-69.04069620130396 21.590978612466888
-71.10184015190259 22.74176658207236
-73.16298410250124 23.81076177193688
-75.22412805309988 23.88857058053115
-77.28527200369852 24.31416599052265
-79.34641595429716 22.112679872102234
-81.40755990489579 21.35945420811669
-83.46870385549444 17.64181034585001
-85.52984780609309 21.624148149662762
-87.59099175669174 17.397972698685972
-89.65213570729037 17.346859828582456
-91.713279657889 17.957613034124503
-93.77442360848765 17.08858770828402
-95.83556755908629 16.31801123858968
-97.89671150968493 14.12219910104951
-99.95785546028355 14.410665792033495
-102.0189994108822 13.846241382418754
-104.08014336148084 11.383948900760497
-106.14128731207948 12.330734390077428
-108.20243126267812 13.15200311315807
-110.26357521327677 11.941866230093234
-112.3247191638754 13.9467479345329
-114.38586311447403 13.713269803119529
-116.44700706507268 13.150469414271418
-118.50815101567132 13.897074318379874
-120.56929496626996 12.660255638968676
-122.6304389168686 11.589434893074554
-124.69158286746726 12.10970260042413
-126.7527268180659 12.615740972315225
-128.81387076866451 11.893314734462894
-130.87501471926316 10.74059496639918
-132.9361586698618 11.914077414203302
-134.99730262046046 12.230802829669356
-137.05844657105908 13.141307459003073
-139.11959052165773 13.315350169765336
-141.18073447225635 12.03618139101999
-143.24187842285502 10.719029420083276
-145.30302237345367 13.140332389796345
-147.3641663240523 16.073569603386282
-149.42531027465094 14.320165410687451
-151.4864542252496 12.726516983694353
-153.54759817584824 10.974444015509977
-155.60874212644686 12.227661876309531
-157.6698860770455 13.100562473485331
-159.73103002764412 15.221135596794806
-161.7921739782428 10.983174105896486
-163.85331792884142 15.439680003758316
-165.91446187944007 13.722760240487329
-167.9756058300387 12.288760441333306
-170.03674978063734 12.407611655911078
-172.09789373123598 13.178383496689678
-174.15903768183463 12.533116524026818
-176.22018163243325 11.69666604483665
-178.2813255830319 12.969200865859461
-180.34246953363058 14.534342192994226
-182.4036134842292 10.705322954915442
-184.46475743482785 10.242178223344863
-186.52590138542647 13.518307314460348
-188.5870453360251 11.359874413349859
-190.64818928662376 12.446969470205392
-192.7093332372224 13.356725036633652
-194.77047718782103 11.508744922585718
-196.83162113841968 14.659563662510712
-198.8927650890183 12.331716547073919
-200.95390903961697 12.751898212691785
-203.0150529902156 9.808354072628228
-205.07619694081424 11.942552921276238
-207.13734089141286 11.969540159186375
-209.1984848420115 12.997368688537545
-211.25962879261016 10.041762393951286
-213.3207727432088 12.380866272888712
-215.38191669380743 11.943754833950221
-217.44306064440607 12.286748905947217
-219.50420459500475 12.19466870293967
-221.56534854560337 12.898001190067442
-223.62649249620202 12.147274463950344
-225.68763644680064 11.76237262980426
-227.7487803973993 12.024800405610701
-229.80992434799794 10.832429308415357
-231.87106829859658 11.977829131451795
-233.9322122491952 8.516548649735325
-235.99335619979385 10.828536935302767
-238.05450015039247 9.866967421650513
-240.11564410099115 10.97890756711614
-242.17678805158977 9.545625773445714
-244.23793200218842 11.301215745418496
-246.29907595278704 11.291562739093767
-248.3602199033857 9.229791252781375
-250.42136385398433 10.332171902493052
-252.48250780458298 9.514609306246209
-254.5436517551816 8.45694397982251
-256.60479570578025 9.711110357573135
-258.6659396563789 7.337775271587671
