# BEGINHEADER
# This file contains data from the SALSA 2m radio telescope.
# DATE=2021-11-25T15:37:0042
# GLON and GLAT given in degrees
# GLON=55.87180186294808
# GLAT=-5.807386601783419
# DATA in two columns below. Col. 1 is velocity relative to LSR [km/s]. Col. 2 is uncalibrated antenna temperature [K].
# ENDHEADER
261.3226449375264 2.719161262580173
259.26150098692773 5.846733171319132
257.20035703632914 8.112839358823322
255.13921308573046 8.515384154663492
253.0780691351318 7.139899685028181
251.0169251845332 7.361628730877968
248.95578123393454 10.934268844364569
246.89463728333592 8.206083226774702
244.83349333273725 5.480710599489054
242.7723493821386 8.12833267556089
240.71120543153998 8.944579970397252
238.65006148094133 9.325159890996485
236.5889175303427 9.207022525630194
234.52777357974404 9.851638507420017
232.46662962914542 10.836925053262123
230.40548567854677 9.06668862740798
228.34434172794815 7.9697860093743795
226.2831977773495 8.984541657644003
224.22205382675085 7.831841877830717
222.1609098761522 11.24958447411543
220.09976592555358 7.855981702852133
218.03862197495494 8.742216595077494
215.9774780243563 9.549386484394097
213.91633407375764 8.679753113246655
211.85519012315902 10.096316522398181
209.79404617256037 10.693229557569705
207.73290222196172 8.975932362965697
205.67175827136307 11.493853458634725
203.61061432076443 9.780321852008239
201.5494703701658 9.82436755402502
199.48832641956716 11.67323553762889
197.42718246896854 8.640217164038551
195.36603851836986 10.164511881272784
193.30489456777124 10.479672829799547
191.2437506171726 10.275032054943226
189.18260666657397 9.585772272588896
187.1214627159753 10.020507039178971
185.06031876537668 9.787472973270146
182.99917481477803 8.516856691748291
180.9380308641794 10.378098766264682
178.87688691358076 8.843036880166503
176.8157429629821 9.520842395052611
174.75459901238347 11.11631118534512
172.69345506178485 9.480913194008641
170.6323111111862 9.880535390010015
168.57116716058755 11.205113527885839
166.5100232099889 10.221325448849802
164.44887925939025 11.139923009347587
162.38773530879163 8.77600261618035
160.32659135819299 8.160221997404538
158.26544740759434 10.230561799001576
156.2043034569957 10.067351722497047
154.14315950639707 9.74715302130851
152.08201555579842 13.015390880574794
150.0208716051998 11.532868196208748
147.95972765460112 11.797699694714149
145.8985837040025 10.79173507473249
143.83743975340386 8.02316493913764
141.77629580280524 9.232028065880607
139.7151518522066 8.423582050904487
137.65400790160794 9.68008895107832
135.5928639510093 10.207100415570617
133.53172000041067 11.065038745471488
131.47057604981202 13.677516043442584
129.40943209921338 9.032347493012344
127.34828814861474 10.64804522381363
125.2871441980161 11.140757876459544
123.22600024741746 10.46374660075683
121.16485629681881 9.257857893810304
119.10371234622018 10.668285288757371
117.04256839562153 10.680143957376673
114.9814244450229 8.239019929917927
112.92028049442426 9.676901779795262
110.8591365438256 10.441471894824769
108.79799259322697 9.72806493501285
106.73684864262832 10.623277405939637
104.67570469202968 10.280110529752047
102.61456074143103 11.402993482992835
100.5534167908324 7.261288871756804
98.49227284023377 7.21804797527546
96.43112888963512 9.146827597643917
94.36998493903648 9.22547073692661
92.30884098843784 10.958408974198315
90.2476970378392 8.125528568711859
88.18655308724057 12.351870168589235
86.12540913664192 10.09217198744657
84.06426518604329 7.544608795647532
82.00312123544464 9.124582807252466
79.941977284846 8.45509278800061
77.88083333424736 9.777361932750104
75.81968938364872 9.614133424193383
73.75854543305009 10.423618801022295
71.69740148245143 10.550097169304799
69.63625753185279 11.631265616789051
67.57511358125414 11.84057400317601
65.51396963065551 12.676818277648366
63.45282568005687 12.954666048941599
61.39168172945823 11.959236389085895
59.330537778859586 14.867992504034294
57.269393828260945 12.884809181670295
55.208249877662304 14.014202610109118
53.14710592706367 15.52088456220194
51.08596197646503 14.88427113986217
49.024818025866395 17.531413153654245
46.963674075267754 19.20382027092064
44.90253012466911 16.289384920303704
42.841386174070465 22.937427645069082
40.780242223471824 21.264663557032577
38.71909827287318 22.671879048142493
36.65795432227454 26.86116296599388
34.59681037167591 26.42995926884901
32.535666421077266 30.178706753946084
30.474522470478625 35.19631441704128
28.41337851987998 36.19628411311428
26.35223456928134 41.66027095740509
24.2910906186827 49.78782450604804
22.229946668084057 53.4087435658217
20.16880271748542 62.868416510937
18.107658766886775 66.56599791235479
16.046514816288134 69.4425634463772
13.985370865689495 71.1572195331839
11.924226915090854 69.73782271077822
9.863082964492214 65.7773082007041
7.801939013893573 60.14572950927238
5.740795063294932 49.05468591412809
3.679651112696291 46.67260607234529
1.6185071620976508 39.22011810062973
-0.44263678850099 31.965731677935032
-2.5037807390996307 26.150546899449807
-4.564924689698272 24.34765762331029
-6.6260686402969124 22.834805332036005
-8.687212590895554 17.402881547365357
-10.748356541494193 18.30952137775001
-12.809500492092836 16.973457489655765
-14.870644442691477 12.009327747440611
-16.931788393290116 12.501120594656495
-18.99293234388876 12.905079987650797
-21.0540762944874 12.404209387330418
-23.11522024508604 11.602249797738972
-25.176364195684677 13.445020481142254
-27.237508146283318 15.13067748613126
-29.29865209688196 10.211586364702837
-31.3597960474806 11.632141234262157
-33.420939998079234 12.080950284250564
-35.48208394867788 13.133793691940168
-37.54322789927652 8.672837074892234
-39.604371849875164 11.564219469836766
-41.665515800473806 11.550983712342104
-43.72665975107245 12.617594349764756
-45.78780370167109 11.95367492995271
-47.84894765226972 10.788477683451314
-49.91009160286837 9.3881932986746
-51.97123555346701 11.462784866215358
-54.03237950406566 11.18380445424873
-56.0935234546643 12.478210637003805
-58.154667405262934 15.048990005761157
-60.215811355861575 14.686715274127172
-62.276955306460216 12.057553797338246
-64.33809925705886 12.530555217260666
-66.39924320765749 14.548332491837293
-68.46038715825614 14.699057807490941
-70.52153110885477 12.566823254643584
-72.58267505945342 11.380576205726857
-74.64381901005206 10.76692310038724
-76.7049629606507 8.84641551749074
-78.76610691124934 11.847832949289126
-80.82725086184797 11.22113112163389
-82.88839481244663 10.100387659289055
-84.94953876304527 9.473330357817224
-87.01068271364392 7.337625593755046
-89.07182666424255 7.630398016407619
-91.1329706148412 8.51948673438657
-93.19411456543983 6.1935136442870125
-95.25525851603847 7.38822682411055
-97.31640246663711 7.277202346998685
-99.37754641723575 6.295365954035652
-101.4386903678344 6.834330908143443
-103.49983431843303 6.978508480761162
-105.56097826903166 5.803519150788457
-107.62212221963031 4.903345348738695
-109.68326617022895 5.595354601815817
-111.7444101208276 3.470324072931314
-113.80555407142623 4.209137090653515
-115.86669802202488 5.266716286870046
-117.92784197262351 5.334863602707492
-119.98898592322215 3.1506607713013506
-122.05012987382081 6.2420685919716385
-124.11127382441944 6.0024499560927165
-126.17241777501809 5.795826694928764
-128.2335617256167 5.722607850524733
-130.29470567621536 4.110354939516908
-132.355849626814 4.847151133650042
-134.41699357741265 3.0795548133086594
-136.47813752801127 3.6715767419587944
-138.53928147860992 5.404750831955635
-140.60042542920857 5.9982768388804635
-142.66156937980722 4.475290732046626
-144.72271333040587 3.660370097460589
-146.7838572810045 2.9042082767231756
-148.84500123160313 3.090090678464238
-150.90614518220175 4.419814650496896
-152.96728913280043 2.7412997854830348
-155.02843308339905 4.650502410230663
-157.0895770339977 2.908195143470289
-159.15072098459632 3.8234653497349727
-161.21186493519497 4.4400059117154935
-163.27300888579362 3.946160789910626
-165.33415283639226 2.6473698229523523
-167.39529678699088 2.7724399507536592
-169.45644073758953 3.0193340973695757
-171.51758468818818 1.7347215971744196
-173.57872863878683 3.3591214334171475
-175.63987258938545 6.31650917368744
-177.7010165399841 2.93466931321033
-179.76216049058274 1.370401196339291
-181.8233044411814 1.579975408435872
-183.88444839178004 3.4646857314385278
-185.94559234237866 4.036202011793159
-188.0067362929773 5.677048186042068
-190.06788024357593 2.7831824456069127
-192.1290241941746 3.1519577515519357
-194.19016814477322 1.5819401117168803
-196.25131209537187 4.66088812502194
-198.3124560459705 6.366218105925986
-200.37359999656917 2.2252699257315793
-202.4347439471678 2.067690970685842
-204.49588789776644 5.586846807930798
-206.55703184836506 3.6276330285988574
-208.6181757989637 3.428602744959033
-210.67931974956235 3.599833224068501
-212.740463700161 1.9823884608174542
-214.80160765075962 2.218022249977267
-216.86275160135827 3.315274181002428
-218.92389555195692 1.1047276556232075
-220.98503950255557 2.9068937056121538
-223.0461834531542 4.752771136722358
-225.10732740375283 2.8041628525400792
-227.16847135435148 3.7796488590812163
-229.22961530495013 2.7227230662994133
-231.29075925554878 4.001545044751845
-233.3519032061474 4.573811500671629
-235.41304715674605 3.22962124432502
-237.47419110734467 3.26984189201359
-239.53533505794334 0.7039597963409461
-241.59647900854196 3.3917384079752058
-243.6576229591406 0.4650853895468408
-245.71876690973923 4.610225202168391
-247.77991086033788 3.962742740646252
-249.84105481093653 2.8848735528684113
-251.90219876153517 4.755781272325149
-253.9633427121338 4.2741903107764685
-256.02448666273244 4.636212495178265
-258.0856306133311 4.3899205494566464
-260.14677456392974 3.947191704826642
-262.2079185145284 5.157753681491461
-264.26906246512704 7.541148726293137
