# BEGINHEADER
# This file contains data from the SALSA 2m radio telescope.
# DATE=2021-11-25T15:32:0049
# GLON and GLAT given in degrees
# GLON=37.8820012632489
# GLAT=-5.782431493159307
# DATA in two columns below. Col. 1 is velocity relative to LSR [km/s]. Col. 2 is uncalibrated antenna temperature [K].
# ENDHEADER
260.86937921880366 4.225882643747872
258.808235268205 10.104800769993348
256.74709131760636 6.673718915069027
254.68594736700774 8.894574284320393
252.6248034164091 10.533872833597366
250.56365946581045 11.180241455461694
248.5025155152118 9.155565152317816
246.44137156461318 11.66303361721126
244.38022761401453 13.566817937239275
242.3190836634159 10.265318628037102
240.25793971281723 10.956768168595886
238.19679576221858 13.200212695064799
236.13565181161997 13.60667009540869
234.07450786102132 13.150697674684192
232.01336391042267 14.113262774770647
229.95221995982402 12.459222676227649
227.8910760092254 11.761007645119221
225.82993205862675 13.40119010527167
223.76878810802813 12.7650007908397
221.70764415742946 12.571194139406044
219.64650020683084 13.178863496397192
217.5853562562322 13.717327125911664
215.52421230563357 11.987324664013554
213.46306835503492 11.338737797511225
211.40192440443627 15.777080060414875
209.34078045383762 14.225291687882567
207.279636503239 13.96273777335922
205.21849255264036 11.707365455469816
203.1573486020417 12.882232333926513
201.09620465144306 12.474719025226989
199.0350607008444 12.708937954935214
196.97391675024582 13.703562432482608
194.91277279964714 9.98496977643847
192.85162884904852 11.791234217429016
190.79048489844988 13.404531219295277
188.72934094785126 11.883069982973801
186.6681969972526 12.915772233883967
184.60705304665396 13.654551041090066
182.5459090960553 12.687333448107184
180.4847651454567 12.588114308261408
178.42362119485804 14.664859325334215
176.3624772442594 12.842641475976173
174.30133329366075 15.760862501925777
172.24018934306213 13.283420901379408
170.17904539246348 13.815396733602428
168.11790144186486 12.018049604814522
166.05675749126618 14.421896673209117
163.99561354066756 14.359686394503338
161.93446959006891 14.298280479262008
159.87332563947027 12.700286070143216
157.81218168887165 13.709813067615851
155.75103773827297 11.418978944816393
153.68989378767435 13.83189261773888
151.6287498370757 13.556146399427503
149.56760588647708 14.520628169714575
147.5064619358784 13.754965386558652
145.4453179852798 12.167025185184942
143.38417403468114 15.439636086374424
141.32303008408252 13.97769646747416
139.26188613348387 14.473871578769387
137.20074218288522 13.928979320912175
135.13959823228657 13.825321604262715
133.07845428168795 13.959849746606455
131.0173103310893 12.444507988270656
128.95616638049066 13.815725451635439
126.89502242989202 11.851829159381305
124.83387847929338 13.842021366872869
122.77273452869474 15.173451952434714
120.7115905780961 11.95118646357583
118.65044662749746 13.475138332074836
116.58930267689882 14.488923872092117
114.52815872630018 12.129126141037299
112.46701477570154 11.35202377740492
110.4058708251029 14.168692355132816
108.34472687450426 15.44018902655167
106.28358292390561 15.730204873676634
104.22243897330698 14.421913436453362
102.16129502270833 15.874957799893492
100.10015107210968 13.886858284156924
98.03900712151103 15.230726108189694
95.9778631709124 14.7291548577842
93.91671922031375 16.750154818742544
91.85557526971512 15.756018900242992
89.79443131911647 14.663369467232902
87.73328736851784 14.05735292764214
85.67214341791919 17.154222652775967
83.61099946732055 15.906366332783715
81.54985551672192 16.159322806844468
79.48871156612327 19.876422341046474
77.42756761552464 18.00942311451385
75.36642366492599 20.241668640689902
73.30527971432736 18.18529204297721
71.2441357637287 19.242642134191886
69.18299181313007 22.623421018164226
67.12184786253144 20.23985570410253
65.06070391193278 22.136171872086503
62.99955996133415 24.991064059952784
60.93841601073551 26.299424503792395
58.87727206013687 26.728761937938103
56.81612810953823 28.392487420359775
54.75498415893958 27.708099691911162
52.69384020834094 27.766013999137055
50.632696257742296 29.137902867369014
48.57155230714366 30.857662474094994
46.51040835654502 30.798474539262514
44.44926440594638 31.303554151235062
42.38812045534774 32.73291838722047
40.3269765047491 32.37074766281709
38.26583255415046 36.6065996306517
36.20468860355181 37.249953682102664
34.143544652953175 36.22336692206955
32.08240070235453 41.45390560331326
30.021256751755892 39.834516305221186
27.96011280115725 39.932668207370625
25.89896885055861 41.893569686135486
23.837824899959973 44.01789877424493
21.776680949361328 41.83189883576613
19.715536998762687 44.38463612363565
17.65439304816405 46.70223603218488
15.593249097565408 48.4555215111187
13.532105146966765 57.59021808892066
11.470961196368126 61.76215533710201
9.409817245769485 74.74836702630961
7.348673295170844 82.21122748447861
5.287529344572204 85.48380901158521
3.2263853939735627 83.67114443465277
1.1652414433749219 71.56244191684468
-0.895902507223719 49.9962798656814
-2.9570464578223596 30.310359938298763
-5.018190408421 29.95538859256003
-7.079334359019641 22.97904007685291
-9.140478309618283 19.061480752509752
-11.201622260216922 17.762778374905505
-13.262766210815563 16.486259669576235
-15.323910161414204 18.423097825174068
-17.385054112012845 18.74884297296829
-19.446198062611487 16.58071526620761
-21.507342013210128 16.48791816802784
-23.568485963808765 17.359013206944983
-25.629629914407406 16.86069426009592
-27.69077386500605 16.924984633628945
-29.751917815604692 17.22972420390648
-31.81306176620333 18.077644528460908
-33.87420571680197 13.425779093087565
-35.93534966740061 15.590908199822236
-37.99649361799925 16.35751696376144
-40.05763756859789 16.49208720245961
-42.11878151919654 17.29536570934955
-44.17992546979518 13.30678862934741
-46.24106942039382 15.141646517731097
-48.302213370992455 16.171330835920067
-50.363357321591096 17.025085393811892
-52.42450127218974 15.115563207890045
-54.48564522278838 14.48032398301043
-56.54678917338702 14.530672629793683
-58.60793312398566 14.980936428561833
-60.66907707458431 13.579941758066477
-62.73022102518294 14.560450586461199
-64.79136497578158 14.700250293229374
-66.85250892638022 12.19661988876474
-68.91365287697886 11.075233657024274
-70.9747968275775 10.47136369058536
-73.03594077817614 12.201531448691778
-75.09708472877479 11.389162457338093
-77.15822867937342 9.075598750624943
-79.21937262997207 9.234286589423991
-81.2805165805707 9.721840698852578
-83.34166053116934 10.4661461372156
-85.40280448176799 9.939936879848215
-87.46394843236662 8.53085639083883
-89.52509238296528 8.90060527771887
-91.58623633356392 8.511942780263766
-93.64738028416257 10.672452405259708
-95.7085242347612 8.867520953508429
-97.76966818535983 9.497523641535599
-99.83081213595847 10.027774115713418
-101.89195608655712 9.81208047977462
-103.95310003715575 9.930581578673722
-106.01424398775438 6.123608390725672
-108.07538793835303 8.124849130007052
-110.13653188895167 8.33243375656879
-112.19767583955031 9.096229226448301
-114.25881979014895 9.295613597012194
-116.31996374074758 7.999231496987349
-118.38110769134623 7.286961320667666
-120.44225164194486 7.748303752252394
-122.50339559254351 10.105275643201114
-124.56453954314215 8.595128855942162
-126.6256834937408 11.66781421099876
-128.68682744433943 7.383440336662725
-130.74797139493808 8.351212403687775
-132.8091153455367 8.572750011691157
-134.87025929613537 8.375218508567052
-136.931403246734 7.708393926645218
-138.99254719733264 6.0982266404828716
-141.05369114793126 10.169212216603
-143.11483509852994 6.497098275776094
-145.17597904912856 7.780275905691726
-147.2371229997272 7.038421994782303
-149.29826695032585 5.69390821440802
-151.35941090092447 6.079473408226213
-153.42055485152315 6.552817399617494
-155.48169880212177 10.467939970620538
-157.54284275272042 6.493498201986531
-159.60398670331904 7.1883657778503816
-161.66513065391769 4.630002158239826
-163.72627460451633 5.948134245370938
-165.78741855511498 6.567794222962184
-167.8485625057136 7.016878123088848
-169.90970645631225 8.74475830789856
-171.97085040691087 7.676682838313425
-174.03199435750955 8.88682540287462
-176.09313830810817 7.7840257937510104
-178.15428225870681 7.944275363110299
-180.21542620930543 7.350215190577079
-182.2765701599041 6.971416762296519
-184.33771411050273 6.5230429233619445
-186.39885806110138 8.960176398184759
-188.46000201170003 10.115613291891503
-190.52114596229865 11.605289368645225
-192.58228991289732 8.47200628166037
-194.64343386349594 6.01870686242222
-196.7045778140946 9.036110815241882
-198.76572176469324 7.50215372534437
-200.8268657152919 6.645381404518241
-202.8880096658905 7.043143121998952
-204.94915361648918 8.92352608695006
-207.0102975670878 6.574988196739037
-209.07144151768645 8.280839914520012
-211.13258546828507 8.352571464933238
-213.19372941888375 7.648782798719852
-215.25487336948237 6.808294982918393
-217.31601732008102 7.313236883006696
-219.37716127067964 5.822181037356728
-221.43830522127828 4.6359059816270785
-223.49944917187696 8.184916675844484
-225.56059312247558 5.807342835732227
-227.62173707307423 6.472767160865936
-229.68288102367285 3.482009118815746
-231.7440249742715 6.678663876695889
-233.80516892487015 6.542500024370058
-235.8663128754688 4.62854488872869
-237.9274568260674 6.793730146088441
-239.98860077666606 6.074107429222059
-242.04974472726468 6.18322385496744
-244.11088867786336 6.564527176911424
-246.17203262846198 7.027526521922841
-248.23317657906063 7.76527752726142
-250.29432052965925 6.386638852841768
-252.35546448025792 8.09260881567135
-254.41660843085654 8.957445763232988
-256.47775238145516 7.3753063128610385
-258.5388963320538 6.463617936751924
-260.60004028265246 11.268547908061091
-262.6611842332511 8.274701435940514
-264.72232818384975 9.160621127062363
