# BEGINHEADER
# This file contains data from the SALSA 2m radio telescope.
# DATE=2021-11-27T01:39:0033
# GLON and GLAT given in degrees
# GLON=195.27425995397996
# GLAT=-34.10905924926172
# DATA in two columns below. Col. 1 is velocity relative to LSR [km/s]. Col. 2 is uncalibrated antenna temperature [K].
# ENDHEADER
248.0481498533829 1.2470126410687856
245.98700590278426 4.066515397633757
243.9258619521856 3.4182519151290784
241.86471800158697 2.2111598618156765
239.80357405098835 2.8941723023666017
237.7424301003897 3.3791171175234958
235.68128614979105 5.976608000555457
233.6201421991924 4.632812014010615
231.55899824859378 5.031063436634987
229.49785429799513 5.366335289207501
227.4367103473965 2.3293632727283913
225.37556639679784 7.878786793775387
223.31442244619922 5.552120929831174
221.25327849560057 5.386788101156854
219.19213454500192 6.10249210307343
217.1309905944033 5.67635138213136
215.06984664380462 6.811146353498936
213.008702693206 4.1094325338328686
210.94755874260736 5.637017411152565
208.88641479200874 5.6511750269962535
206.82527084141006 5.118814086465987
204.76412689081144 6.701165522315752
202.7029829402128 3.288303322056569
200.64183898961417 3.3540041663811433
198.58069503901552 4.930178938483543
196.51955108841688 6.826242910318039
194.45840713781823 4.852400261561044
192.3972631872196 5.640305015960965
190.33611923662096 4.044288587399374
188.27497528602234 2.6675018001686226
186.21383133542366 4.5671213282761425
184.15268738482504 5.836027670057491
182.0915434342264 5.108122451530239
180.03039948362775 7.31723172010664
177.96925553302913 6.252371721315485
175.90811158243045 4.9609085907662305
173.84696763183183 9.32155262141641
171.78582368123318 5.271683542861604
169.72467973063456 5.872517621509237
167.6635357800359 5.9832726646904835
165.60239182943727 7.35482753626395
163.54124787883862 7.466276369743472
161.48010392824 8.61327984661896
159.41895997764135 6.362138618791434
157.3578160270427 5.1766685498941865
155.29667207644405 6.191015006419893
153.23552812584543 8.234690453025364
151.1743841752468 9.168152356178336
149.11324022464817 7.488761289338519
147.0520962740495 6.96041427035749
144.99095232345084 5.001926068453143
142.92980837285222 4.932131194507023
140.86866442225357 6.952176578571521
138.80752047165493 5.70376889257543
136.74637652105628 4.945216439781528
134.68523257045766 5.243869114322073
132.624088619859 5.211427171827728
130.56294466926036 6.048921813097378
128.50180071866174 5.857891591357111
126.44065676806309 6.87021679901234
124.37951281746444 3.1456253196187984
122.31836886686581 6.524429657650483
120.25722491626716 5.870076503180686
118.19608096566853 4.595544631089844
116.13493701506988 6.5599825818758175
114.07379306447125 3.446452110300749
112.0126491138726 2.3768779286278647
109.95150516327396 5.954952968396694
107.89036121267533 5.7079267011910035
105.82921726207668 6.576347988103959
103.76807331147805 7.038436684662472
101.7069293608794 7.040657998329014
99.64578541028077 4.425714979787526
97.58464145968212 5.413189575833054
95.52349750908347 4.5248103328508895
93.46235355848484 3.9086883415300147
91.40120960788619 6.9284470967650815
89.34006565728755 5.194066778865761
87.27892170668892 7.581724623564782
85.21777775609026 4.853932726196277
83.15663380549162 6.220804197624011
81.09548985489297 5.624954164656464
79.03434590429434 5.1839375524978255
76.97320195369569 5.368803081713933
74.91205800309706 5.201517043908858
72.85091405249842 7.072726475333913
70.78977010189978 6.882160245382565
68.72862615130114 6.714647329285821
66.6674822007025 8.002209413884977
64.60633825010386 4.510076174086756
62.54519429950522 5.0551914033884
60.48405034890658 5.2524654171338945
58.42290639830793 4.637569705065328
56.36176244770929 5.574959922086923
54.30061849711065 5.5563495389376465
52.239474546512014 4.699686565319134
50.17833059591337 5.336307605171719
48.11718664531473 6.765293103709679
46.05604269471609 4.331979420196322
43.99489874411745 3.706770476381899
41.93375479351881 5.392665666784719
39.87261084292017 6.429353198826751
37.811466892321526 1.9130189619987996
35.750322941722885 4.096663023698169
33.689178991124244 6.032664311522448
31.628035040525603 2.3736047495218413
29.566891089926962 3.508109267291591
27.505747139328324 6.198948322430182
25.444603188729683 5.09767585747279
23.38345923813104 7.555118640865179
21.3223152875324 7.179545693419308
19.26117133693376 8.958172898033096
17.20002738633512 12.690045003579623
15.138883435736478 17.206820460128668
13.077739485137839 22.991656111047472
11.016595534539196 28.081230451235818
8.955451583940556 30.58168545333437
6.894307633341915 34.92442793862969
4.833163682743274 36.60401457778785
2.7720197321446336 29.642841286498335
0.7108757815459928 20.678941842318068
-1.3502681690526481 14.891588942954177
-3.4114121196512888 13.85613153398009
-5.472556070249929 9.727571409806787
-7.5337000208485705 9.67154945748201
-9.594843971447212 7.973427767304852
-11.65598792204585 9.543199205826507
-13.717131872644494 5.988735297282436
-15.778275823243133 8.136590417664316
-17.839419773841776 5.7276166253509455
-19.900563724440413 6.373584362281367
-21.961707675039055 9.058605700185439
-24.0228516256377 5.99419567464659
-26.08399557623634 8.019460074844309
-28.145139526834978 7.8001297607352535
-30.20628347743362 8.231482966435019
-32.26742742803226 2.3820598080636355
-34.3285713786309 6.248581501854633
-36.38971532922954 6.80261748329844
-38.45085927982819 3.6228286634427573
-40.51200323042683 6.421497031551795
-42.57314718102547 4.3896318936800265
-44.6342911316241 3.224310515384439
-46.695435082222744 4.085770028381891
-48.756579032821385 3.862525183935586
-50.817722983420026 4.456553444090338
-52.87886693401867 2.4243459260743485
-54.94001088461731 3.6921935862781923
-57.00115483521595 3.90694312488205
-59.06229878581459 3.09707214504401
-61.12344273641323 3.4073052837125144
-63.18458668701187 2.9707438789313416
-65.2457306376105 3.8842364880437152
-67.30687458820914 2.1744192165590084
-69.3680185388078 3.297692800761427
-71.42916248940644 3.6813237937863152
-73.49030644000509 2.213708268449345
-75.55145039060372 2.3361219606582857
-77.61259434120237 1.6149488690908136
-79.673738291801 1.984312919826852
-81.73488224239964 1.178390273688909
-83.79602619299828 2.7892880673109697
-85.85717014359692 2.6777911581703826
-87.91831409419557 3.377545195222255
-89.9794580447942 3.1608329380339226
-92.04060199539283 1.705655767079832
-94.10174594599148 1.2877347844122369
-96.16288989659012 0.8544320416125322
-98.22403384718876 3.4602294436820937
-100.28517779778738 1.6899441937231694
-102.34632174838603 -0.016819186112893653
-104.40746569898467 0.8782645010952358
-106.46860964958331 0.8649704669398269
-108.52975360018196 -0.16090402460290334
-110.59089755078061 4.121163840628002
-112.65204150137924 0.655878315287904
-114.71318545197788 1.2197368254272964
-116.77432940257653 2.403609036158854
-118.83547335317516 0.1760604131319225
-120.89661730377381 -0.14267689236988262
-122.95776125437244 0.9243649058847121
-125.01890520497109 1.4729508062540726
-127.08004915556972 2.0116278008670876
-129.14119310616837 0.7282126607896067
-131.202337056767 0.9839097353859138
-133.26348100736567 0.7228781733597833
-135.3246249579643 0.06524576380496995
-137.38576890856294 -0.9397298419835493
-139.44691285916156 0.6143534702692318
-141.5080568097602 0.256608710273316
-143.56920076035885 -2.5827893621534668
-145.6303447109575 0.6110101595498334
-147.69148866155612 0.319005710579267
-149.75263261215477 -1.9809690723989306
-151.81377656275342 -0.20580859836982285
-153.87492051335207 -0.9309605699619271
-155.9360644639507 0.7092366876986299
-157.99720841454933 1.872547457362743
-160.05835236514795 0.17598269816541115
-162.11949631574663 -0.3299549734515246
-164.18064026634525 -0.6136572895252616
-166.2417842169439 -0.3770313710694271
-168.30292816754255 -0.9800708089839499
-170.36407211814117 -0.3061973785761439
-172.42521606873984 -0.12254546189900126
-174.48636001933846 -0.4296034972724368
-176.5475039699371 -0.5428238271039966
-178.60864792053573 -0.6179579873935546
-180.6697918711344 -2.179840699653861
-182.73093582173303 -0.15996051924395485
-184.79207977233168 -1.1058737225910562
-186.8532237229303 0.24728920845650068
-188.91436767352894 -0.7264837211912603
-190.9755116241276 0.10393597873258087
-193.03665557472624 2.2435309017216873
-195.09779952532486 0.17361601724002473
-197.1589434759235 -1.597076300188044
-199.22008742652213 -2.190800804505116
-201.2812313771208 -0.10042863100128462
-203.34237532771945 -3.244749630303333
-205.40351927831807 -1.0285293785263372
-207.46466322891672 1.6824365650797957
-209.52580717951534 1.6290148251791174
-211.58695113011402 -1.3019431700625654
-213.64809508071264 -2.1844417121821507
-215.70923903131128 -1.1440423587492752
-217.7703829819099 -1.7673946780515541
-219.83152693250858 -1.305823409820534
-221.8926708831072 -3.0443226026835495
-223.95381483370585 -2.1501781170073526
-226.01495878430447 0.020538307752466085
-228.07610273490312 -0.558189754777706
-230.13724668550176 -1.8046745725949485
-232.1983906361004 -1.1514070247105643
-234.25953458669903 -0.6362643283222695
-236.32067853729768 -1.3785428252377916
-238.3818224878963 -1.5251802073590355
-240.44296643849498 -2.4559198564977853
-242.50411038909363 -2.241039954042098
-244.56525433969225 -1.0561345968027902
-246.6263982902909 -1.5834066600726007
-248.68754224088954 -1.2752755369068594
-250.7486861914882 -1.7313977697339455
-252.8098301420868 -1.92500930410161
-254.87097409268546 -2.1807670169716173
-256.9321180432841 -1.3975119240548268
-258.99326199388275 -2.298020966814977
-261.0544059444814 -0.8283396287289462
-263.11554989508005 -1.4936936485984893
-265.17669384567864 -1.0367025641057057
-267.2378377962773 0.7870466551712002
-269.29898174687594 1.3991997979630009
-271.3601256974746 -0.7351576155915748
-273.42126964807323 0.2784697203243731
-275.4824135986718 0.45604448176466006
-277.54355754927053 1.8608118164770728
