# BEGINHEADER
# This file contains data from the SALSA 2m radio telescope.
# DATE=2021-11-24T15:52:0011
# GLON and GLAT given in degrees
# GLON=154.837646401602
# GLAT=-0.17874651715029505
# DATA in two columns below. Col. 1 is velocity relative to LSR [km/s]. Col. 2 is uncalibrated antenna temperature [K].
# ENDHEADER
267.0749335683501 -3.722830128798352
265.01378961775146 -7.5356502256417555
262.9526456671528 -3.068756857190065
260.89150171655416 -2.339669259701335
258.8303577659555 -2.43179438641962
256.7692138153569 -1.853450950457552
254.70806986475827 -0.866076838348432
252.64692591415962 2.3943129798390568
250.58578196356098 0.9540160352102772
248.52463801296233 -0.0793487875500296
246.4634940623637 0.6867367565914078
244.40235011176506 1.3276259523335856
242.3412061611664 2.6804884468689645
240.28006221056776 4.881038817142981
238.21891825996914 3.4040072511944524
236.1577743093705 5.182460190294405
234.09663035877188 3.396761976636266
232.0354864081732 1.7389163621873565
229.97434245757455 3.0282574860857476
227.91319850697593 1.2711717231205077
225.85205455637728 3.207973437487925
223.79091060577866 3.6076494644669466
221.72976665518 2.551894161607241
219.66862270458137 5.497351664782203
217.60747875398272 5.262738353178998
215.5463348033841 5.063092985383589
213.48519085278542 5.642210686693139
211.4240469021868 2.7704070591499597
209.36290295158815 3.5870754220653347
207.30175900098953 3.4581780977284255
205.2406150503909 2.962959236875916
203.17947109979224 3.3027465152009867
201.1183271491936 1.6393054383057397
199.05718319859497 2.3818737720867036
196.99603924799632 4.309827569527994
194.9348952973977 4.822178473266313
192.87375134679903 5.4829043845288785
190.81260739620038 5.2779467902854815
188.75146344560176 4.6912053964943325
186.6903194950031 1.3133121652927637
184.6291755444045 3.9567611655135915
182.5680315938058 2.7579700438989536
180.5068876432072 2.471394451451211
178.44574369260854 4.906833465036955
176.38459974200993 5.332889366193268
174.32345579141125 3.37314509463702
172.26231184081263 4.114133432780623
170.20116789021398 5.583912500080082
168.14002393961536 3.119127247890886
166.0788799890167 7.120542484761432
164.01773603841806 3.689564089523923
161.95659208781942 3.701290087707084
159.8954481372208 2.909294700455783
157.83430418662215 4.885915130414927
155.77316023602353 5.078997669480115
153.71201628542485 3.5795464665564025
151.6508723348262 4.485558927698151
149.58972838422758 4.561720992883373
147.52858443362894 3.10277101509648
145.4674404830303 2.8311605445487817
143.40629653243164 2.862009165280044
141.34515258183302 1.9176625360963433
139.28400863123437 5.159429063758315
137.22286468063575 4.330875881783931
135.16172073003708 3.570414887987967
133.10057677943846 2.7849179890147444
131.0394328288398 4.545284807432703
128.9782888782412 5.054128510359968
126.91714492764252 4.991953808867344
124.85600097704389 4.289144173435698
122.79485702644524 4.753213312481606
120.73371307584661 2.3394889719158045
118.67256912524796 4.046534996290766
116.61142517464933 1.8436075336200726
114.55028122405069 1.8086414573865024
112.48913727345204 2.2105461039584346
110.42799332285341 3.2080160312608554
108.36684937225476 0.3973226245047766
106.30570542165613 4.719317866988541
104.24456147105748 3.8791093341910456
102.18341752045885 2.681555618466023
100.12227356986021 -0.4668662221274837
98.06112961926158 4.631461865627529
95.99998566866293 2.4973377325982633
93.93884171806428 0.7170753148753889
91.87769776746565 1.7357790754393032
89.816553816867 1.6692530213382737
87.75540986626837 2.561191487888412
85.69426591566972 0.9025529060030898
83.63312196507108 2.0632228747031545
81.57197801447245 0.29829804833702733
79.5108340638738 1.1406214222260442
77.44969011327517 1.241560230699851
75.38854616267652 0.7432568585852759
73.32740221207789 -0.29104636872480716
71.26625826147924 1.4966782921935138
69.2051143108806 0.6326308087296278
67.14397036028197 1.3407505373063384
65.08282640968332 1.5584511040495028
63.02168245908467 0.2369038571277604
60.96053850848604 2.9549113367668967
58.8993945578874 2.8917837314443315
56.83825060728876 1.741616651623657
54.777106656690115 1.0881331540100818
52.715962706091474 -1.691356543002522
50.65481875549283 0.40886556240257954
48.59367480489419 -0.5389528640413195
46.53253085429555 -0.9893011679043634
44.47138690369691 -1.878975286481813
42.41024295309827 -1.9034580865516657
40.34909900249963 -0.9664613533201768
38.28795505190099 -0.7954347291999588
36.226811101302346 0.21889448777859033
34.165667150703705 0.4205351509075191
32.10452320010506 -0.5726407185835773
30.043379249506422 -0.09765815268336858
27.982235298907785 0.45686995494704974
25.921091348309144 -1.4853674810937538
23.859947397710503 -1.7492612209147864
21.798803447111858 -1.8287512540762194
19.737659496513217 0.32705169291800124
17.67651554591458 3.6440977467806444
15.615371595315937 4.37366024243586
13.554227644717296 4.3975068009149485
11.493083694118656 8.177946857211749
9.431939743520013 11.796530367438816
7.370795792921374 24.33243372073299
5.309651842322733 31.32769829606847
3.2485078917240924 30.832115382204996
1.1873639411254515 41.00886409737393
-0.8737800094731892 44.91921545330721
-2.9349239600718304 50.66198474360895
-4.9960679106704715 53.568808795437626
-7.057211861269112 53.95944475601515
-9.118355811867753 52.91341066996512
-11.179499762466394 47.798530558519076
-13.240643713065035 49.43148477508957
-15.301787663663674 51.22755137284663
-17.362931614262315 48.627749927073374
-19.424075564860956 50.25540070988859
-21.485219515459598 50.42952497892826
-23.54636346605824 50.20199847616755
-25.607507416656876 50.27291516922511
-27.668651367255517 52.4807442411328
-29.72979531785416 49.38160101060832
-31.7909392684528 47.54444666838779
-33.852083219051444 43.46202814024796
-35.91322716965008 38.372216423977136
-37.97437112024872 35.05114215149656
-40.03551507084736 28.65307908210356
-42.096659021446 27.63456885652984
-44.15780297204464 21.7578567196511
-46.21894692264328 18.887149633608356
-48.280090873241924 18.258434448513146
-50.341234823840566 13.020377530911746
-52.40237877443921 11.274115230924007
-54.46352272503785 7.1969770278829435
-56.52466667563649 5.2395643636614535
-58.58581062623513 3.018379106774183
-60.64695457683377 3.596423571450384
-62.70809852743241 1.1455900024872254
-64.76924247803105 1.5959457767804155
-66.8303864286297 1.1001248370863423
-68.89153037922834 1.0405350111286116
-70.95267432982698 -2.0977040212498155
-73.01381828042561 -3.875170588119453
-75.07496223102426 -3.134269900196575
-77.13610618162289 -3.1809402582575066
-79.19725013222154 -5.310569216503085
-81.25839408282017 -6.607379980345369
-83.31953803341882 -6.531917579178558
-85.38068198401746 -6.068103902596769
-87.44182593461609 -8.85982767466373
-89.50296988521474 -7.178620936847897
-91.56411383581337 -6.278956786484235
-93.62525778641202 -8.76017513021691
-95.68640173701066 -7.577325898288027
-97.74754568760932 -5.412013005648952
-99.80868963820797 -8.594521594031109
-101.8698335888066 -8.558314925862778
-103.93097753940525 -9.179233616501419
-105.99212149000388 -8.131315927932866
-108.05326544060252 -6.7719459327313665
-110.11440939120116 -12.25411195257046
-112.1755533417998 -9.658984259530255
-114.23669729239845 -7.85341152078138
-116.29784124299708 -8.774746622324574
-118.35898519359573 -11.134148325270894
-120.42012914419436 -10.424544086607364
-122.481273094793 -8.322154594017414
-124.54241704539164 -10.879487298060237
-126.60356099599028 -10.295947834095216
-128.66470494658893 -7.972088204223586
-130.72584889718757 -10.974650882999939
-132.7869928477862 -12.034880395569072
-134.84813679838484 -11.106796793352155
-136.9092807489835 -11.443936864008867
-138.97042469958214 -10.455016909663605
-141.03156865018076 -11.909893738376205
-143.0927126007794 -11.916319367205256
-145.15385655137806 -11.26331269061298
-147.2150005019767 -12.352845187786684
-149.27614445257532 -10.451995557817707
-151.33728840317397 -10.658874935589415
-153.3984323537726 -11.472716647172238
-155.45957630437127 -11.444595246805662
-157.52072025496992 -14.044708414614929
-159.58186420556854 -13.163648550166146
-161.64300815616718 -12.155585203320072
-163.7041521067658 -12.288564415206201
-165.76529605736448 -11.62401153145267
-167.8264400079631 -12.816898990845186
-169.88758395856175 -15.18362586845677
-171.94872790916037 -13.118005930595924
-174.00987185975904 -13.047000452121134
-176.07101581035766 -12.814066918150854
-178.1321597609563 -13.44882261510244
-180.19330371155493 -14.353200747476507
-182.25444766215358 -11.570615148400305
-184.31559161275223 -13.486819406702416
-186.37673556335088 -13.813328847469547
-188.4378795139495 -13.065952937545019
-190.49902346454815 -12.903163599263124
-192.56016741514676 -12.891822808727346
-194.62131136574544 -15.205240623991989
-196.6824553163441 -15.283752986636394
-198.7435992669427 -15.937704804351357
-200.80474321754136 -13.343430452087889
-202.86588716813998 -12.087336239905692
-204.92703111873865 -15.229275763316823
-206.98817506933727 -15.503735110470089
-209.04931901993592 -14.743567068732967
-211.11046297053454 -14.270305579159325
-213.17160692113322 -15.419082489815139
-215.23275087173184 -16.36376957418114
-217.2938948223305 -16.17601707494103
-219.3550387729291 -16.36236200009036
-221.41618272352775 -16.097252714505707
-223.4773266741264 -16.590523097813843
-225.53847062472505 -13.207401775350299
-227.59961457532367 -11.85799330481972
-229.66075852592232 -12.540893624765848
-231.72190247652094 -14.041499558021911
-233.78304642711961 -15.925717220741431
-235.84419037771826 -12.977227710719553
-237.90533432831688 -13.201968488695783
-239.96647827891553 -13.984931644840517
-242.02762222951418 -12.392074243413695
-244.08876618011283 -14.351073316274514
-246.14991013071145 -10.991393784015044
-248.2110540813101 -11.740891363360156
-250.27219803190872 -14.18431775798706
-252.3333419825074 -10.84807831801579
-254.394485933106 -9.220174322525818
-256.45562988370466 -8.128327287918411
-258.5167738343033 -8.052758850534506
