# BEGINHEADER
# This file contains data from the SALSA 2m radio telescope.
# DATE=2021-11-23T20:26:0039
# GLON and GLAT given in degrees
# GLON=137.8820085169948
# GLAT=-0.16993408652597708
# DATA in two columns below. Col. 1 is velocity relative to LSR [km/s]. Col. 2 is uncalibrated antenna temperature [K].
# ENDHEADER
267.18323800078775 3.4025584508851696
265.12209405018916 10.33054759971224
263.06095009959046 7.0581585732115775
260.99980614899187 9.245103042936492
258.9386621983932 11.492447936106716
256.8775182477945 9.771238513943725
254.8163742971959 7.593311280355179
252.75523034659727 9.167036574405605
250.69408639599862 12.952599265981263
248.6329424454 9.516381086565197
246.57179849480133 3.88399132655731
244.5106545442027 6.319385099381276
242.44951059360406 9.822494437045874
240.38836664300544 10.888210107269098
238.32722269240676 11.414980600398506
236.26607874180814 9.900746359820806
234.2049347912095 12.362890515656597
232.14379084061088 9.689988468783097
230.08264689001223 7.942625320107675
228.02150293941358 11.546132705093148
225.96035898881493 9.626471413264593
223.8992150382163 7.393680277033764
221.83807108761766 7.432960579480974
219.77692713701904 12.018087745707541
217.71578318642037 12.841467512520252
215.65463923582172 8.347986919906285
213.5934952852231 11.625184708499436
211.53235133462445 11.791464764676638
209.4712073840258 12.557154328971087
207.41006343342715 12.752484083813167
205.34891948282853 14.065372060243986
203.2877755322299 15.312623163350144
201.22663158163127 6.181988326411526
199.1654876310326 8.933748324111411
197.10434368043397 10.341969382757199
195.04319972983532 14.002507147731231
192.9820557792367 9.88875123436883
190.92091182863805 16.234207630919784
188.8597678780394 12.084632918923445
186.79862392744076 9.693248244116207
184.73747997684214 13.508730203278759
182.6763360262435 14.536144783460824
180.61519207564487 14.854555237373255
178.5540481250462 9.122017607859165
176.49290417444755 8.550687424639015
174.43176022384893 11.510290569974947
172.37061627325028 8.789390584965352
170.30947232265163 9.715523869426615
168.24832837205298 11.598948689848568
166.18718442145436 9.261276127269491
164.1260404708557 11.393763450509965
162.0648965202571 10.588893126795302
160.00375256965842 11.481923569353114
157.9426086190598 12.3522108386172
155.88146466846115 13.328226663124209
153.82032071786253 10.548770823422167
151.75917676726388 12.296125148526347
149.69803281666523 15.403243843075694
147.63688886606658 13.734812888931895
145.57574491546796 12.425735692253124
143.51460096486932 13.71921296836014
141.45345701427064 9.470584233267386
139.39231306367202 8.836409176790058
137.33116911307337 10.812586671828745
135.27002516247475 12.367858715069948
133.2088812118761 13.454276258838984
131.14773726127746 9.78083997322886
129.0865933106788 14.27096651018326
127.02544936008019 9.002408200723751
124.96430540948155 11.47796422843087
122.9031614588829 14.469125120713613
120.84201750828426 14.116509667111199
118.78087355768561 12.715845383014678
116.71972960708698 8.491784840548313
114.65858565648833 10.45966523795062
112.5974417058897 11.164897079480758
110.53629775529106 13.548607871297364
108.47515380469241 13.815433822090249
106.41400985409378 11.147031321443922
104.35286590349513 11.965992898707134
102.2917219528965 11.041654515492672
100.23057800229785 9.547130263300643
98.1694340516992 13.085135923671237
96.10829010110056 10.541376294028133
94.04714615050192 12.599905239153973
91.98600219990328 12.190057724302912
89.92485824930465 13.141846770326866
87.863714298706 12.082526283961037
85.80257034810737 10.416050539092803
83.7414263975087 12.811357982093751
81.68028244691007 13.382216900423437
79.61913849631142 12.541289127063589
77.55799454571279 11.741230752416877
75.49685059511415 11.907550866636376
73.4357066445155 10.488282567268849
71.37456269391687 14.744975210807194
69.31341874331822 11.179317129160895
67.25227479271959 12.137463231847494
65.19113084212094 13.381134511515544
63.12998689152231 7.638058936569707
61.068842940923666 10.507149045525399
59.007698990325025 10.965966078633326
56.946555039726384 11.438893764233383
54.88541108912774 15.623693211088757
52.8242671385291 13.544162616765215
50.76312318793046 10.919078417487063
48.70197923733182 10.686991107814668
46.64083528673318 13.270433900597727
44.57969133613454 12.573031761494102
42.5185473855359 13.589250063787627
40.45740343493726 13.715288213424902
38.39625948433862 15.202030964817908
36.33511553373997 12.91749748378497
34.27397158314133 12.305988136373267
32.2128276325427 13.995338887212323
30.151683681944053 13.870162571864201
28.090539731345412 15.307538806241258
26.02939578074677 15.998517060576223
23.968251830148134 12.37619819037974
21.907107879549496 12.602566362542834
19.84596392895085 16.526985683185345
17.78481997835221 11.562842922451681
15.723676027753571 10.949550628670089
13.66253207715493 17.137975588389622
11.60138812655629 16.147888051423294
9.540244175957648 16.983531850502175
7.479100225359009 27.827600555799023
5.417956274760367 45.97066471726159
3.356812324161726 58.58836101434405
1.2956683735630852 78.20864194170902
-0.7654755770355555 86.3282018506142
-2.8266195276341963 88.31470505742966
-4.887763478232837 92.16085823758739
-6.948907428831477 85.32769138549097
-9.010051379430116 79.21304328884891
-11.07119533002876 73.36730627150943
-13.132339280627399 80.51972093279535
-15.193483231226041 75.48809616109001
-17.254627181824684 70.42704617583918
-19.315771132423322 61.96467967904169
-21.376915083021963 53.01989301126098
-23.438059033620604 51.0246050556393
-25.499202984219245 55.8835616451899
-27.56034693481789 55.59689277189244
-29.62149088541653 57.33765608292253
-31.68263483601517 63.76760477236088
-33.74377878661381 74.81916988179152
-35.80492273721245 79.1316036297071
-37.86606668781109 92.98669526210045
-39.92721063840973 96.72632335196838
-41.988354589008374 89.57005740143079
-44.049498539607015 89.299311537008
-46.110642490205656 88.04162463644747
-48.1717864408043 89.06278883249335
-50.23293039140294 77.40268910844593
-52.29407434200158 67.7186572238406
-54.35521829260021 60.967530372273124
-56.416362243198854 52.65994407589059
-58.477506193797495 48.33683204407823
-60.538650144396144 44.78890828386761
-62.599794094994785 36.0638764200322
-64.66093804559343 29.595558596595538
-66.72208199619206 30.13530534216382
-68.7832259467907 24.844598771342817
-70.84436989738936 25.265764759753534
-72.90551384798799 29.666018530010327
-74.96665779858662 33.27430982329909
-77.02780174918527 32.58587091853027
-79.0889456997839 27.096832172707355
-81.15008965038255 25.413528983922195
-83.21123360098119 27.696344969299812
-85.27237755157984 26.6924700390883
-87.33352150217847 24.08106702181758
-89.3946654527771 24.82842676645686
-91.45580940337575 23.611085529369845
-93.51695335397439 19.8539987195952
-95.57809730457303 17.268105637828626
-97.63924125517167 18.106191069332038
-99.7003852057703 18.89512090271245
-101.76152915636894 14.075757944610935
-103.82267310696758 12.79279507817895
-105.88381705756622 15.15809527774789
-107.94496100816487 13.155170501124532
-110.00610495876352 13.884083385417284
-112.06724890936215 9.999951149158619
-114.1283928599608 11.772897312417893
-116.18953681055943 8.365963083541828
-118.25068076115808 8.65886873589157
-120.31182471175671 9.914582719798888
-122.37296866235536 7.887242754248491
-124.434112612954 9.227345014163678
-126.49525656355263 11.12335517203397
-128.55640051415128 10.302048329231939
-130.61754446474993 7.310863298860084
-132.67868841534857 10.221716730522667
-134.7398323659472 9.926823240770702
-136.80097631654584 9.092999237534194
-138.86212026714446 8.624313024872253
-140.92326421774314 10.718728907268895
-142.98440816834176 9.490266565805472
-145.0455521189404 5.953685688200402
-147.10669606953903 9.25107247452984
-149.1678400201377 9.891674925429175
-151.22898397073632 5.995075348107238
-153.29012792133497 7.946768096155936
-155.3512718719336 6.32617146409508
-157.41241582253224 8.52790069866051
-159.4735597731309 9.904978216933362
-161.53470372372954 11.082794286620935
-163.59584767432816 6.595177253091393
-165.6569916249268 7.645011562291676
-167.71813557552542 9.80633398055441
-169.7792795261241 9.340364308465718
-171.84042347672275 6.282671956700383
-173.90156742732137 8.530408676018194
-175.96271137792002 9.254296220881415
-178.02385532851866 10.172884854413097
-180.0849992791173 9.653461799591804
-182.14614322971593 7.602337941136026
-184.20728718031458 6.729901857881838
-186.2684311309132 7.927002582805082
-188.32957508151188 10.025483105966678
-190.3907190321105 5.5250629124780595
-192.45186298270914 5.843579925517908
-194.51300693330776 8.220426518711543
-196.5741508839064 6.894747104270697
-198.63529483450506 6.887852655079039
-200.6964387851037 10.50144632091562
-202.75758273570233 8.84956933924837
-204.81872668630098 6.624525279843857
-206.8798706368996 8.685259347249993
-208.94101458749827 10.144076916612933
-211.00215853809692 8.31400606851734
-213.06330248869554 8.383830792075925
-215.1244464392942 7.290711619675905
-217.18559038989284 5.287600598724483
-219.24673434049149 8.474825034068914
-221.3078782910901 7.961221830851578
-223.36902224168875 8.09463756760443
-225.43016619228737 9.120841443182183
-227.49131014288605 9.626520870779308
-229.55245409348467 12.667552424048178
-231.61359804408332 7.423414193986923
-233.67474199468194 6.023175632438374
-235.7358859452806 9.939008168439708
-237.79702989587923 6.059916672291252
-239.85817384647788 12.624810312097361
-241.9193177970765 5.525228227031632
-243.98046174767515 7.942869789714728
-246.04160569827383 5.067008542637486
-248.10274964887245 5.985005221572373
-250.1638935994711 7.092025403380131
-252.22503755006971 8.797553843107245
-254.28618150066836 7.969451448910238
-256.347325451267 8.428514176412614
-258.40846940186566 7.7957493192058775
