# BEGINHEADER
# This file contains data from the SALSA 2m radio telescope.
# DATE=2021-11-24T15:39:0011
# GLON and GLAT given in degrees
# GLON=129.83475363870974
# GLAT=-0.1311354714604608
# DATA in two columns below. Col. 1 is velocity relative to LSR [km/s]. Col. 2 is uncalibrated antenna temperature [K].
# ENDHEADER
266.71607759681706 -3.4279177540899575
264.6549336462184 -6.856057442563352
262.59378969561976 -5.368935537962134
260.5326457450211 -5.614399968097186
258.47150179442247 -6.877377774727799
256.4103578438239 -4.459615349964652
254.34921389322523 -6.193042524019203
252.28806994262655 -4.286201483024463
250.22692599202793 -7.341609080977225
248.16578204142928 -6.986793308470676
246.10463809083066 -8.638151949116438
244.04349414023199 -6.403891216004404
241.98235018963337 -6.771163279481212
239.92120623903472 -6.615835769960204
237.8600622884361 -7.792007007517217
235.79891833783745 -5.950948451501877
233.73777438723877 -7.41036859090587
231.67663043664015 -7.394677139984506
229.6154864860415 -5.347304006186504
227.55434253544288 -8.064284937819838
225.49319858484424 -8.123853275918503
223.4320546342456 -6.266664191365821
221.37091068364694 -7.962734837119396
219.30976673304832 -7.209930456262611
217.24862278244967 -8.190769015008629
215.18747883185102 -7.485912598408955
213.12633488125238 -7.063073664645779
211.06519093065376 -6.881076173321424
209.0040469800551 -8.289445951693063
206.9429030294565 -7.033094133398351
204.8817590788578 -3.313529934045998
202.8206151282592 -6.400354805092714
200.75947117766054 -8.82949475230012
198.6983272270619 -5.791864313431648
196.63718327646325 -6.58211153714245
194.5760393258646 -5.796229862286359
192.51489537526595 -6.650788087728978
190.4537514246673 -6.747558827794624
188.39260747406868 -7.10629337379382
186.33146352347003 -8.212160394825588
184.27031957287141 -6.828849267055436
182.20917562227274 -7.334096888854153
180.14803167167412 -6.198126025374617
178.08688772107547 -6.745556566185774
176.02574377047685 -5.584095884435585
173.96459981987817 -6.111841191320381
171.90345586927955 -7.065603908625706
169.8423119186809 -7.358894808092974
167.7811679680823 -5.192234703523459
165.72002401748364 -5.840051896103723
163.658880066885 -5.9750067122214165
161.59773611628634 -5.625826124542761
159.5365921656877 -5.851507021719586
157.47544821508907 -6.257153461788369
155.41430426449043 -5.2114612330202315
153.35316031389178 -7.244395369957963
151.29201636329313 -5.133918790875137
149.2308724126945 -5.2279470867350994
147.16972846209586 -8.632991181790139
145.1085845114972 -5.481800026102604
143.04744056089856 -3.534702349403909
140.98629661029995 -4.735543138589153
138.9251526597013 -7.951342542382967
136.86400870910268 -4.8557305268500865
134.802864758504 -6.425424229203994
132.74172080790538 -7.573103227219235
130.68057685730673 -5.412961299655127
128.6194329067081 -6.719411482886724
126.55828895610945 -6.447798179779637
124.49714500551082 -6.2883237237240825
122.43600105491217 -4.9841797795240375
120.37485710431353 -4.27615307522444
118.31371315371489 -6.096459012482342
116.25256920311625 -3.6392486648378783
114.19142525251762 -4.49220124089523
112.13028130191897 -7.179582836381669
110.06913735132034 -5.637903271975848
108.00799340072169 -7.490508691991204
105.94684945012305 -6.683810445592263
103.88570549952439 -6.014412873259723
101.82456154892576 -6.722332733159642
99.76341759832712 -5.336332002467126
97.70227364772848 -5.636129712616585
95.64112969712984 -6.806687595843163
93.5799857465312 -5.350386175012465
91.51884179593256 -5.53740202828198
89.45769784533393 -6.037765001521036
87.39655389473528 -8.520455265554396
85.33540994413664 -6.553104066269081
83.274265993538 -4.794951541507835
81.21312204293936 -6.416845441685436
79.15197809234071 -8.834378230477311
77.09083414174208 -7.206453471294316
75.02969019114344 -3.570459449787185
72.9685462405448 -5.723049805951584
70.90740228994616 -5.435452842714762
68.84625833934751 -5.666328113923871
66.78511438874888 -5.529118386976476
64.72397043815023 -6.530653745586211
62.66282648755159 -5.946996549111033
60.60168253695295 -5.42217884859292
58.54053858635431 -3.9005923886060176
56.47939463575567 -5.060851018148628
54.41825068515703 -6.25320269528109
52.357106734558386 -7.249159731731281
50.295962783959745 -6.487982423822778
48.2348188333611 -5.654326195011623
46.17367488276246 -6.493290429145257
44.11253093216382 -6.94145341483572
42.05138698156518 -3.7318378071379423
39.990243030966546 -4.8588466425095564
37.929099080367905 -4.954516019170576
35.86795512976926 -4.406654685847736
33.806811179170616 -4.364810319476936
31.74566722857198 -2.104511243433937
29.684523277973337 -5.470773004968664
27.623379327374696 -5.773345183850279
25.562235376776055 -5.318398363590136
23.501091426177418 -4.411528935348386
21.43994747557878 -2.542813847730331
19.378803524980135 -3.6935401459114363
17.317659574381494 -2.470194523666384
15.256515623782855 -2.177373244403776
13.195371673184214 -2.5465099537204785
11.134227722585573 0.28958811761528697
9.073083771986932 5.16087329996434
7.0119398213882915 8.793037584412184
4.9507958707896496 19.907036245437894
2.8896519201910094 35.10454047237178
0.8285079695923685 38.88476037154274
-1.2326359810062724 41.43888882410535
-3.293779931604913 43.841168691828805
-5.354923882203554 47.21119377404141
-7.416067832802194 43.157501389149196
-9.477211783400834 42.477479230245095
-11.538355733999476 42.62871343602549
-13.599499684598117 37.29380207345388
-15.660643635196758 30.425811234797703
-17.7217875857954 26.34246029363115
-19.782931536394038 21.46699801561255
-21.84407548699268 17.580718434018987
-23.90521943759132 17.565403624597558
-25.96636338818996 14.059076814417118
-28.027507338788606 17.184250362007973
-30.088651289387247 17.98522318102717
-32.149795239985885 20.74524652657185
-34.210939190584526 26.871981123319085
-36.27208314118317 26.964438986375534
-38.33322709178181 32.09314311349104
-40.39437104238045 35.030942183035826
-42.45551499297909 40.929211730664804
-44.51665894357773 41.123005608437595
-46.57780289417637 41.37444682012433
-48.63894684477501 40.3952744593282
-50.700090795373654 37.30925017026698
-52.761234745972295 41.7321942862953
-54.82237869657094 40.17776270462771
-56.88352264716957 39.802764513870585
-58.94466659776821 36.52796244243866
-61.00581054836686 30.995081728368984
-63.0669544989655 23.334836595983
-65.12809844956413 16.735725496606722
-67.18924240016278 15.110258568836265
-69.25038635076142 12.204818842102332
-71.31153030136007 12.234862033977555
-73.3726742519587 7.517245048687465
-75.43381820255735 7.4019040747944675
-77.49496215315598 7.621030071289315
-79.55610610375462 6.559370265974527
-81.61725005435326 8.905785109785809
-83.6783940049519 8.492931258889987
-85.73953795555055 5.94401522514936
-87.80068190614918 7.551352354625294
-89.86182585674784 2.9256094345731873
-91.92296980734648 4.283793639138659
-93.98411375794511 7.002733797919375
-96.04525770854376 7.5591011799887795
-98.10640165914239 5.121707005855504
-100.16754560974104 4.100990687036666
-102.22868956033967 3.3870028171198223
-104.28983351093831 4.067165756989099
-106.35097746153696 2.5273570332266058
-108.41212141213559 -1.7298176120361175
-110.47326536273424 -2.996278688183371
-112.53440931333287 -2.6801937249926784
-114.59555326393152 -2.487424035704657
-116.65669721453015 -0.8955735408542576
-118.71784116512879 -4.397491694991804
-120.77898511572744 -3.999662106969232
-122.84012906632607 -3.3395858897117345
-124.90127301692472 -1.0281185182892434
-126.96241696752335 -3.986230538738234
-129.023560918122 -4.295929410693435
-131.08470486872065 -3.2834417080060376
-133.14584881931927 -3.5753420137929597
-135.20699276991792 -3.25569172144923
-137.26813672051657 -5.00329864174148
-139.3292806711152 -3.0699582969466284
-141.39042462171383 -1.5327788595308052
-143.45156857231248 -1.728678482025583
-145.51271252291113 -2.879479045356369
-147.57385647350978 -1.064429113546652
-149.63500042410843 -0.38549769466888784
-151.69614437470705 -4.540740939906015
-153.7572883253057 -1.6622460177599228
-155.81843227590434 -5.187051721324023
-157.879576226503 -4.42315536806851
-159.9407201771016 -1.0972390436565211
-162.00186412770026 -3.145016963536896
-164.06300807829888 -1.596628297050894
-166.12415202889756 -2.539104056166459
-168.18529597949617 -2.803577899507662
-170.24643993009482 -3.32077182967691
-172.30758388069344 -2.556087315553996
-174.3687278312921 -1.6354546015466243
-176.42987178189074 -2.8555849711859294
-178.4910157324894 -2.6553030534856203
-180.552159683088 -2.6149412609198084
-182.61330363368666 -3.3985690605590224
-184.6744475842853 -2.517807938008573
-186.73559153488395 -2.47696458012932
-188.7967354854826 -1.3339019883260899
-190.85787943608122 -1.9503042597142513
-192.91902338667987 -3.5595882056963934
-194.98016733727852 -3.17522542257812
-197.04131128787716 -2.037510557178519
-199.10245523847576 -1.8836789782734096
-201.1635991890744 -3.185028310625396
-203.22474313967305 -2.749601044986338
-205.2858870902717 -3.292021198597651
-207.34703104087032 -3.5314053292947714
-209.40817499146897 -0.700381063422348
-211.46931894206762 -3.5156478681804804
-213.53046289266626 -2.8197940833990613
-215.59160684326488 -2.3520804062089753
-217.65275079386353 -2.065563289561847
-219.71389474446215 -3.453945368403417
-221.77503869506083 -3.577181766870068
-223.83618264565945 -2.759955151873441
-225.8973265962581 -3.9073427558062166
-227.95847054685674 -2.25952277879911
-230.01961449745536 -1.4925244811920073
-232.08075844805404 -3.311622247547293
-234.14190239865266 -0.24189685452519055
-236.2030463492513 -4.10256788934549
-238.26419029984993 -3.0613989780096063
-240.3253342504486 -0.9206213203770723
-242.38647820104723 -3.194182819964075
-244.44762215164587 -0.723558714279717
-246.5087661022445 -1.7677496159307764
-248.56991005284314 -2.1285381112740187
-250.6310540034418 -3.5530073644028737
-252.69219795404044 -2.0200327596825605
-254.75334190463906 -3.3898927663156186
-256.8144858552377 -3.0717286150130305
-258.87562980583635 -5.078259892832875
