# BEGINHEADER
# This file contains data from the SALSA 2m radio telescope.
# DATE=2021-11-29T15:41:0033
# GLON and GLAT given in degrees
# GLON=37.90946520818796
# GLAT=12.208500878677183
# DATA in two columns below. Col. 1 is velocity relative to LSR [km/s]. Col. 2 is uncalibrated antenna temperature [K].
# ENDHEADER
272.18480630566717 2.673723094871163
270.1236623550686 7.338164698485611
268.06251840446987 4.574029889875504
266.0013744538712 6.877163086533343
263.94023050327263 7.7706371986126
261.879086552674 7.475936892570896
259.81794260207533 8.500343656620942
257.7567986514767 7.344018022167603
255.69565470087807 7.193349021848721
253.6345107502794 8.673958766158293
251.57336679968074 6.531225547120948
249.51222284908212 9.302908240564333
247.45107889848347 8.522962682717456
245.38993494788485 10.299767900820747
243.32879099728618 7.847180023957494
241.26764704668756 8.104142448069277
239.2065030960889 7.884547464861387
237.1453591454903 8.421585461057862
235.08421519489164 9.380628500733042
233.023071244293 9.025351148262372
230.96192729369434 6.837670959316909
228.90078334309572 9.866187946227956
226.83963939249708 5.148939461770514
224.77849544189846 5.4120463624907265
222.71735149129978 10.114454849889079
220.65620754070116 10.041424259952228
218.5950635901025 8.932068141197542
216.5339196395039 9.924857465567152
214.47277568890522 6.313002286089053
212.41163173830657 9.548016009303014
210.35048778770795 8.884365140224308
208.2893438371093 9.865611919623705
206.22819988651068 8.850733173370688
204.167055935912 8.963696743628011
202.10591198531338 8.939830920377398
200.04476803471474 8.713809119789529
197.9836240841161 9.140442195260054
195.92248013351744 9.311108688912645
193.86133618291882 6.699434801362121
191.80019223232014 9.055661066250291
189.73904828172152 7.010709209035331
187.67790433112287 8.828334446646181
185.61676038052425 8.013271112139169
183.5556164299256 7.359620464103876
181.49447247932696 6.908734068085021
179.4333285287283 8.96899582466802
177.37218457812966 9.600160576080155
175.31104062753104 7.629844954017254
173.24989667693237 8.377733139687694
171.18875272633375 7.83768810570084
169.1276087757351 9.624466386798675
167.06646482513648 9.480844178759435
165.00532087453783 7.002313513431553
162.94417692393918 8.747376325711258
160.88303297334053 8.290643831416821
158.8218890227419 9.168099271684884
156.76074507214327 7.491159786516861
154.69960112154465 8.36049188685439
152.63845717094597 9.197122907238235
150.57731322034735 9.302719132113756
148.5161692697487 7.446143888920375
146.45502531915008 8.855619395696943
144.3938813685514 11.037184049467132
142.33273741795279 8.909934825327618
140.27159346735414 10.328940554062804
138.2104495167555 9.730239746118004
136.14930556615687 6.732222983811464
134.0881616155582 7.830482655803682
132.02701766495957 9.56447993920495
129.96587371436092 9.132526790619695
127.9047297637623 8.098507880594886
125.84358581316366 8.58404139374211
123.78244186256502 7.835072839389468
121.72129791196637 7.379805387672394
119.66015396136773 8.463503373014406
117.59901001076908 8.12348162528117
115.53786606017044 6.585416003485251
113.47672210957181 8.428420162523324
111.41557815897316 8.495273420774659
109.35443420837453 9.395562935397423
107.29329025777588 10.283826877313377
105.23214630717725 10.47359194453329
103.1710023565786 9.706547922503091
101.10985840597996 8.41931134276904
99.04871445538133 8.45199499637105
96.9875705047827 8.496252585295188
94.92642655418405 6.033440873802588
92.86528260358541 8.214042104102656
90.80413865298678 9.700844632668328
88.74299470238813 10.726053536171088
86.6818507517895 9.421471181022055
84.62070680119085 8.699062068854248
82.55956285059221 9.533869638833211
80.49841889999355 7.521284667158386
78.43727494939492 9.136266138715035
76.37613099879628 8.112078413544763
74.31498704819764 11.44236608921616
72.253843097599 12.380757223605347
70.19269914700035 11.534458307847434
68.13155519640172 11.527524108926064
66.07041124580309 10.504196877354282
64.00926729520444 10.818190967388235
61.9481233446058 8.735614860733303
59.886979394007156 11.636043526196417
57.82583544340852 10.419995826190146
55.76469149280988 11.08218123476449
53.70354754221124 12.33993361546026
51.64240359161259 11.068886444366106
49.58125964101395 15.185419038312434
47.52011569041531 15.204541159868047
45.458971739816675 13.749335411312698
43.397827789218034 13.671395710669511
41.33668383861939 15.15126400641803
39.27553988802075 15.876389496846055
37.21439593742211 18.183436284356283
35.15325198682347 17.420761009341206
33.09210803622483 18.383656150691614
31.030964085626188 18.1343342570703
28.969820135027547 19.909309691314224
26.908676184428906 20.895434849643355
24.847532233830265 20.99187615980863
22.786388283231624 22.6456832741523
20.725244332632986 24.337728974825474
18.664100382034345 29.114327671658035
16.6029564314357 28.88512200998919
14.541812480837061 27.431426891956217
12.480668530238422 34.24406582128694
10.419524579639779 35.53227700151987
8.35838062904114 37.076991546763715
6.2972366784424985 46.13747858826433
4.2360927278438565 52.52126406439458
2.1749487772452163 56.39450648070487
0.11380482664657537 50.71143752868214
-1.9473391239520654 34.92114431861803
-4.008483074550706 19.764895428457546
-6.069627025149347 17.385004741770356
-8.130770975747987 13.852840746066766
-10.191914926346628 13.002914971630128
-12.253058876945268 11.009645741400464
-14.31420282754391 10.116265680838154
-16.37534677814255 8.227253555625603
-18.43649072874119 11.086659550470287
-20.49763467933983 7.660536371298189
-22.558778629938473 10.50720167145123
-24.619922580537114 9.72411867845406
-26.681066531135755 7.986255743979353
-28.742210481734393 8.255225394352697
-30.803354432333037 8.302455991216439
-32.86449838293168 10.902844475439412
-34.92564233353032 10.535204635554994
-36.98678628412896 8.17046515358224
-39.047930234727595 7.688709672618786
-41.109074185326236 8.962845905779556
-43.17021813592488 8.276661062935405
-45.231362086523525 9.681419382911566
-47.292506037122166 10.61595006739863
-49.35364998772081 10.516715944579271
-51.41479393831944 10.46619802946332
-53.47593788891808 8.30552822829135
-55.53708183951672 8.829246653194515
-57.598225790115364 9.042136453572773
-59.659369740714006 8.57138385877358
-61.72051369131265 6.213620960395687
-63.78165764191129 7.919613494401308
-65.84280159250993 5.780339377519887
-67.90394554310856 8.93036800499045
-69.96508949370721 6.180178319696232
-72.02623344430584 6.2965369554966655
-74.08737739490448 5.215763592353554
-76.14852134550314 5.496967328043788
-78.20966529610178 5.711084123959011
-80.27080924670042 5.914358405055426
-82.33195319729906 5.966475685495328
-84.3930971478977 5.099574718749083
-86.45424109849634 4.130433709100413
-88.51538504909497 4.5829231134344806
-90.57652899969362 4.021601313557466
-92.63767295029226 5.199897366197023
-94.6988169008909 3.6216873526686237
-96.75996085148954 2.308617761695221
-98.82110480208819 4.742035310392875
-100.88224875268683 3.883664417463912
-102.94339270328547 3.7972062918477834
-105.00453665388412 6.283505733662427
-107.06568060448275 5.036831678848209
-109.12682455508138 4.8462223620254
-111.18796850568003 4.51246258347144
-113.24911245627868 3.7122662875999435
-115.31025640687733 4.0026494632729035
-117.37140035747596 4.288638046154031
-119.43254430807461 4.664275997035619
-121.49368825867325 3.2755178916658005
-123.55483220927188 4.7814733455338505
-125.61597615987053 4.965414026145436
-127.67712011046916 6.626074450085775
-129.7382640610678 6.296599898663888
-131.79940801166646 2.9514076926450166
-133.86055196226508 3.236829758421094
-135.92169591286373 2.766141779550935
-137.98283986346237 1.5222102932306378
-140.04398381406102 3.856836126164848
-142.10512776465964 3.7269234128668756
-144.1662717152583 2.1838612990641892
-146.22741566585694 4.2399596218022175
-148.2885596164556 3.2163872870661403
-150.3497035670542 3.22574843152851
-152.41084751765285 3.249398158373112
-154.47199146825147 1.9401031758362317
-156.53313541885015 3.911661883856705
-158.59427936944877 4.162072843639068
-160.65542332004742 3.4530777763275227
-162.71656727064604 2.599850088722245
-164.7777112212447 2.2550543060120174
-166.83885517184333 4.253576071652041
-168.89999912244198 2.9904479009668745
-170.96114307304063 2.8293038288388397
-173.02228702363925 2.6728982971052826
-175.08343097423793 2.4146753152768174
-177.14457492483655 2.6202867045762908
-179.2057188754352 3.6108601332892674
-181.26686282603382 3.9670145962388084
-183.32800677663246 2.646491995737687
-185.3891507272311 3.3810256449661966
-187.45029467782976 3.242780062021047
-189.51143862842838 4.920959580715844
-191.57258257902703 3.3254589308617244
-193.63372652962565 2.6611186666198594
-195.69487048022432 4.610241322606007
-197.75601443082294 2.2977623026633873
-199.81715838142156 3.8697051135298617
-201.8783023320202 2.0285244863084055
-203.93944628261886 2.693371920918375
-206.00059023321748 5.283961362906904
-208.06173418381613 1.2849397466858579
-210.12287813441475 2.408427497546525
-212.18402208501342 5.97595548379137
-214.24516603561207 5.129019092329743
-216.3063099862107 2.4559384167317018
-218.36745393680934 3.733006734568125
-220.42859788740796 4.814141036804341
-222.48974183800664 3.589429962452565
-224.55088578860526 4.522658195486065
-226.6120297392039 1.624981300634007
-228.67317368980252 2.752768339544082
-230.7343176404012 0.9636965769149275
-232.79546159099982 2.6632849296080865
-234.85660554159847 3.108247918341091
-236.9177494921971 1.8495119971809062
-238.97889344279574 5.07946069353602
-241.04003739339439 4.664009655816111
-243.10118134399303 4.440993541631671
-245.16232529459165 4.681116175661271
-247.2234692451903 2.2966561719293765
-249.28461319578892 4.868551475816144
-251.3457571463876 2.807921120486375
-253.40690109698625 3.3925938249352967
