# BEGINHEADER
# This file contains data from the SALSA 2m radio telescope.
# DATE=2021-11-27T01:49:0038
# GLON and GLAT given in degrees
# GLON=193.81156097118046
# GLAT=-6.257035240918354
# DATA in two columns below. Col. 1 is velocity relative to LSR [km/s]. Col. 2 is uncalibrated antenna temperature [K].
# ENDHEADER
262.43854259638454 0.22550079314698615
260.3773986457859 0.3105058109732673
258.3162546951873 0.6032669937520881
256.25511074458865 2.5113881406062153
254.19396679398997 1.5032664820422
252.13282284339132 2.5295731460695965
250.0716788927927 3.467623684581361
248.01053494219406 5.57972500688308
245.94939099159544 3.521138887879601
243.88824704099676 4.43776014936827
241.82710309039814 3.6575605206856974
239.7659591397995 3.1972699443982355
237.70481518920087 4.382621185845436
235.64367123860222 4.750729351454043
233.58252728800358 3.4007827741507106
231.52138333740493 4.927686050301674
229.4602393868063 4.316545447572862
227.39909543620766 5.246527199983279
225.33795148560904 3.6594984579938585
223.27680753501036 5.034632822920059
221.21566358441174 3.8695198610840125
219.1545196338131 3.969695180324781
217.09337568321448 1.1831921936907999
215.0322317326158 2.1176243000460273
212.97108778201715 4.9566167788513384
210.90994383141853 4.1015799806776885
208.84879988081988 6.316055260241435
206.78765593022126 3.3373625593927665
204.7265119796226 5.083686212016794
202.66536802902397 4.586291855744579
200.60422407842532 4.281270054307077
198.5430801278267 4.786541698425019
196.48193617722805 4.084943676550061
194.42079222662943 3.9039107748163033
192.35964827603078 5.082539039994869
190.29850432543216 5.436229749335792
188.2373603748335 4.676744858050561
186.17621642423487 7.052844485230392
184.11507247363622 5.964847073059145
182.0539285230376 4.869096110449111
179.99278457243895 6.493513585684663
177.9316406218403 5.997745872192493
175.87049667124165 4.578892674150536
173.809352720643 4.613130574126637
171.74820877004439 6.1387046859978005
169.68706481944574 4.104202404827959
167.6259208688471 3.6074925558390687
165.56477691824844 5.920565804408313
163.50363296764982 5.661790388530551
161.44248901705117 5.29506296292486
159.38134506645252 5.056868210982859
157.32020111585388 6.015836444996681
155.25905716525526 5.225616132434167
153.1979132146566 3.3551274403937636
151.136769264058 4.8236401268127596
149.0756253134593 5.200381022652335
147.0144813628607 5.349017450523942
144.95333741226204 6.449803929570087
142.89219346166342 5.78975270863555
140.83104951106478 5.066049981821766
138.76990556046613 4.530980033351187
136.70876160986748 4.791673452752608
134.64761765926883 6.147165622605288
132.5864737086702 5.923048876256281
130.52532975807156 5.004936786616807
128.46418580747292 5.609608781624466
126.40304185687428 3.5055145752946535
124.34189790627565 4.870492906671361
122.280753955677 3.6017331015737817
120.21961000507837 5.138830069331674
118.15846605447972 4.404803840197052
116.09732210388107 4.677215627725009
114.03617815328244 4.790610608056075
111.97503420268379 5.076415286542339
109.91389025208515 4.856247398639835
107.8527463014865 3.362929866741156
105.79160235088787 4.127408539527539
103.73045840028922 5.141476416489512
101.66931444969059 3.9684233580366977
99.60817049909195 5.6690406259344
97.5470265484933 5.03202367747097
95.48588259789467 3.978598758276417
93.42473864729602 4.105828573679876
91.36359469669739 4.728536792439043
89.30245074609874 6.50304082028058
87.24130679550011 5.047743467987713
85.18016284490147 5.069594852958778
83.11901889430283 4.762222040840832
81.05787494370419 4.211543469914472
78.99673099310553 3.630144625170237
76.9355870425069 5.396513979155454
74.87444309190825 3.561922651351098
72.81329914130961 4.878990080436498
70.75215519071098 3.568165349941458
68.69101124011233 4.5565609002277245
66.6298672895137 2.5713570819144342
64.56872333891506 3.6043572732728797
62.507579388316415 3.6130322220234925
60.446435437717774 3.4140475169392865
58.38529148711913 3.4118155229023057
56.32414753652049 2.614313343170984
54.26300358592185 5.382812752062388
52.20185963532322 5.099089864192073
50.140715684724576 4.343012509364647
48.07957173412593 7.45667162504411
46.01842778352729 6.604618404107407
43.957283832928645 7.773313109809337
41.896139882330004 7.2322866429593455
39.83499593173136 6.476834782307207
37.77385198113273 8.054485401275267
35.71270803053409 10.764327724450386
33.65156407993545 13.6435888339993
31.590420129336803 13.281553126863882
29.52927617873816 16.116743973458455
27.468132228139524 21.891794250572296
25.40698827754088 28.073262871866945
23.345844326942238 35.61987338379475
21.284700376343597 45.26117354425906
19.223556425744956 54.92125850923136
17.162412475146315 66.1858026727259
15.101268524547674 77.35986439295495
13.040124573949033 91.05819425814916
10.978980623350393 108.41010738270694
8.917836672751754 117.73709357971735
6.856692722153112 122.20407543023278
4.795548771554471 120.3123033012041
2.7344048209558305 108.8978511448217
0.6732608703571901 95.88507369990285
-1.387883080241451 75.09224359225881
-3.4490270308400914 60.10083920636606
-5.5101709814387325 44.730484940809006
-7.571314932037373 33.71686431812193
-9.632458882636014 27.730770429408597
-11.693602833234655 20.961492840056987
-13.754746783833296 17.14349170520635
-15.815890734431939 13.962141256882376
-17.87703468503058 10.773824625362593
-19.938178635629217 9.938186227747554
-21.99932258622786 7.4917740949534775
-24.060466536826503 7.561491980699802
-26.12161048742514 7.2532010599891255
-28.182754438023778 6.33021953734185
-30.24389838862242 5.852493942631203
-32.30504233922106 4.827123948484824
-34.3661862898197 4.732474011402904
-36.42733024041834 4.526044977871244
-38.488474191016984 3.9866945363701993
-40.549618141615625 3.427920616044856
-42.610762092214266 2.98811130759634
-44.6719060428129 3.990033806526947
-46.73304999341154 2.872894299335255
-48.79419394401019 2.301753977455963
-50.85533789460883 2.3520832666764946
-52.91648184520747 2.08198428549844
-54.97762579580611 2.3369516102902974
-57.03876974640475 0.8450430249345781
-59.09991369700339 1.9540112615478418
-61.16105764760203 3.1564256105747726
-63.22220159820067 2.085878981049614
-65.28334554879932 3.859208536539623
-67.34448949939795 1.5436901580983329
-69.40563344999659 1.6854561051941297
-71.46677740059523 0.47499432660920204
-73.52792135119387 2.3049313297442406
-75.58906530179252 0.9305693052820514
-77.65020925239116 1.8847894614356977
-79.7113532029898 3.2389626823255875
-81.77249715358845 1.8407221475673277
-83.83364110418708 0.38045248177389274
-85.89478505478573 1.0605005357953754
-87.95592900538436 2.0878697059431044
-90.01707295598301 1.2129994500946855
-92.07821690658164 2.499889676734669
-94.13936085718028 1.9693846671438149
-96.20050480777893 1.4793502523982829
-98.26164875837756 1.6061004163949082
-100.32279270897621 1.3005272166918438
-102.38393665957484 1.8441958765084367
-104.44508061017349 0.9790874107565372
-106.50622456077213 1.2812923521561632
-108.56736851137076 -0.20574020105223478
-110.62851246196941 0.1073924971178578
-112.68965641256804 1.2363077987964652
-114.7508003631667 -1.6703039430942137
-116.81194431376534 0.644465929746323
-118.87308826436399 0.6074579606050479
-120.93423221496262 0.6593607298286531
-122.99537616556125 -0.533580082897138
-125.0565201161599 0.49548260269478367
-127.11766406675854 -0.08229020759573125
-129.17880801735717 -0.8770808820041671
-131.23995196795582 -1.1477771694902446
-133.30109591855447 0.7428826228350057
-135.36223986915311 -0.4625191997310224
-137.42338381975173 -0.20920537901924013
-139.48452777035038 -0.20538373028347706
-141.54567172094903 -1.2252286060685775
-143.60681567154768 -0.1969085281389938
-145.6679596221463 0.043845273415871765
-147.72910357274495 -0.06729460736352134
-149.79024752334357 0.8539437825999036
-151.85139147394224 -1.3274252724939166
-153.91253542454086 -0.4675571161364606
-155.9736793751395 -0.8729655809745257
-158.03482332573813 -0.8311656096893373
-160.0959672763368 -1.9057908024792947
-162.15711122693543 -1.1577581762648914
-164.21825517753408 -0.8509529090632628
-166.2793991281327 -2.481727832137537
-168.34054307873134 -1.2591959911485708
-170.40168702933 -0.9339808606512093
-172.46283097992864 -1.305840511356918
-174.5239749305273 -3.137502397926567
-176.5851188811259 -0.17754306947398932
-178.64626283172456 -0.1193931850833444
-180.7074067823232 -0.6380241314096712
-182.76855073292185 -1.0225280006568709
-184.82969468352047 -0.06296327174732672
-186.89083863411912 -1.0845027936306588
-188.95198258471777 -1.59103696454311
-191.01312653531642 -2.001759835886674
-193.07427048591504 -0.3946293295108069
-195.13541443651368 -1.9039314984358544
-197.1965583871123 -1.6398806109890642
-199.25770233771098 -0.18948266123462154
-201.31884628830963 -1.9925663836630705
-203.37999023890828 -1.6199785088937537
-205.4411341895069 -1.7452594113615163
-207.50227814010555 -0.8745359088010741
-209.56342209070417 -0.2790717936807098
-211.62456604130284 -2.0768991469856983
-213.6857099919015 -0.07252293554533988
-215.7468539425001 -1.8209611839245166
-217.80799789309876 -1.4071742082272172
-219.86914184369738 -1.0106790781964816
-221.93028579429605 -1.9762841174308128
-223.99142974489467 -1.8392413661538969
-226.05257369549332 -0.5263902267906397
-228.11371764609194 -1.8453318961708571
-230.17486159669062 -3.0139596181073935
-232.23600554728924 -0.6052259540575207
-234.2971494978879 -0.6897450914112384
-236.3582934484865 -2.0076664858491013
-238.41943739908515 -2.0998947308887495
-240.4805813496838 -1.6930525676797397
-242.54172530028245 -0.7677377891236132
-244.60286925088107 -0.925513155331473
-246.66401320147972 -2.251944049478982
-248.72515715207834 -0.8326345685530264
-250.78630110267702 -1.457769311332663
-252.84744505327566 -0.7842861268733663
-254.90858900387428 -0.4199525929137346
-256.96973295447293 -1.1159045765066966
-259.0308769050716 0.7378962181222106
-261.0920208556702 -0.3514500746662954
-263.1531648062688 0.8835501126803412
