# BEGINHEADER
# This file contains data from the SALSA 2m radio telescope.
# DATE=2021-11-24T16:17:0009
# GLON and GLAT given in degrees
# GLON=105.85843806986944
# GLAT=5.945785501813156
# DATA in two columns below. Col. 1 is velocity relative to LSR [km/s]. Col. 2 is uncalibrated antenna temperature [K].
# ENDHEADER
269.3088943578173 -5.038505454155066
267.24775040721863 -12.308081818628805
265.18660645662 -9.173694910695206
263.12546250602134 -9.663370503952143
261.0643185554227 -12.95844166724826
259.0031746048241 -14.855622455226708
256.9420306542254 -14.007526167814824
254.88088670362677 -14.334368964534372
252.81974275302815 -10.768918295447678
250.7585988024295 -14.769842749598146
248.69745485183086 -14.861790855608463
246.6363109012322 -12.00687282534892
244.5751669506336 -13.035687228062425
242.51402300003494 -12.350972574251296
240.45287904943632 -13.768953287903832
238.39173509883764 -14.223106062117441
236.33059114823902 -12.18248913553816
234.26944719764037 -12.783240845700412
232.20830324704175 -11.203902324095973
230.1471592964431 -13.90296028351687
228.08601534584446 -14.550424631027546
226.0248713952458 -12.059192888846832
223.96372744464716 -10.91714163001104
221.90258349404854 -12.776510748503526
219.84143954344987 -12.156491885245574
217.78029559285125 -11.660381052047352
215.7191516422526 -12.178019806143325
213.65800769165398 -11.331316324199523
211.59686374105533 -11.940625276175282
209.53571979045668 -10.405538805017562
207.47457583985803 -11.572684744247146
205.4134318892594 -10.622228429738954
203.35228793866077 -11.1589453457101
201.29114398806215 -12.717723006400577
199.23000003746347 -13.716896182405323
197.16885608686482 -10.276661407902436
195.10771213626617 -10.738336333973654
193.04656818566755 -13.385766150902935
190.9854242350689 -9.76955797943868
188.92428028447029 -11.401096692408684
186.8631363338716 -11.006799139336762
184.80199238327296 -11.929927605136847
182.74084843267434 -10.297334339111364
180.6797044820757 -11.582594461420236
178.61856053147704 -12.548180699028032
176.5574165808784 -9.107899595321527
174.49627263027978 -10.655241881105376
172.43512867968113 -10.428625928932439
170.3739847290825 -11.192242915706025
168.31284077848383 -13.945419489245442
166.2516968278852 -9.138281575547072
164.19055287728656 -9.69931630552841
162.12940892668794 -12.466457999151173
160.0682649760893 -9.461217275514665
158.00712102549065 -11.185244723618164
155.945977074892 -11.73323771763708
153.88483312429338 -10.619978229339026
151.82368917369473 -10.00855112476782
149.76254522309605 -10.855308075245633
147.70140127249744 -10.86530299042722
145.6402573218988 -9.826738805740955
143.57911337130017 -8.512130411809089
141.51796942070152 -11.581994905509703
139.45682547010287 -9.039405523421637
137.39568151950422 -8.174924394405751
135.3345375689056 -10.321837555690555
133.27339361830695 -11.137947056665123
131.21224966770833 -9.653294734525002
129.1511057171097 -10.140942439387302
127.08996176651102 -9.712352623987313
125.02881781591239 -9.685982897928149
122.96767386531374 -9.259783712140402
120.90652991471511 -8.781763211454805
118.84538596411647 -8.909527474952563
116.78424201351783 -7.951822311028603
114.72309806291919 -8.876097141607227
112.66195411232054 -9.91076445981698
110.60081016172191 -9.864740726522278
108.53966621112326 -8.780174867573042
106.47852226052463 -8.521645394048537
104.417378309926 -8.74815824870674
102.35623435932735 -11.129254419213336
100.29509040872871 -8.482151342281812
98.23394645813008 -11.262607171449455
96.17280250753144 -10.904022579662632
94.1116585569328 -8.78966597893154
92.05051460633416 -6.267279721589776
89.9893706557355 -8.126178416336474
87.92822670513686 -7.55231932108536
85.86708275453823 -8.01871706737326
83.80593880393958 -8.066770024488028
81.74479485334095 -10.415458730083992
79.6836509027423 -10.281987105677242
77.62250695214367 -11.271268035624951
75.56136300154502 -11.837050520548685
73.50021905094638 -9.734135337341074
71.43907510034775 -8.501466905392437
69.3779311497491 -9.523840225810913
67.31678719915047 -11.244591687720575
65.25564324855182 -7.519844475080578
63.194499297953186 -8.407828253884393
61.13335534735454 -9.464827901872239
59.0722113967559 -10.206119024467514
57.011067446157256 -11.52760314962153
54.949923495558615 -7.360685880361173
52.888779544959974 -10.050957813693394
50.82763559436134 -11.425903039850816
48.76649164376269 -10.00251635606011
46.70534769316405 -10.334894529578238
44.64420374256541 -9.688005491824663
42.58305979196676 -9.944755185556636
40.52191584136813 -7.738587628894925
38.460771890769486 -7.906746565876089
36.399627940170845 -6.347152048598938
34.338483989572204 -4.68020723220601
32.27734003897356 -6.738175717975952
30.216196088374925 -7.979286251839002
28.15505213777628 -7.640341514406413
26.09390818717764 -8.388496652862495
24.032764236579002 -8.156442623126184
21.971620285980364 -5.809320127199758
19.910476335381723 -7.003579155213496
17.84933238478308 -6.668016936866821
15.78818843418444 -3.8877552950856256
13.7270444835858 -2.473841622361607
11.665900532987159 2.349696491038625
9.604756582388518 7.4403937721003475
7.543612631789877 14.916627143018712
5.482468681191237 28.78932365850565
3.421324730592595 41.29656744903268
1.3601807799939543 48.96115044654871
-0.7009631706046864 55.242803825239854
-2.7621071212033272 54.55964379095959
-4.823251071801968 54.437599068324566
-6.884395022400609 56.4469149493495
-8.94553897299925 48.888764556564574
-11.00668292359789 42.00253569963963
-13.067826874196532 32.62031145026053
-15.128970824795172 27.55040832000725
-17.190114775393813 22.972474655096942
-19.25125872599245 15.889809874876523
-21.312402676591095 15.844664401580713
-23.373546627189736 12.856128637276841
-25.434690577788377 10.870349735876404
-27.495834528387018 8.604785364937714
-29.556978478985663 9.771200916840726
-31.6181224295843 10.897588018738979
-33.67926638018294 11.997973866564514
-35.740410330781586 10.872506301857992
-37.80155428138023 11.858963231071785
-39.86269823197887 12.844590267417805
-41.9238421825775 16.845274465916063
-43.98498613317614 17.153912974421214
-46.046130083774784 17.63313470021075
-48.107274034373425 17.287019857822052
-50.16841798497206 18.469389944741543
-52.2295619355707 19.7142494706163
-54.29070588616935 21.861151779350067
-56.35184983676799 21.4836317128675
-58.41299378736663 21.03802743715322
-60.474137737965265 26.184971785179876
-62.535281688563906 27.71404789051132
-64.59642563916255 25.48432260111979
-66.6575695897612 22.897980908867744
-68.71871354035983 19.25822110747765
-70.77985749095848 15.272781820976498
-72.84100144155711 12.409307749669491
-74.90214539215576 9.26654272227935
-76.9632893427544 8.20035375638165
-79.02443329335304 5.304023494896878
-81.08557724395168 4.225081806238195
-83.14672119455031 5.988688482278248
-85.20786514514896 2.7954635322863326
-87.26900909574759 2.894900904980779
-89.33015304634624 4.964882564297593
-91.39129699694487 3.936775892912284
-93.45244094754351 7.365295868441857
-95.51358489814216 7.115423745977524
-97.57472884874079 6.140357763289985
-99.63587279933945 5.807729095222053
-101.6970167499381 3.356250191821371
-103.75816070053673 3.8834658900807386
-105.81930465113538 4.010369802167194
-107.88044860173402 1.2433036013149383
-109.94159255233266 -1.1282990843016196
-112.0027365029313 -1.1227368026422813
-114.06388045352993 -1.392189700816065
-116.12502440412858 -2.442270177728935
-118.18616835472722 -4.506288138984429
-120.24731230532586 -4.854408713727333
-122.3084562559245 -4.825667260215767
-124.36960020652315 -5.568121820608848
-126.43074415712178 -7.172911410856242
-128.49188810772043 -6.162570721928846
-130.55303205831908 -5.979132997859546
-132.61417600891772 -9.202159092826335
-134.67531995951634 -7.7237690276893645
-136.736463910115 -7.824556218655871
-138.7976078607136 -5.460340394850077
-140.8587518113123 -8.467621345486897
-142.9198957619109 -10.104322668533404
-144.98103971250956 -8.273857255629652
-147.04218366310818 -8.228007859497781
-149.10332761370682 -10.8913485287196
-151.16447156430547 -10.43791976406235
-153.22561551490412 -9.309459925441981
-155.28675946550274 -11.295851281687257
-157.3479034161014 -9.10113701224176
-159.4090473667 -9.027970466995619
-161.47019131729868 -9.904828657837237
-163.53133526789733 -8.837087936806464
-165.59247921849595 -8.33860893325746
-167.6536231690946 -8.554725670438213
-169.71476711969322 -9.202625599612015
-171.7759110702919 -9.555519456794908
-173.83705502089052 -9.402074084594672
-175.89819897148917 -7.456568766303876
-177.95934292208779 -10.0417283195271
-180.02048687268646 -7.228988315296155
-182.08163082328508 -10.122612612788666
-184.14277477388373 -6.843028055983473
-186.20391872448235 -6.998130943993197
-188.265062675081 -12.374127066384917
-190.32620662567965 -9.581283187441228
-192.3873505762783 -9.144126066643734
-194.4484945268769 -6.932774939760665
-196.50963847747556 -10.955787354607768
-198.57078242807418 -7.002284220551118
-200.63192637867283 -8.688099151885925
-202.69307032927148 -11.131660050384045
-204.7542142798701 -8.501500407457005
-206.81535823046877 -8.746915755835873
-208.8765021810674 -9.51716985342771
-210.93764613166604 -9.943137285989533
-212.99879008226466 -6.860522099325731
-215.0599340328633 -9.008087675656554
-217.12107798346196 -9.857068405426034
-219.1822219340606 -11.215910060564756
-221.24336588465923 -8.980772981356422
-223.30450983525787 -7.715578201704209
-225.3656537858565 -8.444660694292187
-227.42679773645517 -8.070265716356392
-229.4879416870538 -8.237177874693828
-231.54908563765244 -8.498904297456587
-233.61022958825106 -9.470817950942994
-235.67137353884974 -9.518595806210326
-237.73251748944836 -11.632563676855693
-239.793661440047 -10.3334558375635
-241.85480539064565 -10.073807177226561
-243.91594934124427 -8.982419254024677
-245.97709329184295 -7.762068666473457
-248.03823724244157 -7.132698729965052
-250.09938119304022 -11.118599077917896
-252.16052514363884 -10.040250112152906
-254.22166909423748 -9.131060163791064
-256.28281304483613 -12.69838765216662
