# BEGINHEADER
# This file contains data from the SALSA 2m radio telescope.
# DATE=2021-11-25T15:23:0042
# GLON and GLAT given in degrees
# GLON=78.84165195098949
# GLAT=6.068774468150638
# DATA in two columns below. Col. 1 is velocity relative to LSR [km/s]. Col. 2 is uncalibrated antenna temperature [K].
# ENDHEADER
268.4523312210892 2.4405586318327144
266.3911872704905 4.486164609548431
264.3300433198919 5.494479569372657
262.26889936929325 2.9270412141116027
260.2077554186946 6.221882482536332
258.14661146809595 5.182898630317028
256.0854675174973 6.613304405967146
254.0243235668987 6.247869496715333
251.96317961630004 5.908058813286573
249.90203566570142 7.240407785641922
247.84089171510274 5.571147258959406
245.77974776450412 6.846928557342797
243.71860381390547 7.354324009686402
241.65745986330685 7.928372064871922
239.5963159127082 7.939186556204317
237.53517196210956 6.963276624630213
235.4740280115109 5.105289002012204
233.41288406091226 6.629772219927079
231.35174011031364 9.746303633847102
229.290596159715 7.849351221090018
227.22945220911635 8.97069149612754
225.1683082585177 8.89506060363602
223.10716430791908 7.1793883701980885
221.04602035732043 8.347330910582729
218.98487640672178 8.094790422063333
216.92373245612313 5.106606679330987
214.8625885055245 9.477141254375862
212.80144455492587 6.921181412827667
210.74030060432725 8.004044297619616
208.67915665372857 7.831172345706027
206.61801270312995 9.553504200454462
204.5568687525313 8.306864080037927
202.49572480193268 6.89490318957678
200.43458085133403 9.69554863840646
198.37343690073538 8.26977104600466
196.3122929501367 9.161975839957345
194.25114899953806 8.854895008326068
192.19000504893944 10.375239850372536
190.1288610983408 11.435040076116474
188.06771714774217 9.22869863598266
186.0065731971435 6.377513617840848
183.94542924654488 7.301764457523268
181.88428529594623 9.379466583477925
179.8231413453476 9.16220444057397
177.76199739474893 8.861728947551404
175.7008534441503 9.16363943761137
173.63970949355166 6.743501716836214
171.57856554295304 6.932688075639778
169.5174215923544 8.83887103500959
167.45627764175575 7.872891628378593
165.3951336911571 8.132123260333485
163.33398974055848 9.92126070098738
161.27284578995983 9.713499995365531
159.2117018393612 7.762470014916214
157.15055788876253 9.815603442462356
155.0894139381639 7.758455204331851
153.02826998756527 8.381911534688008
150.96712603696662 10.132878624123087
148.90598208636797 6.172596682252107
146.84483813576932 8.320045544664792
144.7836941851707 7.294795605136477
142.72255023457205 9.26051831123842
140.66140628397343 8.040673554627618
138.60026233337476 7.485231958662341
136.53911838277614 9.197546924664794
134.4779744321775 9.784315767143502
132.41683048157887 6.958239443213625
130.35568653098022 7.782283082811514
128.29454258038157 8.415628972989834
126.23339862978293 9.51095334614422
124.17225467918429 8.594403422209325
122.11111072858564 6.756450582213232
120.04996677798701 9.155280267269838
117.98882282738838 9.828365226404365
115.92767887678973 7.56805776333007
113.8665349261911 6.286283584425501
111.80539097559245 8.039248167462686
109.74424702499381 9.03309114077655
107.68310307439516 8.53826885876949
105.62195912379653 6.576562259454485
103.5608151731979 8.547546007591162
101.49967122259925 9.777780599100241
99.4385272720006 10.889760320586143
97.37738332140195 7.355280911755094
95.31623937080332 5.565126976657557
93.25509542020467 6.942619417901638
91.19395146960603 6.954167167879938
89.1328075190074 6.338578041847178
87.07166356840875 7.8682084288226735
85.01051961781012 9.432551159767442
82.94937566721147 8.618384686872307
80.88823171661284 8.078616997906693
78.82708776601419 6.086235319831684
76.76594381541555 8.315801810999062
74.70479986481692 9.100710436405134
72.64365591421827 6.272370232629269
70.58251196361964 4.374989117863208
68.52136801302099 9.009464406160173
66.46022406242236 8.685169080077344
64.39908011182371 7.404406301134078
62.337936161225066 7.147649807645776
60.276792210626425 7.817981927960228
58.215648260027784 9.356795583188765
56.15450430942915 9.383714258835871
54.09336035883051 7.625318404598561
52.03221640823186 6.5802848422450815
49.97107245763322 9.185731627018939
47.90992850703458 10.473814021232975
45.84878455643594 11.295166546614903
43.7876406058373 8.717634535036318
41.72649665523866 10.727028972119736
39.66535270464002 7.8577684772779195
37.60420875404138 8.609211163129077
35.54306480344274 8.811979567749399
33.4819208528441 10.444924893466561
31.420776902245457 9.569567793970007
29.359632951646816 12.508053104991241
27.29848900104817 14.732166019368309
25.237345050449534 16.534760383016387
23.176201099850893 23.20883160662622
21.11505714925225 28.538455002740363
19.05391319865361 37.90368601480257
16.99276924805497 49.35652534252127
14.931625297456328 65.63081804267246
12.870481346857689 78.15776532340475
10.809337396259046 90.34897811093084
8.748193445660407 100.6925467426701
6.687049495061766 101.42816780539192
4.625905544463126 100.51399670630467
2.564761593864485 106.05702455121093
0.503617643265844 102.2063744083291
-1.5575263073327967 97.0810188389287
-3.6186702579314374 89.09036608287511
-5.679814208530078 81.54776966401842
-7.74095815912872 75.42428134733483
-9.802102109727361 65.37096536863767
-11.863246060326 58.39957594892832
-13.924390010924643 50.885974811837826
-15.985533961523283 44.59629260914817
-18.046677912121922 40.786640875926174
-20.107821862720563 31.787156295223134
-22.168965813319208 28.874865440047184
-24.230109763917845 28.504130973253027
-26.291253714516486 24.253182841584714
-28.352397665115127 23.024694530823517
-30.41354161571377 21.10383639722717
-32.47468556631241 24.174462872819124
-34.53582951691105 22.55851728365723
-36.59697346750969 23.148371599191513
-38.65811741810833 23.35705835991237
-40.71926136870697 22.17002367136642
-42.78040531930561 21.71417921266061
-44.841549269904256 19.573659465886212
-46.9026932205029 17.764529647025693
-48.96383717110154 19.756470815250935
-51.02498112170018 17.09485700920233
-53.08612507229882 17.06542626404796
-55.147269022897454 18.83421612235942
-57.208412973496095 21.609457628855594
-59.269556924094736 17.78930251777115
-61.33070087469338 23.18781774458817
-63.39184482529202 21.66114546607726
-65.45298877589066 22.14956605893005
-67.51413272648931 27.92194817584077
-69.57527667708794 24.726349668591954
-71.63642062768659 27.335135511335217
-73.69756457828522 25.60211741511986
-75.75870852888386 24.731833452351285
-77.8198524794825 23.132785053830602
-79.88099643008114 22.52541395641818
-81.94214038067979 18.086659659347355
-84.00328433127842 21.45369136511762
-86.06442828187707 19.17791401186766
-88.1255722324757 18.59034102401913
-90.18671618307434 15.383993736330353
-92.24786013367299 16.609854480601317
-94.30900408427163 14.144723103698432
-96.37014803487028 12.618831153777474
-98.43129198546892 11.148457354839486
-100.49243593606757 8.95059188807028
-102.5535798866662 11.865880536361022
-104.61472383726483 11.006786039445311
-106.67586778786348 10.76667634898642
-108.73701173846212 8.92382899386622
-110.79815568906076 8.186340286345935
-112.8592996396594 8.755468585237146
-114.92044359025805 11.765906061205879
-116.98158754085668 9.777502294047217
-119.04273149145531 6.992733936825497
-121.10387544205396 7.685045385708889
-123.1650193926526 9.19302173454223
-125.22616334325124 6.391022986439538
-127.28730729384988 7.315680666755167
-129.34845124444854 4.521374143318158
-131.40959519504716 4.530356888744445
-133.4707391456458 3.859096695881808
-135.53188309624446 7.317829613626374
-137.59302704684308 6.408519219677153
-139.65417099744172 3.6854913137278102
-141.71531494804037 3.4121690350013405
-143.77645889863902 2.720660137657238
-145.83760284923764 4.897584319905867
-147.8987467998363 3.4913135902458876
-149.9598907504349 2.4372696235477993
-152.02103470103359 2.8314176044683137
-154.08217865163223 2.6788942106110225
-156.14332260223085 3.0084235489209075
-158.2044665528295 3.8503649345479163
-160.26561050342812 0.5165943121732354
-162.3267544540268 2.4015866387720592
-164.38789840462542 4.991268402488826
-166.44904235522407 1.597681668334171
-168.51018630582269 2.1277639246169033
-170.57133025642136 3.2120978862055063
-172.63247420701998 2.188287757730764
-174.69361815761863 2.068242660304157
-176.75476210821725 1.5585321834798231
-178.8159060588159 -0.05383824564829948
-180.87705000941455 1.5998086020666014
-182.9381939600132 2.3100166270439275
-184.9993379106118 1.2122123411549373
-187.06048186121046 1.045289542765569
-189.12162581180908 2.1311281149044605
-191.18276976240776 2.486404414847961
-193.2439137130064 2.8907654946434236
-195.30505766360503 2.511803577017695
-197.36620161420367 0.7452604878429123
-199.4273455648023 0.7776096051672646
-201.48848951540094 2.485089052239929
-203.54963346599956 2.9891898285832026
-205.6107774165982 1.3988313526604879
-207.67192136719686 3.8702081694012387
-209.7330653177955 2.114312153144311
-211.79420926839413 2.006938484521252
-213.85535321899278 2.3421746796809355
-215.9164971695914 0.07355305443458811
-217.97764112019007 1.6023205364473312
-220.0387850707887 3.6715089176089477
-222.09992902138734 1.8257098388736759
-224.16107297198596 1.7288374133042548
-226.22221692258464 2.943799104200691
-228.28336087318326 3.578742981063421
-230.3445048237819 3.9722143784014614
-232.40564877438055 -0.5589075427175506
-234.46679272497917 1.3179378324028905
-236.52793667557785 3.2134139242767708
-238.58908062617647 3.1869014389081114
-240.65022457677512 2.1737000070065813
-242.71136852737374 2.7667956978695365
-244.77251247797238 2.9479708172549848
-246.83365642857103 5.699111375117665
-248.89480037916968 5.372518769706788
-250.9559443297683 5.892097606727159
-253.01708828036695 0.7105799383840575
-255.07823223096557 4.552540206421751
-257.1393761815642 4.597703815059603
