# BEGINHEADER
# This file contains data from the SALSA 2m radio telescope.
# DATE=2021-12-09T13:54:0045
# GLON and GLAT given in degrees
# GLON=35.8984888274807
# GLAT=0.22763874314080124
# DATA in two columns below. Col. 1 is velocity relative to LSR [km/s]. Col. 2 is uncalibrated antenna temperature [K].
# ENDHEADER
269.5353945361192 1.1155695969192332
267.47425058552056 3.888436098629744
265.4131066349219 2.496913312072422
263.35196268432327 5.630928014856338
261.2908187337247 2.760667271407037
259.229674783126 4.651462323348589
257.1685308325274 6.264080995069596
255.10738688192873 4.313671490844604
253.04624293133008 3.2440197374642814
250.98509898073146 7.498670233512992
248.9239550301328 3.6063279087906337
246.86281107953417 7.442500211932497
244.80166712893552 5.2020183458096785
242.74052317833687 3.757708563168336
240.67937922773822 5.634686015255377
238.61823527713958 5.36003651524329
236.55709132654096 3.576007852308334
234.4959473759423 6.834567939269467
232.4348034253437 4.815266579967013
230.373659474745 6.164898392725222
228.3125155241464 7.8378165883977164
226.25137157354774 6.3293274811314495
224.19022762294912 6.923857014901904
222.12908367235048 3.8783624301005397
220.06793972175183 5.078672220683371
218.00679577115318 5.259548204759762
215.94565182055456 6.49749812199346
213.8845078699559 5.782267382472765
211.82336391935726 7.438208234412989
209.76221996875861 3.3603995422522273
207.70107601815997 4.077680604731395
205.63993206756135 7.679962560439334
203.5787881169627 5.812966085679088
201.51764416636405 5.1343731293722055
199.4565002157654 6.173432929442664
197.39535626516678 4.96806068443729
195.33421231456813 5.1183318072031625
193.27306836396951 6.729612725480602
191.21192441337084 6.761643739263237
189.15078046277222 5.417427027909323
187.08963651217357 5.915227350599059
185.02849256157495 6.3522048590718425
182.9673486109763 5.47118110904334
180.90620466037765 8.489540147061602
178.845060709779 4.574305984290434
176.78391675918039 5.5032049499020985
174.72277280858174 5.742024834066044
172.6616288579831 5.273206648119875
170.60048490738444 6.898491040164322
168.5393409567858 6.6904621686857535
166.47819700618717 7.297139638580791
164.41705305558853 7.577865730334197
162.35590910498988 4.783580682797774
160.29476515439123 6.661837334165294
158.2336212037926 8.23103538027127
156.17247725319396 2.71585948264605
154.11133330259534 5.674425781992221
152.05018935199666 6.077984291143163
149.98904540139804 4.45762824331129
147.9279014507994 4.6815215784222906
145.86675750020078 5.07847830172031
143.8056135496021 4.068541693712284
141.74446959900348 5.845127850923283
139.68332564840483 4.380592860854897
137.6221816978062 6.285759619785529
135.56103774720756 5.178405217100727
133.49989379660892 4.311961791749437
131.43874984601027 6.532059742185335
129.37760589541162 4.378137874826253
127.316461944813 5.352039376451325
125.25531799421435 5.65239430716592
123.19417404361572 8.053938592299762
121.13303009301707 7.04035124439446
119.07188614241844 7.0574608509795125
117.01074219181979 6.33202618655005
114.94959824122115 9.602052537722388
112.88845429062252 8.24457738938036
110.82731034002386 8.438988262671632
108.76616638942522 10.93330869090651
106.70502243882657 12.416782297606433
104.64387848822794 16.901496460716743
102.58273453762929 17.894742920727086
100.52159058703066 18.87208088159848
98.46044663643202 24.428275238310192
96.39930268583339 26.07526963091356
94.33815873523474 28.68482898827153
92.27701478463611 30.408225766732492
90.21587083403747 33.45944289024283
88.15472688343883 33.68079290761031
86.09358293284019 39.36447799632028
84.03243898224154 39.05518182195079
81.97129503164291 40.81254448449965
79.91015108104426 40.80158000436543
77.84900713044563 43.178946300290676
75.787863179847 39.41505959456752
73.72671922924835 39.52841951752789
71.66557527864971 37.74601201330201
69.60443132805105 39.22833008310289
67.54328737745242 42.30648685822946
65.48214342685378 43.360724506529024
63.42099947625514 45.507459606894365
61.35985552565649 48.481195228065346
59.29871157505785 51.931477309987415
57.23756762445922 56.66514806982038
55.176423673860576 56.6619732273186
53.115279723261935 61.01835973650715
51.054135772663294 62.19146344045697
48.992991822064646 58.487473492111604
46.93184787146601 58.09602312570811
44.87070392086737 60.909359160896855
42.80955997026872 63.38528810850937
40.74841601967008 63.33962066689643
38.68727206907144 67.7008803039405
36.6261281184728 64.97299703408372
34.56498416787416 66.42046498339528
32.50384021727552 69.02693552518078
30.442696266676883 69.27985992760495
28.38155231607824 69.48148168618334
26.320408365479597 72.28619278806238
24.259264414880956 71.53623089203161
22.19812046428232 70.8007681827733
20.136976513683678 71.70506375709668
18.075832563085033 72.66546792739307
16.014688612486395 78.41007749063729
13.953544661887754 82.2178993509009
11.892400711289115 84.65200408488003
9.831256760690472 80.79180977986549
7.770112810091831 80.10301019572451
5.708968859493192 76.10997519988788
3.6478249088945502 75.09627515903878
1.5866809582959096 64.3293096152821
-0.4744629923027311 55.32369802358694
-2.535606942901372 41.81028243178796
-4.596750893500013 28.708473297644236
-6.657894844098654 20.2184075341333
-8.719038794697296 17.560275240617827
-10.780182745295935 15.28397589593978
-12.841326695894576 15.352798878299813
-14.902470646493217 17.828154301698113
-16.96361459709186 18.25710504366222
-19.024758547690496 17.882594085897573
-21.08590249828914 20.51328947553587
-23.14704644888778 22.405428731435872
-25.20819039948642 23.734997869237496
-27.26933435008506 23.630208233288382
-29.3304783006837 21.693074502953834
-31.391622251282342 23.514835697243143
-33.45276620188098 23.82578462073885
-35.513910152479625 24.5694427008552
-37.575054103078266 25.803597140966048
-39.63619805367691 23.5036473642106
-41.69734200427555 22.691497237055426
-43.75848595487419 23.81868783467596
-45.81962990547283 25.300372364122172
-47.88077385607147 22.385005711435088
-49.941917806670105 22.315390743179798
-52.00306175726874 22.109686860328317
-54.06420570786738 20.180226264717202
-56.12534965846603 19.189390832818784
-58.18649360906467 17.604078421111737
-60.24763755966331 14.499867272725549
-62.30878151026195 11.766489087415044
-64.3699254608606 9.170222698265713
-66.43106941145923 9.876117137758964
-68.49221336205787 6.301203519062378
-70.55335731265652 6.067280034974327
-72.61450126325515 1.890497345344293
-74.67564521385378 2.737937898271853
-76.73678916445243 2.036966720479659
-78.79793311505107 2.5429841655289382
-80.85907706564971 4.3397733240198395
-82.92022101624835 1.9071072048964022
-84.98136496684701 0.40961088085220965
-87.04250891744564 0.8075603115682386
-89.10365286804428 1.4652418090363193
-91.16479681864293 -0.0001950583817217722
-93.22594076924156 2.857772211979936
-95.28708471984021 1.8486050246357542
-97.34822867043884 0.477270971397402
-99.40937262103749 -1.7025559603439688
-101.47051657163614 1.807875581012874
-103.53166052223477 -1.9204240327761168
-105.59280447283342 -2.0141096244016152
-107.65394842343206 1.22386025435679
-109.71509237403069 -1.6966224261130214
-111.77623632462934 0.08001532294704282
-113.83738027522797 0.41590647187059515
-115.89852422582662 0.7323246011675146
-117.95966817642525 2.237933903718916
-120.0208121270239 -0.9793703295009256
-122.08195607762255 -1.5048235290897867
-124.14310002822118 -1.0572452141400643
-126.20424397881983 -1.8133817235089453
-128.26538792941847 -1.7835085341967016
-130.32653188001711 -1.0313349703008179
-132.38767583061573 -1.5829161435341317
-134.44881978121438 0.2803717869975721
-136.509963731813 0.9192146761079542
-138.57110768241168 -2.229162582248362
-140.63225163301033 -1.6623813735204784
-142.69339558360895 -1.2044119119307122
-144.7545395342076 0.5647672432440616
-146.81568348480624 1.4650619757264358
-148.8768274354049 -1.066450072835482
-150.9379713860035 -1.3550851774378165
-152.99911533660216 -1.8721179554419591
-155.06025928720078 -1.319116717754406
-157.12140323779946 1.4102235453952525
-159.18254718839808 -1.952396658670023
-161.24369113899672 -2.2422583534451817
-163.30483508959534 -0.6063373152053744
-165.365979040194 -0.2730921211495902
-167.42712299079264 -1.2269903919298877
-169.4882669413913 0.7147453156230941
-171.5494108919899 -1.548241945135395
-173.61055484258856 2.9784976713885456
-175.6716987931872 -1.116384851582625
-177.73284274378585 -0.39124616044693045
-179.7939866943845 -0.47695440593047383
-181.85513064498312 -0.8731411463995679
-183.91627459558177 -1.5127485243449021
-185.97741854618042 -1.2717519517978189
-188.03856249677906 -1.5607898060911103
-190.09970644737768 -0.03212816542603023
-192.16085039797633 1.3976501993281816
-194.22199434857495 -1.4152152051699771
-196.28313829917363 -0.26598851287824155
-198.34428224977225 1.2642823922931539
-200.4054262003709 -0.4091221408829701
-202.46657015096952 -0.36972755720777034
-204.52771410156817 -1.5179365813106922
-206.5888580521668 -0.14051436338711074
-208.65000200276546 0.16535983617787695
-210.71114595336408 0.7133982617816091
-212.77228990396273 -0.3905037264733802
-214.83343385456138 -1.649406844740019
-216.89457780516003 -1.4467825513236583
-218.95572175575867 -0.8640962860293432
-221.0168657063573 0.768933924426688
-223.07800965695594 -0.6273589793117007
-225.1391536075546 -1.1818678545790293
-227.20029755815324 0.47775859022862965
-229.26144150875186 1.7899959584559844
-231.3225854593505 1.1007400291255962
-233.38372940994913 -1.4930525369757783
-235.4448733605478 -0.2273251420424347
-237.50601731114642 -2.700275803709245
-239.56716126174507 -2.0468832569494246
-241.6283052123437 1.730368832563999
-243.68944916294237 1.8136462165846643
-245.750593113541 -0.2916444827740131
-247.81173706413963 2.6133068954734875
-249.87288101473825 0.5471360368619497
-251.9340249653369 2.206086653779957
-253.99516891593555 3.462315091851662
-256.0563128665342 1.9447360575865125
