# BEGINHEADER
# This file contains data from the SALSA 2m radio telescope.
# DATE=2021-11-29T15:38:0033
# GLON and GLAT given in degrees
# GLON=25.915555824836012
# GLAT=12.25822232427402
# DATA in two columns below. Col. 1 is velocity relative to LSR [km/s]. Col. 2 is uncalibrated antenna temperature [K].
# ENDHEADER
272.2087951616162 3.123720318775447
270.14765121101755 6.493302796140448
268.0865072604189 6.827983603608265
266.02536330982025 9.080549985776385
263.96421935922166 7.985905966256804
261.90307540862295 8.382040186106666
259.84193145802436 11.235440950561602
257.7807875074257 9.403872891892235
255.71964355682707 10.3345556918632
253.65849960622845 11.13213175882164
251.59735565562977 7.52604396537236
249.53621170503115 7.730533033552178
247.4750677544325 12.780269542537052
245.41392380383388 9.735563997795131
243.35277985323523 8.52745823596536
241.29163590263659 8.760297974356625
239.23049195203794 10.355332122803585
237.16934800143932 11.170550052399236
235.10820405084067 10.70536281509252
233.047060100242 9.789969300715363
230.98591614964337 9.26120601237254
228.92477219904472 11.98050486783645
226.8636282484461 11.922881189795081
224.80248429784746 9.059966812301942
222.7413403472488 10.661639945767062
220.68019639665016 11.496981581282519
218.61905244605154 9.77462303067396
216.5579084954529 11.010390453636715
214.49676454485427 12.997654362160295
212.4356205942556 11.756526682084617
210.37447664365698 10.51625957887553
208.31333269305833 11.141687873720578
206.2521887424597 12.191546203854804
204.19104479186103 10.39553181259524
202.1299008412624 12.385063218492427
200.06875689066376 8.206160795513023
198.0076129400651 7.634274357579626
195.94646898946647 10.42817683910631
193.88532503886782 10.551834500043963
191.82418108826917 10.937572063076116
189.76303713767052 10.711965029555472
187.7018931870719 11.656278714134663
185.64074923647325 10.995637940584293
183.57960528587464 12.627834086311239
181.51846133527596 9.161137046058851
179.45731738467734 8.36626334512696
177.3961734340787 10.515864395365456
175.33502948348007 9.83204443787807
173.27388553288142 9.362676896035222
171.21274158228277 9.273152746238791
169.15159763168413 9.508464992946445
167.0904536810855 10.76306075943116
165.02930973048686 10.88979399117999
162.9681657798882 9.997497886091878
160.90702182928956 11.576882604661751
158.8458778786909 11.266100269462937
156.7847339280923 10.466830760645236
154.72358997749365 10.785291441926107
152.662446026895 10.555667192516148
150.60130207629635 9.919031516303038
148.54015812569773 11.01034910485458
146.47901417509908 8.881295117720972
144.41787022450046 10.326513401725968
142.35672627390178 10.259175486047047
140.29558232330317 11.74237883866547
138.23443837270452 7.495764852559762
136.1732944221059 8.061037255555508
134.11215047150722 8.104054244615691
132.0510065209086 10.167151787739837
129.98986257030995 8.274966919528868
127.92871861971132 9.391973473698732
125.86757466911267 9.636333226387782
123.80643071851404 11.207855136393066
121.74528676791539 9.828824974583766
119.68414281731675 9.761052225306498
117.62299886671812 13.60503658669317
115.56185491611947 8.505014101600825
113.50071096552084 9.007621520392279
111.43956701492219 9.759241314698471
109.37842306432356 9.49745548253542
107.31727911372491 11.044992441549182
105.25613516312627 11.108535948749264
103.19499121252764 10.541526183326813
101.13384726192898 11.279692037660041
99.07270331133034 10.442899326006398
97.01155936073171 11.453910289614381
94.95041541013308 11.23355419412319
92.88927145953443 11.566210078245424
90.8281275089358 11.566782465573787
88.76698355833715 8.918247080697084
86.70583960773851 11.01865137695105
84.64469565713988 10.051751463502292
82.58355170654123 8.271118610993328
80.5224077559426 10.252025944236298
78.46126380534395 10.13814359007761
76.40011985474531 9.701891945892143
74.33897590414666 11.512518187136541
72.27783195354803 10.131464514695798
70.2166880029494 9.087283780023965
68.15554405235075 9.829600205329532
66.09440010175211 11.310924108249711
64.03325615115347 10.24086647088619
61.972112200554825 11.094302042549254
59.910968249956184 10.572513042504655
57.84982429935754 9.847076576593572
55.7886803487589 8.962742251849596
53.72753639816026 10.10251114078919
51.66639244756161 12.51289069740607
49.60524849696298 12.685426757649997
47.54410454636433 12.474875498390888
45.48296059576569 11.224630571698656
43.42181664516705 11.87885025707124
41.36067269456841 13.103542181818469
39.29952874396977 12.9229894230715
37.23838479337113 13.340246713345412
35.17724084277249 13.504406571378796
33.11609689217384 16.19068204670721
31.054952941575205 18.347226196875248
28.993808990976568 20.364262949387005
26.932665040377923 21.98949667020469
24.871521089779282 25.201610309790805
22.810377139180645 29.58908843453954
20.749233188582007 31.52653315613587
18.688089237983366 34.07557748987555
16.62694528738472 35.18426180311381
14.565801336786082 34.657443955620856
12.504657386187441 39.90087884473936
10.443513435588798 46.403694324483205
8.382369484990159 50.436581081599
6.321225534391518 63.07803221019009
4.260081583792877 73.9442808204015
2.198937633194237 73.73442167275093
0.1377936825955957 66.24660914183191
-1.923350268003045 48.83884399844718
-3.9844942186016863 31.412326271907848
-6.045638169200327 18.886696039491497
-8.106782119798968 15.932617252627072
-10.167926070397609 13.368166440273491
-12.229070020996248 13.856170644182574
-14.29021397159489 11.084494907940728
-16.35135792219353 10.872919331228909
-18.41250187279217 11.491172470770081
-20.47364582339081 8.153682004952472
-22.534789773989452 9.525166611323934
-24.595933724588093 9.444527585350308
-26.657077675186734 10.771964790978595
-28.718221625785375 9.655997255493208
-30.77936557638402 9.649598159408333
-32.84050952698266 9.862596230989134
-34.9016534775813 9.497556871071554
-36.96279742817994 9.732434720251703
-39.02394137877858 10.956476093704723
-41.08508532937722 8.058244158996075
-43.146229279975856 7.527609096938146
-45.207373230574504 9.145365815499101
-47.268517181173145 6.568622327611079
-49.329661131771786 5.842565900386655
-51.39080508237042 7.583135858610422
-53.45194903296906 7.051199559605495
-55.5130929835677 7.713040734799959
-57.57423693416634 6.715171143255557
-59.635380884764984 4.739760375538278
-61.69652483536362 6.076655145957576
-63.75766878596226 6.463063625653924
-65.81881273656091 6.749186407944302
-67.87995668715955 6.732890604106859
-69.94110063775818 5.705354679505714
-72.00224458835683 5.171742963035633
-74.06338853895546 5.968169819558994
-76.12453248955411 4.844918379354845
-78.18567644015275 7.950648480478484
-80.2468203907514 7.7463346065533925
-82.30796434135003 3.916090237915125
-84.36910829194866 5.475129306781169
-86.43025224254731 6.788814845489116
-88.49139619314595 6.744030499470037
-90.5525401437446 5.073614303028849
-92.61368409434323 5.222218586891325
-94.67482804494188 7.108548952776034
-96.73597199554052 5.702376829616837
-98.79711594613916 6.820440391684841
-100.85825989673782 5.991589606892114
-102.91940384733645 4.828273401905036
-104.98054779793509 6.51415569243936
-107.04169174853374 4.1192060044644885
-109.10283569913237 3.9418031596301657
-111.16397964973102 6.510128244534379
-113.22512360032965 3.86638731374398
-115.2862675509283 4.454840684901061
-117.34741150152693 4.31352799144342
-119.40855545212557 4.578095504461536
-121.46969940272422 4.045808649033097
-123.53084335332285 4.73059528472119
-125.5919873039215 1.5898080047344623
-127.65313125452013 5.817517049574322
-129.71427520511878 5.157659702652044
-131.77541915571743 3.0294969787950015
-133.83656310631605 4.277995079288889
-135.8977070569147 4.523233500285584
-137.95885100751335 5.861765699729663
-140.019994958112 2.541515485253849
-142.0811389087106 1.9896048480073345
-144.14228285930926 2.910078522023231
-146.20342680990788 4.039107784556469
-148.26457076050656 2.9448585886252276
-150.3257147111052 5.4288213477369895
-152.38685866170383 4.0465785259646285
-154.44800261230247 2.488735960116367
-156.50914656290112 1.9371693264436929
-158.57029051349977 4.452610206482252
-160.6314344640984 4.717431631550989
-162.69257841469704 3.8089362904241235
-164.75372236529566 5.141179975333397
-166.81486631589434 4.468825701251725
-168.87601026649295 2.912872449976101
-170.9371542170916 5.522482831974455
-172.99829816769022 3.3479875600578444
-175.05944211828887 3.16791158318778
-177.12058606888752 2.18672136130263
-179.18173001948617 3.5034392950490134
-181.2428739700848 2.315577583337677
-183.30401792068344 3.0234082870589174
-185.36516187128206 3.9402680611125493
-187.42630582188073 2.2275931304348977
-189.48744977247938 3.919452063306544
-191.548593723078 3.972888365574192
-193.60973767367665 4.3511424060296235
-195.6708816242753 5.015757838079671
-197.73202557487394 3.383992075149004
-199.79316952547254 3.6722565258225908
-201.85431347607118 1.677467982496222
-203.91545742666983 3.5641860856782963
-205.97660137726848 4.519318090534373
-208.0377453278671 3.184248270170145
-210.09888927846575 2.4744760155399215
-212.16003322906437 0.3868367141983955
-214.22117717966304 6.0781713345941695
-216.28232113026166 5.816895865539238
-218.3434650808603 3.9084837440880276
-220.40460903145893 3.4928819052266764
-222.4657529820576 4.3334496292575295
-224.52689693265623 3.6812172261773086
-226.58804088325488 5.141933079191462
-228.6491848338535 4.944320030190345
-230.71032878445214 4.564126460343493
-232.77147273505082 2.6151360017895477
-234.83261668564944 6.546355877763541
-236.8937606362481 5.850584910178842
-238.9549045868467 3.6470186437380194
-241.01604853744536 5.604998763611918
-243.077192488044 5.514687946306832
-245.13833643864265 6.575869280516879
-247.19948038924127 4.508090371565221
-249.26062433983992 7.590150079817891
-251.32176829043857 6.107773713059995
-253.38291224103722 9.596646748842689
