# BEGINHEADER
# This file contains data from the SALSA 2m radio telescope.
# DATE=2021-11-29T15:37:0003
# GLON and GLAT given in degrees
# GLON=19.912869191411286
# GLAT=12.216257358822645
# DATA in two columns below. Col. 1 is velocity relative to LSR [km/s]. Col. 2 is uncalibrated antenna temperature [K].
# ENDHEADER
272.17816372924244 2.319652205647771
270.11701977864385 6.539450442772264
268.0558758280452 6.1827143207224085
265.9947318774466 5.574904828257711
263.9335879268479 6.485495043997891
261.8724439762493 7.246416668003823
259.81130002565067 7.141267996922785
257.750156075052 6.911580666129117
255.68901212445337 7.098817888345417
253.62786817385472 8.424824483235355
251.56672422325607 6.0390358554188674
249.50558027265745 7.19894025707802
247.44443632205878 8.41229511753953
245.38329237146016 8.498952923600632
243.3221484208615 6.515833604924792
241.2610044702629 9.832828748909535
239.19986051966424 10.521917115400385
237.1387165690656 7.984450600750824
235.07757261846695 8.699143840429045
233.01642866786833 9.267517497434225
230.95528471726968 8.77355746894079
228.89414076667103 9.253843748963016
226.83299681607238 9.042425821078606
224.77185286547376 6.163010130574502
222.7107089148751 6.302098206513269
220.6495649642765 6.948527421621135
218.58842101367782 8.313093819716885
216.5272770630792 7.384548332447001
214.46613311248055 7.895152844425732
212.4049891618819 9.659622230895465
210.34384521128328 8.8920986163047
208.2827012606846 9.486813490882632
206.22155731008598 7.625445836457357
204.16041335948734 8.802574715226873
202.09926940888872 8.86194839960962
200.03812545829007 6.177965016869389
197.97698150769142 8.383867976416893
195.91583755709277 7.784402507576121
193.85469360649415 8.937515098406005
191.7935496558955 7.6273426583951744
189.73240570529686 6.677349972203938
187.6712617546982 6.7537778595919065
185.6101178040996 8.186929100471657
183.54897385350094 10.702414757190954
181.48782990290232 9.991288971357214
179.42668595230364 10.721324346300095
177.36554200170502 8.483926952117882
175.30439805110638 6.913929967988385
173.24325410050773 7.529379565050454
171.1821101499091 7.379589306212711
169.12096619931043 8.061283956478333
167.0598222487118 7.4526300896693005
164.99867829811316 9.512774784965073
162.93753434751454 10.04573596237563
160.87639039691587 8.094280553867616
158.81524644631725 10.169175755156196
156.7541024957186 8.534624185388552
154.69295854511998 7.151568398039339
152.63181459452133 8.33889616142831
150.57067064392268 8.14496938036034
148.50952669332403 8.111506386166926
146.4483827427254 7.421905585088589
144.38723879212677 11.006805183112462
142.32609484152815 5.5713801689513325
140.26495089092947 7.324671638768318
138.20380694033085 5.872275204927813
136.1426629897322 7.237997506870138
134.08151903913355 9.233279377689556
132.0203750885349 9.830148756786095
129.95923113793629 10.872179326276857
127.89808718733764 7.705755403101789
125.836943236739 7.68861592360302
123.77579928614036 7.315443524862513
121.71465533554172 8.471771939040604
119.65351138494307 9.314314869947795
117.59236743434442 6.946505821093911
115.53122348374579 9.669960037707801
113.47007953314714 8.893183380818925
111.40893558254851 11.07089160007225
109.34779163194986 9.849753739775382
107.28664768135123 8.971429005915306
105.22550373075258 10.21092931379688
103.16435978015394 8.036000599816228
101.10321582955531 8.468424987908389
99.04207187895666 10.40092411306083
96.98092792835803 7.291665573204817
94.91978397775938 9.81585868310123
92.85864002716075 7.821809714268621
90.7974960765621 10.080334921781814
88.73635212596346 7.484496429418768
86.67520817536483 8.305892515628162
84.61406422476618 8.55512779876333
82.55292027416755 5.33389743280339
80.4917763235689 8.101528084698572
78.43063237297025 8.05348747904519
76.3694884223716 8.002752613794714
74.30834447177297 5.900155168250322
72.24720052117434 6.367315359730624
70.18605657057569 8.310327386788193
68.12491261997705 6.280769156828286
66.0637686693784 9.386478134504188
64.00262471877977 9.984285534813925
61.94148076818113 10.635967846616808
59.88033681758249 7.336530992303421
57.81919286698385 8.034908169032432
55.758048916385206 7.638650914790635
53.69690496578657 7.973343903697064
51.63576101518793 7.760973709808285
49.57461706458928 8.31396801723931
47.513473113990635 8.180910036131102
45.452329163391994 10.031927766175984
43.39118521279336 6.674469244521524
41.33004126219472 8.560770769487139
39.26889731159608 12.88993113810189
37.20775336099744 12.766369738883796
35.146609410398796 12.494120071482024
33.085465459800155 10.715834952022172
31.024321509201513 15.760492270788212
28.963177558602872 15.934986181770258
26.902033608004235 20.459393042186942
24.84088965740559 23.49042928942156
22.77974570680695 26.261108343940116
20.718601756208308 29.283691170598363
18.65745780560967 29.28017476114774
16.596313855011026 30.306601964684223
14.535169904412387 27.643488703209393
12.474025953813745 30.00728040485979
10.412882003215108 37.42015530076845
8.351738052616465 44.20612735254562
6.290594102017826 61.04554305201323
4.229450151419184 69.04027403988755
2.168306200820543 72.15103317252799
0.10716225022190219 62.389470773306904
-1.9539817003767388 44.309218454144236
-4.01512565097538 30.02590024693322
-6.076269601574021 19.386570462291356
-8.13741355217266 15.552477974709749
-10.198557502771301 12.454833529966798
-12.259701453369942 12.021337187305638
-14.320845403968585 11.625863337616625
-16.381989354567224 10.111154795106478
-18.443133305165865 5.884337360934324
-20.504277255764507 9.969513091004806
-22.565421206363148 6.578557536191309
-24.62656515696179 8.43042128170647
-26.68770910756043 7.544528367483771
-28.748853058159067 6.000866301063557
-30.80999700875771 7.420134501431672
-32.87114095935635 7.38854496074841
-34.932284909954994 6.4508965570390036
-36.993428860553635 5.96451786462983
-39.05457281115227 5.97025965152645
-41.11571676175091 3.9605810553932477
-43.17686071234955 3.778816460551996
-45.23800466294819 7.420981152165636
-47.29914861354684 3.0167105900024582
-49.36029256414548 4.784129755787573
-51.421436514744116 3.202686025003198
-53.48258046534276 6.673833663336755
-55.54372441594139 3.9719368470549883
-57.60486836654003 5.627663061064997
-59.66601231713867 7.480692460090518
-61.727156267737314 3.7128830295724127
-63.788300218335955 3.485767102564553
-65.8494441689346 2.762609041548968
-67.91058811953323 3.7701822540545336
-69.97173207013188 5.050972820419119
-72.03287602073051 2.375062528338754
-74.09401997132916 4.896569820028943
-76.15516392192781 6.40253847014673
-78.21630787252644 4.160233980525962
-80.27745182312509 4.2691864638567205
-82.33859577372372 2.823456955544033
-84.39973972432237 2.6112021651079806
-86.460883674921 4.384216415455726
-88.52202762551966 4.4438780609081
-90.58317157611829 3.0417297579959786
-92.64431552671692 2.0874383651844304
-94.70545947731557 3.0079873679684574
-96.7666034279142 3.073886199298734
-98.82774737851285 3.747792280264563
-100.88889132911149 2.154693372061263
-102.95003527971014 4.43597253819136
-105.01117923030877 4.84784492511418
-107.0723231809074 1.8189048916197275
-109.13346713150605 2.2587326096014206
-111.19461108210469 3.564039113426364
-113.25575503270333 1.8740377888478446
-115.31689898330198 3.434752191397641
-117.37804293390063 1.4256487334201815
-119.43918688449926 2.6818063566538592
-121.5003308350979 2.903145643293596
-123.56147478569655 2.615053697693578
-125.62261873629518 4.1334715914325875
-127.68376268689383 3.5274969542143157
-129.74490663749245 1.6899180561888658
-131.8060505880911 0.5351840552093866
-133.86719453868974 3.655005908754765
-135.9283384892884 1.6689819874758207
-137.989482439887 1.6943322090381776
-140.0506263904857 2.6230930183489884
-142.1117703410843 3.169284551062734
-144.17291429168296 2.712726079837775
-146.23405824228158 1.4166427684294172
-148.29520219288023 1.6857687221826867
-150.35634614347887 2.6547291645815396
-152.41749009407752 1.961392114690773
-154.47863404467614 1.1479737974450863
-156.5397779952748 0.22508341257373332
-158.60092194587344 0.24123208196090667
-160.6620658964721 1.498028111057685
-162.7232098470707 2.6112241841211334
-164.78435379766935 2.459872052914524
-166.84549774826797 2.876400173315677
-168.90664169886665 -0.14600833376174346
-170.96778564946527 0.756864935285487
-173.02892960006392 1.890562907921869
-175.09007355066257 0.6951475991577566
-177.1512175012612 1.9998685622862102
-179.21236145185986 0.23830323926963845
-181.27350540245848 0.9697056264547944
-183.33464935305713 1.6944932852553747
-185.39579330365575 0.4098539394220114
-187.4569372542544 0.2415426533343493
-189.51808120485305 1.418870919046594
-191.5792251554517 1.5783984897823167
-193.64036910605031 1.9621953221285373
-195.70151305664896 2.0095196419410923
-197.7626570072476 2.533471690157291
-199.82380095784626 1.5548518544588814
-201.88494490844488 1.73995167848533
-203.94608885904353 1.538914304378661
-206.00723280964215 -0.9763279400239384
-208.06837676024082 2.5728540180992354
-210.12952071083944 1.3950299190826645
-212.1906646614381 1.1695435288256812
-214.25180861203674 -0.5332266473925404
-216.31295256263536 1.688204372195697
-218.37409651323404 2.5674781657430543
-220.43524046383266 1.4124690963928341
-222.4963844144313 1.7576640172285203
-224.55752836502992 1.5285420966198078
-226.6186723156286 3.5550952073511835
-228.67981626622722 2.7967535763100226
-230.74096021682587 3.208886096466423
-232.8021041674245 1.1801020359674113
-234.86324811802314 1.2917756208521132
-236.92439206862178 1.5205018866608775
-238.98553601922043 2.9197945202460964
-241.04667996981905 -0.43965171000243713
-243.1078239204177 2.1322621756230355
-245.16896787101632 1.6498051640331128
-247.230111821615 3.104303749318387
-249.29125577221365 4.8462341923315275
-251.35239972281227 3.78164133780403
-253.4135436734109 6.429681863076549
