# BEGINHEADER
# This file contains data from the SALSA 2m radio telescope.
# DATE=2021-11-25T17:31:0034
# GLON and GLAT given in degrees
# GLON=117.8123266755984
# GLAT=-6.100077580208396
# DATA in two columns below. Col. 1 is velocity relative to LSR [km/s]. Col. 2 is uncalibrated antenna temperature [K].
# ENDHEADER
262.84269663120017 2.2167690279506416
260.7815526806015 4.649299363356501
258.7204087300029 4.135509472176426
256.6592647794042 3.4292202977287163
254.59812082880558 4.959401407592509
252.53697687820696 6.651897084036693
250.47583292760828 5.4088302829791655
248.41468897700966 5.710321409751
246.353545026411 7.824004276654721
244.2924010758124 6.737531816295016
242.23125712521374 5.383387926008267
240.1701131746151 5.8276156177919685
238.10896922401645 8.456253661771017
236.04782527341783 9.181621774617616
233.98668132281918 7.743642384771392
231.92553737222053 9.537447377008567
229.86439342162188 7.649705745002016
227.80324947102324 8.650721607788805
225.74210552042462 9.166199983468442
223.68096156982597 8.955587672484576
221.61981761922735 8.52174736728772
219.55867366862867 6.653449195178787
217.49752971803005 5.983695746433807
215.4363857674314 7.802423097043366
213.37524181683278 7.161532648805682
211.3140978662341 7.491201241967433
209.2529539156355 9.45427237016049
207.19180996503684 9.699220311542932
205.13066601443822 8.459618525981673
203.06952206383957 7.933534998102456
201.00837811324092 9.042794001959223
198.94723416264227 9.378351950588362
196.88609021204365 7.962996204972492
194.824946261445 8.005494043770968
192.76380231084636 9.636560264905972
190.7026583602477 8.18663579706986
188.64151440964906 8.245471043455662
186.58037045905044 8.914057402332045
184.5192265084518 9.209740139649846
182.45808255785315 9.066576369338515
180.3969386072545 8.449900397935034
178.33579465665588 9.23392434577004
176.27465070605723 9.1809442318031
174.2135067554586 7.58878277001851
172.15236280485993 8.640448217041914
170.0912188542613 8.291471482556547
168.03007490366267 9.657548675284456
165.96893095306405 8.913828023790524
163.9077870024654 9.840998335577149
161.84664305186675 8.132879909340634
159.7854991012681 8.133908323452825
157.72435515066945 10.86588664934515
155.66321120007083 8.234307931932085
153.60206724947216 8.279421688592658
151.54092329887354 7.143131043895538
149.4797793482749 8.31966433790805
147.41863539767627 8.641013765611255
145.35749144707762 9.72782845377265
143.29634749647897 8.373817089150647
141.23520354588032 7.653785317422295
139.1740595952817 9.85717904708265
137.11291564468306 7.656113454908323
135.05177169408444 8.955900721248002
132.99062774348576 8.861794129408223
130.92948379288714 9.275140971386868
128.8683398422885 8.82802046683723
126.80719589168984 7.591344693359549
124.74605194109121 7.873731038126523
122.68490799049258 8.304518263564432
120.62376403989393 8.969757429584256
118.5626200892953 9.148572163725055
116.50147613869665 8.26386048432619
114.44033218809801 6.572775495926102
112.37918823749936 8.126126299068233
110.31804428690073 8.590835365585194
108.2569003363021 7.647392484617409
106.19575638570345 8.288509239179605
104.13461243510481 7.7297553064330184
102.07346848450617 9.283139472205937
100.01232453390753 5.973606250943249
97.95118058330888 9.37811706140864
95.89003663271025 10.411968150499364
93.8288926821116 7.992423648992004
91.76774873151297 9.259245959847577
89.70660478091433 8.518129956880545
87.64546083031568 7.458554608972969
85.58431687971705 7.269715417221223
83.5231729291184 8.139857077159345
81.46202897851977 7.756644088194776
79.40088502792112 6.619144647523587
77.33974107732249 7.914274496155689
75.27859712672385 7.557207119458081
73.2174531761252 9.43456055331172
71.15630922552657 8.291955959800594
69.09516527492792 7.214941733558972
67.03402132432929 7.610624707408201
64.97287737373064 7.0641581875692365
62.911733423132 7.562374123641817
60.85058947253336 5.86330369491115
58.78944552193472 8.376795956657666
56.728301571336075 6.966527405393257
54.66715762073744 7.8135117847040165
52.6060136701388 7.796955661813883
50.54486971954015 8.945774049759134
48.48372576894151 6.7880163302750125
46.42258181834287 7.26660297204466
44.36143786774423 6.980561081387182
42.300293917145595 6.626556837906371
40.239149966546954 5.3539623440117445
38.17800601594831 7.908122428882803
36.11686206534967 7.392766355188031
34.05571811475103 7.7719874288188535
31.99457416415239 8.111534814587698
29.93343021355375 7.487168798451063
27.872286262955107 9.221466959399566
25.811142312356463 7.026893744354454
23.749998361757825 7.238021267019895
21.688854411159184 8.64696392115146
19.627710460560543 9.568284061752438
17.566566509961905 10.611539451272186
15.505422559363263 10.766956823068798
13.44427860876462 12.505301950449152
11.38313465816598 15.144238328053026
9.32199070756734 16.362659731901385
7.260846756968698 20.865175128835556
5.199702806370058 24.64490589189381
3.1385588557714175 36.13717989283694
1.0774149051727762 54.559110912504714
-0.9837290454258646 66.00702802134055
-3.0448729960245053 72.68717470566021
-5.1060169466231455 71.46386596059497
-7.167160897221787 67.54111742622733
-9.228304847820427 61.87152833535487
-11.289448798419068 57.15720420255584
-13.350592749017709 51.715294428392
-15.41173669961635 44.47203522629258
-17.47288065021499 40.27596329484286
-19.53402460081363 35.186441547996225
-21.59516855141227 33.23642518886347
-23.656312502010913 30.53533866929119
-25.717456452609554 28.367867668939876
-27.778600403208195 29.01066452909056
-29.839744353806836 27.532291831822494
-31.900888304405477 29.431207504594266
-33.96203225500412 30.0289879389057
-36.02317620560276 34.887651708662865
-38.0843201562014 39.32380277542097
-40.14546410680004 42.760913833267225
-42.206608057398675 47.523175783464374
-44.267752007997316 47.0007328856873
-46.328895958595965 43.649198087297236
-48.390039909194606 43.008166828951744
-50.45118385979325 39.971630610179275
-52.51232781039189 35.45466528545226
-54.57347176099052 33.94353899539221
-56.63461571158916 30.50673862210198
-58.695759662187804 28.694795432681623
-60.756903612786445 25.80513220078731
-62.818047563385086 23.408908563861697
-64.87919151398373 22.35020423451952
-66.94033546458238 20.50029335601444
-69.00147941518101 17.524816422736993
-71.06262336577966 14.92868771147315
-73.12376731637829 13.9488164741246
-75.18491126697693 11.306700689243947
-77.24605521757557 10.191937139168175
-79.30719916817421 9.656790763137675
-81.36834311877286 7.894170016847613
-83.42948706937149 7.133567268591535
-85.49063101997014 7.4607197824090665
-87.55177497056877 7.429401155825153
-89.6129189211674 7.764862504666861
-91.67406287176605 6.3489385964413545
-93.73520682236469 6.287822432602914
-95.79635077296335 7.111864285991572
-97.85749472356198 7.333003754606847
-99.91863867416063 7.360861501626439
-101.97978262475928 6.702307335252418
-104.04092657535791 7.766566159441011
-106.10207052595656 7.732170791300648
-108.1632144765552 4.827666886140727
-110.22435842715383 5.8660960237422355
-112.28550237775248 5.3558899304945
-114.34664632835111 4.521714293561502
-116.40779027894976 5.022371682910392
-118.4689342295484 5.089474344702319
-120.53007818014704 3.3086333201136298
-122.59122213074568 3.6353859051300725
-124.65236608134431 4.787154499247614
-126.71351003194296 3.973995309990104
-128.7746539825416 2.3691420816252267
-130.83579793314024 2.5091258887971164
-132.8969418837389 1.7173202375008945
-134.9580858343375 2.83470506334733
-137.0192297849362 1.1240582617623835
-139.0803737355348 3.024157045769673
-141.14151768613345 3.200017613895179
-143.20266163673207 3.4884524174576637
-145.26380558733072 2.9675615254244385
-147.32494953792937 3.517270370165061
-149.38609348852802 1.91717463962682
-151.44723743912664 1.8884802106836884
-153.5083813897253 2.017818436892126
-155.56952534032393 0.6972142899907425
-157.63066929092258 3.362121234475383
-159.69181324152123 0.05230339990226579
-161.75295719211985 2.343725966902887
-163.8141011427185 3.9832250221339924
-165.87524509331712 1.5461687250358518
-167.9363890439158 3.4337476399450133
-169.99753299451442 2.1285882296100667
-172.05867694511306 0.9518709291461149
-174.11982089571168 2.7467407784478324
-176.18096484631036 1.46067139267053
-178.24210879690898 2.2622851814505816
-180.30325274750763 1.5768871255858032
-182.36439669810625 1.3907277938729092
-184.4255406487049 2.293432145137203
-186.48668459930354 1.1724093956731814
-188.5478285499022 1.2913735202108954
-190.6089725005008 1.554315299542341
-192.67011645109946 0.02391194274483814
-194.7312604016981 0.3558109848485457
-196.79240435229676 0.31030494183586416
-198.8535483028954 1.2155787071656334
-200.91469225349402 -0.3169633379947914
-202.97583620409267 -0.029194289359463818
-205.03698015469132 1.523083903811627
-207.09812410528997 1.3476823939752232
-209.1592680558886 -0.49906925840084587
-211.22041200648724 1.3891011650473988
-213.28155595708586 2.1717451724124586
-215.34269990768453 -0.23835794037861704
-217.40384385828315 2.74111352416014
-219.4649878088818 2.012718782776744
-221.52613175948042 2.0852673788430005
-223.58727571007907 0.5972842055333822
-225.64841966067772 0.3896409241244029
-227.70956361127637 1.1653969765385352
-229.770707561875 0.7588469865870907
-231.83185151247363 1.2057870919564597
-233.8929954630723 0.9439009155820767
-235.95413941367093 1.7888244680752055
-238.01528336426958 1.351359566618451
-240.0764273148682 2.08004263454424
-242.13757126546685 2.3980572146215384
-244.1987152160655 1.0692511395721709
-246.25985916666414 3.087230178729789
-248.32100311726276 1.4842859578235041
-250.3821470678614 1.4841405642542973
-252.44329101846003 1.2409757603460565
-254.5044349690587 1.4029436596116147
-256.56557891965736 3.0093522623183824
-258.62672287025595 2.2140370495676964
-260.6878668208546 2.674933747068563
-262.74901077145324 3.4705847991087193
