# BEGINHEADER
# This file contains data from the SALSA 2m radio telescope.
# DATE=2021-11-25T15:17:0051
# GLON and GLAT given in degrees
# GLON=66.84555634770724
# GLAT=6.099088124131491
# DATA in two columns below. Col. 1 is velocity relative to LSR [km/s]. Col. 2 is uncalibrated antenna temperature [K].
# ENDHEADER
268.1143691629529 1.595909576207185
266.0532252123543 3.090953198897714
263.99208126175563 2.269431216636263
261.930937311157 6.367094779514686
259.8697933605584 4.324641606034986
257.8086494099597 4.404580350739259
255.74750545936107 4.569703991114046
253.68636150876245 4.482205886211049
251.6252175581638 6.320779274056779
249.56407360756515 6.025622495874032
247.5029296569665 3.1284273740799797
245.44178570636788 4.840178946610271
243.38064175576923 5.384758241326246
241.3194978051706 5.6344312347224115
239.25835385457194 4.441540903954588
237.19720990397332 6.770253383259312
235.13606595337467 5.528954139850601
233.07492200277605 5.249669587621988
231.0137780521774 5.873025260837962
228.95263410157872 4.936839244861392
226.8914901509801 5.98701172782174
224.83034620038146 5.7988093346485545
222.76920224978284 3.7738881034807568
220.70805829918416 3.895484548882017
218.64691434858554 7.218033146431844
216.5857703979869 5.562357460210063
214.52462644738827 3.480680917894217
212.46348249678962 6.0196744423238995
210.40233854619098 5.223362088904039
208.34119459559233 7.58067542786178
206.2800506449937 4.810817226014599
204.21890669439506 4.760332684874624
202.15776274379644 7.295839345507394
200.09661879319776 5.937843977131251
198.03547484259917 5.832454906953038
195.97433089200052 6.148512176129486
193.91318694140188 5.316801474095415
191.85204299080323 7.700473722134427
189.7908990402046 6.156298339817484
187.72975508960596 6.203474925165156
185.6686111390073 6.376944841195344
183.60746718840866 5.327032384797384
181.54632323781001 6.53994531620394
179.4851792872114 5.420542939694725
177.42403533661275 4.92801432671182
175.36289138601413 5.137648200669583
173.30174743541545 8.0410596654452
171.24060348481683 7.5053994762763265
169.17945953421818 6.97206935203502
167.11831558361956 7.413753008371648
165.0571716330209 5.21695925863268
162.99602768242227 6.2928168429406295
160.93488373182362 6.6989295773732245
158.873739781225 6.184717875429261
156.81259583062635 7.799368016204466
154.7514518800277 5.0628731207936015
152.69030792942905 5.019063629216764
150.62916397883043 6.901909997487733
148.56802002823179 4.671897173152943
146.50687607763314 5.085370429370977
144.4457321270345 6.48235703557814
142.38458817643584 4.951927614220385
140.32344422583722 6.824853545765687
138.26230027523857 6.217444577068302
136.20115632463995 7.311438247847698
134.14001237404128 6.6211393273190415
132.07886842344266 5.835958942580854
130.017724472844 4.30223308507558
127.95658052224536 5.825568248415257
125.89543657164673 5.287115525486996
123.83429262104808 5.409974396651391
121.77314867044944 6.184017331958475
119.71200471985081 6.518953295773053
117.65086076925216 4.299367742651958
115.58971681865353 4.575697506946048
113.52857286805488 6.081269419328099
111.46742891745625 6.077201146774254
109.4062849668576 7.3899054215392415
107.34514101625896 5.569506682469485
105.28399706566033 5.252692546592079
103.22285311506168 7.522948811835244
101.16170916446305 3.9063036389037338
99.1005652138644 5.4095109156500865
97.03942126326575 7.318311216037143
94.97827731266712 4.3782072620860415
92.91713336206845 5.575203252246059
90.85598941146982 4.718092515067816
88.79484546087117 5.8019998402321935
86.73370151027254 3.984642959494098
84.6725575596739 6.533248424790776
82.61141360907526 4.918873335992142
80.55026965847662 7.1900322325082495
78.48912570787797 7.566265915395816
76.42798175727934 3.0873683500806295
74.36683780668069 4.566264656907334
72.30569385608206 7.008240741855823
70.24454990548342 6.1299429462669135
68.18340595488478 7.25226497925559
66.12226200428614 5.952506602260236
64.0611180536875 5.4162265701220385
61.99997410308885 3.806046484813239
59.93883015249021 5.918334997654004
57.87768620189157 7.8325819619183905
55.81654225129293 6.20394038799832
53.75539830069429 5.95235238165321
51.694254350095655 5.779875312255151
49.63311039949701 5.708996889358349
47.57196644889837 8.376094713559116
45.51082249829973 9.121252893570297
43.44967854770108 9.913333750306544
41.38853459710244 11.33596667869905
39.3273906465038 11.662129274730148
37.26624669590517 14.635923927691065
35.205102745306526 17.298443270759222
33.143958794707885 17.881066448035526
31.082814844109244 19.999626267161027
29.0216708935106 26.212765902998772
26.96052694291196 26.680925132673195
24.89938299231332 33.146050960324025
22.83823904171468 36.79891782677259
20.777095091116042 40.34574428388927
18.715951140517397 45.18901336090612
16.654807189918756 54.206541203923805
14.593663239320117 58.67027127312285
12.532519288721476 63.23284036291439
10.471375338122836 66.42458736185768
8.410231387524197 66.84899952844947
6.349087436925555 66.850583080391
4.287943486326913 60.377985639491385
2.2267995357282726 59.39308691274999
0.16565558512963202 52.43385204403142
-1.895488365469009 46.59146804333013
-3.9566323160676493 40.51200378509604
-6.01777626666629 34.734688097433846
-8.07892021726493 28.60273224969036
-10.14006416786357 24.37121794201401
-12.201208118462212 21.300910869742022
-14.262352069060855 22.619655105581405
-16.323496019659494 20.00009063950286
-18.38463997025814 15.728220253728077
-20.445783920856776 13.768453939246811
-22.506927871455417 14.738269518253952
-24.56807182205406 13.537188971902818
-26.629215772652696 11.217453121239418
-28.69035972325134 8.64226335071914
-30.75150367384998 9.235782022127735
-32.812647624448616 10.29892013048035
-34.873791575047264 10.856678861858699
-36.934935525645905 10.236066365825003
-38.996079476244546 10.345765337470977
-41.05722342684319 9.527792277761236
-43.11836737744183 8.672261020673783
-45.17951132804046 11.553853317120849
-47.2406552786391 10.76254451022164
-49.301799229237744 10.535693169704219
-51.362943179836385 15.096909803542797
-53.42408713043503 13.900716238132883
-55.485231081033675 16.850372797435735
-57.546375031632316 16.99082641856896
-59.60751898223095 17.496215609412726
-61.66866293282959 22.82010620728027
-63.72980688342823 20.84191097896666
-65.79095083402687 22.354270307285187
-67.85209478462552 23.55520136310722
-69.91323873522416 22.857026199448626
-71.9743826858228 20.31343787746134
-74.03552663642144 18.72380154607281
-76.09667058702009 14.388723754127762
-78.15781453761872 12.338465295614482
-80.21895848821735 13.771031244001552
-82.280102438816 13.499873875998933
-84.34124638941464 12.898270898034705
-86.40239034001328 12.73466504322636
-88.46353429061192 12.216636824043142
-90.52467824121057 10.423713823213765
-92.5858221918092 7.811537287790854
-94.64696614240783 11.89420307114646
-96.70811009300648 7.858939269300646
-98.76925404360512 8.480909646015327
-100.83039799420375 10.938542675584676
-102.8915419448024 9.381549268903743
-104.95268589540105 10.186601581590534
-107.01382984599968 11.814949460648073
-109.07497379659833 9.273289415946486
-111.13611774719696 7.025888441855409
-113.1972616977956 5.60878086987364
-115.25840564839424 2.7294952573633458
-117.31954959899288 3.8256445394376515
-119.38069354959153 1.7640412985467722
-121.44183750019016 4.833544895786902
-123.50298145078881 3.3599617255759995
-125.56412540138744 1.9913392163983403
-127.62526935198608 2.4454531871786367
-129.68641330258473 2.103383014065089
-131.74755725318337 2.641118675721149
-133.808701203782 4.1755838364245985
-135.86984515438067 0.689584611689878
-137.9309891049793 1.3691937936727154
-139.99213305557794 0.45460128066852284
-142.05327700617656 0.22462313888569194
-144.1144209567752 1.3134479359406122
-146.17556490737385 2.0262112993610026
-148.2367088579725 1.2713891590126634
-150.29785280857112 -0.34081153315100204
-152.35899675916977 1.0900019141766166
-154.4201407097684 -0.9478847217423446
-156.48128466036707 -1.825873050823476
-158.5424286109657 1.08886139044452
-160.60357256156433 0.7532096066815214
-162.66471651216298 1.950890785637459
-164.72586046276163 0.9522900607874171
-166.78700441336028 0.06933128248710617
-168.8481483639589 -0.27335432567822965
-170.90929231455755 -0.7410981017740157
-172.97043626515617 2.1073318737028033
-175.03158021575484 2.7890932332548117
-177.09272416635346 0.7219768764893607
-179.1538681169521 -0.4347556598595366
-181.21501206755073 2.2920712714617735
-183.27615601814938 0.30767270883239706
-185.33729996874803 -0.06957514598785616
-187.39844391934668 -1.0433335613881787
-189.4595878699453 0.1655271346514279
-191.52073182054394 0.36425268182604137
-193.5818757711426 -0.4605450133138692
-195.64301972174124 -1.08931779104715
-197.70416367233986 0.48913583551450435
-199.76530762293854 1.9749626968753216
-201.82645157353718 1.179822729048572
-203.8875955241358 0.5063960868748406
-205.94873947473448 -2.3642700710900235
-208.0098834253331 0.3084821749165135
-210.07102737593175 -0.03072925990839216
-212.13217132653037 -0.007182720734281453
-214.19331527712902 0.3213932474340116
-216.25445922772766 0.7750191081051202
-218.3156031783263 1.346177958825083
-220.37674712892493 -1.4436860788315702
-222.43789107952358 -0.7715432937844724
-224.4990350301222 -0.12856025357633008
-226.56017898072088 0.450888296166227
-228.6213229313195 0.5289465502608853
-230.68246688191815 -1.2552765115583882
-232.74361083251677 -0.39530485966808077
-234.80475478311544 1.747193542677271
-236.8658987337141 0.031314143787744865
-238.9270426843127 0.1306058256865076
-240.98818663491136 1.6001209819832245
-243.04933058550998 0.08305690479977854
-245.11047453610865 0.7449103234168234
-247.17161848670727 1.3452824292565129
-249.23276243730592 0.49879863896565535
-251.29390638790454 -1.848801880414494
-253.3550503385032 0.6606306712219757
-255.41619428910184 0.6104203030385905
-257.4773382397005 3.0796995353151915
