# BEGINHEADER
# This file contains data from the SALSA 2m radio telescope.
# DATE=2021-11-23T20:29:0002
# GLON and GLAT given in degrees
# GLON=120.96447171801299
# GLAT=-21.658837165144526
# DATA in two columns below. Col. 1 is velocity relative to LSR [km/s]. Col. 2 is uncalibrated antenna temperature [K].
# ENDHEADER
255.29715446438203 0.0173674559918645
253.2360105137834 -0.7502331682490766
251.17486656318476 -0.11809064485215306
249.11372261258612 -1.7796200935215138
247.05257866198747 0.9520311897074031
244.99143471138885 0.64609159841581
242.9302907607902 0.23780208853924495
240.86914681019155 0.602726762852403
238.8080028595929 1.4876493542479183
236.74685890899428 4.166477236632164
234.68571495839564 -0.09699863060649212
232.62457100779702 1.2191435985675187
230.56342705719834 1.678071116356005
228.50228310659972 3.7752429059773607
226.44113915600107 2.8125890209289346
224.37999520540242 3.412790022413741
222.3188512548038 2.4107996187730274
220.25770730420513 1.5673386117624342
218.1965633536065 1.5002080645821105
216.13541940300786 0.6607707863339158
214.07427545240924 2.5717513329526107
212.0131315018106 0.10410754635502976
209.95198755121194 3.6747782082145797
207.8908436006133 2.432673266391272
205.82969965001467 4.5830371105496885
203.76855569941603 3.6942531880088154
201.70741174881738 3.109718556782284
199.64626779821873 1.8952213242764384
197.5851238476201 3.590817811630617
195.52397989702146 3.8820930178397863
193.46283594642284 2.6915659710562627
191.40169199582417 3.814753238526188
189.34054804522555 2.6244673155299845
187.2794040946269 3.3854514289172926
185.21826014402825 3.5028664996390018
183.15711619342963 0.04906750826661736
181.09597224283095 0.6932810458193546
179.03482829223233 4.736775572716901
176.97368434163369 0.6644056659254195
174.91254039103507 3.66198878632747
172.8513964404364 1.5351406469178548
170.79025248983777 3.1810976383285197
168.72910853923912 5.164254804760097
166.6679645886405 1.3328340594634853
164.60682063804185 2.0756459521948467
162.5456766874432 2.002233146826974
160.48453273684456 2.366432471567091
158.42338878624594 3.5687154933070366
156.3622448356473 4.000588620291566
154.30110088504867 1.9520285867709501
152.23995693445 5.881786360687784
150.17881298385137 1.4305130467634375
148.11766903325272 4.973353709880849
146.05652508265408 4.997485222927881
143.99538113205546 5.437643667819108
141.93423718145678 4.6395139901460976
139.87309323085816 3.3643325771247694
137.8119492802595 3.2441867763823757
135.7508053296609 2.9606231946448807
133.68966137906222 2.5205302562846863
131.6285174284636 3.575414548602084
129.56737347786495 2.3031288464018544
127.50622952726631 3.9206828418902187
125.44508557666767 2.3460256820627823
123.38394162606903 2.47593976705427
121.32279767547038 5.001640482112881
119.26165372487175 3.000314032472482
117.2005097742731 5.084534511354501
115.13936582367447 6.0983598762487015
113.07822187307583 3.86297600331191
111.01707792247718 3.2447336143189403
108.95593397187855 4.111663937529305
106.8947900212799 3.946647155670554
104.83364607068127 3.188265560774243
102.77250212008262 6.175980334908137
100.71135816948399 1.1109148017882269
98.65021421888535 2.5429964032349583
96.58907026828672 5.4419089556977776
94.52792631768808 2.1260574171040743
92.46678236708944 3.8395983613000286
90.4056384164908 4.932172880019277
88.34449446589214 4.723664830496676
86.2833505152935 4.724233997558844
84.22220656469486 3.5521465511473758
82.16106261409622 3.780216939587402
80.09991866349759 4.973611990726821
78.03877471289894 1.6647457740550677
75.97763076230031 2.59047594672829
73.91648681170166 3.153721310919823
71.85534286110303 1.6478375846662885
69.79419891050438 4.579071612273416
67.73305495990574 4.094115367023883
65.67191100930711 3.544307198454617
63.61076705870846 2.807548138989611
61.54962310810982 4.243228346937897
59.48847915751118 3.06882737529664
57.42733520691254 2.826056063648492
55.3661912563139 1.6026567596489538
53.305047305715256 4.38605835802205
51.243903355116615 2.7702805578848535
49.182759404517974 2.9819155894387603
47.12161545391934 4.383288376100471
45.0604715033207 3.6251337922928974
42.99932755272206 3.2989137550656613
40.93818360212342 5.380237997263943
38.87703965152477 3.8511993952667756
36.81589570092613 3.9735913027689422
34.754751750327486 2.926346919690636
32.69360779972885 4.794072652652766
30.632463849130207 4.90789648485322
28.57131989853157 2.5026380012316887
26.51017594793293 4.334376043275909
24.449031997334284 2.3736653223365414
22.387888046735647 5.234427326466445
20.326744096137006 3.687653135905311
18.265600145538365 4.166778838212212
16.204456194939723 5.3497370829655315
14.143312244341084 4.926488370023641
12.08216829374244 5.041619707987293
10.0210243431438 7.762868051339143
7.959880392545158 12.11836307150739
5.898736441946518 10.285169974488406
3.837592491347877 19.946715371228354
1.776448540749237 24.25646469455465
-0.28469540984940406 24.501572190910434
-2.345839360448045 20.741752423080754
-4.4069833110466865 18.09225694499274
-6.468127261645327 13.747675278817294
-8.529271212243968 11.87616776915429
-10.590415162842609 11.879319704436249
-12.651559113441248 11.342836488500613
-14.712703064039887 9.737405412514665
-16.77384701463853 9.743094305959056
-18.834990965237168 10.367117201170897
-20.89613491583581 6.454136218578995
-22.957278866434454 8.011272582610944
-25.018422817033095 8.148155211463319
-27.079566767631732 8.902475148959333
-29.140710718230373 7.747809629938323
-31.201854668829014 5.699620870501534
-33.262998619427655 9.158751909171317
-35.3241425700263 7.53017990125259
-37.38528652062494 6.317724161000363
-39.44643047122358 5.836075690579225
-41.50757442182222 3.5417721803346205
-43.56871837242086 6.791821234826392
-45.6298623230195 5.114558475354081
-47.69100627361814 3.86086796787968
-49.75215022421678 3.9025641277112597
-51.81329417481542 4.8199394208494235
-53.87443812541406 5.319284422227212
-55.9355820760127 5.619790263955833
-57.99672602661135 3.0185258646896402
-60.05786997720999 4.255975345000508
-62.11901392780863 6.862820989168726
-64.18015787840726 3.302108662861934
-66.24130182900592 0.7904403447682002
-68.30244577960455 2.970450167080121
-70.36358973020319 1.1700533075077082
-72.42473368080184 1.149728503091654
-74.48587763140047 2.123799696365277
-76.54702158199912 1.6224884342355927
-78.60816553259775 0.19729635696406986
-80.6693094831964 1.9294310783337514
-82.73045343379503 3.2541815682858166
-84.79159738439367 1.1009604052841864
-86.85274133499232 2.7388729432109495
-88.91388528559095 3.703982258748497
-90.9750292361896 3.3746924292210605
-93.03617318678823 -0.956872742530241
-95.09731713738688 1.1195286277502619
-97.15846108798551 1.876970370112872
-99.21960503858416 1.6345899407475513
-101.28074898918281 -1.526290753812704
-103.34189293978145 1.9125970086480761
-105.4030368903801 -1.1496503346655047
-107.46418084097874 0.7854047803803226
-109.52532479157738 0.7860041018071134
-111.58646874217602 0.2879485812017406
-113.64761269277466 1.41991579274563
-115.7087566433733 1.1092797626908297
-117.76990059397194 0.9197334023786087
-119.83104454457057 1.1687554975731647
-121.89218849516922 2.547495360395639
-123.95333244576786 -0.5457068866766003
-126.0144763963665 -0.07976094738558936
-128.07562034696514 -0.4416559012070319
-130.1367642975638 -0.45108497161984334
-132.19790824816243 0.8609321636439616
-134.25905219876105 0.06365270919423237
-136.3201961493597 0.0819450587630017
-138.38134009995835 -0.9587700163219022
-140.442484050557 -1.5836894285933523
-142.50362800115562 -0.9414703220780039
-144.56477195175427 1.508313399772323
-146.6259159023529 -1.5493228748556962
-148.68705985295156 -0.8360741152436519
-150.74820380355018 0.5524974780794749
-152.80934775414883 -0.7749005143827804
-154.87049170474745 -0.3314238795251542
-156.93163565534613 -0.1679035674218147
-158.99277960594475 1.2687579837765308
-161.0539235565434 3.2901814474229174
-163.11506750714204 -0.14799874782570532
-165.17621145774066 -0.30670422694587773
-167.23735540833934 -3.0448453349964937
-169.29849935893796 -0.5513903194345903
-171.3596433095366 -3.4100220728383706
-173.42078726013523 0.7177343762507208
-175.48193121073388 0.7276422357087282
-177.54307516133252 -3.581636157312422
-179.60421911193117 -2.2545397048490767
-181.6653630625298 -0.05118503336042599
-183.72650701312844 -1.213126674249165
-185.7876509637271 -1.2913330591121428
-187.84879491432574 -0.5925516797342136
-189.90993886492436 0.11778026214143988
-191.971082815523 -0.6070385983139657
-194.03222676612162 -1.548799585119759
-196.0933707167203 -1.076402843277295
-198.15451466731892 0.5777457860362539
-200.21565861791757 0.21929820710999917
-202.27680256851622 -2.214870412589997
-204.33794651911484 -1.7477038917805534
-206.3990904697135 -1.2043949036687935
-208.46023442031213 -2.039914954860209
-210.52137837091078 -3.2347592205321662
-212.5825223215094 -1.5955228653199627
-214.64366627210808 -1.4782623129938455
-216.7048102227067 -3.4020584723146445
-218.76595417330535 -0.7182861902439781
-220.82709812390397 0.4181417676710995
-222.8882420745026 -2.098774766908685
-224.94938602510126 -2.6880499651739895
-227.0105299756999 -2.9957029015128724
-229.07167392629853 -1.3264141053400735
-231.13281787689718 -0.9511506546444985
-233.1939618274958 -0.5798014651564602
-235.25510577809447 -0.9747540515652641
-237.3162497286931 -2.1252974640524314
-239.37739367929174 0.9731204296463465
-241.4385376298904 1.7584053392816397
-243.499681580489 -1.2436250923659564
-245.5608255310877 -1.8726320103958747
-247.6219694816863 -1.9155004924757555
-249.68311343228496 -1.487155294618351
-251.74425738288357 -1.6698172408110918
-253.80540133348225 -1.4282897099890524
-255.86654528408087 -0.15116982317714814
-257.9276892346795 -1.9490328992037889
-259.98883318527817 -2.6348157602849738
-262.04997713587676 -2.2025564412615783
-264.11112108647546 -0.09720020781163324
-266.17226503707406 -1.9252820047773358
-268.2334089876727 -1.8486682476570404
-270.29455293827135 0.15068976636354792
