# BEGINHEADER
# This file contains data from the SALSA 2m radio telescope.
# DATE=2021-11-25T17:54:0003
# GLON and GLAT given in degrees
# GLON=161.81194661765738
# GLAT=-6.2442761916371055
# DATA in two columns below. Col. 1 is velocity relative to LSR [km/s]. Col. 2 is uncalibrated antenna temperature [K].
# ENDHEADER
263.281713461314 2.55698176335084
261.22056951071534 6.283240904780153
259.1594255601167 5.534946083001775
257.09828160951804 5.600565575073521
255.0371376589194 5.1619656122920805
252.97599370832074 5.44867875904717
250.91484975772212 6.409072521386703
248.85370580712348 5.660147532916765
246.79256185652486 6.760777518059051
244.73141790592618 7.3501101217375675
242.67027395532756 4.907324601933814
240.6091300047289 7.783321620019425
238.5479860541303 8.29595407952875
236.48684210353161 8.355427090766083
234.425698152933 8.417950254787064
232.36455420233435 7.845560927232622
230.30341025173573 6.735644057551389
228.24226630113708 8.530758636679632
226.1811223505384 8.26698176992797
224.11997839993978 8.736076746096915
222.05883444934113 8.446038255009253
219.99769049874251 8.019936964467789
217.93654654814387 9.11217874322634
215.87540259754522 8.527424222317844
213.81425864694657 7.7199576157315954
211.75311469634795 8.963351044276793
209.6919707457493 10.816849567660004
207.63082679515068 8.12291457910614
205.569682844552 7.634706237383003
203.50853889395339 9.071578448624484
201.44739494335474 8.64995997105937
199.38625099275612 10.048795399685986
197.32510704215744 8.43594649392033
195.2639630915588 6.807528184857389
193.20281914096014 8.25594594374859
191.14167519036152 9.101741896350468
189.08053123976288 9.982490743237879
187.01938728916423 9.707391896139915
184.95824333856558 8.646445891246442
182.89709938796693 10.109516358514956
180.8359554373683 8.040801238280629
178.77481148676966 8.329334455443608
176.71366753617104 10.035617931804381
174.65252358557237 8.695679482411176
172.59137963497375 7.8289099679977046
170.5302356843751 9.496027981501344
168.46909173377648 8.77250591963999
166.40794778317783 8.417137023728175
164.34680383257918 8.710463074819879
162.28565988198054 9.345563727158252
160.22451593138192 7.299628292570956
158.16337198078327 9.112778206291559
156.10222803018462 8.89386817260977
154.04108407958597 8.95439643210894
151.97994012898735 9.81068484673834
149.9187961783887 6.5643215842863
147.85765222779006 8.40669595406186
145.7965082771914 10.08026687468011
143.73536432659276 9.945962760199635
141.67422037599414 8.153576628849006
139.6130764253955 8.160827699316437
137.55193247479687 8.248029873388198
135.4907885241982 8.289608139513309
133.42964457359957 7.696642631753136
131.36850062300093 8.686242803363863
129.30735667240228 9.463062824978794
127.24621272180364 7.25053511824607
125.185068771205 9.246871479602854
123.12392482060636 8.888460095767785
121.06278087000773 9.333508432684733
119.00163691940908 9.075942222116664
116.94049296881045 9.09510196053471
114.8793490182118 9.52448763162642
112.81820506761316 8.45731625003415
110.75706111701453 8.341090224789191
108.69591716641588 9.507503058575256
106.63477321581725 7.720699702878261
104.5736292652186 6.429480165778277
102.51248531461997 9.317307883026963
100.45134136402132 8.011283715409142
98.39019741342268 8.58339995678432
96.32905346282405 9.21277885849875
94.2679095122254 7.317071928119438
92.20676556162677 8.752961613574218
90.1456216110281 8.223510143102274
88.08447766042947 6.099779559037852
86.02333370983082 6.671860302286988
83.96218975923219 8.224201983096561
81.90104580863355 7.630896194698784
79.8399018580349 7.808495819733373
77.77875790743627 8.34173108035123
75.71761395683762 8.77739689581948
73.65647000623899 7.581796723986424
71.59532605564034 7.03009698464331
69.53418210504171 8.370522067375356
67.47303815444307 8.357652546003013
65.41189420384443 6.957128523408753
63.350750253245785 6.864159629476447
61.289606302647144 7.2347108902913675
59.2284623520485 8.498369495724777
57.16731840144986 7.67714644272297
55.10617445085122 8.715733364420265
53.04503050025258 5.761495824374792
50.98388654965394 8.856595930057182
48.9227425990553 8.857439773875265
46.86159864845666 8.368866182602279
44.80045469785802 7.943590924528447
42.739310747259374 7.325953756828815
40.67816679666073 8.462945618092546
38.61702284606209 7.3073623027127255
36.55587889546345 7.201940566978757
34.49473494486482 8.909853082420867
32.43359099426617 8.19926469375383
30.372447043667535 7.563453851356578
28.31130309306889 8.089271886292103
26.25015914247025 9.093719580244173
24.18901519187161 10.250738414429957
22.12787124127297 10.62338552098898
20.06672729067433 10.074033007767456
18.005583340075685 11.572493388166002
15.944439389477047 13.13258004065076
13.883295438878406 15.25168360115371
11.822151488279765 17.45583725143514
9.761007537681126 23.369550982662634
7.6998635870824845 34.71075939647733
5.6387196364838434 54.2763263566766
3.577575685885203 73.39592966876283
1.5164317352865622 77.37832682727053
-0.5447122153120787 74.75913240090475
-2.6058561659107196 72.97029614584093
-4.66700011650936 73.75972063660613
-6.728144067108 73.82492220808977
-8.789288017706642 77.04581425217248
-10.850431968305282 76.13766292852341
-12.911575918903925 72.98852336839066
-14.972719869502566 67.25860420848451
-17.033863820101203 64.64774720388463
-19.095007770699844 63.35014430150956
-21.15615172129849 61.233229937305346
-23.21729567189713 56.27282942915617
-25.278439622495767 53.95330871444936
-27.33958357309441 48.7162702988427
-29.400727523693053 43.238416260240314
-31.46187147429169 37.964348306187155
-33.52301542489033 32.52875238177943
-35.58415937548897 28.871194843967192
-37.645303326087614 27.737654359898954
-39.706447276686255 26.133521032903385
-41.767591227284896 24.55978563145131
-43.82873517788354 22.06093310522529
-45.88987912848218 22.049462079924936
-47.95102307908082 23.130989448069734
-50.01216702967945 22.173894442170706
-52.073310980278094 22.561233648305503
-54.13445493087674 20.69444999008015
-56.195598881475384 18.402778282210473
-58.256742832074025 17.785407287738057
-60.317886782672666 18.1985440966129
-62.3790307332713 17.086257233957518
-64.44017468386994 14.12002301142736
-66.50131863446859 12.732070209115253
-68.56246258506724 11.334507094310233
-70.62360653566587 8.758307256981224
-72.6847504862645 8.435881692174554
-74.74589443686315 7.537206517132139
-76.80703838746179 7.170263685509388
-78.86818233806044 6.196341594918521
-80.92932628865907 6.497635794008361
-82.9904702392577 5.3911168376518175
-85.05161418985635 5.330411479057456
-87.11275814045499 6.422357391889099
-89.17390209105363 5.153916811870576
-91.23504604165227 5.328048302368208
-93.29618999225092 3.8240264736583662
-95.35733394284955 4.725106814391185
-97.41847789344818 6.190267131146334
-99.47962184404683 3.311328066335127
-101.54076579464547 3.2465604845513503
-103.60190974524413 3.1869708271507187
-105.66305369584276 3.9892153409386912
-107.72419764644141 3.986894512953662
-109.78534159704004 5.051526647708456
-111.84648554763868 2.6935087151598363
-113.90762949823733 3.9514898461695522
-115.96877344883596 4.809695678011371
-118.02991739943461 3.1826448215864866
-120.09106135003324 2.131572546124795
-122.15220530063189 2.4736552563370164
-124.21334925123053 4.0062104631806355
-126.27449320182916 3.3470111293544225
-128.3356371524278 2.831186187941681
-130.39678110302646 3.0707403830180673
-132.45792505362508 2.2852030153492033
-134.51906900422375 3.464120605289523
-136.58021295482237 2.7599856910512623
-138.64135690542102 3.4385261454182277
-140.70250085601964 2.4245449708682756
-142.7636448066183 4.467696226340379
-144.82478875721694 2.8124058474239386
-146.88593270781558 2.7300557652591912
-148.9470766584142 2.374005096627398
-151.00822060901285 4.93893967429294
-153.06936455961147 4.39346161563016
-155.13050851021015 1.633676229130405
-157.19165246080877 3.804471153502974
-159.25279641140742 2.524408480753076
-161.31394036200606 2.114776690120212
-163.3750843126047 1.2368109202404014
-165.43622826320336 1.271118925004749
-167.49737221380198 1.346887522035307
-169.55851616440063 1.6612847097054235
-171.61966011499925 2.086551484509922
-173.68080406559793 3.9081261080510767
-175.74194801619655 1.2239913084871292
-177.8030919667952 2.604755279179574
-179.8642359173938 2.3519256588277977
-181.92537986799246 0.5606281785186583
-183.9865238185911 1.8726261299007476
-186.04766776918976 0.8053905563524021
-188.10881171978838 1.8543736058004274
-190.16995567038703 4.236701510834492
-192.23109962098567 2.043342353075418
-194.29224357158432 1.3520628782695157
-196.35338752218294 1.2278181156810286
-198.41453147278156 1.2441305360497266
-200.47567542338024 1.2172173500430103
-202.53681937397886 1.462054506262888
-204.5979633245775 2.624042968223371
-206.65910727517613 1.3911885574403982
-208.72025122577477 2.7841544399234035
-210.78139517637342 2.0334712664830565
-212.84253912697207 -0.5086134395817191
-214.9036830775707 1.8487663419050513
-216.96482702816934 1.5237226872875487
-219.025970978768 1.6074207602821955
-221.08711492936663 0.1616264411906412
-223.14825887996525 1.7782906349132919
-225.2094028305639 4.055933979575405
-227.27054678116252 2.4090267321339134
-229.3316907317612 0.7043742698195552
-231.39283468235982 1.9967733110190908
-233.45397863295847 0.7508583062310031
-235.5151225835571 1.3655526412499845
-237.57626653415574 1.400757119576317
-239.6374104847544 1.113885372731746
-241.69855443535303 1.7808820407747934
-243.75969838595168 1.5957239403215222
-245.8208423365503 1.089405065769181
-247.88198628714898 1.494905837085945
-249.9431302377476 2.0649657784139523
-252.00427418834624 5.14847769123889
-254.06541813894486 4.279790306766022
-256.1265620895435 1.8620392214919093
-258.1877060401422 5.121507469451355
-260.2488499907408 2.4932153199209517
-262.3099939413394 4.416058654856923
