# BEGINHEADER
# This file contains data from the SALSA 2m radio telescope.
# DATE=2021-11-25T18:01:0001
# GLON and GLAT given in degrees
# GLON=181.82550021304408
# GLAT=-6.219839418009079
# DATA in two columns below. Col. 1 is velocity relative to LSR [km/s]. Col. 2 is uncalibrated antenna temperature [K].
# ENDHEADER
263.22390812518637 0.6869534745050597
261.16276417458766 -0.3476040049396898
259.1016202239891 0.884936319242396
257.0404762733904 2.333980975508565
254.97933232279178 2.3016020260518433
252.9181883721931 1.7551394008351249
250.85704442159448 2.9486268973821765
248.79590047099583 3.4866743477594135
246.7347565203972 3.141195475903803
244.67361256979856 3.6057781413691923
242.61246861919992 3.227489600516293
240.55132466860127 3.663305803403729
238.49018071800265 3.1684809178980906
236.429036767404 4.349247417513037
234.36789281680538 4.263174000725612
232.3067488662067 2.76374747328316
230.24560491560808 2.341038783643544
228.18446096500944 4.48146662134084
226.12331701441082 2.776662547652067
224.06217306381214 4.791528596124646
222.00102911321352 4.601525270778623
219.93988516261487 4.726130860796388
217.87874121201625 3.5387850277435478
215.8175972614176 5.2570054875219965
213.75645331081893 3.7417198929785624
211.6953093602203 3.928106881598375
209.63416540962166 4.397188903092606
207.57302145902304 4.57025050950357
205.5118775084244 4.70316258411748
203.45073355782574 4.627078995887376
201.3895896072271 4.826731291554764
199.32844565662847 3.4800131579491325
197.26730170602983 2.780499396376335
195.20615775543118 4.130494229587637
193.14501380483253 6.058715275716437
191.0838698542339 5.76224363430994
189.02272590363526 4.571083989140026
186.96158195303664 5.767154310097752
184.90043800243797 3.089202442354378
182.83929405183935 3.8031624878894204
180.7781501012407 5.472443945642912
178.71700615064208 5.329343449293718
176.65586220004343 5.864553573252041
174.59471824944475 3.8423236543405364
172.53357429884613 3.299182136439834
170.47243034824749 4.57561360511952
168.41128639764887 2.721596821113776
166.35014244705022 2.7707252031763514
164.28899849645157 3.7366580699215173
162.22785454585292 2.7661490267715725
160.1667105952543 6.088728202647023
158.10556664465565 4.874328323175496
156.044422694057 4.239349513926146
153.98327874345836 3.1634943270967866
151.92213479285974 3.193648805410361
149.8609908422611 2.9977007983427626
147.79984689166247 5.393872617826889
145.7387029410638 4.5031712563643955
143.67755899046517 4.574574753727289
141.61641503986652 2.8636762953608637
139.5552710892679 4.438922965935272
137.49412713866926 5.358785571012001
135.43298318807058 3.935547450899523
133.37183923747196 6.370109199680711
131.3106952868733 3.5631232349289377
129.24955133627466 5.17860512252856
127.18840738567604 4.316070471559571
125.1272634350774 2.4284851680574717
123.06611948447876 4.268567032022832
121.00497553388013 4.241446102362503
118.94383158328147 4.578106446407958
116.88268763268283 4.610757446097233
114.82154368208418 5.048634498140698
112.76039973148555 2.9568824453387403
110.69925578088692 4.3987306469995175
108.63811183028827 4.963540308860458
106.57696787968963 2.92651152120294
104.51582392909098 3.667583683030926
102.45467997849235 3.396152178153153
100.3935360278937 3.9420317866469414
98.33239207729505 5.0157289161752105
96.27124812669642 4.547623179152719
94.21010417609777 3.618384346367309
92.14896022549914 3.3538462087445233
90.0878162749005 3.26205512303958
88.02667232430186 4.196715692005153
85.96552837370322 4.214399897804317
83.90438442310457 2.4778583519592328
81.84324047250594 2.444976532849425
79.78209652190728 3.536665836616612
77.72095257130864 2.3520031853998433
75.65980862071001 3.7343742679928362
73.59866467011136 4.890811654429295
71.53752071951273 3.8625930273281774
69.47637676891408 3.6268637165147246
67.41523281831545 3.0294069838774904
65.35408886771681 3.930446174137601
63.29294491711816 3.0151367589721185
61.23180096651952 3.2818254229293236
59.17065701592088 3.5544789074789387
57.10951306532224 1.8489583854286529
55.048369114723606 3.814434922924309
52.987225164124965 3.1340785450425006
50.92608121352632 2.5827798167056977
48.86493726292768 5.171911265099069
46.80379331232904 4.655010194531316
44.7426493617304 3.3741805378404113
42.68150541113176 3.6439308020894545
40.62036146053312 3.3754698751862904
38.55921750993448 1.8772570012543972
36.49807355933584 4.406461368502039
34.4369296087372 4.780239291246828
32.375785658138554 4.161580537906939
30.314641707539916 4.476806526535609
28.253497756941275 4.1228251868798935
26.192353806342634 2.182857323606958
24.131209855743993 5.583519477458731
22.070065905145352 8.52859598202656
20.008921954546715 8.534336442907735
17.94777800394807 11.559899959951531
15.886634053349432 18.77714808702407
13.82549010275079 24.46369455602903
11.76434615215215 39.307308755035855
9.703202201553507 61.94839073702344
7.642058250954868 77.07230336546202
5.580914300356226 82.3253454837418
3.5197703497575854 87.69416283395951
1.4586263991589448 88.58426837671979
-0.6025175514396961 83.52785209700284
-2.663661502038337 82.57389818653309
-4.724805452636978 74.05211128612548
-6.785949403235618 65.82540351937048
-8.847093353834259 61.06622489735577
-10.9082373044329 55.26326934115046
-12.96938125503154 46.610702987422655
-15.030525205630182 40.846371747879346
-17.09166915622882 35.90696405848052
-19.152813106827463 31.58312315703646
-21.213957057426104 28.021313278342934
-23.275101008024745 25.259679835059433
-25.336244958623386 19.391870843248547
-27.397388909222023 16.386690255539573
-29.458532859820664 14.582134450788718
-31.51967681041931 12.797015157463814
-33.58082076101795 11.337910988515185
-35.64196471161659 10.040218541138275
-37.70310866221523 9.020823899676476
-39.76425261281387 7.011151359567105
-41.82539656341251 5.403121811363127
-43.88654051401115 4.660865784960808
-45.94768446460979 4.173494827610123
-48.008828415208434 4.025016521685312
-50.06997236580708 4.4110183696061736
-52.13111631640572 3.973464508894726
-54.192260267004364 1.4240230039542952
-56.253404217603 1.819284781719823
-58.31454816820164 0.8553684029748202
-60.37569211880028 0.9268048062314185
-62.43683606939892 0.21644439074841174
-64.49798001999757 2.2721776170532006
-66.5591239705962 1.0590547509121622
-68.62026792119484 0.7053020260860741
-70.68141187179349 2.401321441920884
-72.74255582239212 2.2646119157502222
-74.80369977299078 4.184062538758914
-76.86484372358942 -0.49504998146206697
-78.92598767418805 -0.5854866836843147
-80.9871316247867 0.6952554151580427
-83.04827557538533 1.595159630650813
-85.10941952598398 1.082854809790766
-87.17056347658261 1.474908457539541
-89.23170742718126 1.8460015818959987
-91.2928513777799 0.9183626170024181
-93.35399532837853 -0.5367813617269057
-95.41513927897718 0.4039701604615125
-97.47628322957581 -0.558119955630148
-99.53742718017445 -0.2991690211794882
-101.59857113077308 -0.27252722116088096
-103.65971508137173 0.35234770356639705
-105.72085903197036 1.000274320862783
-107.78200298256901 0.6786849122400653
-109.84314693316765 1.468978069430087
-111.90429088376628 -0.8380112263800901
-113.96543483436494 -0.7847749590823392
-116.02657878496358 -0.8611100048321436
-118.08772273556222 -0.9295450275569345
-120.14886668616086 -1.3629044838257502
-122.2100106367595 -0.5266311301772327
-124.27115458735814 -0.5789129915967233
-126.33229853795677 -0.6355749174865536
-128.39344248855542 -0.904654420644941
-130.45458643915404 -2.3168723513368046
-132.5157303897527 -0.1114170261062513
-134.57687434035137 0.713369405750009
-136.63801829095 -1.756221304204949
-138.69916224154863 -1.2023871493756089
-140.76030619214725 -1.2173816544388045
-142.8214501427459 -1.74875692722575
-144.88259409334455 -1.4141663721084046
-146.9437380439432 -2.2458576987923933
-149.00488199454182 0.29210791022157306
-151.06602594514047 -2.164697696628645
-153.1271698957391 -1.690375412885087
-155.18831384633776 -0.32490794495407976
-157.24945779693638 -2.092626181661979
-159.31060174753503 -2.5635309188233517
-161.37174569813365 -0.8985137713835449
-163.43288964873233 -1.1890482792764692
-165.49403359933095 -1.9906156636412073
-167.5551775499296 -1.5099992536239548
-169.61632150052822 -2.7155953296921536
-171.67746545112686 0.07204083738472884
-173.73860940172554 -0.7689589510571994
-175.79975335232416 -3.0403885439198683
-177.8608973029228 -1.5883957234152881
-179.92204125352143 -1.8302418485707108
-181.98318520412008 -1.3902931915977306
-184.04432915471872 -1.0846276146390192
-186.10547310531737 -2.0862887591929726
-188.166617055916 -2.9238537375040474
-190.22776100651464 -1.9158640965630929
-192.2889049571133 -0.5712022849384262
-194.35004890771194 -0.9558365955293344
-196.41119285831056 -2.904045998904052
-198.4723368089092 -2.662340508959017
-200.53348075950782 -2.154239841598009
-202.5946247101065 -3.821598084759196
-204.65576866070512 -2.411461729218353
-206.71691261130377 -0.719288291585708
-208.7780565619024 -2.7318704418283124
-210.83920051250104 -0.9625642768739142
-212.9003444630997 -3.3199455960180275
-214.96148841369833 -1.7571634089781596
-217.02263236429698 -1.5493024173550558
-219.0837763148956 -2.1638556532557294
-221.14492026549425 -0.6573565903814494
-223.2060642160929 -2.504907300079449
-225.26720816669155 -1.7847867889482327
-227.32835211729017 -0.8655440734931883
-229.3894960678888 -2.518588005354664
-231.45064001848746 -3.4664097218578953
-233.5117839690861 -2.8450989862949467
-235.57292791968473 -0.5729959089321478
-237.63407187028338 -1.442292817304353
-239.695215820882 -1.9968591285035033
-241.75635977148067 -1.570445491312773
-243.8175037220793 -2.343427421174892
-245.87864767267794 -1.9210392626781427
-247.93979162327656 -2.7520359484676757
-250.0009355738752 -2.561719782213286
-252.0620795244739 -0.5524922832826402
-254.1232234750725 -0.4545469772695371
-256.18436742567116 0.5785442720228736
-258.2455113762698 -1.3804627083965306
-260.30665532686845 1.073975334256795
-262.3677992774671 1.2894077281409748
