# BEGINHEADER
# This file contains data from the SALSA 2m radio telescope.
# DATE=2021-11-29T15:56:0013
# GLON and GLAT given in degrees
# GLON=91.92149218811802
# GLAT=11.994219683367154
# DATA in two columns below. Col. 1 is velocity relative to LSR [km/s]. Col. 2 is uncalibrated antenna temperature [K].
# ENDHEADER
271.88901360012125 2.044016849804741
269.82786964952265 3.3048712286244326
267.766725698924 2.0577815008669416
265.7055817483253 4.490261640205301
263.6444377977267 5.11313143233202
261.58329384712806 4.137177378985436
259.5221498965294 4.349390644007939
257.46100594593076 4.284828350126118
255.39986199533215 5.626856462846326
253.33871804473353 4.723738456756605
251.27757409413485 6.0000055294087495
249.21643014353623 4.545659449868694
247.15528619293758 6.041157438178578
245.09414224233896 6.703913368719467
243.0329982917403 5.5719250582794215
240.97185434114166 5.893845003228156
238.91071039054302 6.213927690403366
236.8495664399444 7.459737675141906
234.78842248934575 4.3642439595053695
232.7272785387471 7.889499429087952
230.66613458814845 7.09881387669422
228.6049906375498 5.343030971576065
226.54384668695118 4.605508475286616
224.48270273635254 7.4570283399779775
222.4215587857539 6.471168532356129
220.36041483515524 4.602056551192524
218.29927088455662 6.261688193126125
216.23812693395797 6.727426034908053
214.17698298335935 6.4088178977428
212.11583903276068 9.009921027529376
210.05469508216206 8.826954526819224
207.9935511315634 5.245462784374661
205.9324071809648 8.242590992417522
203.87126323036614 5.500067333380492
201.8101192797675 7.802351795568202
199.74897532916884 5.951656359793371
197.68783137857025 6.644945166135671
195.62668742797158 6.633853511187414
193.56554347737293 5.980215251702923
191.5043995267743 7.340989370647424
189.44325557617566 7.644720365509437
187.38211162557704 4.493469168070103
185.32096767497836 6.3995836355515365
183.25982372437974 5.3150040878997125
181.1986797737811 7.100707259599335
179.13753582318247 8.136183045850903
177.07639187258383 5.054191591139089
175.01524792198518 7.7731084369152805
172.95410397138653 5.4454513385927905
170.8929600207879 7.524891695154714
168.83181607018926 7.797875061104708
166.7706721195906 7.726429445320696
164.70952816899197 8.291914455415341
162.64838421839335 6.405251763565957
160.5872402677947 8.770955880099118
158.52609631719608 7.6770190489772165
156.4649523665974 4.892624396226822
154.40380841599875 6.862458797875497
152.34266446540013 5.896994238742472
150.28152051480149 7.041175632004347
148.22037656420287 5.31070276180342
146.1592326136042 6.394379476065297
144.09808866300557 6.04022345197103
142.03694471240692 9.115506175707713
139.9758007618083 8.50448489166803
137.91465681120965 5.818838594174516
135.853512860611 5.366385793616677
133.79236891001236 6.373453965938697
131.73122495941374 7.836186025992724
129.6700810088151 5.886849490452537
127.60893705821644 5.870586828997137
125.54779310761779 6.281754235995798
123.48664915701916 6.7691445357287074
121.42550520642052 7.7682397985881675
119.36436125582188 5.984456470086082
117.30321730522324 6.538391863500377
115.2420733546246 4.268019919534466
113.18092940402596 7.928622882525558
111.11978545342731 5.673522598643189
109.05864150282868 6.077020514916281
106.99749755223004 8.237603744178212
104.9363536016314 4.632121674556046
102.87520965103276 3.95306794031096
100.81406570043411 6.403443924584004
98.75292174983545 5.282634485627624
96.69177779923682 6.89679310588716
94.63063384863817 7.313504572232892
92.56948989803954 6.524049191342603
90.50834594744089 5.553348813766702
88.44720199684225 6.474504028255145
86.38605804624362 6.399196021106025
84.32491409564497 6.428716722891543
82.26377014504634 4.946775654053679
80.20262619444769 3.91884676591469
78.14148224384905 5.459582997545836
76.0803382932504 5.670275551755501
74.01919434265177 8.964740266382927
71.95805039205314 3.0792907474156843
69.89690644145449 7.498052831640661
67.83576249085586 4.65859471705145
65.77461854025721 4.436820096828716
63.71347458965857 4.7823086897435045
61.652330639059926 5.6573236912474485
59.591186688461285 5.87289504303041
57.530042737862644 3.480558797735574
55.468898787264 6.2808676768155856
53.40775483666537 7.690687271947288
51.34661088606672 6.691243971355607
49.28546693546808 5.990684251928182
47.22432298486944 5.599605261694044
45.1631790342708 6.217921879629816
43.102035083672156 5.6618418875402945
41.04089113307352 5.926915532649255
38.97974718247488 6.3719867129290195
36.91860323187624 5.571560313795573
34.8574592812776 7.718710759504472
32.79631533067895 4.565847614871953
30.735171380080313 7.263243576425632
28.674027429481676 10.220255364572326
26.61288347888303 5.4524079307240925
24.551739528284394 8.28428718388273
22.490595577685752 10.077109722608439
20.429451627087115 10.48785898462633
18.368307676488474 9.245948205985318
16.307163725889833 11.080352955124319
14.24601977529119 15.203281551560167
12.18487582469255 17.08640319036547
10.123731874093908 21.483476717816675
8.062587923495268 28.243982832659757
6.001443972896627 38.752848616946686
3.940300022297986 48.34426965699336
1.8791560716993454 53.034226623011925
-0.18198787889929535 52.9665865639891
-2.243131829497936 53.37091112666591
-4.304275780096576 49.762007965986676
-6.365419730695217 44.658575651109494
-8.426563681293857 35.322230151850555
-10.4877076318925 31.95409894287041
-12.548851582491139 27.209874876137697
-14.60999553308978 25.36693486392553
-16.67113948368842 21.10712418500288
-18.732283434287062 19.938827101805767
-20.793427384885703 14.573918680781025
-22.854571335484344 17.62428584268817
-24.915715286082985 17.33295020179598
-26.976859236681626 14.218668592270559
-29.038003187280268 14.380365717703688
-31.099147137878912 12.992851090657645
-33.16029108847755 12.665416248136733
-35.22143503907619 11.200802742962635
-37.28257898967483 9.438404689377778
-39.34372294027347 9.705399226195812
-41.404866890872114 9.953256742251748
-43.46601084147075 7.859694164138353
-45.527154792069396 8.242152238634405
-47.58829874266804 8.616775602158336
-49.64944269326668 7.052540950411379
-51.71058664386532 5.234347730574133
-53.77173059446396 7.156101861480969
-55.832874545062595 8.328723401204696
-57.894018495661236 4.228693813545659
-59.95516244625988 6.684312999487164
-62.01630639685852 6.249181775066002
-64.07745034745716 6.28456904852182
-66.1385942980558 6.11479507454032
-68.19973824865444 6.456970005887083
-70.26088219925309 8.634868955802606
-72.32202614985172 8.494144323731724
-74.38317010045037 6.901526920542048
-76.444314051049 7.1951700080020595
-78.50545800164764 6.620324965725582
-80.56660195224629 5.7750778570044465
-82.62774590284492 4.878393380320367
-84.68888985344357 6.712761137694723
-86.7500338040422 5.9097744544392015
-88.81117775464085 4.597302311626499
-90.87232170523949 5.668207274103786
-92.93346565583812 7.299999558345684
-94.99460960643678 4.516871091008266
-97.05575355703542 4.85249215642094
-99.11689750763405 2.9644924498576946
-101.17804145823268 2.974604350262363
-103.23918540883133 5.741187653138176
-105.30032935942997 4.124049459198713
-107.36147331002861 -0.3405123705396442
-109.42261726062725 4.879778203498621
-111.48376121122588 5.150631397256096
-113.54490516182453 1.725940734903272
-115.60604911242316 5.053246176009092
-117.66719306302181 4.609523204159879
-119.72833701362045 3.65978307227732
-121.7894809642191 4.8369583016050814
-123.85062491481773 1.0389358768927686
-125.91176886541636 5.724826460916519
-127.97291281601501 5.3998218169430405
-130.03405676661365 4.580913286073627
-132.0952007172123 3.2267179730784084
-134.15634466781094 1.6614168477428632
-136.2174886184096 3.4156833670163897
-138.2786325690082 3.8761477983046264
-140.33977651960686 2.1533000938204983
-142.40092047020548 3.029377649058135
-144.46206442080415 2.389511738841612
-146.52320837140277 3.2110287688091224
-148.58435232200142 2.84209141021343
-150.64549627260004 0.8226319051774208
-152.7066402231987 3.8366324469638755
-154.76778417379737 4.082842772370658
-156.828928124396 1.0990296752684638
-158.89007207499463 1.4731188932981105
-160.95121602559325 1.44542441738021
-163.01235997619193 0.2326034941942958
-165.07350392679055 2.0715110233938057
-167.1346478773892 2.6491802095689057
-169.19579182798782 2.123247489623448
-171.25693577858647 2.4385696767892324
-173.31807972918511 2.5655537359625074
-175.37922367978376 1.4706140512326877
-177.44036763038238 3.112281352270871
-179.50151158098103 5.50532842749219
-181.56265553157965 0.6365017153024027
-183.62379948217833 1.0687838906912785
-185.68494343277695 2.988871279685762
-187.7460873833756 2.3629402507974593
-189.80723133397422 2.382135944901009
-191.8683752845729 0.9829048215592179
-193.92951923517154 0.42492606280696615
-195.99066318577016 1.1834859244616402
-198.0518071363688 3.0165342282439624
-200.11295108696746 1.1762517031787971
-202.1740950375661 -1.1536734934617576
-204.23523898816475 0.5521339115463155
-206.2963829387634 1.8549239323894429
-208.35752688936202 -0.21865710773847424
-210.41867083996067 0.6717328618799041
-212.4798147905593 3.1238701426530695
-214.54095874115797 0.61619359257075
-216.60210269175658 -0.8027129607269926
-218.66324664235523 1.7000727821355919
-220.72439059295385 0.8202299351633496
-222.7855345435525 0.9847526123344812
-224.84667849415115 -0.07832056186849151
-226.9078224447498 0.6182356026675206
-228.96896639534845 1.0402329752280428
-231.03011034594707 1.096353084056373
-233.09125429654574 2.406013199633878
-235.15239824714436 3.695446387936297
-237.213542197743 1.9230812995844577
-239.27468614834163 2.9393487326576135
-241.33583009894028 2.6357982984062818
-243.39697404953893 1.752167831071011
-245.45811800013757 3.662800119933461
-247.5192619507362 1.1968124420386064
-249.58040590133484 3.0785520164953146
-251.64154985193346 3.0602019866318786
-253.70269380253214 2.3924225587137853
