# BEGINHEADER
# This file contains data from the SALSA 2m radio telescope.
# DATE=2021-11-24T15:31:0040
# GLON and GLAT given in degrees
# GLON=62.8426204674058
# GLAT=0.13583918355087457
# DATA in two columns below. Col. 1 is velocity relative to LSR [km/s]. Col. 2 is uncalibrated antenna temperature [K].
# ENDHEADER
264.59260323239204 -6.294478917030984
262.53145928179345 -12.862418710135609
260.4703153311948 -10.55725971799807
258.40917138059615 -12.109877435412722
256.3480274299975 -13.172071047403394
254.28688347939888 -11.075753414732764
252.22573952880023 -12.258930390387725
250.16459557820158 -10.600813003321111
248.10345162760296 -12.294773453470727
246.04230767700432 -13.597279071552828
243.98116372640567 -12.109919897748972
241.92001977580702 -14.16319625288478
239.85887582520837 -13.66945534434321
237.79773187460975 -13.246218958190124
235.7365879240111 -11.186572532224755
233.67544397341246 -12.695968439435871
231.6143000228138 -12.401220890126684
229.5531560722152 -10.041534004087843
227.49201212161654 -11.723346556664284
225.43086817101792 -13.804097917433591
223.36972422041924 -11.153155961890327
221.30858026982062 -12.735723600366555
219.24743631922198 -14.316593818962483
217.18629236862336 -11.541514236541135
215.1251484180247 -12.468444563099837
213.06400446742606 -12.609939904249785
211.0028605168274 -12.22813724273901
208.9417165662288 -11.04641054679041
206.88057261563014 -11.158484151171757
204.8194286650315 -11.483624257652886
202.75828471443285 -9.45617967456815
200.6971407638342 -12.612296642757766
198.63599681323558 -12.83100377891169
196.57485286263693 -10.525701278787032
194.51370891203828 -10.377957655439
192.45256496143963 -12.792216528422347
190.39142101084101 -10.055123607297755
188.33027706024237 -13.630515101126013
186.26913310964375 -11.230424459094985
184.20798915904507 -14.622026444704447
182.14684520844645 -12.173637576625584
180.0857012578478 -10.450475953220062
178.02455730724918 -11.193299492072546
175.96341335665053 -11.895725416752507
173.9022694060519 -11.043510664034212
171.84112545545324 -12.013874546596599
169.77998150485462 -9.641529757906067
167.71883755425597 -11.078423406991766
165.6576936036573 -12.587519177975786
163.59654965305867 -10.490406644011118
161.53540570246003 -10.189524596470818
159.4742617518614 -10.406757256977508
157.41311780126276 -13.000765792150933
155.3519738506641 -10.323474024892697
153.29082990006546 -11.519128794761427
151.22968594946684 -9.740207987247087
149.1685419988682 -12.57607362039511
147.10739804826957 -10.049143244514179
145.0462540976709 -10.834472335253919
142.98511014707228 -9.208602798988403
140.92396619647363 -10.137887971382478
138.862822245875 -10.935742018631167
136.80167829527633 -11.615230868911599
134.7405343446777 -11.691995912630853
132.67939039407906 -10.746958021169942
130.61824644348044 -10.938690088471411
128.55710249288177 -10.44416202826838
126.49595854228315 -11.433416166258523
124.4348145916845 -12.136382805542558
122.37367064108587 -12.326928296462821
120.31252669048723 -8.22326811646304
118.25138273988858 -9.796444935073335
116.19023878928995 -10.695716010119995
114.1290948386913 -8.605682297610269
112.06795088809267 -12.007616823126455
110.006806937494 -9.265076132286934
107.94566298689537 -10.536565937168469
105.88451903629674 -10.117908867245177
103.82337508569809 -6.843754827888242
101.76223113509946 -10.070417698077325
99.7010871845008 -10.182992124107075
97.63994323390217 -11.75257466076677
95.57879928330352 -9.544842767006859
93.51765533270489 -11.780259516124001
91.45651138210626 -10.47275699686442
89.39536743150761 -9.768636616608529
87.33422348090897 -10.099676491875307
85.27307953031033 -9.599704902312466
83.21193557971169 -8.293866595355219
81.15079162911306 -9.051745394106677
79.08964767851441 -8.628655665808639
77.02850372791578 -9.624919153438757
74.96735977731713 -8.941396737632607
72.9062158267185 -8.330638554907422
70.84507187611983 -9.302315406516556
68.7839279255212 -7.486673219564048
66.72278397492256 -7.1693491818172435
64.66164002432392 -9.43821729542788
62.60049607372528 -9.434756772738226
60.53935212312663 -9.75406585533747
58.478208172528 -6.939510536753411
56.41706422192936 -8.505956840651024
54.35592027133072 -8.939076758802235
52.294776320732076 -3.62959253091844
50.233632370133435 -4.055660915364381
48.172488419534794 -2.114228678248202
46.11134446893615 -4.053225526488248
44.05020051833751 -0.2453658014467475
41.989056567738864 5.531997748376759
39.92791261714022 7.881708014798433
37.86676866654158 11.146557844604807
35.80562471594295 19.516708959405978
33.744480765344306 21.401842358523627
31.683336814745665 29.920401068221153
29.622192864147024 34.524078670487235
27.56104891354838 43.053382008677644
25.499904962949742 46.8557143331147
23.438761012351105 51.82203164419612
21.377617061752463 56.239439017491705
19.316473111153822 55.43112706984105
17.255329160555178 60.315761232990596
15.19418520995654 64.43184132833875
13.1330412593579 70.09499283367283
11.071897308759256 72.95245717541344
9.010753358160617 71.26481743011081
6.949609407561975 67.38983026047141
4.888465456963335 62.51755337920018
2.827321506364694 53.076127561880554
0.7661775557660532 46.554486026306954
-1.2949663948325876 38.58211152131327
-3.356110345431228 32.742825000833285
-5.417254296029869 28.847537606884146
-7.47839824662851 21.385413631096522
-9.539542197227151 23.41537974967895
-11.60068614782579 18.584826133658517
-13.661830098424431 15.692678028990159
-15.72297404902307 15.68548180002142
-17.78411799962171 10.592670722764948
-19.84526195022035 12.50775890575461
-21.906405900818996 7.270742945306805
-23.967549851417637 2.8362829625193746
-26.028693802016278 2.5257372919677312
-28.08983775261492 0.17161861105946702
-30.15098170321356 1.1587344628914842
-32.2121256538122 0.6049134534035667
-34.273269604410835 -3.2149556151297847
-36.33441355500948 -1.2397195763141158
-38.395557505608124 -0.4656035604292902
-40.456701456206765 -1.4391907754036202
-42.51784540680541 0.09216921199811993
-44.57898935740405 -0.7512799494908449
-46.64013330800269 2.460092498004543
-48.70127725860132 5.941405690233765
-50.76242120919996 5.840989059002215
-52.8235651597986 7.785825196238661
-54.884709110397246 10.174849251390933
-56.94585306099589 14.379746140035026
-59.00699701159453 16.762151912634597
-61.06814096219317 17.60610861348431
-63.12928491279181 19.427417829098022
-65.19042886339045 19.50919273794021
-67.25157281398909 21.273172634765682
-69.31271676458773 19.651838728536987
-71.37386071518637 17.13309219101688
-73.435004665785 15.88566603449093
-75.49614861638365 11.270637627461223
-77.55729256698228 7.912382297328689
-79.61843651758093 5.15330558862987
-81.67958046817957 2.9509461500011662
-83.74072441877823 -0.2795273988595086
-85.80186836937686 -2.0250555332246805
-87.8630123199755 -1.0096593367282127
-89.92415627057414 -6.0090812141779875
-91.98530022117278 -4.823367989981524
-94.04644417177143 -4.363830412935093
-96.10758812237006 -7.534388157794795
-98.16873207296871 -5.918116270438722
-100.22987602356734 -4.9224047332385075
-102.29101997416598 -6.3784987710460435
-104.35216392476462 -7.395644394243017
-106.41330787536326 -8.734200221598112
-108.4744518259619 -6.803314105819308
-110.53559577656054 -7.851739963510191
-112.59673972715918 -9.671635841190131
-114.65788367775782 -10.800387050739545
-116.71902762835646 -9.773419244192455
-118.7801715789551 -9.034363901763601
-120.84131552955374 -9.503772442882322
-122.9024594801524 -8.819523584278537
-124.96360343075104 -7.955539153361956
-127.02474738134967 -9.33866258253105
-129.08589133194832 -8.41245281071063
-131.14703528254694 -8.72864455953654
-133.2081792331456 -7.529089186283484
-135.26932318374423 -7.453051809866191
-137.33046713434288 -7.174796480926905
-139.3916110849415 -9.803228654481964
-141.45275503554015 -8.107946555556996
-143.5138989861388 -9.466818679303158
-145.57504293673745 -8.11455026684254
-147.6361868873361 -7.111959775724942
-149.69733083793471 -9.94943821788256
-151.75847478853336 -8.720889946194987
-153.819618739132 -7.601906125394813
-155.88076268973066 -8.657737716341108
-157.94190664032928 -8.91372666416316
-160.00305059092793 -7.158248088721566
-162.06419454152655 -8.19415194830658
-164.12533849212522 -8.755013941672422
-166.18648244272384 -10.026193124989634
-168.2476263933225 -10.428393167086758
-170.3087703439211 -9.357846607741802
-172.36991429451976 -7.68915607210943
-174.4310582451184 -7.013609447499693
-176.49220219571706 -6.939178794919235
-178.55334614631568 -5.485189867098783
-180.61449009691432 -6.957453972451949
-182.67563404751297 -9.118063336656775
-184.73677799811162 -6.21249149277826
-186.79792194871027 -6.632654024179213
-188.8590658993089 -10.096364345141433
-190.92020984990754 -6.785027408068893
-192.98135380050618 -7.408709909095022
-195.04249775110483 -9.22256848005316
-197.10364170170345 -5.695616600996556
-199.1647856523021 -8.385960281128346
-201.22592960290072 -9.353582469629684
-203.2870735534994 -8.011719281313871
-205.34821750409802 -8.163681568080516
-207.40936145469666 -7.634240934562525
-209.47050540529528 -8.78939281386078
-211.53164935589393 -7.916961945872436
-213.59279330649258 -6.667654857446881
-215.65393725709123 -7.565005612367273
-217.71508120768985 -6.67414689255749
-219.7762251582885 -5.398052151600168
-221.83736910888717 -7.249841653688102
-223.8985130594858 -10.301740000752375
-225.95965701008444 -7.5677712387890566
-228.02080096068306 -6.973431562560101
-230.0819449112817 -6.927726104543243
-232.14308886188036 -9.314070443271254
-234.204232812479 -9.801110434180872
-236.26537676307763 -6.640820081645747
-238.32652071367627 -8.870576392648102
-240.3876646642749 -6.733429028600307
-242.44880861487357 -7.6181269397318765
-244.5099525654722 -8.415360493856758
-246.57109651607084 -8.139377974548648
-248.63224046666946 -8.700370328687852
-250.69338441726813 -7.419652780716674
-252.75452836786675 -10.872608123904488
-254.8156723184654 -8.784356783867757
-256.876816269064 -8.128887827090535
-258.93796021966267 -10.383223297192552
-260.9991041702613 -10.433288342846135
