# BEGINHEADER
# This file contains data from the SALSA 2m radio telescope.
# DATE=2021-11-25T16:38:0007
# GLON and GLAT given in degrees
# GLON=120.92420670312838
# GLAT=-21.690054346583185
# DATA in two columns below. Col. 1 is velocity relative to LSR [km/s]. Col. 2 is uncalibrated antenna temperature [K].
# ENDHEADER
254.61249258896856 1.7057683159487325
252.55134863836994 3.9471915189064024
250.49020468777127 4.107287825137308
248.42906073717265 3.9958704186834733
246.367916786574 6.297538391992629
244.30677283597538 4.774749641004196
242.2456288853767 5.520921752453359
240.18448493477808 6.441806389254598
238.12334098417944 5.7618669965073375
236.06219703358082 6.862416859291568
234.00105308298217 5.496157148571884
231.93990913238352 6.766849358639913
229.87876518178487 5.415972855410384
227.81762123118625 5.415682557057767
225.7564772805876 6.471873248671812
223.69533332998896 6.616390450305918
221.6341893793903 6.533089540028785
219.57304542879166 6.364158446658246
217.51190147819304 7.983509879499927
215.4507575275944 7.2018417561208645
213.38961357699574 5.525235351064749
211.3284696263971 6.5625554554881
209.26732567579847 6.2741779702581795
207.20618172519983 7.413044061333223
205.1450377746012 7.201829059937238
203.08389382400253 8.154165855144361
201.0227498734039 7.454427533997471
198.96160592280526 6.821821400379374
196.90046197220664 7.770947271336066
194.839318021608 7.071349989788589
192.77817407100935 7.380997510470694
190.7170301204107 7.43887048092858
188.65588616981208 7.214327623317008
186.59474221921343 6.072810545706888
184.53359826861475 6.53285188943788
182.47245431801613 7.257831214437022
180.41131036741749 7.206347871877422
178.35016641681887 6.922093879743298
176.28902246622022 7.108529518523771
174.22787851562157 6.923976583477795
172.16673456502292 7.398927213882569
170.1055906144243 7.619332131766873
168.04444666382565 6.160503573129453
165.98330271322703 7.575253422140207
163.92215876262836 7.593135642963065
161.86101481202974 6.586854433422393
159.7998708614311 6.922815481705221
157.73872691083247 7.670000794142
155.67758296023382 6.698998793577493
153.61643900963517 7.0185311141889635
151.55529505903652 6.57823935692729
149.4941511084379 6.9739122960667554
147.43300715783926 8.025272483020155
145.37186320724058 6.791841503927696
143.31071925664196 7.495331117872218
141.2495753060433 6.940339887473847
139.1884313554447 6.469390668200413
137.12728740484604 6.718639467584306
135.0661434542474 6.553795519960591
133.00499950364875 7.083827486202335
130.94385555305013 6.280341756045962
128.88271160245148 8.123488577699034
126.82156765185283 7.7926133944013944
124.7604237012542 6.9930589126676255
122.69927975065555 6.979062627039904
120.63813580005692 7.277566262125181
118.57699184945827 7.083629428247836
116.51584789885963 7.8649374265112355
114.45470394826098 6.982749973851465
112.39355999766235 7.714707986911864
110.33241604706372 7.780371841290422
108.27127209646507 6.820755829387576
106.21012814586643 7.248725498827158
104.14898419526779 7.117377714964303
102.08784024466915 6.653523182385868
100.02669629407052 5.024750605150554
97.96555234347186 6.514505221731911
95.90440839287322 7.862490628065036
93.84326444227457 7.657850082308102
91.78212049167593 5.986558460364029
89.72097654107729 6.720738677678485
87.65983259047864 6.943796341739837
85.59868863988001 6.706382301136134
83.53754468928136 6.739000948782455
81.47640073868273 6.396399602808564
79.4152567880841 6.529341179451053
77.35411283748545 6.108475862591854
75.29296888688681 6.480525761479971
73.23182493628816 6.178405828334563
71.17068098568953 6.834935260244441
69.10953703509088 7.270427248948689
67.04839308449225 5.89018598823278
64.9872491338936 6.758749895298277
62.92610518329496 6.548889802710902
60.86496123269632 6.951255001326109
58.80381728209768 6.699393446602992
56.74267333149904 6.157467350515137
54.6815293809004 6.5973821044955825
52.62038543030176 6.6598380926184335
50.55924147970312 6.910443707807849
48.498097529104484 7.058260863652422
46.43695357850584 6.97570931199391
44.3758096279072 6.8820251316942365
42.314665677308554 5.713075601291722
40.25352172670992 6.241252880398146
38.19237777611128 6.615607475473182
36.13123382551264 6.873125702920439
34.070089874914 7.044585083928441
32.008945924315356 5.811110720741017
29.947801973716718 5.378263685486825
27.886658023118073 6.087831181253912
25.825514072519432 5.826251523760979
23.76437012192079 6.256588612184513
21.70322617132215 6.519568080634229
19.64208222072351 7.171603230136856
17.580938270124868 7.499539827917471
15.519794319526227 8.341237389425926
13.458650368927588 9.848362867847536
11.397506418328947 11.862351713251215
9.336362467730307 13.925700816705932
7.275218517131665 15.470870236035903
5.214074566533025 19.791087117195218
3.1529306159343844 25.781785659648776
1.0917866653357429 34.62153551029295
-0.9693572852628979 32.666650601300674
-3.030501235861539 27.962215382443485
-5.091645186460179 23.632929871244446
-7.15278913705882 19.2871796149898
-9.21393308765746 17.6646471766745
-11.2750770382561 15.693424722864295
-13.336220988854745 16.40908551485015
-15.397364939453384 15.668905590125597
-17.458508890052023 15.276296387741992
-19.519652840650668 14.193002637038688
-21.58079679124931 15.0584097167683
-23.641940741847947 14.130508494707144
-25.703084692446584 12.728201500167017
-27.764228643045225 12.338377200950635
-29.82537259364387 11.951305329064537
-31.886516544242507 12.112155330436403
-33.947660494841145 11.374636481885615
-36.00880444543979 9.844194938429137
-38.069948396038434 10.51614531898192
-40.131092346637075 10.142836901840072
-42.19223629723571 9.872903177028345
-44.25338024783435 8.973503113680355
-46.31452419843299 9.188051036165705
-48.37566814903163 9.440934036571052
-50.43681209963028 8.92791351424103
-52.497956050228915 8.466858921929331
-54.55910000082756 8.644658934019635
-56.620243951426204 7.418529714682605
-58.681387902024845 7.2536487446774
-60.742531852623486 7.0181897596062175
-62.80367580322213 7.892434120481411
-64.86481975382077 5.876659698223579
-66.92596370441942 4.93601354985212
-68.98710765501805 5.171667816161506
-71.0482516056167 5.660344935019263
-73.10939555621533 5.900378194159111
-75.17053950681397 5.811023018214141
-77.23168345741261 5.603156495547362
-79.29282740801125 4.930706856248375
-81.3539713586099 4.193969146853668
-83.41511530920853 5.011776830987134
-85.47625925980718 4.14793550770856
-87.53740321040581 4.307241515724987
-89.59854716100445 4.400743440157219
-91.6596911116031 5.115302287543372
-93.72083506220173 4.803145229840292
-95.78197901280038 4.349821004093961
-97.84312296339901 4.006050653440456
-99.90426691399765 4.824721867365694
-101.96541086459628 3.571741523917348
-104.02655481519494 2.6584843952306905
-106.08769876579358 3.9308442673243547
-108.14884271639221 3.831847893031962
-110.20998666699086 3.496043152286425
-112.27113061758949 3.849026476373015
-114.33227456818814 4.030988104695455
-116.39341851878677 3.1960726655919474
-118.45456246938542 3.2942123480934007
-120.51570641998406 2.5359692496493733
-122.57685037058269 2.3068454669936296
-124.63799432118134 3.651237777763326
-126.69913827177997 3.296098798523726
-128.76028222237863 2.4205617745985246
-130.82142617297725 2.812171964833246
-132.8825701235759 3.6314734201254657
-134.94371407417452 2.5310354912000936
-137.0048580247732 1.8970284308660201
-139.06600197537182 3.1913130576796647
-141.12714592597047 3.1680049033403654
-143.1882898765691 3.5945833183245868
-145.24943382716776 2.481400223281342
-147.31057777776638 3.435495648283574
-149.37172172836503 2.3664491973888957
-151.43286567896365 2.3067748965866994
-153.4940096295623 1.5649246410353614
-155.55515358016095 1.9973006649254572
-157.6162975307596 2.0176835413226226
-159.67744148135822 2.5518126978571543
-161.73858543195686 2.5341883497340376
-163.7997293825555 2.052526559013875
-165.86087333315416 1.4293088360508974
-167.9220172837528 2.233573653966557
-169.98316123435143 2.336553855439301
-172.04430518495008 0.7239320378928557
-174.10544913554872 1.4840948627197428
-176.16659308614737 1.53096192251017
-178.227737036746 3.0865586413773367
-180.28888098734464 2.828559139844659
-182.35002493794326 1.6306709425753567
-184.41116888854194 0.6917651634038073
-186.47231283914056 1.9495141594398189
-188.5334567897392 1.445892145584588
-190.59460074033782 2.212999359640514
-192.65574469093647 2.5465479677535914
-194.71688864153512 0.5561618301016319
-196.77803259213377 2.4879884460640747
-198.8391765427324 1.9084690320836368
-200.90032049333104 0.4958221736980982
-202.9614644439297 1.811473952350082
-205.02260839452833 2.066757389539295
-207.08375234512698 0.4634370302165355
-209.1448962957256 1.9687049958863279
-211.20604024632425 1.8512571898646788
-213.2671841969229 0.9648690660876442
-215.32832814752155 1.7935547694352465
-217.38947209812017 0.8967588632859299
-219.4506160487188 2.8429669175622325
-221.51175999931743 1.062202676568182
-223.5729039499161 0.9997547476880368
-225.63404790051473 1.9711471650530143
-227.69519185111338 1.0366837779814013
-229.756335801712 1.5807107646004577
-231.81747975231065 2.438221103341766
-233.8786237029093 1.8648071926644356
-235.93976765350794 0.88791714248726
-238.0009116041066 0.6755963233245312
-240.0620555547052 2.084103619849355
-242.1231995053039 0.5632556487061586
-244.1843434559025 0.876530488534074
-246.24548740650116 0.7811215145283517
-248.30663135709977 1.6460297548954157
-250.36777530769842 2.076984951832647
-252.42891925829707 0.8248368951014465
-254.49006320889572 1.3942762437902823
-256.55120715949437 1.5460815439079032
-258.61235111009296 1.6474113925332594
-260.6734950606916 1.2412808098539558
-262.73463901129026 1.8484639416535678
-264.7957829618889 2.615782170491819
-266.85692691248755 3.2743016494252077
-268.9180708630862 1.832818126515192
-270.9792148136848 3.8205833192281924
