# BEGINHEADER
# This file contains data from the SALSA 2m radio telescope.
# DATE=2021-11-25T17:51:0018
# GLON and GLAT given in degrees
# GLON=155.82104676576014
# GLAT=-6.2520901439899665
# DATA in two columns below. Col. 1 is velocity relative to LSR [km/s]. Col. 2 is uncalibrated antenna temperature [K].
# ENDHEADER
263.26015089772324 -0.14955384493786886
261.1990069471246 1.0606282793182653
259.13786299652594 1.6742357412941522
257.0767190459273 3.4772931435140233
255.01557509532864 3.5090383379590304
252.95443114473002 4.515339026462394
250.89328719413137 3.093561228000389
248.83214324353276 3.552401526977667
246.7709992929341 4.82228391213423
244.70985534233546 4.197448476156514
242.6487113917368 4.682082282092296
240.5875674411382 4.639232439467641
238.52642349053954 4.7445686058364505
236.4652795399409 5.6031220163657665
234.40413558934225 5.040024717998257
232.34299163874363 4.5119398882218995
230.28184768814498 4.597833514278589
228.22070373754636 3.5150304644189934
226.15955978694768 6.203681191152471
224.09841583634903 6.081171328057002
222.0372718857504 6.501625743419487
219.97612793515177 5.493951458435586
217.91498398455315 4.82622395706188
215.85384003395447 8.06437626397473
213.79269608335585 4.56202809958357
211.7315521327572 7.043751092249735
209.67040818215858 5.698787936685661
207.6092642315599 6.517824587789398
205.54812028096129 5.980300231483926
203.48697633036264 4.908628185001651
201.42583237976402 5.885254247454121
199.36468842916537 5.453007798619645
197.30354447856672 4.741345232279455
195.24240052796807 5.45497844062762
193.18125657736945 6.556528047073382
191.1201126267708 4.489063693002411
189.05896867617219 5.883590098071168
186.9978247255735 5.6804776320193024
184.93668077497486 5.754801816568851
182.87553682437624 4.577381245708852
180.8143928737776 5.116056521325554
178.75324892317894 6.168522073651323
176.6921049725803 5.5598840980818265
174.63096102198168 4.708978076267646
172.56981707138303 7.345902174577383
170.5086731207844 7.578327722671617
168.44752917018573 6.878180023760434
166.3863852195871 5.97332227948373
164.32524126898846 4.7378909037950425
162.26409731838984 6.701274188864331
160.2029533677912 6.401922925393061
158.14180941719255 6.055192513937175
156.0806654665939 6.68625734381412
154.01952151599528 6.660907541841936
151.95837756539663 6.949919954341074
149.897233614798 6.0197047232571785
147.83608966419933 5.544149143576166
145.7749457136007 6.726978211665952
143.71380176300207 7.139391556846163
141.65265781240342 6.27181245740633
139.59151386180477 5.573013091472069
137.53036991120612 5.837366889032102
135.4692259606075 4.582173770268096
133.40808201000885 6.1633625953761655
131.34693805941023 4.148270143185356
129.2857941088116 8.093375242205763
127.22465015821292 6.363920205558665
125.16350620761429 5.58459229759724
123.10236225701564 6.2278846817761115
121.04121830641701 6.475726947695531
118.98007435581837 4.069461646286033
116.91893040521973 5.275363138938319
114.85778645462109 6.238985247259587
112.79664250402244 5.712116388019648
110.73549855342381 4.622350060956628
108.67435460282518 7.285570661241232
106.61321065222653 5.645860730748607
104.5520667016279 4.536921939469886
102.49092275102925 5.253267228122495
100.42977880043061 6.429612545069962
98.36863484983196 4.625798420986168
96.30749089923333 4.300326258315938
94.2463469486347 7.063471207426537
92.18520299803605 4.8281882917352466
90.1240590474374 4.388487642448368
88.06291509683875 5.319749804086103
86.00177114624012 5.239979065739525
83.94062719564147 4.642604731563682
81.87948324504283 4.701964596730124
79.8183392944442 5.454675399383657
77.75719534384555 4.5609009152246225
75.69605139324692 5.224963444536911
73.63490744264827 6.446279180655216
71.57376349204964 4.965203560368583
69.51261954145099 4.880873188525808
67.45147559085235 5.207409551624847
65.3903316402537 6.432364620055519
63.32918768965507 7.6727493259652535
61.268043739056424 4.862776309052679
59.20689978845779 4.878502292274828
57.14575583785915 5.0809093644733485
55.08461188726051 4.358163632116881
53.023467936661866 4.494263548692236
50.962323986063225 4.776933668072266
48.901180035464584 5.410997781499934
46.84003608486594 4.3530357197037555
44.77889213426731 5.065065783771686
42.71774818366867 6.56974568611688
40.65660423307002 5.6480123871113435
38.59546028247138 5.306954587952832
36.53431633187274 4.740032550810036
34.4731723812741 3.9283676469542486
32.412028430675456 3.7792489498466515
30.350884480076818 5.752775368996984
28.28974052947818 4.934532475123096
26.228596578879536 5.392892868114942
24.167452628280895 7.757239149599486
22.106308677682257 7.9924265492798705
20.045164727083616 7.73482729907688
17.98402077648497 8.696487422346449
15.922876825886334 8.576505076680927
13.861732875287691 10.993987526519645
11.800588924689052 13.09252218994141
9.73944497409041 18.8187468279559
7.678301023491771 24.660010889080212
5.6171570728931295 43.57718468758475
3.5560131222944884 59.492590203032044
1.4948691716958478 63.50885879037066
-0.566274778902793 65.51458707397036
-2.6274187295014335 66.22239297610408
-4.688562680100074 69.40594913516638
-6.749706630698715 72.32269852457017
-8.810850581297357 78.51865534751974
-10.871994531895997 82.45656075344324
-12.933138482494638 84.25277653057789
-14.994282433093279 78.92642533730817
-17.05542638369192 74.16232397646817
-19.116570334290557 68.9876079640923
-21.177714284889202 63.842769988286875
-23.238858235487843 61.20746631087318
-25.300002186086484 57.49808883426992
-27.36114613668512 56.4122892858841
-29.422290087283763 52.005009831941315
-31.483434037882407 46.654606757421554
-33.544577988481045 43.67503552393071
-35.60572193907969 40.61785091789274
-37.66686588967833 37.14123661305566
-39.72800984027697 32.121548298647426
-41.78915379087561 29.1297188534154
-43.85029774147425 26.665758775714554
-45.91144169207289 20.220309411430524
-47.97258564267153 17.820561774028345
-50.03372959327017 18.02009595327885
-52.09487354386881 16.947372284256353
-54.15601749446745 17.68302769352811
-56.2171614450661 18.400544785475258
-58.27830539566474 17.2543911716833
-60.33944934626338 17.722076904586586
-62.40059329686202 19.857763885335746
-64.46173724746066 19.092154477023815
-66.52288119805931 14.866579451688251
-68.58402514865794 13.531729795942566
-70.64516909925659 11.526940538938314
-72.70631304985523 10.333586061720977
-74.76745700045386 8.185308432014487
-76.82860095105251 6.467456501810704
-78.88974490165114 5.303773266232837
-80.95088885224979 4.968597064626042
-83.01203280284842 4.3504968515972315
-85.07317675344706 3.349989671155504
-87.1343207040457 3.3868398115031413
-89.19546465464434 2.9050928655783483
-91.25660860524299 2.410693642234493
-93.31775255584162 2.373844201666242
-95.37889650644027 2.4060604561982446
-97.4400404570389 2.5911835995525525
-99.50118440763754 1.1610524836183704
-101.56232835823619 1.731225550631086
-103.62347230883483 2.7635151797970527
-105.68461625943348 2.2658138710364377
-107.74576021003212 1.310451748350882
-109.80690416063076 0.5797315844361492
-111.8680481112294 2.678786240467889
-113.92919206182803 1.481633297423054
-115.99033601242668 1.4795409872470873
-118.05147996302532 0.987854155900919
-120.11262391362396 1.1429466545267464
-122.1737678642226 0.7697541387507781
-124.23491181482125 2.3454733787167727
-126.29605576541988 1.2064999290379925
-128.35719971601853 2.279736865947269
-130.41834366661718 0.9215862991367981
-132.47948761721582 0.7018970872307012
-134.54063156781444 0.9280654400015247
-136.6017755184131 -0.6256065216603284
-138.6629194690117 -1.2232317284900538
-140.72406341961036 -0.3834910006751045
-142.785207370209 0.03994850418626391
-144.84635132080766 -0.6868421410051831
-146.90749527140628 0.4715011050327952
-148.96863922200492 1.0924633689996819
-151.02978317260357 0.4677233075988691
-153.09092712320222 0.9674919215708702
-155.15207107380084 0.36729777444842715
-157.2132150243995 -0.6138882974575431
-159.2743589749981 0.5588614589458482
-161.33550292559678 -0.8061988735901636
-163.39664687619543 0.3735027949949054
-165.45779082679405 -0.26584558750967335
-167.5189347773927 -1.2475055921344682
-169.58007872799132 -2.023985948652923
-171.64122267859 0.5123860545258977
-173.70236662918862 -0.5471817654129155
-175.76351057978727 0.04614291470012079
-177.82465453038589 -0.19001318126517466
-179.88579848098456 -0.819076199691256
-181.94694243158318 0.1274525104978709
-184.00808638218183 -0.6601785595278316
-186.06923033278045 -0.21268114575938954
-188.1303742833791 0.011296623855843888
-190.19151823397775 -1.3275351338173995
-192.2526621845764 0.17298986170303352
-194.313806135175 -2.2060628250285825
-196.37495008577366 -0.2188065577987803
-198.43609403637228 -0.8019511189108052
-200.49723798697096 0.832559850192967
-202.5583819375696 0.06507638830670921
-204.61952588816823 -0.7041056082362969
-206.68066983876687 0.3424332027840773
-208.74181378936552 -1.1120477171314178
-210.80295773996417 -1.6378272146871984
-212.8641016905628 -0.16292302488854446
-214.92524564116144 -2.3336036365322457
-216.98638959176006 -0.5581366442167628
-219.04753354235874 -0.5123106075689733
-221.10867749295736 -1.2660234679626428
-223.169821443556 0.29798363391195587
-225.23096539415462 -0.28098150481662065
-227.29210934475327 -0.4354642533387423
-229.35325329535192 -0.5600617948019819
-231.41439724595057 -0.5934101861111843
-233.4755411965492 -2.2176297228228004
-235.53668514714784 -1.3460945934783275
-237.59782909774646 -0.3777721922455545
-239.65897304834513 -1.2845096608821054
-241.72011699894378 1.2906708028084615
-243.7812609495424 1.3574540503403
-245.84240490014105 -0.8284317730833693
-247.9035488507397 -0.24540408610196096
-249.96469280133834 0.014242558974051857
-252.02583675193696 -1.0378358492748923
-254.0869807025356 -1.1839524197530917
-256.14812465313423 1.030566087870391
-258.2092686037329 -0.023934575652064694
-260.27041255433153 1.630856287966614
-262.3315565049302 1.7652681642914854
