# BEGINHEADER
# This file contains data from the SALSA 2m radio telescope.
# DATE=2021-11-24T16:15:0024
# GLON and GLAT given in degrees
# GLON=111.83918437746367
# GLAT=5.916916119764501
# DATA in two columns below. Col. 1 is velocity relative to LSR [km/s]. Col. 2 is uncalibrated antenna temperature [K].
# ENDHEADER
269.4840717691975 -7.267252672365512
267.4229278185988 -12.613845651354545
265.3617838680002 -11.591347759737701
263.30063991740155 -12.751367332546186
261.2394959668029 -12.523819219138758
259.17835201620426 -12.085997874041636
257.11720806560567 -12.41526754083342
255.056064115007 -11.269990835670528
252.99492016440834 -12.824275136100558
250.9337762138097 -11.315435464387875
248.87263226321107 -14.296418892550742
246.81148831261243 -14.310869722704648
244.75034436201378 -13.905154257378
242.68920041141513 -13.141980990600604
240.6280564608165 -11.636531799405077
238.56691251021786 -12.118010921727034
236.50576855961924 -13.38527438596502
234.44462460902056 -11.834772787194133
232.38348065842195 -11.777210224390707
230.3223367078233 -14.38032251468997
228.26119275722468 -11.896996142915116
226.20004880662603 -11.59735103356884
224.13890485602738 -14.240927683660615
222.07776090542873 -12.381509514525568
220.0166169548301 -12.778052719831242
217.95547300423146 -9.038078909597788
215.89432905363282 -9.170789007464517
213.83318510303417 -12.535810577861115
211.77204115243552 -9.598305613457843
209.7108972018369 -12.525025730990846
207.64975325123825 -12.493933405060043
205.5886093006396 -13.155650557671214
203.52746535004096 -13.94897308038574
201.46632139944234 -10.420502548727807
199.4051774488437 -13.08672353683878
197.34403349824507 -13.515505281417795
195.2828895476464 -10.63498693601416
193.22174559704777 -13.083279213224287
191.16060164644912 -12.026809023769555
189.0994576958505 -10.906383290866074
187.03831374525183 -11.122296053154543
184.9771697946532 -10.349932307106199
182.91602584405456 -10.787649853250121
180.85488189345594 -11.340357579047184
178.7937379428573 -12.074665347264377
176.73259399225864 -11.46236797897625
174.67145004166 -10.724762204626675
172.61030609106135 -10.831719183776164
170.54916214046273 -13.033980018990107
168.48801818986408 -14.361208861400206
166.42687423926543 -11.771261761910175
164.36573028866678 -13.107639986678262
162.30458633806816 -11.697456859415512
160.2434423874695 -10.193821781661855
158.18229843687087 -12.194895779805934
156.12115448627222 -11.929438026797278
154.0600105356736 -11.130356953882005
151.99886658507495 -9.29033840197696
149.93772263447633 -11.390637915339857
147.87657868387765 -11.074060563053036
145.81543473327903 -12.930093755162183
143.75429078268039 -13.187825576030566
141.69314683208177 -12.923674393684662
139.63200288148312 -10.2268881141966
137.57085893088447 -9.821041645501515
135.50971498028582 -10.261707097163601
133.44857102968717 -11.224655962590106
131.38742707908855 -10.321329921132165
129.3262831284899 -12.470995530294127
127.26513917789127 -11.300882619452752
125.20399522729262 -10.134687537417983
123.14285127669399 -10.705247011481102
121.08170732609534 -8.748907640021438
119.0205633754967 -9.485990226186452
116.95941942489806 -11.874546980457417
114.89827547429941 -6.546852873718525
112.83713152370078 -9.722037710859244
110.77598757310213 -10.059066946633203
108.7148436225035 -10.0736837499889
106.65369967190485 -11.93526584395693
104.59255572130621 -12.106811263764069
102.53141177070758 -11.508967940433804
100.47026782010893 -10.50744630086491
98.40912386951028 -10.305290928762103
96.34797991891163 -11.376561173796365
94.286835968313 -11.625616187738252
92.22569201771437 -9.633272754025892
90.16454806711572 -12.095464130910885
88.10340411651708 -11.154182012809725
86.04226016591844 -10.297227745010584
83.9811162153198 -10.873690674252375
81.91997226472115 -9.829626141603724
79.85882831412252 -8.633151103721488
77.79768436352389 -9.122752572360563
75.73654041292522 -9.996191409980964
73.67539646232659 -11.111995764357646
71.61425251172794 -9.798146020722811
69.5531085611293 -7.685944794242697
67.49196461053067 -10.85079024407172
65.43082065993202 -8.574600829427286
63.36967670933338 -10.644230788100733
61.30853275873474 -10.367607683599285
59.24738880813611 -10.894333512443794
57.18624485753747 -11.575982585179322
55.125100906938826 -7.413276729794396
53.063956956340185 -9.572454594781423
51.002813005741544 -9.745386800137293
48.9416690551429 -9.546481588053965
46.88052510454426 -9.290272088275104
44.81938115394562 -10.34810883735221
42.75823720334698 -10.620657974120187
40.69709325274834 -10.359427039704002
38.6359493021497 -10.688852035164416
36.574805351551056 -9.62301122990125
34.513661400952415 -9.5895214905431
32.452517450353774 -11.419329666382882
30.391373499755133 -8.465221089699346
28.330229549156495 -7.875387360616353
26.269085598557854 -9.46242548012697
24.207941647959217 -10.765580826488733
22.146797697360572 -6.360042521220055
20.085653746761935 -5.808781848335611
18.024509796163294 -4.407029830613068
15.963365845564653 -4.707597574387926
13.902221894966011 -3.025382196402584
11.841077944367369 0.3851606896904547
9.77993399376873 6.30524974645366
7.718790043170087 16.75395748262862
5.657646092571446 29.796590017070937
3.596502141972806 41.04331313306599
1.5353581913741654 46.055727905953255
-0.5257857592244752 51.49780773623266
-2.586929709823116 56.13478745550854
-4.648073660421757 59.107022332395225
-6.709217611020398 65.03639510278744
-8.770361561619039 64.37479153388189
-10.831505512217678 54.18723450910951
-12.892649462816319 47.33601296341225
-14.95379341341496 34.882021041234594
-17.0149373640136 25.686357501924988
-19.076081314612242 20.4670408729641
-21.13722526521088 16.252251245486615
-23.19836921580952 10.488265768860106
-25.25951316640817 8.967336007815524
-27.320657117006807 7.718828793540677
-29.381801067605448 9.70369907025265
-31.44294501820409 12.164369494999214
-33.50408896880273 13.182789222061649
-35.565232919401375 13.05800942196185
-37.62637687000001 15.428491781056724
-39.68752082059865 19.53237191756328
-41.74866477119729 22.235213674345648
-43.80980872179593 29.053570242968902
-45.87095267239457 32.48859226786508
-47.932096622993214 30.23585316677921
-49.993240573591855 30.68989539977409
-52.054384524190496 26.639188327581362
-54.11552847478914 29.870345828817033
-56.17667242538778 23.993184211474883
-58.23781637598642 23.155207287399957
-60.29896032658506 24.012543583371336
-62.3601042771837 22.204734100457895
-64.42124822778234 21.830687590822322
-66.48239217838098 23.579624048495894
-68.54353612897962 20.424123768391894
-70.60468007957826 15.899068186566291
-72.66582403017689 14.860559348895189
-74.72696798077554 11.221942684140457
-76.78811193137417 13.463499857821754
-78.84925588197284 8.793447136671892
-80.91039983257147 5.732962504579257
-82.97154378317012 6.856877599592413
-85.03268773376875 3.833446992235176
-87.09383168436739 2.838555246641651
-89.15497563496604 0.006769044194973108
-91.21611958556467 3.6196099294447373
-93.27726353616332 3.6327457532662097
-95.33840748676195 4.236736580022828
-97.3995514373606 4.410921118511332
-99.46069538795922 5.714771283817831
-101.52183933855787 5.861342833752658
-103.5829832891565 3.110794221421594
-105.64412723975514 2.80784469178086
-107.70527119035378 2.016687927752121
-109.76641514095242 -1.6584018615993423
-111.82755909155107 -3.0741682162529176
-113.8887030421497 -5.345370873360131
-115.94984699274835 -5.3624335652449275
-118.010990943347 -5.418197974922395
-120.07213489394563 -5.447338352412993
-122.13327884454428 -7.275269446849006
-124.19442279514291 -2.923078426500983
-126.25556674574156 -4.315112703808525
-128.31671069634018 -9.47044895765195
-130.37785464693883 -9.887077125700513
-132.43899859753748 -8.26735167523111
-134.50014254813613 -6.439279890949838
-136.56128649873477 -9.499603243946583
-138.6224304493334 -6.596020951388151
-140.68357439993204 -8.755555587608262
-142.7447183505307 -9.33012060537615
-144.80586230112934 -4.736970388778926
-146.86700625172796 -7.762841760917267
-148.9281502023266 -10.38795490660018
-150.98929415292523 -5.985142507722596
-153.0504381035239 -9.985731137832836
-155.11158205412252 -8.513347479227303
-157.17272600472117 -7.334744617108943
-159.2338699553198 -9.992898392756873
-161.29501390591844 -6.7729394914294065
-163.3561578565171 -9.549368895753934
-165.41730180711573 -5.418651575549474
-167.47844575771435 -7.632494032980183
-169.539589708313 -11.005017925363578
-171.60073365891165 -7.768305822644698
-173.6618776095103 -8.111569793345103
-175.72302156010895 -10.125974426165152
-177.78416551070757 -8.478618022963111
-179.84530946130621 -9.182361424100705
-181.90645341190486 -7.78677897607772
-183.9675973625035 -10.504037930755404
-186.02874131310213 -9.993554557359454
-188.08988526370078 -8.85736309694121
-190.1510292142994 -8.758655657478227
-192.21217316489808 -6.0972627371318495
-194.2733171154967 -8.540468348871249
-196.33446106609534 -7.9481375228879
-198.39560501669396 -8.53083154009776
-200.45674896729264 -8.171736098282443
-202.51789291789126 -9.750980107408576
-204.5790368684899 -9.796448179367866
-206.64018081908853 -9.027335258959543
-208.70132476968718 -8.54524698967076
-210.76246872028582 -8.832563287039456
-212.82361267088447 -9.528096760781386
-214.88475662148312 -8.553617754503613
-216.94590057208174 -10.4508588822624
-219.0070445226804 -8.074024683779351
-221.06818847327904 -7.980974597420808
-223.12933242387768 -9.554752178871349
-225.1904763744763 -9.189842243593185
-227.25162032507495 -8.87577544428936
-229.3127642756736 -10.554211722780778
-231.37390822627225 -10.4020367445835
-233.43505217687087 -8.632961828956894
-235.49619612746952 -9.890519212926089
-237.55734007806814 -10.49098946083695
-239.6184840286668 -12.485930859982528
-241.67962797926543 -11.40576944804677
-243.74077192986408 -11.400922349494305
-245.8019158804627 -11.228473824685185
-247.86305983106135 -12.551585630614984
-249.92420378166 -10.090078689398503
-251.98534773225865 -10.180573285439651
-254.0464916828573 -10.55813697129079
-256.1076356334559 -10.512513360473877
