# BEGINHEADER
# This file contains data from the SALSA 2m radio telescope.
# DATE=2021-12-09T14:18:0002
# GLON and GLAT given in degrees
# GLON=107.82501265185621
# GLAT=-0.04158782972476343
# DATA in two columns below. Col. 1 is velocity relative to LSR [km/s]. Col. 2 is uncalibrated antenna temperature [K].
# ENDHEADER
263.34380402048293 0.9907819127874329
261.2826600698843 3.053689271941275
259.22151611928564 1.2483056343145855
257.16037216868705 5.409302712177234
255.0992282180884 5.077103961213347
253.03808426748975 4.954740187752578
250.9769403168911 5.0285090208969745
248.91579636629245 5.902398076304944
246.85465241569383 5.986774218381795
244.7935084650952 6.737521285330944
242.73236451449654 1.9654355027141843
240.6712205638979 7.108480861633919
238.61007661329927 5.2101749735017115
236.54893266270062 6.884144739417304
234.487788712102 6.70532939575132
232.42664476150333 7.960411176468103
230.3655008109047 7.870424506135869
228.30435686030606 6.942438716340826
226.24321290970744 6.304870140120481
224.1820689591088 6.791965032734163
222.12092500851014 5.835574079289178
220.0597810579115 8.62989772293126
217.99863710731285 5.064444533650535
215.93749315671423 7.322381311355815
213.87634920611555 6.575842239659336
211.81520525551693 3.949362421035417
209.75406130491828 5.264358463747734
207.69291735431966 2.864736458127575
205.631773403721 5.462692816262161
203.57062945312236 6.324082966241347
201.50948550252372 5.408295640806155
199.4483415519251 6.53645395087849
197.38719760132645 6.054607694209589
195.32605365072783 7.235506213190215
193.26490970012915 7.118699828439246
191.20376574953053 5.357355984674632
189.14262179893188 6.434224945616183
187.08147784833326 7.663384406832191
185.02033389773462 4.435096912246208
182.95918994713597 4.127698496987957
180.89804599653732 6.700472098155927
178.83690204593867 6.975799819222473
176.77575809534005 6.64333969984625
174.71461414474138 7.019066534969772
172.65347019414276 8.799799403719971
170.5923262435441 5.483273681275788
168.5311822929455 4.799443723364941
166.47003834234684 5.650425352010423
164.4088943917482 7.218836218048018
162.34775044114954 4.047959714059095
160.28660649055092 2.8583079074054205
158.22546253995228 4.580272454014443
156.16431858935366 7.158792118194984
154.10317463875498 7.761200398430316
152.04203068815636 6.071703382409698
149.9808867375577 4.198675082733831
147.9197427869591 8.264663380013289
145.85859883636041 4.686936969496972
143.79745488576177 5.045917526728909
141.73631093516315 5.9267511265236505
139.6751669845645 6.413098411976619
137.61402303396588 6.137350615152141
135.5528790833672 5.85196553066814
133.49173513276858 7.2540461862981305
131.43059118216993 5.06166548808654
129.3694472315713 6.19948363838338
127.30830328097267 4.3431164420097
125.24715933037403 6.561822348469678
123.18601537977537 6.9095313021509615
121.12487142917674 6.670720148589682
119.06372747857809 5.565527311482496
117.00258352797945 6.464438533087155
114.94143957738082 5.064633044049359
112.88029562678217 7.621877817595035
110.81915167618354 8.340691351946727
108.75800772558489 5.266971413762854
106.69686377498626 5.438386233937573
104.6357198243876 3.344682724021141
102.57457587378897 7.406737482671626
100.51343192319034 5.743552162189659
98.4522879725917 5.466979187952195
96.39114402199306 7.022911908414294
94.33000007139442 8.276353225442808
92.26885612079579 6.9175873271503265
90.20771217019714 4.196116727676708
88.1465682195985 5.753427886861525
86.08542426899986 5.783740846302149
84.02428031840121 5.948002519636749
81.96313636780258 5.496972161447973
79.90199241720393 3.79885428107079
77.8408484666053 6.197764223951122
75.77970451600665 5.010021688247093
73.71856056540801 3.7421027207342674
71.65741661480936 5.824702946388624
69.59627266421073 5.8862073331605425
67.5351287136121 4.434324708967973
65.47398476301345 4.535144028375448
63.41284081241481 5.21331429367781
61.35169686181617 5.149327174091674
59.29055291121753 3.9291562464539935
57.22940896061889 3.177369321310922
55.16826501002024 4.6228159599903105
53.1071210594216 4.53460746598728
51.04597710882296 3.9559864407392924
48.98483315822432 2.959886206820286
46.92368920762568 6.249472462875109
44.86254525702704 4.233903815230945
42.801401306428396 5.1534854426458185
40.740257355829755 4.998058525814248
38.679113405231114 5.280735264819825
36.61796945463248 4.963874935980506
34.55682550403383 2.5057992562038223
32.49568155343519 5.90875416994551
30.43453760283655 4.765492290908161
28.373393652237908 3.9854325425531116
26.31224970163927 6.481417195843021
24.251105751040633 4.2598823988754235
22.189961800441992 4.541265074720078
20.128817849843347 4.9452303852664015
18.06767389924471 5.719411678923595
16.00652994864607 7.412489586440079
13.945385998047426 10.65623420260772
11.884242047448787 12.839502666636887
9.823098096850144 16.682533029547344
7.7619541462515045 26.180918719762804
5.700810195652863 39.47760947415136
3.639666245054223 58.458343277258095
1.578522294455582 77.12449171346441
-0.4826216561430587 80.63256018302327
-2.5437656067416996 93.50724798298457
-4.60490955734034 92.88738882453423
-6.666053507938981 87.08303316773984
-8.72719745853762 88.49923971429253
-10.788341409136263 78.39797960917767
-12.849485359734903 66.01671331927534
-14.910629310333544 60.66570258037228
-16.971773260932185 47.340662168116516
-19.032917211530826 39.70144132532841
-21.094061162129467 32.968755175145745
-23.155205112728105 34.00675836021837
-25.21634906332675 33.62126472373003
-27.277493013925394 31.60971878588196
-29.33863696452403 35.49065354020688
-31.399780915122673 35.64309626939607
-33.46092486572131 38.83448196765493
-35.52206881631995 39.94290795904938
-37.58321276691859 45.71853070246606
-39.64435671751723 49.53594852358799
-41.70550066811588 50.868071028588645
-43.76664461871452 56.18039755031178
-45.82778856931316 62.918515498342224
-47.8889325199118 70.2105466428855
-49.95007647051043 75.34467560046504
-52.01122042110907 74.13821777366059
-54.072364371707714 73.91267054547075
-56.133508322306355 70.09634785522944
-58.194652272904996 58.671415837776784
-60.25579622350364 56.391993129880426
-62.316940174102285 57.63655735585313
-64.37808412470092 56.34775366458387
-66.43922807529955 50.778592750245316
-68.5003720258982 49.23989742539945
-70.56151597649685 43.05488528400245
-72.62265992709548 34.83437501327752
-74.68380387769413 30.24954875570144
-76.74494782829277 25.591621539128095
-78.80609177889141 20.856251619651722
-80.86723572949005 17.86428486028177
-82.9283796800887 17.261204109745748
-84.98952363068733 15.263354471013425
-87.05066758128596 15.416944317990039
-89.11181153188461 13.525114494112525
-91.17295548248325 17.80933741974972
-93.2340994330819 20.154403193047816
-95.29524338368053 24.12738726125315
-97.35638733427918 21.74891979368588
-99.41753128487782 22.467416618323433
-101.47867523547646 22.282143016700985
-103.5398191860751 17.75064590926648
-105.60096313667374 15.246885324668607
-107.66210708727237 11.867149398580159
-109.72325103787104 8.305758719623867
-111.78439498846967 8.682896671771086
-113.84553893906832 5.3670342908470605
-115.90668288966695 6.268607246589166
-117.9678268402656 5.397961250196708
-120.02897079086424 7.955311078477521
-122.09011474146287 6.645319222075721
-124.15125869206152 4.1995708942912096
-126.21240264266015 3.699816654737692
-128.2735465932588 4.311830294834419
-130.33469054385745 2.3704696033971846
-132.39583449445607 1.5842071877311
-134.45697844505472 1.6149408019423552
-136.51812239565336 0.737134149137328
-138.579266346252 -0.010805901329165625
-140.64041029685063 -0.4203449676911899
-142.70155424744928 2.3415620716944963
-144.76269819804793 0.3430222538932435
-146.82384214864658 0.3519779236278444
-148.8849860992452 1.8783066126383605
-150.94613004984384 0.7582680312505461
-153.00727400044246 1.489539491176102
-155.06841795104114 -0.7001940935373999
-157.12956190163976 -2.1910561110259237
-159.1907058522384 1.4196298077499785
-161.25184980283703 -0.1276838526311022
-163.31299375343568 -2.0395077539011717
-165.37413770403433 0.032154935684010316
-167.43528165463297 -0.3956844548825818
-169.49642560523162 0.6881449558292748
-171.55756955583024 0.23145968937455377
-173.61871350642892 1.0099822390856414
-175.67985745702754 -2.308656519248231
-177.7410014076262 -1.7269887663315222
-179.8021453582248 -1.6263600658029154
-181.86328930882345 -0.4362973680125879
-183.9244332594221 -1.0773990067337407
-185.98557721002075 -1.6380454760002123
-188.04672116061937 -0.7034669709184744
-190.10786511121802 -0.40230626044133977
-192.16900906181664 -0.4743183797078744
-194.23015301241531 -2.580265846745094
-196.29129696301393 -0.345867864216553
-198.35244091361258 -0.9414076511667023
-200.4135848642112 -2.9144119254133845
-202.47472881480985 0.8696602021594556
-204.53587276540853 0.14499576895980276
-206.59701671600715 1.1824381525411367
-208.6581606666058 -1.1469313195554247
-210.71930461720441 -1.3612300695163044
-212.7804485678031 3.286561946477486
-214.8415925184017 0.11647573892774972
-216.90273646900036 -1.2358603435088162
-218.96388041959898 -2.023901916516977
-221.02502437019763 -0.5932244074454257
-223.08616832079628 0.564235070188904
-225.14731227139492 0.7113066970774108
-227.20845622199354 -0.026992793569261996
-229.2696001725922 -3.078470957337059
-231.3307441231908 -0.15329308336464173
-233.3918880737895 -2.59894165787972
-235.4530320243881 -3.1167876120447615
-237.51417597498676 -1.7609830912546527
-239.57531992558538 -0.22984297043748558
-241.63646387618405 -3.0178347244254815
-243.6976078267827 0.93032182932727
-245.75875177738132 0.6811406767458933
-247.81989572797997 -3.4411995926786387
-249.8810396785786 0.5408142316404602
-251.94218362917726 1.2224619705658109
-254.00332757977588 -0.003784424553722166
-256.06447153037453 0.5605964982631005
-258.1256154809732 2.0384582696504854
-260.1867594315718 0.3890197296780964
-262.2479033821704 0.6182111495176957
