# BEGINHEADER
# This file contains data from the SALSA 2m radio telescope.
# DATE=2021-12-09T14:16:0041
# GLON and GLAT given in degrees
# GLON=101.87835445503298
# GLAT=-0.052968079051576286
# DATA in two columns below. Col. 1 is velocity relative to LSR [km/s]. Col. 2 is uncalibrated antenna temperature [K].
# ENDHEADER
263.8789669060039 2.3976780325868994
261.8178229554053 5.400797172806193
259.75667900480664 3.775505905352978
257.695535054208 2.7147869541525336
255.63439110360935 3.576521431164184
253.57324715301073 5.057309961305719
251.51210320241208 6.758029973943826
249.45095925181343 6.155103809778546
247.38981530121478 4.020039892284061
245.32867135061616 5.515328214188958
243.2675274000175 4.087112782945158
241.2063834494189 3.789303357178595
239.14523949882022 9.93892101107999
237.0840955482216 8.900046227761452
235.02295159762295 8.50027771675949
232.9618076470243 7.961738699350699
230.90066369642568 8.497081580066235
228.839519745827 8.077121419122268
226.77837579522838 8.4564326631226
224.71723184462974 7.30652663899382
222.65608789403112 5.475550209266453
220.59494394343247 8.784188457461116
218.53379999283382 6.52770454959382
216.47265604223517 4.963508035539541
214.41151209163655 8.637338043874331
212.3503681410379 6.84588369493026
210.28922419043926 7.094207934218793
208.2280802398406 5.824838478453822
206.166936289242 5.8113896003628405
204.10579233864334 8.004741113099383
202.04464838804472 8.44478743399013
199.98350443744604 7.132086525362786
197.9223604868474 8.639292802380453
195.86121653624875 5.417098811193716
193.8000725856501 10.718152725662646
191.73892863505148 8.606838051490442
189.67778468445283 8.410284906192187
187.61664073385418 7.84680098846504
185.55549678325553 6.9982603291815675
183.49435283265692 8.340325651875913
181.43320888205827 7.3391959167558865
179.37206493145965 6.927137346729139
177.31092098086097 9.458255984794283
175.24977703026235 6.916217828481215
173.1886330796637 8.36682938683482
171.12748912906508 7.633623587076431
169.0663451784664 5.526843359353614
167.0052012278678 5.6886710343646385
164.94405727726914 7.5075078302935605
162.88291332667052 7.149960166387839
160.82176937607187 4.265805870768632
158.76062542547322 5.498072026727591
156.69948147487457 6.923178863559383
154.63833752427593 7.593223069300468
152.5771935736773 6.1258636392715315
150.51604962307866 5.770776869568509
148.45490567248 7.484961807022669
146.39376172188136 5.587797798625861
144.33261777128274 6.881466148117788
142.2714738206841 6.393960975926159
140.21032987008545 8.43566669220045
138.1491859194868 6.870484085315505
136.08804196888818 8.512894003750718
134.02689801828953 7.604357416106179
131.9657540676909 7.452715850660417
129.90461011709226 6.754529515543905
127.8434661664936 6.746956113703897
125.78232221589496 8.133057756261072
123.72117826529633 6.496689009723774
121.66003431469768 6.8730628417039
119.59889036409905 6.872116316276794
117.5377464135004 9.444858524403429
115.47660246290177 9.532336143118417
113.41545851230312 8.518068488002081
111.35431456170448 3.7217333589179122
109.29317061110585 5.113855905568022
107.2320266605072 6.902612370466434
105.17088270990857 6.897335920170572
103.10973875930992 6.888462848608528
101.04859480871129 7.328272189930783
98.98745085811265 7.14668916822704
96.926306907514 6.736319051975921
94.86516295691536 7.6444165717533386
92.80401900631672 6.2487978024782045
90.74287505571807 6.387933938042883
88.68173110511944 5.455741703505098
86.6205871545208 9.624439866854765
84.55944320392216 8.841320160779969
82.49829925332352 8.604047305246356
80.43715530272488 6.676677041493018
78.37601135212624 4.955349626256899
76.3148674015276 4.3816011179570795
74.25372345092896 4.83888742018713
72.19257950033033 5.772282309373708
70.13143554973168 5.881481587289038
68.07029159913304 5.193624076926976
66.0091476485344 4.309801223602479
63.948003697935754 6.728030212551409
61.88685974733711 4.409679403490434
59.82571579673847 5.989439877341709
57.76457184613983 7.135364913147232
55.70342789554119 6.512787895316568
53.642283944942555 5.106743961153594
51.581139994343914 4.747510670347046
49.519996043745266 5.592684992910259
47.458852093146625 4.822561864310952
45.397708142547984 2.2680394662755083
43.33656419194934 6.131754661632382
41.27542024135071 3.8263357729824734
39.21427629075207 4.891696897361121
37.15313234015343 6.9648014105436875
35.091988389554785 3.7993149720399333
33.030844438956144 2.0056757373443084
30.969700488357503 5.115968156380737
28.908556537758862 5.136276963550253
26.84741258716022 3.271984762905629
24.786268636561577 7.008061022978377
22.725124685962935 8.49517439534682
20.663980735364294 6.799340356683368
18.602836784765657 8.359416951346779
16.541692834167016 12.166812211201535
14.480548883568373 13.770376679986978
12.419404932969732 15.32183714019028
10.358260982371092 20.888548900799282
8.29711703177245 25.466004784768277
6.235973081173809 42.65278927749649
4.174829130575169 59.070587184285195
2.113685179976528 78.06493112710554
0.05254122937788735 81.2410928363087
-2.0086027212207536 87.29850723592475
-4.069746671819394 84.75331812485187
-6.130890622418034 77.58911030668587
-8.192034573016675 70.0876489721043
-10.253178523615318 64.95780079225415
-12.314322474213958 59.73815905580752
-14.375466424812597 53.01412957538594
-16.436610375411238 51.12593310797958
-18.49775432600988 55.365747551518474
-20.55889827660852 53.39858232557024
-22.62004222720716 53.69841443668288
-24.681186177805802 51.31556276420548
-26.74233012840444 42.95748669639707
-28.80347407900308 42.60603323289504
-30.864618029601722 42.23103498400796
-32.92576198020036 41.00058388958777
-34.986905930799004 43.688192553855494
-37.048049881397645 44.76403658196799
-39.109193831996286 45.46008360120157
-41.17033778259493 44.201483655162384
-43.23148173319356 47.86395284121326
-45.2926256837922 48.16846178585425
-47.35376963439085 52.381238556214754
-49.41491358498949 55.94614362497121
-51.47605753558813 62.056437216317555
-53.537201486186774 64.01104337550092
-55.59834543678541 57.7098649285012
-57.65948938738405 57.0878547605787
-59.72063333798269 59.23438674527763
-61.78177728858133 59.249224463374446
-63.84292123917997 54.17127656697219
-65.90406518977862 51.29321594199206
-67.96520914037725 49.41417709309846
-70.0263530909759 44.66710368670768
-72.08749704157454 37.58352599734484
-74.14864099217318 32.01024723277885
-76.20978494277182 29.89197069823231
-78.27092889337045 23.598265630013902
-80.3320728439691 18.161013105698384
-82.39321679456773 19.054622824516
-84.45436074516638 17.97480553431212
-86.51550469576502 15.10280079642325
-88.57664864636367 17.946757429760478
-90.6377925969623 18.19758553160422
-92.69893654756093 22.757682064618905
-94.76008049815958 22.979307761859825
-96.82122444875823 22.31749694179453
-98.88236839935688 20.626215280160483
-100.94351234995553 18.25323076733675
-103.00465630055416 18.623299688820072
-105.06580025115281 15.864104831406552
-107.12694420175144 14.163918888977816
-109.18808815235009 10.235724503238862
-111.24923210294872 11.28848623158083
-113.31037605354736 8.925649227258932
-115.371520004146 7.652798590782766
-117.43266395474464 4.851247640449839
-119.49380790534329 5.352316172679512
-121.55495185594192 6.3871766811235675
-123.61609580654057 3.840515944975386
-125.6772397571392 4.625140966180469
-127.73838370773784 2.3449102874651966
-129.7995276583365 2.5573764965975276
-131.86067160893515 1.846646349894924
-133.92181555953377 2.6422978373025376
-135.98295951013242 3.603687878447
-138.04410346073104 1.81597433604655
-140.10524741132969 0.6017980734366419
-142.16639136192833 0.1536695655741153
-144.22753531252698 1.957413840545343
-146.2886792631256 1.0566712410364245
-148.34982321372425 1.5327580220306554
-150.4109671643229 3.347437686037641
-152.47211111492155 0.1698589369507849
-154.5332550655202 1.5430946920247355
-156.5943990161188 -0.7022815345703072
-158.65554296671746 -1.1787315573290358
-160.7166869173161 2.4207305897441387
-162.77783086791476 -2.430051312803946
-164.83897481851338 0.009005294398197052
-166.90011876911203 0.6212626724060374
-168.96126271971065 -1.7168942984456868
-171.02240667030932 1.5769647566361111
-173.08355062090794 1.7644469827866323
-175.1446945715066 -0.4433915521874366
-177.2058385221052 0.971665968925173
-179.2669824727039 -0.4662369207268222
-181.3281264233025 -2.498998531110927
-183.38927037390116 1.520434515143583
-185.45041432449977 1.1531700919773902
-187.51155827509842 -0.5018175096358105
-189.57270222569707 0.7497395596883546
-191.63384617629572 0.05107479821725098
-193.69499012689437 -1.164070385808968
-195.756134077493 0.6226419827037788
-197.81727802809164 1.2347653663816192
-199.87842197869026 0.6314394991393444
-201.9395659292889 -0.46686795266152664
-204.00070987988752 1.7883396697359148
-206.0618538304862 2.230566056208748
-208.12299778108482 0.010037716407475783
-210.18414173168347 0.9038793678971654
-212.2452856822821 -1.1711366499991123
-214.30642963288074 1.1090357080341573
-216.36757358347938 -0.655934939814336
-218.42871753407803 0.4572013565356039
-220.48986148467665 1.234621242993839
-222.5510054352753 0.9169425532738614
-224.61214938587392 -1.2859686228239189
-226.6732933364726 0.1719012965679015
-228.73443728707122 -1.2336305732130266
-230.79558123766986 -1.1490790279758698
-232.8567251882685 0.1750549918451072
-234.91786913886713 -0.783108936522837
-236.9790130894658 0.2947816968151533
-239.04015704006443 -0.2442221101595046
-241.10130099066308 1.47375932832182
-243.1624449412617 2.006079386295087
-245.22358889186037 -1.2233679174925025
-247.284732842459 1.2965764155872646
-249.34587679305764 0.6356544789342778
-251.40702074365626 1.1334387037904277
-253.4681646942549 2.2038460228231873
-255.52930864485356 -0.17771298515658235
-257.5904525954522 1.9029211913132305
-259.6515965460508 0.09143839241049832
-261.7127404966495 2.087085554241257
