# BEGINHEADER
# This file contains data from the SALSA 2m radio telescope.
# DATE=2021-11-25T16:24:0055
# GLON and GLAT given in degrees
# GLON=85.36404417224436
# GLAT=-0.9291603660789624
# DATA in two columns below. Col. 1 is velocity relative to LSR [km/s]. Col. 2 is uncalibrated antenna temperature [K].
# ENDHEADER
264.83527643308736 2.0622120348286006
262.77413248248877 6.066015634051281
260.7129885318901 4.051392716877234
258.65184458129147 3.2426608402041053
256.5907006306928 3.4569546391286528
254.5295566800942 4.7419178785061975
252.46841272949555 3.5484468167977323
250.4072687788969 5.197777626728285
248.34612482829826 4.416767144333735
246.28498087769964 4.31955747852741
244.223836927101 4.758468234825669
242.16269297650237 5.264613028933661
240.1015490259037 7.494544752100919
238.04040507530505 8.756163487105196
235.97926112470643 6.053704086206138
233.91811717410778 5.389709500205381
231.85697322350913 8.588729528285372
229.79582927291048 4.904225721417801
227.73468532231186 6.814679359130508
225.6735413717132 5.165164341517073
223.6123974211146 7.059727754385217
221.55125347051592 6.702483851368917
219.4901095199173 1.6935811119241686
217.42896556931865 6.581485467480473
215.36782161872003 6.739789146859479
213.30667766812138 5.346907821916766
211.24553371752273 5.644746154472743
209.18438976692408 5.512140272521021
207.12324581632546 8.404935326469362
205.06210186572682 7.111388455176336
203.0009579151282 6.774235003182072
200.93981396452952 6.081225177787085
198.87867001393087 3.962790595654078
196.81752606333222 5.676802582398015
194.75638211273358 5.704281026010834
192.69523816213496 6.802974246556248
190.63409421153628 7.5441094412613845
188.57295026093766 6.970429982913447
186.511806310339 5.638179769599678
184.4506623597404 7.2879668926336665
182.38951840914174 7.046164251751053
180.3283744585431 7.668659436276507
178.26723050794445 6.176574007769472
176.20608655734583 4.83414624438906
174.14494260674718 8.567513689109632
172.08379865614856 7.75709951169845
170.02265470554988 9.304911688689485
167.96151075495126 6.57799568028622
165.90036680435261 6.116096751113119
163.839222853754 6.91225984349442
161.77807890315535 6.593343294813701
159.71693495255667 7.848495623699937
157.65579100195805 9.820470780993631
155.5946470513594 7.173240255143039
153.53350310076078 7.770179231330864
151.4723591501621 6.586081442477478
149.4112151995635 5.1986164146883596
147.35007124896484 8.827966621374006
145.28892729836622 6.409188186508548
143.22778334776757 7.38082918462643
141.16663939716892 9.766945455173115
139.10549544657027 10.168525036694472
137.04435149597165 8.712197390671108
134.983207545373 9.122662482894096
132.9220635947744 8.177287779192602
130.86091964417574 6.8789981887117495
128.7997756935771 5.31556830640571
126.73863174297844 7.3090369373097985
124.6774877923798 7.686179904994394
122.61634384178116 6.357867026811629
120.55519989118253 6.168947341342479
118.49405594058388 6.525042754015845
116.43291198998524 5.993570386753822
114.3717680393866 4.4578855868565785
112.31062408878796 7.484508138300247
110.24948013818931 7.501663349715212
108.18833618759068 6.0627910264824125
106.12719223699204 7.727503695301785
104.06604828639338 4.937895601989671
102.00490433579475 3.9081946522845477
99.9437603851961 8.46467810284913
97.88261643459747 5.311280422670357
95.82147248399882 5.657448334954457
93.76032853340018 4.636725791722665
91.69918458280155 4.695662406826951
89.6380406322029 8.77163673195769
87.57689668160427 8.631851667583632
85.51575273100562 8.291743363458469
83.45460878040699 5.519576216201014
81.39346482980834 5.75219578721915
79.3323208792097 8.428811096197851
77.27117692861107 8.387791567748682
75.21003297801242 7.977855404108449
73.14888902741379 9.235804408747978
71.08774507681514 7.65798481067328
69.0266011262165 4.795173513926
66.96545717561784 7.20567871106344
64.90431322501921 7.016513694019261
62.843169274420575 6.875508860201927
60.782025323821934 7.459645384167928
58.72088137322329 5.135468192594173
56.65973742262465 7.203566242849195
54.59859347202601 7.350068004913756
52.53744952142737 9.087559076150228
50.47630557082873 5.770707801625559
48.41516162023009 7.093157143568347
46.354017669631446 7.709716363856926
44.29287371903281 6.144591123109094
42.23172976843417 6.675282352007688
40.17058581783553 6.980306907184197
38.10944186723689 10.163430269023157
36.04829791663824 8.660324069592027
33.9871539660396 7.641056532935997
31.926010015440962 7.562409395961915
29.86486606484232 10.613996170981629
27.80372211424368 10.71524543816615
25.742578163645042 12.436573037919212
23.6814342130464 15.150046602130583
21.620290262447757 18.34954791037679
19.55914631184912 25.092319161592986
17.498002361250478 31.451822895287282
15.436858410651835 43.85068572360105
13.375714460053196 53.57595628663076
11.314570509454557 74.0970077974131
9.253426558855915 90.63411063270172
7.192282608257274 99.79572984138413
5.131138657658634 102.18572510107543
3.069994707059993 99.42111175691238
1.008850756461352 90.79106998592587
-1.0522931941372888 91.24406953667044
-3.1134371447359297 88.72067629556834
-5.17458109533457 84.35491174414321
-7.23572504593321 86.62293036492156
-9.296868996531853 81.13148864214783
-11.358012947130492 77.55841921618622
-13.419156897729135 72.31243031536252
-15.480300848327776 66.1515403046737
-17.541444798926417 59.59137055906798
-19.602588749525058 49.81030345859568
-21.663732700123695 42.0007939231134
-23.724876650722337 36.41377113434384
-25.78602060132098 33.234470126714115
-27.847164551919622 33.87731939684073
-29.90830850251826 32.95215090095193
-31.9694524531169 32.876886770579766
-34.03059640371554 36.44500439688511
-36.09174035431418 40.003114277277575
-38.152884304912824 46.29599431831791
-40.214028255511465 48.82140824916779
-42.275172206110106 52.51066873446459
-44.33631615670875 48.4884687381382
-46.39746010730739 47.329754637437865
-48.45860405790603 44.03746005864488
-50.51974800850467 38.96228627541266
-52.580891959103305 37.77498198916667
-54.642035909701946 31.805788977200915
-56.70317986030059 26.266694689848492
-58.76432381089923 27.350701703403637
-60.825467761497876 26.121080464202578
-62.88661171209652 25.390719016622352
-64.94775566269516 28.05851668994959
-67.00889961329379 32.86324985010233
-69.07004356389244 38.5117996933896
-71.13118751449107 40.24815226029254
-73.19233146508971 41.8689487636876
-75.25347541568836 43.47653088039695
-77.31461936628699 40.298081517558636
-79.37576331688564 40.36402468423045
-81.43690726748427 36.48180115711886
-83.49805121808292 31.54159697824848
-85.55919516868155 30.204370979585285
-87.62033911928019 28.28324164744003
-89.68148306987885 24.481241235764305
-91.74262702047749 22.302721401424034
-93.80377097107613 22.53777106383327
-95.86491492167477 16.75207587874731
-97.92605887227342 13.3094002687628
-99.98720282287205 11.333242784309094
-102.04834677347068 11.416146778688272
-104.10949072406933 11.867641918347346
-106.17063467466797 10.418379585186155
-108.23177862526661 7.284405081313827
-110.29292257586525 7.644379215065736
-112.3540665264639 7.167974372330417
-114.41521047706253 8.145460922292518
-116.47635442766116 6.080654506570382
-118.53749837825981 4.1781513571658895
-120.59864232885845 7.281893915462497
-122.6597862794571 4.886604752604657
-124.72093023005573 3.140786775458894
-126.78207418065439 1.148975558581882
-128.84321813125302 3.903015480817821
-130.90436208185164 3.6718370362233985
-132.9655060324503 1.2841199574261408
-135.02664998304894 2.281332366724232
-137.08779393364756 1.9585814842352092
-139.14893788424624 0.5429104195558644
-141.21008183484486 5.317522298467493
-143.2712257854435 -0.009637328013490905
-145.33236973604212 2.339182639067266
-147.39351368664077 5.312419801135071
-149.45465763723945 1.2048114757941086
-151.51580158783807 -0.4843880174018528
-153.57694553843672 0.5598219920849106
-155.63808948903534 3.214457988799631
-157.69923343963399 0.7558377078515706
-159.76037739023263 2.346641409153952
-161.82152134083128 1.1909346507914194
-163.8826652914299 -0.4408508888428263
-165.94380924202855 2.5846227866587594
-168.0049531926272 1.0963162870506635
-170.06609714322585 1.1312115477086213
-172.12724109382447 0.7038035103567098
-174.18838504442311 1.5327899261491842
-176.24952899502173 0.2762245984780317
-178.3106729456204 1.1235787864434792
-180.37181689621903 2.5550611541775474
-182.43296084681768 0.5788955318336546
-184.4941047974163 2.765463437817502
-186.55524874801495 2.4150609929438955
-188.61639269861362 0.27256959792845137
-190.67753664921224 -0.19323403351748156
-192.7386805998109 2.3864365066082933
-194.7998245504095 -0.2077212024853502
-196.8609685010082 1.2004082981339241
-198.92211245160678 2.0741886893535595
-200.98325640220543 0.6400459427397484
-203.04440035280405 0.3606931617818008
-205.10554430340272 0.8841814992499889
-207.16668825400134 -0.45767574590379956
-209.2278322046 3.2819185370244406
-211.2889761551986 0.41719900752286254
-213.35012010579726 -0.49475811650322243
-215.4112640563959 0.6815887109424015
-217.47240800699456 0.8033597459635411
-219.53355195759318 1.5748777848221995
-221.59469590819182 0.39620336422784197
-223.65583985879047 1.1399438672421398
-225.71698380938912 -0.18526265432834377
-227.77812775998777 3.3189476681098156
-229.8392717105864 0.22959397491291522
-231.90041566118504 -0.30076402785650513
-233.96155961178368 -2.5957194332539455
-236.02270356238233 1.1738405445668527
-238.08384751298095 2.0537782772450157
-240.1449914635796 -0.01709497790155501
-242.20613541417822 0.824574965466173
-244.2672793647769 -0.15453478080906827
-246.32842331537552 1.0126003996687611
-248.38956726597416 0.8820359508855119
-250.45071121657278 -0.8496303297551507
-252.51185516717143 2.9250393895490197
-254.57299911777008 0.7557851629523036
-256.6341430683687 -0.006477714234576377
-258.69528701896735 1.640953919400108
-260.756430969566 1.0603030591742137
