# BEGINHEADER
# This file contains data from the SALSA 2m radio telescope.
# DATE=2021-12-09T14:26:0026
# GLON and GLAT given in degrees
# GLON=143.84179724389432
# GLAT=-0.20379898010263137
# DATA in two columns below. Col. 1 is velocity relative to LSR [km/s]. Col. 2 is uncalibrated antenna temperature [K].
# ENDHEADER
260.5430585366734 3.430193105230836
258.4819145860748 5.073328786562492
256.4207706354762 6.059849529983702
254.35962668487753 9.275087697832328
252.2984827342789 7.016879913326492
250.23733878368023 6.822773023650118
248.1761948330816 8.690692845799266
246.11505088248296 8.877359562639493
244.05390693188434 7.863161420033111
241.99276298128567 7.93965540058893
239.93161903068705 7.442866410275373
237.8704750800884 6.46996111409818
235.80933112948975 8.550468613489604
233.74818717889113 8.958260240499973
231.68704322829245 7.163416049747743
229.62589927769383 11.825659162906796
227.56475532709518 9.192549582198883
225.50361137649656 7.796782587243393
223.44246742589792 11.679358361163386
221.38132347529927 9.34273042517901
219.32017952470062 8.34504351741639
217.259035574102 8.880960594712905
215.19789162350335 9.481324039495636
213.1367476729047 10.143622863479838
211.07560372230606 10.710897592620988
209.01445977170744 8.214933598083451
206.9533158211088 9.696748378655446
204.89217187051017 7.879896744365425
202.8310279199115 8.813572285796177
200.76988396931287 9.584980244819366
198.70874001871422 8.003857309252156
196.64759606811558 9.642176200054504
194.58645211751696 8.643806977289046
192.52530816691828 8.915273757803721
190.46416421631966 10.903437596166622
188.403020265721 11.748271225514491
186.3418763151224 9.565149641159147
184.28073236452371 9.252767148428893
182.2195884139251 8.0158951830785
180.15844446332645 8.888952542431948
178.09730051272783 10.073871765088978
176.03615656212918 7.9743509776116674
173.97501261153053 9.74671287970688
171.91386866093188 10.781885420938606
169.85272471033326 7.121024956023808
167.79158075973461 9.938463595166274
165.730436809136 10.030999623262627
163.66929285853732 7.4843988240848205
161.6081489079387 7.023577941880655
159.54700495734005 8.949735443327967
157.4858610067414 7.716070565089192
155.42471705614278 8.801230712483825
153.3635731055441 9.990391672599397
151.3024291549455 8.815203633052597
149.24128520434684 6.669989682718907
147.18014125374822 8.931120079031995
145.11899730314954 7.042774652460655
143.05785335255092 9.659525599998913
140.99670940195227 8.707891525911993
138.93556545135365 9.780182877918964
136.874421500755 7.967092057081636
134.81327755015636 7.291459286648583
132.7521335995577 7.462128687420674
130.6909896489591 7.9679611015109835
128.62984569836044 10.492029195809113
126.56870174776179 6.345751425359626
124.50755779716316 8.517841142650624
122.44641384656451 9.010585721420506
120.38526989596588 8.812748882515908
118.32412594536723 8.328480476090162
116.2629819947686 8.33753531967009
114.20183804416996 8.118193224071481
112.14069409357131 8.087634912486477
110.07955014297268 9.473144481212026
108.01840619237403 8.248966544810743
105.9572622417754 8.93294863710619
103.89611829117675 6.770873720352479
101.8349743405781 7.960455961805603
99.77383038997947 7.540204851299832
97.71268643938083 8.994610945649768
95.65154248878218 8.047866007645256
93.59039853818355 8.464209213511344
91.52925458758492 9.326326030655515
89.46811063698627 8.656515697278685
87.40696668638763 7.304379012649131
85.34582273578899 10.043768575983336
83.28467878519035 7.7331183348452734
81.2235348345917 6.73673890674409
79.16239088399307 7.7974485511654645
77.10124693339444 6.280072002253728
75.04010298279579 6.164540243435431
72.97895903219715 7.234438506415014
70.9178150815985 5.862038224492761
68.85667113099987 7.920399236495803
66.79552718040122 9.342496204916232
64.73438322980259 7.077476803814008
62.67323927920394 9.342602511845117
60.6120953286053 8.508037064630804
58.550951378006665 7.466572672667408
56.489807427408024 6.388458652266774
54.42866347680938 6.851456433271387
52.367519526210735 8.942261641105585
50.306375575612094 10.16117460957743
48.24523162501345 7.70054697098559
46.18408767441481 6.523654334974211
44.12294372381617 7.56296334137619
42.06179977321753 5.2125412613766136
40.00065582261889 7.509119998165717
37.93951187202025 7.949202531983088
35.87836792142161 7.226335610778765
33.817223970822965 6.362730901812694
31.756080020224328 6.276690566143731
29.694936069625687 7.478996171592091
27.633792119027042 8.721641324050472
25.5726481684284 6.149559918139507
23.511504217829764 8.39171756557809
21.450360267231122 6.192460079732373
19.389216316632478 9.141120682640262
17.32807236603384 9.683798482047575
15.2669284154352 9.127200481473576
13.205784464836558 11.271255116785031
11.144640514237919 12.061406561861379
9.083496563639278 15.154220738295932
7.0223526130406375 27.391418184163282
4.961208662441996 44.06007440909037
2.9000647118433553 62.37332060392224
0.8389207612447145 72.8525241728328
-1.2222231893539264 78.13003290915447
-3.2833671399525666 77.18133980178291
-5.344511090551207 78.5124312180933
-7.405655041149848 76.00536467821777
-9.466798991748488 76.66731238980411
-11.52794294234713 86.83913215636487
-13.589086892945772 88.89980860440578
-15.650230843544412 84.65832483505342
-17.71137479414305 76.17907177882665
-19.772518744741696 62.394845403852095
-21.833662695340337 55.8291245706443
-23.894806645938974 55.87816802554602
-25.955950596537615 59.30678799546758
-28.017094547136256 65.450583385757
-30.0782384977349 73.73328667449684
-32.139382448333535 83.67918212866613
-34.200526398932176 86.00602650015405
-36.26167034953082 92.4127255293137
-38.32281430012946 96.29031936012846
-40.3839582507281 88.82926570939846
-42.44510220132674 85.17411157439771
-44.50624615192539 84.72651985836086
-46.56739010252403 73.31795343849889
-48.628534053122664 62.4653245154478
-50.689678003721305 51.2208539978139
-52.75082195431994 45.64530745028215
-54.81196590491858 42.0858773221991
-56.87310985551722 37.60278433600926
-58.93425380611586 33.81525009615804
-60.9953977567145 33.06781328145351
-63.05654170731315 29.52934817942528
-65.11768565791178 23.02287005269429
-67.17882960851043 21.312781883530437
-69.23997355910907 24.3927885538285
-71.30111750970771 25.720472614507333
-73.36226146030634 26.55613740836024
-75.42340541090499 25.896309760659083
-77.48454936150362 24.6994764109223
-79.54569331210227 21.384694530577658
-81.6068372627009 17.35898214238339
-83.66798121329956 16.76862818666054
-85.72912516389819 14.307576336293277
-87.79026911449682 12.768523534613315
-89.85141306509547 11.317232917781112
-91.9125570156941 9.436653885991564
-93.97370096629277 9.445886845557865
-96.0348449168914 7.800580712267584
-98.09598886749005 6.971567953103195
-100.1571328180887 6.757673922543346
-102.21827676868733 4.673866300586731
-104.27942071928598 5.162283703888773
-106.34056466988461 6.0756065083791615
-108.40170862048325 5.035514728654115
-110.4628525710819 5.98023522222516
-112.52399652168053 4.18288168056542
-114.58514047227918 4.481214793428089
-116.64628442287781 6.2903874238767905
-118.70742837347646 5.080963148226218
-120.7685723240751 3.2289460857246497
-122.82971627467373 3.825856900741157
-124.89086022527238 3.1259670504511914
-126.95200417587101 3.1438935627974374
-129.01314812646967 3.9436301024390867
-131.0742920770683 3.2726355357765273
-133.13543602766694 0.8213713812704112
-135.19657997826556 1.9177120010898356
-137.25772392886424 4.269757584664443
-139.31886787946286 2.94624378286111
-141.3800118300615 2.2682148056603886
-143.44115578066013 2.2607464946950313
-145.5022997312588 3.820795502364185
-147.56344368185742 3.5579324132191443
-149.62458763245607 2.564865761104783
-151.68573158305472 1.4294116075534267
-153.74687553365334 2.86880921368854
-155.80801948425201 2.6507162367822787
-157.86916343485063 2.2096570095039736
-159.93030738544928 3.1006971465531032
-161.9914513360479 1.4905092792438215
-164.05259528664655 2.5238272775935933
-166.1137392372452 6.5657741860908745
-168.17488318784385 1.6242256428726536
-170.23602713844247 3.801190258890991
-172.29717108904111 3.5208828335982343
-174.35831503963976 0.748361999252295
-176.4194589902384 2.026454181766781
-178.48060294083703 3.1168462052095305
-180.54174689143568 1.3907058639970387
-182.6028908420343 1.7550824879395477
-184.66403479263298 1.9471342173556294
-186.7251787432316 2.5974540528449803
-188.78632269383024 2.147244818196125
-190.8474666444289 3.578711070488524
-192.9086105950275 1.8704248043199445
-194.9697545456262 1.7172143971658005
-197.0308984962248 0.6109228060619402
-199.09204244682346 1.0014394713958568
-201.15318639742208 0.885165192387222
-203.21433034802075 2.599060845631638
-205.27547429861937 3.4412056284487536
-207.33661824921802 1.6754797307307892
-209.39776219981664 4.476443114530116
-211.4589061504153 0.7305827869121253
-213.52005010101394 3.675437737568488
-215.58119405161258 1.9312731917002224
-217.6423380022112 0.8476570019238113
-219.70348195280985 5.4726971548863315
-221.76462590340847 2.1379953145208943
-223.82576985400715 4.294457079079152
-225.88691380460577 1.0768542027100803
-227.94805775520442 2.217748581019894
-230.00920170580306 3.5325902383338454
-232.07034565640168 -0.21204655448793003
-234.13148960700036 5.666311521022632
-236.19263355759898 2.955675909283187
-238.25377750819763 2.4907462179870112
-240.31492145879625 5.368681925178972
-242.37606540939493 1.2628235893211945
-244.43720935999355 2.7297103135473497
-246.4983533105922 4.930488076548879
-248.5594972611908 2.673943847095986
-250.62064121178946 2.5202967366935343
-252.6817851623881 4.351788262810061
-254.74292911298676 3.7597870845527734
-256.8040730635854 3.606846850192373
-258.865217014184 4.717215023738744
-260.92636096478265 3.3726338969284244
-262.9875049153813 2.659281275626146
-265.04864886597994 4.847276176717834
