# BEGINHEADER
# This file contains data from the SALSA 2m radio telescope.
# DATE=2021-11-25T15:55:0005
# GLON and GLAT given in degrees
# GLON=136.9991866078888
# GLAT=0.7291502576727823
# DATA in two columns below. Col. 1 is velocity relative to LSR [km/s]. Col. 2 is uncalibrated antenna temperature [K].
# ENDHEADER
266.9316661582496 3.022091571658376
264.87052220765094 7.9052872519115915
262.80937825705234 7.077460420050437
260.7482343064537 6.058619909513978
258.68709035585505 4.914866948897731
256.6259464052564 6.3061693824349545
254.56480245465778 6.643450767058989
252.5036585040591 9.685476763840148
250.44251455346048 6.637231634039931
248.38137060286184 6.450382436687657
246.32022665226322 7.629273155044985
244.25908270166457 9.177598329921052
242.1979387510659 7.443164281516175
240.13679480046727 7.249558142072208
238.07565084986862 10.149781488754101
236.01450689927 9.733350526690666
233.95336294867136 9.433447084357264
231.8922189980727 10.257751995794342
229.83107504747406 7.628236943101173
227.76993109687544 7.38117456033775
225.7087871462768 9.815600933114284
223.64764319567817 10.54821253157054
221.5864992450795 6.677085301358418
219.52535529448087 7.627157577684988
217.46421134388223 9.292816635520492
215.4030673932836 8.72109081998394
213.34192344268493 9.921842068156057
211.2807794920863 9.148654704718256
209.21963554148766 8.947411736645398
207.15849159088904 10.33565524452075
205.0973476402904 8.914924586317571
203.03620368969172 7.054366026730729
200.9750597390931 7.247324500778312
198.91391578849445 10.595403541031965
196.85277183789583 9.326728218225965
194.79162788729718 8.893122252686759
192.73048393669853 9.36873985411809
190.66933998609989 8.58207959526838
188.60819603550127 8.163537030881907
186.54705208490262 8.148712938448933
184.48590813430397 9.113151673013943
182.42476418370532 10.517045555127279
180.3636202331067 9.033740660182044
178.30247628250805 8.453320610385592
176.24133233190943 9.287711822185326
174.18018838131076 8.350777427217391
172.11904443071214 11.770169050639165
170.0579004801135 11.213475108856533
167.99675652951487 8.524984340405727
165.93561257891622 12.408838212092581
163.87446862831754 9.146181247951674
161.81332467771892 8.983054116427207
159.75218072712028 8.750956861132462
157.69103677652166 9.743830004369801
155.62989282592298 9.579621166966284
153.56874887532436 10.002593160499464
151.5076049247257 10.5579945977064
149.4464609741271 11.285633863883868
147.38531702352844 10.805862110064535
145.3241730729298 9.82755140814799
143.26302912233115 9.576370506006487
141.20188517173253 9.76443525277723
139.14074122113388 9.867825072468818
137.07959727053526 10.246261270615669
135.01845331993658 10.660547465373918
132.95730936933796 10.519611720177203
130.89616541873932 12.302977861165797
128.83502146814067 10.279681557380037
126.77387751754203 8.071390131547826
124.7127335669434 10.782213254277396
122.65158961634475 10.988245368805059
120.59044566574612 11.543500019919227
118.52930171514747 8.45557419688951
116.46815776454883 9.855708958334272
114.40701381395019 9.868541988957572
112.34586986335155 14.001742947502136
110.28472591275292 9.147990415865337
108.22358196215427 9.522396066069414
106.16243801155562 10.06301159745766
104.10129406095697 9.049187800721297
102.04015011035834 10.463824675976152
99.9790061597597 8.508040464772098
97.91786220916106 12.085739277420497
95.85671825856242 8.795997049945377
93.79557430796378 10.408551275110351
91.73443035736514 9.90675275098854
89.6732864067665 8.742219702271951
87.61214245616786 11.497752761812455
85.55099850556923 10.910411510933923
83.48985455497058 9.345919881277386
81.42871060437194 9.070856077313307
79.3675666537733 11.69666944157234
77.30642270317466 11.247748132039762
75.24527875257601 8.851726491992405
73.18413480197738 8.568469722015982
71.12299085137874 8.608173217469806
69.0618469007801 9.531017619817236
67.00070295018145 8.346903527159085
64.93955899958281 10.896075600151285
62.87841504898417 11.211160668866109
60.81727109838553 9.416687153361234
58.75612714778689 7.2938282239784415
56.69498319718824 9.598717244034713
54.6338392465896 8.861940419108
52.57269529599096 10.864159175287542
50.51155134539233 10.912410494595882
48.450407394793686 6.9012284024872095
46.389263444195045 10.652690132036687
44.328119493596404 8.767658533178045
42.26697554299776 8.267996628305442
40.20583159239912 10.222775461090409
38.14468764180047 10.54511866749301
36.08354369120184 10.435555987345651
34.0223997406032 10.211168516352469
31.961255790004557 11.49575248253718
29.900111839405916 9.982476772013825
27.838967888807275 9.435645908879073
25.777823938208638 11.60795616096701
23.716679987609993 10.142032201772443
21.655536037011352 13.12290160012056
19.594392086412714 9.513175688631431
17.533248135814073 12.986901541460117
15.47210418521543 13.892023202901846
13.410960234616791 12.942225014688352
11.34981628401815 14.403847727125417
9.28867233341951 18.380913341001126
7.22752838282087 28.334699071943994
5.1663844322222285 43.80391045972497
3.1052404816235875 61.345464525204626
1.0440965310249468 82.41385863007027
-1.0170474195736938 89.85699905055273
-3.078191370172335 92.21573404937843
-5.139335320770975 89.77002558202824
-7.200479271369615 83.73768822306722
-9.261623221968257 78.33299882940538
-11.322767172566897 76.96494021127803
-13.38391112316554 79.00267884984225
-15.44505507376418 72.03685159760757
-17.50619902436282 63.59928086539773
-19.567342974961463 56.40454973891055
-21.6284869255601 52.34567404163657
-23.68963087615874 48.22463570991384
-25.750774826757386 49.19227484319898
-27.811918777356027 51.82593046031301
-29.873062727954665 57.58394539081848
-31.934206678553306 65.26412181668262
-33.99535062915194 69.9179914597475
-36.056494579750584 77.72741576926954
-38.117638530349225 85.66043193539281
-40.17878248094787 89.63880829886104
-42.239926431546515 88.77236078199238
-44.301070382145156 86.37224651237776
-46.36221433274379 84.96333800054911
-48.42335828334243 83.55324919552841
-50.48450223394107 79.75319628552137
-52.54564618453971 75.22469849410005
-54.606790135138354 68.67401574267213
-56.667934085736995 61.78410395426669
-58.72907803633564 53.42976707432568
-60.79022198693428 43.65820689684082
-62.85136593753292 39.56817258568398
-64.91250988813155 34.9752419697512
-66.9736538387302 32.53673105430173
-69.03479778932883 29.11894079811722
-71.09594173992748 31.760069894050318
-73.15708569052612 31.563690234598955
-75.21822964112476 34.85456337427796
-77.2793735917234 33.31951664935177
-79.34051754232205 30.809433578157044
-81.40166149292068 27.645602930099706
-83.46280544351931 22.857130532572263
-85.52394939411796 22.06603047063442
-87.58509334471661 19.72457993881459
-89.64623729531526 23.00256386834678
-91.7073812459139 20.36472290996121
-93.76852519651253 18.574462818604637
-95.82966914711118 17.192033589625225
-97.89081309770981 14.56431708758197
-99.95195704830846 14.68017970468678
-102.01310099890709 12.813272574269007
-104.07424494950574 9.589343162411648
-106.13538890010437 6.520535739144358
-108.19653285070301 7.972305415420998
-110.25767680130166 7.383823343324011
-112.31882075190029 6.262353932144848
-114.37996470249894 5.053176667238433
-116.44110865309757 7.169525179063762
-118.50225260369622 4.905320013510264
-120.56339655429485 6.128936595622284
-122.62454050489349 5.319855408324228
-124.68568445549214 5.3179639108841315
-126.74682840609078 6.891488742367363
-128.80797235668942 5.938077435917199
-130.86911630728807 5.391405829276847
-132.9302602578867 5.7878537220924695
-134.99140420848536 2.789453537038057
-137.05254815908398 3.775905066967694
-139.11369210968263 4.909323099819166
-141.17483606028125 5.301817218458575
-143.2359800108799 3.1451661809732885
-145.29712396147858 3.876528706074348
-147.3582679120772 6.036090521484838
-149.41941186267584 4.846449779992151
-151.48055581327446 7.1979614172295125
-153.5416997638731 4.1826904059071675
-155.60284371447176 5.189874733510433
-157.6639876650704 3.412870304621449
-159.72513161566903 4.621080767461096
-161.78627556626768 6.000305690307816
-163.8474195168663 1.0983949227370264
-165.90856346746497 5.456547893611431
-167.9697074180636 2.1611149097116797
-170.03085136866224 3.257983623804787
-172.09199531926086 4.264831830184027
-174.15313926985954 6.288693961364817
-176.21428322045816 4.4919815199765285
-178.2754271710568 2.0029409550837314
-180.33657112165542 3.2822287906506906
-182.39771507225407 7.455905853574584
-184.45885902285275 4.103917003073039
-186.52000297345137 4.100189445994258
-188.58114692405002 4.610612642766994
-190.64229087464864 3.267447547231429
-192.70343482524729 5.862189717244333
-194.76457877584593 4.496086302266493
-196.82572272644458 4.923057570367033
-198.8868666770432 7.4694460479501785
-200.94801062764185 4.974287916011636
-203.0091545782405 4.8141143860429025
-205.07029852883915 4.218386665378215
-207.13144247943777 5.552570395982008
-209.1925864300364 3.097866554302536
-211.25373038063503 5.683024572666252
-213.3148743312337 2.1864291093979373
-215.37601828183233 2.786380505595847
-217.43716223243098 4.099048075904167
-219.4983061830296 5.895121985885327
-221.55945013362825 4.428949646192888
-223.62059408422692 3.388223692487545
-225.68173803482554 2.738536684208985
-227.7428819854242 2.579869548839512
-229.8040259360228 5.122496899047068
-231.8651698866215 5.352018478471182
-233.9263138372201 4.378526060487861
-235.98745778781876 5.62968334612316
-238.04860173841737 5.112389014795069
-240.10974568901602 6.482320099508781
-242.17088963961467 3.380758765621487
-244.23203359021332 3.7853920961603422
-246.29317754081194 2.9262370977764895
-248.3543214914106 4.379674954274743
-250.4154654420092 3.0499106702959655
-252.47660939260788 3.7162813643608166
-254.5377533432065 7.278954648544568
-256.5988972938051 5.114660994193005
-258.66004124440377 7.452830775927303
