# BEGINHEADER
# This file contains data from the SALSA 2m radio telescope.
# DATE=2021-11-25T15:53:0016
# GLON and GLAT given in degrees
# GLON=134.58706586272825
# GLAT=0.7760707234377372
# DATA in two columns below. Col. 1 is velocity relative to LSR [km/s]. Col. 2 is uncalibrated antenna temperature [K].
# ENDHEADER
266.9228416842262 6.906180063093915
264.8616977336276 15.05811142532352
262.800553783029 12.189980674710451
260.7394098324303 11.033588680971857
258.6782658818317 14.251238944807003
256.61712193123304 13.4407462883617
254.5559779806344 13.684238562171528
252.49483403003578 16.090688787796804
250.4336900794371 15.470746201158315
248.37254612883848 14.617491243619552
246.31140217823983 13.557250906934975
244.2502582276412 15.168430203514768
242.18911427704256 16.894576800350073
240.12797032644391 14.841277209242232
238.06682637584527 15.06409766672641
236.00568242524665 15.87631096075957
233.944538474648 17.92858771644551
231.88339452404938 14.413716059789357
229.8222505734507 14.917350739666114
227.76110662285208 17.219785425249757
225.69996267225343 14.546355133171858
223.6388187216548 15.540285576439176
221.57767477105614 15.377918036078952
219.5165308204575 14.278885548145531
217.45538686985887 16.646040460161863
215.39424291926022 17.124331244126775
213.3330989686616 15.444903924421933
211.27195501806293 16.113076855509053
209.2108110674643 17.903806797320495
207.14966711686566 17.532315575034172
205.08852316626704 19.027364885018006
203.0273792156684 17.617681725985026
200.96623526506974 15.623169272749543
198.9050913144711 15.054037495234565
196.84394736387245 16.620742058737004
194.7828034132738 16.36719578135786
192.72165946267518 18.234061924370202
190.66051551207653 15.959431949438343
188.59937156147788 16.031054689759628
186.53822761087923 16.572379436335122
184.47708366028058 20.748668203645835
182.41593970968196 19.805935679996082
180.3547957590833 18.32556319491734
178.29365180848467 17.283765158264277
176.23250785788602 17.84597733360443
174.1713639072874 16.443676349157236
172.11021995668875 19.36956442214443
170.0490760060901 15.133361772527776
167.98793205549146 15.236261672955504
165.92678810489284 16.716879553753827
163.8656441542942 16.90766226959724
161.80450020369557 17.7924313651929
159.7433562530969 15.923322133066556
157.68221230249827 18.754812597386792
155.62106835189962 17.129128392727004
153.559924401301 18.80700986920132
151.49878045070233 19.003692002816223
149.4376365001037 16.341189400980266
147.37649254950506 18.007498027612627
145.3153485989064 19.880838413623877
143.2542046483078 16.695459359109833
141.19306069770911 16.178822622205125
139.1319167471105 16.823770493379087
137.07077279651185 17.299433321938153
135.00962884591323 16.55535345262493
132.94848489531458 15.899731369339559
130.88734094471593 16.572940550561103
128.82619699411728 14.489729470674563
126.76505304351865 16.32296894254304
124.70390909292 16.872396790651564
122.64276514232137 17.569197536307875
120.58162119172273 13.751539692223606
118.52047724112408 18.086796584751276
116.45933329052545 16.40041308836394
114.3981893399268 16.66345138413475
112.33704538932817 20.317263456610405
110.27590143872952 19.226527569368827
108.21475748813089 18.281539811072822
106.15361353753225 17.170173997865334
104.0924695869336 17.54572153860183
102.03132563633497 17.036964482729104
99.97018168573632 16.534756358864446
97.9090377351377 17.286863457224193
95.84789378453905 19.98192165616283
93.78674983394042 17.337080002729834
91.72560588334177 15.80412480780443
89.66446193274314 19.573988376339756
87.60331798214447 17.48884430826392
85.54217403154584 17.576520685954446
83.4810300809472 16.82182294779088
81.41988613034856 16.18200894734096
79.35874217974992 17.551591529571397
77.29759822915128 18.168204610373426
75.23645427855264 17.233231769057582
73.17531032795401 18.272613604061267
71.11416637735536 17.211872448487856
69.05302242675673 15.926369488093247
66.99187847615808 15.48468723804657
64.93073452555944 19.351832837885407
62.8695905749608 14.415505596118468
60.80844662436216 15.354553453882941
58.747302673763514 18.607323034672195
56.68615872316487 17.306133413102327
54.62501477256623 14.508250778218912
52.5638708219676 17.210143338015794
50.50272687136896 17.066352303645488
48.441582920770315 17.142526809829587
46.380438970171674 15.949443656429162
44.31929501957303 18.796432420138107
42.25815106897439 17.5668145655331
40.197007118375744 17.36292856991222
38.13586316777711 17.621275462640355
36.07471921717847 17.601385475803657
34.01357526657983 17.887269127161915
31.952431315981187 17.755536764094558
29.891287365382546 19.654295980816762
27.830143414783908 16.775141430978213
25.768999464185264 18.870860316156104
23.70785551358662 20.117523502792054
21.64671156298798 18.30962451505246
19.58556761238934 17.908053097813355
17.5244236617907 21.379100082107374
15.463279711192058 21.52766874192888
13.402135760593417 21.923309636061987
11.340991809994778 23.574651034913988
9.279847859396137 27.150578231311847
7.2187039087974965 35.00667016786972
5.157559958198855 48.75242659435876
3.0964160076002147 65.54283020953075
1.0352720570015739 86.61620348000602
-1.025871893597067 90.45199759931306
-3.0870158441957076 96.11065764422466
-5.148159794794348 96.48440575645425
-7.209303745392989 93.10867254417781
-9.27044769599163 89.07234216578433
-11.33159164659027 85.37225938093253
-13.392735597188912 82.99364833366197
-15.453879547787555 75.31991899304879
-17.515023498386196 68.99957818688537
-19.576167448984833 64.51168479601381
-21.637311399583474 56.243884563642375
-23.69845535018212 58.76738586641246
-25.759599300780756 54.68397499579012
-27.820743251379394 55.39812176124598
-29.881887201978035 59.66711535450584
-31.94303115257668 65.70233804326679
-34.004175103175314 72.96168895655889
-36.065319053773955 79.21912707645241
-38.1264630043726 87.28459217466497
-40.187606954971244 88.16880424838436
-42.248750905569885 91.99510198047422
-44.30989485616852 97.46459565772128
-46.37103880676716 93.32950636981721
-48.4321827573658 90.9680866291419
-50.49332670796444 93.11772816777771
-52.55447065856308 89.8358728556015
-54.615614609161725 83.47239800819266
-56.67675855976037 83.8166523880246
-58.73790251035901 74.31541016569375
-60.79904646095765 65.61480318778054
-62.86019041155629 59.382826074771785
-64.92133436215492 50.81998900337789
-66.98247831275357 44.42331905143355
-69.04362226335222 40.88975309227463
-71.10476621395085 38.03077182295387
-73.1659101645495 39.04791539696459
-75.22705411514814 40.25759228746609
-77.28819806574678 42.61478271337943
-79.34934201634542 37.570906332748315
-81.41048596694405 35.259463417110204
-83.4716299175427 34.51251179933023
-85.53277386814133 31.43838353096025
-87.59391781873998 27.868331149214683
-89.65506176933862 28.72654922139961
-91.71620571993726 31.244413392779858
-93.7773496705359 27.701603119445362
-95.83849362113453 29.360216459596906
-97.89963757173318 29.737809503500102
-99.96078152233183 26.83557156790124
-102.02192547293046 25.65073246491511
-104.08306942352912 20.704977405015587
-106.14421337412776 18.579551197159418
-108.2053573247264 15.221700336332805
-110.26650127532504 16.17635586796792
-112.32764522592369 16.381702858238512
-114.38878917652232 14.94351307832597
-116.44993312712096 14.57934645284866
-118.5110770777196 11.650316982866588
-120.57222102831824 12.715870045967435
-122.63336497891689 11.442932822679404
-124.69450892951552 13.970070794347452
-126.75565288011417 15.65123805779826
-128.8167968307128 13.55679488548739
-130.87794078131145 13.481071316295852
-132.9390847319101 12.499373355995676
-135.00022868250872 12.723845459832113
-137.06137263310737 13.824568765176542
-139.12251658370602 15.330235835926544
-141.18366053430466 13.719471925831696
-143.24480448490328 15.020327233013111
-145.30594843550193 13.788944657758892
-147.36709238610055 13.848561865779372
-149.42823633669923 14.119300965532215
-151.48938028729785 13.888907940862119
-153.5505242378965 12.13657045443897
-155.61166818849512 12.42263438935558
-157.67281213909376 14.587921030682525
-159.7339560896924 12.411941875988672
-161.79510004029106 14.019826667671062
-163.8562439908897 10.791984062412846
-165.91738794148833 13.05784208314589
-167.978531892087 13.753448972855498
-170.03967584268563 12.344004732164775
-172.10081979328427 12.01876074356544
-174.1619637438829 12.818060473706806
-176.22310769448154 13.826425546727709
-178.2842516450802 13.156113624167194
-180.34539559567884 11.989523921583913
-182.40653954627746 11.633705130576095
-184.4676834968761 11.820143156810218
-186.52882744747473 12.132441409377146
-188.5899713980734 12.460177028348777
-190.65111534867202 11.279840053617013
-192.71225929927067 11.557565009765025
-194.7734032498693 11.279363404908086
-196.83454720046794 13.598495324888487
-198.89569115106656 10.248383653571056
-200.9568351016652 12.776678976965687
-203.01797905226385 11.504674561429754
-205.0791230028625 11.955841545818535
-207.14026695346115 11.522354460575084
-209.20141090405977 11.524181995556072
-211.26255485465842 11.331332224103667
-213.32369880525704 11.719330565424123
-215.38484275585571 13.304732867987372
-217.44598670645433 10.91453886795514
-219.50713065705298 12.515232911153378
-221.5682746076516 11.575245777986538
-223.62941855825028 13.909654885155977
-225.6905625088489 10.97162478281838
-227.75170645944755 10.689694558782625
-229.81285041004617 9.371750804876019
-231.87399436064482 13.322602524788888
-233.93513831124346 12.051125594850262
-235.9962822618421 12.165969519912855
-238.05742621244073 10.453936838362479
-240.11857016303938 9.241204405222632
-242.17971411363803 12.677354951436197
-244.24085806423668 10.250003116157341
-246.30200201483532 12.164149460687698
-248.36314596543394 10.667424576455268
-250.4242899160326 10.978450406920185
-252.4854338666312 12.083312291958388
-254.5465778172299 13.237769318015825
-256.60772176782854 12.487444303670244
-258.6688657184271 14.653625284515654
