# BEGINHEADER
# This file contains data from the SALSA 2m radio telescope.
# DATE=2021-11-27T02:16:0019
# GLON and GLAT given in degrees
# GLON=216.8906403148985
# GLAT=-29.24582570800615
# DATA in two columns below. Col. 1 is velocity relative to LSR [km/s]. Col. 2 is uncalibrated antenna temperature [K].
# ENDHEADER
250.1113810958277 4.169015475777941
248.05023714522906 7.21379530034582
245.98909319463044 5.278855906006697
243.9279492440318 5.46313023481245
241.86680529343317 7.678205251433365
239.8056613428345 5.3985760721103
237.74451739223588 6.801803648222849
235.68337344163723 8.337624840049953
233.6222294910386 5.509424673032049
231.56108554043993 7.690477745290375
229.4999415898413 7.161194567655884
227.43879763924267 6.111302796573473
225.37765368864405 7.640070992242141
223.3165097380454 9.185191614696496
221.25536578744675 9.209109414799679
219.1942218368481 7.625204086247437
217.13307788624948 6.957996111560551
215.07193393565083 8.779809422239559
213.01078998505218 7.760397543588015
210.94964603445354 8.413241268404722
208.8885020838549 9.42299581944704
206.82735813325627 8.50109986836414
204.76621418265762 7.048661667836965
202.70507023205897 8.125940471376122
200.64392628146032 8.880328291182835
198.5827823308617 8.83356404257886
196.52163838026306 10.06363370744608
194.46049442966444 9.981142875804709
192.39935047906576 8.141607926608803
190.33820652846714 8.604728580172853
188.2770625778685 9.508235071011041
186.21591862726987 8.968208495696032
184.15477467667122 9.572566819389502
182.09363072607258 10.07660574999245
180.03248677547393 8.594689336826676
177.9713428248753 7.606927424459422
175.91019887427666 8.771369455975808
173.849054923678 8.07300389984936
171.78791097307936 8.984882325517313
169.72676702248071 8.435539945375668
167.6656230718821 9.567066127457116
165.60447912128345 7.672329912453409
163.5433351706848 8.119053793095924
161.48219122008615 7.56560793087238
159.42104726948753 9.155298868349862
157.35990331888888 9.676258629751327
155.29875936829026 7.622833742021012
153.2376154176916 10.185224981908311
151.17647146709297 8.856003328706578
149.11532751649432 8.02280034120162
147.0541835658957 8.402110010793264
144.99303961529705 7.886796686993912
142.9318956646984 8.660870280825286
140.87075171409975 8.50461173615268
138.80960776350113 10.899049569580923
136.7484638129025 8.344738842846976
134.6873198623038 9.139051425424382
132.6261759117052 9.917743186949027
130.56503196110654 10.855980783974715
128.50388801050792 10.322931601483024
126.44274405990927 7.437073941004143
124.38160010931064 9.986708457090991
122.32045615871199 8.66043485219943
120.25931220811336 10.88177587052184
118.19816825751471 8.754585476849016
116.13702430691606 9.507247572962507
114.07588035631743 9.67890527754834
112.01473640571878 9.49812291688081
109.95359245512014 7.913895449601776
107.8924485045215 8.522122245765436
105.83130455392286 10.05675562115114
103.77016060332423 8.244459706155673
101.70901665272558 8.183661065977228
99.64787270212695 9.45983554300936
97.5867287515283 7.445881611144013
95.52558480092965 8.206099277474612
93.46444085033102 9.916517485827281
91.40329689973237 10.350286218994906
89.34215294913373 7.74669628733347
87.28100899853509 7.182343033284798
85.21986504793645 6.669188544725069
83.15872109733782 9.39649157356907
81.09757714673916 8.496211210713394
79.03643319614052 9.832169194211508
76.97528924554187 10.21119334222442
74.91414529494324 7.9306491248537325
72.85300134434459 8.592855866645964
70.79185739374596 7.837588144505879
68.73071344314732 8.612824860881442
66.66956949254867 7.248537638126651
64.60842554195004 7.3911564179861085
62.5472815913514 8.097343157718784
60.48613764075276 6.774500055889778
58.42499369015412 8.063549212310578
56.36384973955548 8.041713941669475
54.302705788956835 7.72892079044609
52.24156183835819 7.98171064787408
50.180417887759546 6.527000145319962
48.11927393716091 10.270139020988722
46.05812998656227 8.413373327653536
43.99698603596363 7.2173948720446655
41.93584208536499 7.956848019534264
39.87469813476635 8.728515915698312
37.81355418416771 5.506650166899131
35.752410233569066 8.155925933028689
33.69126628297043 8.174618597152197
31.630122332371787 9.16349086122525
29.568978381773146 8.191580146907926
27.5078344311745 9.575629505077215
25.44669048057586 9.263592395642771
23.385546529977223 6.797379213219383
21.32440257937858 11.644298288304821
19.26325862877994 9.81216748774984
17.2021146781813 12.306486448152688
15.140970727582658 13.804344485388656
13.079826776984017 15.778431949990843
11.018682826385376 17.98418598498174
8.957538875786737 23.11210310065125
6.896394925188095 34.00726334200378
4.835250974589455 36.585182965790985
2.774107023990814 31.353009883705056
0.7129630733921735 24.626042908121992
-1.3481808772064672 20.151228297340776
-3.409324827805108 18.706232742666543
-5.470468778403749 15.922738394549913
-7.53161272900239 13.57066161012751
-9.592756679601031 11.78731458259071
-11.65390063019967 11.481850958211906
-13.715044580798313 8.301709599174934
-15.776188531396953 9.734863967500866
-17.837332481995592 10.052724170217678
-19.898476432594233 9.597406513738195
-21.959620383192878 10.424545467867102
-24.020764333791515 11.304119068038423
-26.081908284390156 10.503271193859897
-28.143052234988797 7.843002171442636
-30.204196185587442 8.327542278739928
-32.265340136186076 8.658872988450764
-34.32648408678472 8.803880864657966
-36.38762803738336 8.918332810868462
-38.448771987982 8.252657102379722
-40.50991593858064 7.326695238057705
-42.57105988917928 6.915432533735977
-44.63220383977793 6.237306723517686
-46.69334779037657 8.319725465132318
-48.754491740975205 6.674260116426985
-50.815635691573846 7.640598950488789
-52.87677964217249 5.070994849392196
-54.93792359277113 7.563576212844243
-56.99906754336977 6.246089663502902
-59.06021149396841 7.4515627878322235
-61.12135544456705 7.157970072873418
-63.182499395165685 7.232336331651216
-65.24364334576433 7.2263056032615225
-67.30478729636297 6.373618643693282
-69.36593124696161 6.072285236930625
-71.42707519756024 6.164617947296247
-73.4882191481589 6.772907818744027
-75.54936309875754 7.668548134420369
-77.61050704935619 5.913589833278767
-79.67165099995482 4.475723451762053
-81.73279495055347 6.0104028521035895
-83.7939389011521 5.373234757156999
-85.85508285175074 6.388251875758075
-87.91622680234939 3.4341730097968273
-89.97737075294802 6.694143078023234
-92.03851470354667 6.340934668755655
-94.0996586541453 5.1147647242032415
-96.16080260474394 4.91333440036702
-98.22194655534258 5.3189004359124805
-100.28309050594122 6.606516531852152
-102.34423445653985 3.014394028386813
-104.40537840713849 4.434310218872772
-106.46652235773713 3.047166425986241
-108.52766630833577 4.472333373262879
-110.58881025893442 4.547632193360641
-112.64995420953305 2.5160126219398964
-114.71109816013171 2.945094697407048
-116.77224211073035 4.969661364628282
-118.83338606132898 5.30689911094025
-120.89453001192763 3.169780970261059
-122.95567396252626 3.4992251661362963
-125.01681791312491 4.329139614853669
-127.07796186372354 3.385755417102084
-129.1391058143222 3.2460665864899716
-131.2002497649208 2.749091499786682
-133.26139371551946 4.521693486361628
-135.3225376661181 3.07068128822491
-137.38368161671676 3.723408217004552
-139.4448255673154 2.714667641840323
-141.50596951791402 4.66957271946971
-143.56711346851267 1.7987158161359618
-145.6282574191113 3.905346377560952
-147.68940136970997 4.549044705202575
-149.7505453203086 1.806769461636354
-151.81168927090724 2.564059059547163
-153.87283322150586 2.9679033742520895
-155.93397717210453 2.459490473426378
-157.99512112270315 3.081561818485269
-160.0562650733018 3.916753903235639
-162.11740902390042 3.4286143238434295
-164.17855297449907 4.136735472063551
-166.23969692509772 3.2976590942373223
-168.30084087569637 2.378901206725541
-170.361984826295 2.279308625699638
-172.42312877689363 2.411324534390451
-174.48427272749228 3.2384638761758597
-176.54541667809093 4.385375153239073
-178.60656062868958 3.9222127671060836
-180.6677045792882 3.6499087963323875
-182.72884852988685 3.136616135691821
-184.7899924804855 1.897941341961903
-186.85113643108414 3.727926999173752
-188.91228038168276 5.098167372515642
-190.9734243322814 3.6106200954738834
-193.03456828288003 3.208574758068487
-195.0957122334787 1.3775504947762842
-197.15685618407733 4.051618986982927
-199.21800013467598 2.643278803009373
-201.2791440852746 3.98039545204675
-203.34028803587324 1.5674422001498918
-205.4014319864719 1.5639443681480438
-207.46257593707054 1.4853137689356066
-209.52371988766916 0.8743750909207484
-211.5848638382678 2.747538281107443
-213.64600778886646 2.811397925173306
-215.7071517394651 0.2392311612762871
-217.76829569006375 1.2750281498524785
-219.82943964066237 1.8186625192276298
-221.89058359126102 1.312868770704583
-223.95172754185967 2.420944137271862
-226.01287149245832 2.7761040962737553
-228.07401544305694 3.5266553983836197
-230.13515939365558 2.1950795912176426
-232.1963033442542 1.9019936998838973
-234.25744729485288 0.589723888912051
-236.3185912454515 0.15364458213480647
-238.37973519605015 0.9602681231543987
-240.44087914664877 2.6914289041217794
-242.50202309724742 3.3520423176235936
-244.56316704784606 1.1843904763310065
-246.6243109984447 0.04871645061590459
-248.68545494904336 2.8838385582398827
-250.74659889964198 2.3219633302587352
-252.80774285024066 1.7850877989806258
-254.86888680083928 1.7612624727638062
-256.9300307514379 1.3125570084862932
-258.9911747020366 2.8570611018120324
-261.05231865263517 3.0130289629998117
-263.1134626032338 3.435738585780361
-265.17460655383246 3.7144307396539444
-267.23575050443117 2.3334911142812054
-269.29689445502976 2.9601764022638704
-271.3580384056284 2.4862619141559916
-273.419182356227 3.7581757232770774
-275.4803263068257 5.691214691245807
