# BEGINHEADER
# This file contains data from the SALSA 2m radio telescope.
# DATE=2021-11-24T16:20:0024
# GLON and GLAT given in degrees
# GLON=93.84472066355269
# GLAT=6.014638822418603
# DATA in two columns below. Col. 1 is velocity relative to LSR [km/s]. Col. 2 is uncalibrated antenna temperature [K].
# ENDHEADER
268.93083278473114 -6.148789206919272
266.86968883413243 -13.218963716639278
264.8085448835338 -13.005294208963427
262.7474009329352 -13.276503141410643
260.68625698233654 -11.12567569149133
258.6251130317379 -12.933665080357768
256.56396908113925 -9.282870783131361
254.50282513054063 -11.427766747171356
252.44168117994198 -12.462068720976093
250.38053722934333 -14.638523572687479
248.31939327874468 -14.91399204789552
246.25824932814606 -10.57553123498848
244.19710537754742 -11.33340054583431
242.13596142694877 -12.452687819849073
240.07481747635012 -13.063791017153646
238.0136735257515 -12.59977741810763
235.95252957515285 -12.873132814875357
233.8913856245542 -11.018317746325101
231.83024167395556 -15.226901050259492
229.7690977233569 -10.681858116346882
227.7079537727583 -12.960706637627032
225.64680982215964 -11.671038524951957
223.58566587156102 -14.238735879501263
221.52452192096234 -10.273552933287814
219.46337797036372 -11.676434813812348
217.40223401976507 -14.193408545416714
215.34109006916646 -10.612931051586912
213.27994611856778 -13.523941511863269
211.21880216796916 -11.457361305012006
209.1576582173705 -10.706388190072019
207.0965142667719 -12.71491322781727
205.03537031617324 -11.885662892444035
202.9742263655746 -10.626957494504287
200.91308241497595 -12.298227035116247
198.85193846437733 -10.44424358095087
196.7907945137787 -11.816124447823958
194.72965056318003 -10.48184439048359
192.6685066125814 -9.825034741512148
190.60736266198276 -10.617186685128424
188.54621871138414 -11.182237169267074
186.48507476078547 -13.181747290016274
184.42393081018685 -13.059982203855004
182.3627868595882 -10.882102650502308
180.30164290898958 -11.895095780541048
178.24049895839093 -11.218426872801183
176.17935500779228 -9.917635375715351
174.11821105719363 -11.18640774218573
172.057067106595 -11.33494798725799
169.99592315599637 -11.267470430451304
167.93477920539775 -12.276230284502828
165.87363525479907 -11.398489555813377
163.81249130420045 -12.003598380272036
161.7513473536018 -10.798532717552977
159.69020340300318 -12.1801840191714
157.6290594524045 -11.101179592327378
155.56791550180586 -11.446117713039865
153.50677155120724 -11.690284358117857
151.4456276006086 -10.677255332772324
149.38448365000997 -13.321986328300305
147.3233396994113 -10.852684008869693
145.26219574881267 -10.097688786990075
143.20105179821402 -10.567223778713041
141.1399078476154 -11.514094844762871
139.07876389701676 -7.2028007713799775
137.0176199464181 -11.487605521055226
134.95647599581946 -12.420835326589485
132.89533204522084 -11.23748981029389
130.8341880946222 -10.941513341447104
128.77304414402354 -9.486171536098045
126.71190019342491 -10.298006705205225
124.65075624282626 -8.248994671943633
122.58961229222763 -11.05794500768046
120.52846834162898 -11.561082136155058
118.46732439103035 -12.866101442934605
116.4061804404317 -8.0306317273175
114.34503648983306 -8.907836223320116
112.28389253923443 -9.751857530579072
110.22274858863578 -10.553748178237218
108.16160463803715 -11.966012808411621
106.1004606874385 -10.761394319746337
104.03931673683987 -10.511781500799197
101.97817278624122 -13.029773906542738
99.91702883564257 -13.321410874628375
97.85588488504392 -11.240002912274248
95.79474093444527 -11.10182784791459
93.73359698384664 -11.788022641811176
91.672453033248 -9.976489986001916
89.61130908264936 -10.218598575318747
87.55016513205072 -11.072502422122705
85.48902118145207 -8.218267481511264
83.42787723085344 -10.581840341112716
81.36673328025479 -11.817375778087403
79.30558932965616 -12.991456739839753
77.24444537905752 -7.237885175466544
75.18330142845888 -10.87495714473702
73.12215747786024 -11.120764996796838
71.0610135272616 -9.88368283128095
68.99986957666296 -8.69387105391051
66.93872562606431 -8.963701670653833
64.87758167546568 -11.255773856966167
62.81643772486703 -8.619971298637145
60.75529377426839 -10.283970921159622
58.694149823669754 -9.844271607572821
56.63300587307111 -10.514211977568339
54.57186192247247 -11.89189249298149
52.510717971873824 -8.8038030131833
50.44957402127518 -9.016846289007969
48.38843007067654 -9.127108865499428
46.3272861200779 -10.594421788207766
44.26614216947927 -8.871416403781273
42.204998218880625 -7.383284342498692
40.143854268281984 -10.151913733989456
38.08271031768334 -11.430163547807075
36.0215663670847 -7.896888611559992
33.96042241648606 -8.410074253644853
31.89927846588742 -6.181263642918036
29.83813451528878 -10.372627136377574
27.776990564690138 -8.221816948003456
25.715846614091497 -8.294617698605169
23.65470266349286 -6.5745686890293875
21.593558712894218 -6.5520339871179605
19.532414762295577 -4.923312394445327
17.471270811696936 -2.638883919981414
15.410126861098295 2.1098340203150925
13.348982910499656 9.75579817619884
11.287838959901014 14.212299982910741
9.226695009302373 23.193437612350266
7.165551058703732 33.20773685070001
5.104407108105091 44.019104204132184
3.0432631575064506 53.7546472259769
0.9821192069078098 58.495541355380205
-1.079024743690831 60.29199503150168
-3.1401686942894718 57.68378093659186
-5.201312644888112 57.01016736913693
-7.2624565954867535 52.42221527849453
-9.323600546085395 47.392772983021246
-11.384744496684034 48.6679911724297
-13.445888447282675 40.252698896346985
-15.507032397881316 33.313014972932756
-17.568176348479955 27.402280724444655
-19.629320299078596 20.99893652659824
-21.69046424967724 16.39136388722119
-23.75160820027588 12.743433523280684
-25.812752150874523 10.047706599452878
-27.87389610147316 7.6167436746985935
-29.935040052071805 8.591472956040798
-31.996184002670446 6.982676692154607
-34.05732795326909 7.985784483741386
-36.11847190386773 8.639354650776866
-38.17961585446636 7.076869729139057
-40.240759805065004 9.278927930786434
-42.301903755663645 6.068967061722027
-44.36304770626229 6.3378548525495715
-46.424191656860934 9.10731141357988
-48.485335607459575 11.038310746358912
-50.546479558058216 8.286625126824378
-52.60762350865685 8.039334293674164
-54.66876745925549 8.539289416215704
-56.72991140985413 5.956721214612644
-58.79105536045277 8.762552750775706
-60.852199311051415 12.065309636511541
-62.913343261650056 9.415854766396906
-64.9744872122487 9.044996476640062
-67.03563116284734 14.958216028377045
-69.09677511344599 14.488573253036826
-71.15791906404462 12.981585180991784
-73.21906301464325 14.299370095398693
-75.2802069652419 16.712634025770186
-77.34135091584054 17.1527673399658
-79.40249486643918 13.287601647925591
-81.46363881703782 14.170182030434733
-83.52478276763647 12.915497160549496
-85.5859267182351 12.281151113789617
-87.64707066883373 11.038204173602905
-89.70821461943238 11.012409168081183
-91.76935857003102 10.19337859461246
-93.83050252062968 12.762130500193747
-95.89164647122831 9.483135840750395
-97.95279042182696 10.033134392128652
-100.01393437242558 6.891826974968387
-102.07507832302423 1.9938573026575293
-104.13622227362286 2.4357123181324316
-106.19736622422151 -0.871086485572826
-108.25851017482015 -0.3146105477112777
-110.31965412541878 -2.202527269575332
-112.38079807601743 -2.540966227848703
-114.44194202661606 -3.95767148202047
-116.50308597721471 -3.519347955939414
-118.56422992781334 -5.962735635288513
-120.62537387841198 -6.598722934733047
-122.68651782901063 -6.928419525903144
-124.74766177960926 -5.259869208026979
-126.80880573020791 -5.756943666234923
-128.86994968080654 -8.297225738658472
-130.9310936314052 -8.780495575894676
-132.99223758200384 -6.143707532195572
-135.0533815326025 -8.246202534173095
-137.1145254832011 -9.205540729217613
-139.17566943379975 -6.343417703656983
-141.23681338439837 -8.356061687718656
-143.29795733499705 -8.390762590718243
-145.35910128559567 -7.421415324973278
-147.42024523619432 -9.739402316854536
-149.48138918679294 -9.394929983420782
-151.5425331373916 -7.875227572815812
-153.60367708799026 -7.669076997422176
-155.66482103858888 -10.179858044900685
-157.72596498918753 -5.555354174598546
-159.78710893978615 -8.12094934139703
-161.84825289038483 -10.74679499936657
-163.90939684098345 -8.002325156829675
-165.9705407915821 -8.821849381958174
-168.03168474218072 -9.937321639387944
-170.09282869277936 -8.929339435872178
-172.153972643378 -8.896398386347583
-174.21511659397666 -9.561864881137437
-176.27626054457528 -8.383593263568546
-178.33740449517393 -8.552836396887901
-180.39854844577255 -7.11929110777584
-182.45969239637122 -9.352446018203187
-184.52083634696984 -7.951106175561069
-186.5819802975685 -11.632010042683346
-188.6431242481671 -8.920549005886066
-190.70426819876576 -9.543377214442657
-192.76541214936444 -7.554269319455344
-194.82655609996306 -8.651065517326337
-196.8877000505617 -7.386010541370555
-198.94884400116035 -8.277039859871415
-201.009987951759 -8.319591945781815
-203.07113190235765 -7.919483004417933
-205.1322758529563 -8.22709425839849
-207.19341980355492 -9.551837840387885
-209.25456375415357 -9.36022084577255
-211.31570770475219 -8.181285979794929
-213.37685165535086 -7.782240025820134
-215.43799560594948 -7.97945275485128
-217.49913955654813 -9.231487621497427
-219.56028350714675 -7.858936527691198
-221.6214274577454 -9.576086683564188
-223.68257140834405 -6.418297260923696
-225.7437153589427 -7.269187003209308
-227.80485930954134 -8.581203054757633
-229.86600326013996 -9.101814392004123
-231.9271472107386 -7.170659587860917
-233.98829116133726 -10.003261866324431
-236.0494351119359 -7.284451435781903
-238.11057906253453 -8.543079361600533
-240.17172301313317 -9.364941438468927
-242.23286696373182 -6.368652982583372
-244.29401091433047 -6.9711949730140015
-246.3551548649291 -9.178690460818865
-248.41629881552774 -10.066307748474758
-250.47744276612636 -9.381260548025233
-252.53858671672504 -10.913398575920377
-254.59973066732366 -9.949755022668214
-256.6608746179223 -13.284150942359373
