# BEGINHEADER
# This file contains data from the SALSA 2m radio telescope.
# DATE=2021-12-09T13:59:0033
# GLON and GLAT given in degrees
# GLON=53.80900801598386
# GLAT=0.17687285167931174
# DATA in two columns below. Col. 1 is velocity relative to LSR [km/s]. Col. 2 is uncalibrated antenna temperature [K].
# ENDHEADER
268.3174847814126 4.225336574310503
266.25634083081394 6.452249285120138
264.1951968802153 5.40756647706956
262.1340529296167 5.920268503121791
260.072908979018 7.804456926537849
258.0117650284194 8.28356693739036
255.95062107782076 6.632972201505555
253.8894771272221 6.350254028121434
251.82833317662346 7.694414174260137
249.7671892260248 7.673353587097056
247.7060452754262 8.829276437957619
245.64490132482754 12.337358660713777
243.58375737422892 8.09677537597598
241.52261342363025 10.092709345700406
239.46146947303163 8.267887784261369
237.40032552243298 10.088051821210069
235.33918157183436 10.003403314842384
233.2780376212357 10.557672344699757
231.21689367063706 8.003177429436194
229.15574972003841 9.740115056913274
227.09460576943977 9.385433100279418
225.03346181884115 8.719062545829601
222.97231786824247 9.51934911913137
220.91117391764385 10.013825780056877
218.8500299670452 9.266273131056835
216.78888601644658 9.26613063128037
214.72774206584793 8.262557495500582
212.6665981152493 8.526351077183575
210.60545416465064 7.8341586535502845
208.54431021405202 10.345463117586819
206.48316626345337 9.581450282975275
204.42202231285475 7.250218137728076
202.36087836225607 10.50924911588913
200.29973441165745 7.960364039988094
198.2385904610588 10.840193587252916
196.1774465104602 8.88797468321517
194.11630255986154 6.5095021342167385
192.0551586092629 8.845034547306886
189.99401465866424 9.360509355073614
187.9328707080656 11.75248389791951
185.87172675746697 9.930249232798827
183.8105828068683 10.08225253658742
181.74943885626968 6.582087304089969
179.68829490567103 6.775650924458137
177.6271509550724 9.79089914220759
175.56600700447376 10.612240518902391
173.5048630538751 6.8888974789199535
171.44371910327646 6.664754032818576
169.38257515267784 8.365802479416061
167.3214312020792 8.222327966912646
165.26028725148058 8.014812761070498
163.1991433008819 7.858291906490234
161.13799935028328 8.864342688711913
159.07685539968463 7.670467498954373
157.015711449086 10.1460542705377
154.95456749848734 8.856973334320228
152.8934235478887 10.074890104531905
150.83227959729007 7.840812780522673
148.77113564669142 8.137906672027757
146.7099916960928 7.512287315583947
144.64884774549412 8.361220582251468
142.5877037948955 10.248793180554324
140.52655984429686 7.364799525088495
138.46541589369824 6.239413257227784
136.4042719430996 8.101628114593431
134.34312799250094 5.333559956362306
132.2819840419023 6.914729089908461
130.22084009130367 9.601844038656719
128.15969614070502 8.57434723571486
126.09855219010637 7.9550788199361655
124.03740823950774 9.801646835412491
121.97626428890909 9.270387346928578
119.91512033831046 8.637315171114931
117.85397638771181 8.774829923084123
115.79283243711318 7.539735565367283
113.73168848651453 6.546401162454912
111.6705445359159 8.440962876780404
109.60940058531726 5.57454905415211
107.54825663471861 6.422922863831224
105.48711268411998 8.648558967021918
103.42596873352133 7.761612285842557
101.3648247829227 6.039588625614038
99.30368083232405 7.2875453139940785
97.2425368817254 5.994447549682638
95.18139293112675 7.230075893405632
93.1202489805281 9.719662970397891
91.05910502992947 6.914632331265492
88.99796107933084 8.480229550878603
86.93681712873219 7.423255210090427
84.87567317813355 6.9530288420635395
82.8145292275349 6.930791076695859
80.75338527693627 7.071638333651879
78.69224132633762 10.446089365169216
76.63109737573899 9.418768499071277
74.56995342514035 12.363978543687582
72.5088094745417 12.979997186744459
70.44766552394307 16.940690639927663
68.38652157334442 19.248320029829305
66.32537762274579 26.344661014549597
64.26423367214714 31.09577116923722
62.2030897215485 38.43888228569013
60.14194577094986 44.14276956857861
58.08080182035122 50.76676592413222
56.019657869752585 57.34109271742764
53.958513919153944 61.16343878777155
51.8973699685553 65.30574335608738
49.83622601795666 66.63418646400629
47.77508206735803 71.526178315756
45.71393811675938 73.79606154509936
43.65279416616074 76.13887978444644
41.5916502155621 74.47562342620365
39.530506264963456 74.80904573276274
37.46936231436482 73.24667522541269
35.40821836376618 68.8045848063448
33.34707441316754 68.77382874385127
31.285930462568896 71.16527293338721
29.224786511970255 73.73107256840885
27.163642561371617 72.08822387175279
25.102498610772976 75.72203696118606
23.041354660174335 78.97170905436226
20.980210709575694 83.23249712997307
18.919066758977053 84.01357255847184
16.85792280837841 78.1036975601903
14.79677885777977 80.66847354301702
12.735634907181131 86.1407530338593
10.674490956582488 98.35068602386845
8.613347005983847 102.9354427776703
6.552203055385206 100.48940318947875
4.491059104786566 89.54319935604936
2.429915154187925 84.1594160034068
0.36877120358928445 72.98442587091509
-1.6923727470093564 62.238780321977465
-3.7535166976079974 49.30214270228919
-5.8146606482066385 38.75698864041126
-7.875804598805279 32.70517748574127
-9.93694854940392 30.381371715578357
-11.99809250000256 24.857942596203003
-14.059236450601201 19.806389506349763
-16.12038040119984 15.892428145280256
-18.181524351798483 17.206909151017708
-20.24266830239712 15.863897364069267
-22.303812252995762 16.891697242901337
-24.364956203594403 19.029352464755906
-26.426100154193048 17.234442918196763
-28.487244104791685 18.513395439423192
-30.548388055390326 19.528780366993413
-32.60953200598897 21.31020364226817
-34.67067595658761 23.03958532672598
-36.73181990718625 23.095214577406544
-38.79296385778489 23.15002100947475
-40.85410780838353 29.95847235506376
-42.91525175898217 30.910198321353825
-44.97639570958081 31.663903112626176
-47.03753966017945 33.7173965731651
-49.09868361077809 34.045205336035
-51.159827561376744 36.935586557641805
-53.220971511975385 37.87122725278524
-55.28211546257402 34.91154956781357
-57.34325941317266 34.042012284780064
-59.4044033637713 35.729313076516725
-61.46554731436994 34.042268053905104
-63.52669126496858 31.07915643596845
-65.58783521556722 26.479845273415343
-67.64897916616587 24.588094446996863
-69.7101231167645 21.047162835256817
-71.77126706736315 21.37747301911937
-73.83241101796179 16.29914689815838
-75.89355496856042 14.723744490458937
-77.95469891915907 17.61147976751148
-80.0158428697577 12.933999353320429
-82.07698682035635 11.948762594866825
-84.13813077095499 10.214277264722657
-86.19927472155364 10.966374363792653
-88.26041867215227 13.063452468936264
-90.3215626227509 9.385084330962584
-92.38270657334955 9.033936312099176
-94.44385052394819 5.5135894123460085
-96.50499447454683 7.154076871779036
-98.56613842514548 4.582937307262349
-100.62728237574412 5.824728946217945
-102.68842632634275 4.745433719548033
-104.7495702769414 4.37714389095757
-106.81071422754003 4.037216876138727
-108.87185817813868 2.880229541930169
-110.93300212873731 3.9485591622568417
-112.99414607933595 4.1449777086243955
-115.0552900299346 2.8657780968125586
-117.11643398053323 0.742262133825941
-119.17757793113188 1.5794857445707717
-121.23872188173051 1.0820243737223592
-123.29986583232916 3.247526701916879
-125.3610097829278 2.399718725925153
-127.42215373352643 1.0572094418198767
-129.4832976841251 2.0361844697086124
-131.5444416347237 1.8877333178807267
-133.60558558532236 4.2250723201999705
-135.666729535921 3.5880701740663774
-137.72787348651966 3.2584249647589965
-139.78901743711828 2.3337570617687713
-141.85016138771692 4.648767131643339
-143.91130533831554 3.180403564323176
-145.97244928891422 2.185971197803629
-148.03359323951284 -0.024055053621357844
-150.0947371901115 1.663394233845324
-152.1558811407101 3.074168443863684
-154.21702509130876 1.54815638271491
-156.2781690419074 2.7867561043878273
-158.33931299250605 2.8253302888422076
-160.4004569431047 2.773386854362476
-162.46160089370332 2.609278248234941
-164.522744844302 3.251601191947776
-166.58388879490062 0.5751945249816718
-168.64503274549926 0.8095048496462544
-170.70617669609788 1.6576834435475045
-172.76732064669653 3.247797856163696
-174.82846459729518 0.8889990100673097
-176.88960854789383 4.10017397983784
-178.95075249849245 3.359382397508444
-181.0118964490911 0.6503556999791239
-183.07304039968972 0.4755369654676752
-185.1341843502884 0.48124936697953447
-187.195328300887 0.9726737790015699
-189.25647225148566 1.3225794588577433
-191.31761620208428 0.9272450927777605
-193.37876015268293 1.2693740434433476
-195.4399041032816 1.9397559306775476
-197.50104805388023 -0.3601009883981916
-199.56219200447887 2.027737281762238
-201.6233359550775 3.856132293303966
-203.68447990567617 2.0174419632991127
-205.7456238562748 2.919565814842486
-207.80676780687344 2.5886499944042765
-209.86791175747206 1.441858454709595
-211.9290557080707 4.224345051691471
-213.99019965866935 2.4379574793181527
-216.051343609268 0.37646560896628456
-218.11248755986662 2.41519711888479
-220.17363151046527 1.0795026967055203
-222.2347754610639 1.5023872513082883
-224.29591941166257 0.6928755036984293
-226.3570633622612 2.3671902689356483
-228.41820731285983 1.4209072985979083
-230.47935126345845 0.45515456048798747
-232.54049521405713 0.7963913531245319
-234.60163916465578 3.4556991562775856
-236.6627831152544 2.8073374310434547
-238.72392706585305 2.753150803796661
-240.78507101645167 1.373430794734281
-242.84621496705034 1.4600383168746884
-244.90735891764896 1.8047535440822526
-246.9685028682476 2.2754617711458565
-249.02964681884623 1.5152662641759176
-251.09079076944488 2.475306867396012
-253.15193472004353 2.2683938704129885
-255.21307867064218 3.2030437767821245
-257.2742226212408 7.48048394557804
