# BEGINHEADER
# This file contains data from the SALSA 2m radio telescope.
# DATE=2021-12-09T14:05:0024
# GLON and GLAT given in degrees
# GLON=71.87430766615303
# GLAT=0.1268149567515032
# DATA in two columns below. Col. 1 is velocity relative to LSR [km/s]. Col. 2 is uncalibrated antenna temperature [K].
# ENDHEADER
266.77771750875087 3.3167253535338754
264.7165735581522 5.924134753863379
262.6554296075536 7.020737111070256
260.5942856569549 7.741630558070208
258.5331417063563 8.061001332477186
256.4719977557576 7.316022474283144
254.410853805159 9.5490739467426
252.34970985456036 9.611814753594826
250.2885659039617 8.481988797403918
248.2274219533631 9.182427822277797
246.16627800276444 9.920768683199015
244.10513405216582 8.550194891664228
242.04399010156715 8.342888784695274
239.98284615096853 9.522798808931068
237.92170220036988 9.389731050989115
235.86055824977126 9.490810693559187
233.7994142991726 9.748018151316256
231.73827034857396 8.228708983804161
229.67712639797531 12.050190848853585
227.6159824473767 11.11309099916347
225.55483849677805 8.115947185990066
223.4936945461794 8.525004561775907
221.43255059558075 8.923049773848335
219.3714066449821 9.586894809273488
217.31026269438348 9.878211218508124
215.24911874378483 10.496734349222482
213.18797479318619 9.774791681730733
211.12683084258754 9.079912306128435
209.06568689198892 10.802071161275004
207.00454294139027 9.52834901253722
204.94339899079165 11.371128893424146
202.88225504019297 10.656695133836498
200.82111108959435 6.356054483917028
198.7599671389957 8.816837509596875
196.69882318839706 8.208776283347241
194.6376792377984 9.414052210570802
192.5765352871998 9.684592772473616
190.5153913366011 7.833947027532505
188.4542473860025 10.798915385951982
186.39310343540384 9.54330921792605
184.33195948480522 10.029018437572274
182.27081553420655 9.981682763482295
180.2096715836079 11.703336093752153
178.14852763300928 11.034824681010909
176.08738368241063 11.456968633074533
174.026239731812 10.762542789266737
171.96509578121334 6.696534170805639
169.90395183061472 12.587634584209336
167.84280788001607 9.734099838109763
165.78166392941745 10.749606424802213
163.7205199788188 10.933428948174399
161.65937602822015 8.943867663182465
159.5982320776215 8.488061213954422
157.53708812702288 9.800793230781569
155.47594417642424 8.7317959922752
153.4148002258256 8.042413553609068
151.35365627522694 9.783344125318937
149.29251232462832 9.23773752215324
147.23136837402967 9.385297391908537
145.17022442343105 9.95143577640556
143.10908047283237 10.364077758657075
141.04793652223373 10.121810845169003
138.9867925716351 7.642010190631181
136.92564862103646 10.437216408994011
134.86450467043784 9.943642346560287
132.80336071983916 9.668648219972605
130.74221676924054 8.186583481915392
128.6810728186419 8.777585462882854
126.61992886804326 9.792315663374886
124.55878491744461 8.50675514632061
122.49764096684598 8.958890260951705
120.43649701624733 10.00520370220343
118.3753530656487 8.332547418049948
116.31420911505005 8.795221758607795
114.25306516445141 8.817528395279885
112.19192121385277 12.063291035181562
110.13077726325413 8.36984706663927
108.0696333126555 10.357633086967523
106.00848936205685 8.582746017010704
103.94734541145822 10.353016855521412
101.88620146085957 7.995073619959893
99.82505751026093 9.116897977095105
97.7639135596623 7.671835480917403
95.70276960906367 8.719706811697128
93.64162565846502 9.132902882808189
91.58048170786638 9.381228865653432
89.51933775726775 9.554640827434675
87.4581938066691 8.57547104972363
85.39704985607047 8.956442778336038
83.3359059054718 9.058063495957512
81.27476195487317 8.201738189092254
79.21361800427452 9.02388552401419
77.15247405367589 11.18790353069273
75.09133010307725 7.336457916081654
73.0301861524786 9.748572739138375
70.96904220187997 8.273753410080529
68.90789825128132 7.853418378171644
66.84675430068269 12.20901218041459
64.78561035008404 6.955642656959859
62.72446639948541 7.1295083325889825
60.66332244888677 9.595899269764372
58.602178498288126 9.269403631510306
56.54103454768949 8.31488743802771
54.479890597090844 8.896808330245717
52.4187466464922 7.001731053950109
50.35760269589356 10.51723245198563
48.29645874529491 8.854819789766147
46.23531479469627 6.412759235241078
44.17417084409764 10.791074001380652
42.113026893499 8.236594140438322
40.051882942900356 8.938447113527234
37.990738992301715 11.633265321700161
35.92959504170307 10.277534915074618
33.868451091104426 11.252818700917846
31.807307140505788 16.05111314404159
29.746163189907147 18.325055770272577
27.68501923930851 18.65418252668015
25.62387528870987 26.075224114819648
23.56273133811123 31.97539674286002
21.501587387512586 37.58431159112545
19.44044343691395 52.28751834545529
17.379299486315308 68.81993326721313
15.318155535716665 83.89724145503922
13.257011585118025 105.35178785438889
11.195867634519386 120.80065146746404
9.134723683920743 134.91383676508315
7.073579733322104 142.42063124208565
5.012435782723462 143.10192518153883
2.9512918321248214 129.706310710091
0.8901478815261803 133.98817610632815
-1.1709960690724603 122.32385332472833
-3.232140019671101 104.7950138216921
-5.2932839702697425 91.55989884684982
-7.354427920868382 76.66809905991119
-9.415571871467023 62.75180073841588
-11.476715822065664 62.68559670203219
-13.537859772664303 55.08006704798509
-15.599003723262946 49.587875675040586
-17.660147673861587 45.329591040959926
-19.72129162446023 43.253953080367864
-21.782435575058866 44.519771310431565
-23.843579525657507 43.862022314398224
-25.904723476256155 42.30242931240537
-27.965867426854793 39.11129292728749
-30.027011377453434 35.19409885568874
-32.088155328052075 28.615790421173504
-34.149299278650716 29.363463586341275
-36.21044322924936 28.395081467773228
-38.27158717984799 24.03067083389275
-40.33273113044664 23.174199359119225
-42.39387508104528 22.260900019491267
-44.45501903164392 20.162669568723114
-46.51616298224256 22.676254820233616
-48.5773069328412 25.159959033540673
-50.63845088343984 27.945525321154594
-52.69959483403848 30.42894460711262
-54.76073878463711 34.57563655108249
-56.821882735235754 37.62500970094662
-58.883026685834395 37.99487763872274
-60.94417063643304 41.71593202562099
-63.005314587031684 45.16204620200189
-65.06645853763033 47.50435714495387
-67.12760248822896 48.22489892471866
-69.1887464388276 48.993114511961295
-71.24989038942626 51.84143681963212
-73.31103434002489 47.36970037653774
-75.37217829062352 46.554241889998636
-77.43332224122217 42.875952509596274
-79.4944661918208 34.069220915717864
-81.55561014241945 25.994874861515193
-83.61675409301809 21.55242185622794
-85.67789804361674 17.341144214873992
-87.73904199421537 15.306448751177168
-89.800185944814 11.941921170079036
-91.86132989541265 10.63334239695888
-93.92247384601129 11.713597579132703
-95.98361779660993 12.325316767712112
-98.04476174720857 7.411049114308699
-100.10590569780722 5.38214790189802
-102.16704964840586 6.981395025356542
-104.2281935990045 9.218539889868161
-106.28933754960315 8.01313175504286
-108.3504815002018 7.148904421928714
-110.41162545080043 7.588185134041633
-112.47276940139908 6.370147808086862
-114.53391335199771 6.58469354432153
-116.59505730259636 6.6459676423201515
-118.656201253195 5.18613389736192
-120.71734520379364 7.490145890462376
-122.77848915439228 3.4195099307295322
-124.83963310499091 3.440865295019997
-126.90077705558956 4.39496453110327
-128.9619210061882 3.0842466169007516
-131.02306495678684 4.240241359299934
-133.0842089073855 3.727709128364245
-135.1453528579841 3.2528830448843955
-137.20649680858276 2.8877944386810492
-139.2676407591814 5.148720122561576
-141.32878470978005 3.4590276690779214
-143.38992866037867 3.7602778826920784
-145.45107261097732 4.179607092124083
-147.51221656157597 5.342654973129299
-149.57336051217462 3.9774710358409155
-151.63450446277324 3.321069404560021
-153.69564841337188 2.8418803317952728
-155.7567923639705 1.5200471621223826
-157.81793631456918 5.216209862046107
-159.8790802651678 4.175952638935367
-161.94022421576645 1.474570416962317
-164.00136816636507 1.4064193903103075
-166.06251211696372 2.3203067898096825
-168.1236560675624 2.580798158844237
-170.184800018161 2.631740798785356
-172.24594396875966 3.0740401257257965
-174.30708791935828 5.192267105027916
-176.36823186995696 5.324475871279641
-178.42937582055558 2.8170685514931812
-180.49051977115423 5.153460115722525
-182.55166372175285 3.5385081543500254
-184.6128076723515 4.347961903854772
-186.67395162295014 2.838610126763723
-188.7350955735488 3.4973269718260065
-190.7962395241474 2.7685186479440507
-192.85738347474606 4.273228740994685
-194.91852742534468 5.0249802362368055
-196.97967137594335 2.453284257850825
-199.04081532654195 2.8404860374309426
-201.1019592771406 3.2464491578898027
-203.16310322773924 2.600579788342334
-205.2242471783379 2.6452639831016866
-207.28539112893654 1.931864325026301
-209.34653507953516 0.9533206656828797
-211.4076790301338 2.1695271782711196
-213.46882298073245 0.7133778294818857
-215.5299669313311 3.7252509243285785
-217.59111088192972 2.1801851034117647
-219.65225483252837 2.697715304327306
-221.713398783127 1.305352413622957
-223.77454273372567 4.478664365643814
-225.8356866843243 4.206847987977834
-227.89683063492294 2.647652248146724
-229.95797458552155 1.3357198372604766
-232.01911853612023 3.6839261375465417
-234.08026248671885 3.150069730672757
-236.1414064373175 2.7904785847356157
-238.20255038791612 1.6707229327146034
-240.26369433851477 1.59998137831811
-242.32483828911342 3.5171580240882125
-244.38598223971206 1.9166643531567913
-246.4471261903107 4.24664778654949
-248.50827014090933 4.929880682748302
-250.56941409150798 4.695361735940905
-252.63055804210663 5.65894907576801
-254.69170199270528 5.691902339901985
-256.7528459433039 4.460497299518204
-258.81398989390254 4.682177136245535
