# BEGINHEADER
# This file contains data from the SALSA 2m radio telescope.
# DATE=2021-11-25T15:48:0039
# GLON and GLAT given in degrees
# GLON=97.81343933845943
# GLAT=-6.026048625470185
# DATA in two columns below. Col. 1 is velocity relative to LSR [km/s]. Col. 2 is uncalibrated antenna temperature [K].
# ENDHEADER
262.41203907275633 -1.7295333193065956
260.3508951221576 1.280738625994692
258.28975117155903 1.0690639495635312
256.2286072209604 2.2357844221894982
254.1674632703617 1.953709749026215
252.1063193197631 1.361112187619123
250.04517536916444 2.1086431614382315
247.98403141856582 2.1166510432657732
245.92288746796717 5.838740989894602
243.86174351736852 5.11572641991131
241.80059956676988 2.3783866197968506
239.73945561617126 1.6877038984453763
237.6783116655726 1.9387719412906166
235.617167714974 4.3982586507829975
233.5560237643753 4.172110258117439
231.49487981377666 2.0718058580588163
229.43373586317804 4.068852479189969
227.3725919125794 3.5406901962519624
225.31144796198075 4.084625654033743
223.2503040113821 6.386880341734363
221.18916006078348 3.1798516517344364
219.12801611018483 2.7763172643297316
217.0668721595862 3.3855315015633196
215.00572820898753 3.587058121873589
212.94458425838891 4.1092038803748165
210.88344030779027 3.1929103929900977
208.82229635719165 4.9532010434600515
206.761152406593 4.38433571981846
204.70000845599435 4.4173649810456785
202.6388645053957 2.045144298048769
200.57772055479708 4.205630491818543
198.51657660419843 6.825401916614735
196.4554326535998 3.7601931596110623
194.39428870300114 3.566893016750598
192.3331447524025 2.9465135281758403
190.27200080180387 4.7408735574752425
188.21085685120522 3.642398370405929
186.14971290060657 3.2086363279003027
184.08856895000793 6.954416760683777
182.0274249994093 5.150226236154719
179.96628104881066 2.6829197479897897
177.90513709821204 5.35125490217154
175.84399314761336 5.593270355974646
173.78284919701474 4.421789825912619
171.7217052464161 2.4096956429476344
169.66056129581747 7.387894158284255
167.5994173452188 5.055901717602568
165.53827339462018 2.394739368533939
163.47712944402153 7.0763036395615355
161.4159854934229 6.672381709994816
159.35484154282426 6.060761060827573
157.2936975922256 4.054188672453224
155.23255364162696 4.19479357851388
153.17140969102832 5.946376158694098
151.1102657404297 3.402172651265029
149.04912178983105 1.6638582063091967
146.9879778392324 3.1549730331804544
144.92683388863375 5.733824375757585
142.86568993803513 5.009054007105295
140.80454598743648 5.16448693195233
138.74340203683786 3.6954895157880006
136.6822580862392 6.316968592310029
134.62111413564057 5.944785437353324
132.55997018504192 5.43486037889403
130.49882623444327 6.984819209245798
128.43768228384465 4.26095920444597
126.37653833324599 4.658768718967487
124.31539438264736 3.62730188167436
122.25425043204872 6.750309649353114
120.19310648145007 3.7186072021042342
118.13196253085144 5.795707988586739
116.07081858025279 5.277610625862876
114.00967462965416 3.120577822681807
111.94853067905551 5.484289598143602
109.88738672845687 5.044006503231058
107.82624277785824 4.754781726396829
105.76509882725959 4.937002961209819
103.70395487666096 4.758078420978759
101.64281092606231 3.526982077751657
99.58166697546368 4.320399917535562
97.52052302486504 4.829206617225799
95.45937907426638 4.633258053178586
93.39823512366775 5.494356050341868
91.3370911730691 3.3730702347473933
89.27594722247046 4.67754065633287
87.21480327187182 4.164624438479535
85.15365932127318 5.069030660733583
83.09251537067455 4.624639198190637
81.0313714200759 5.244279898494941
78.97022746947727 3.279849451299256
76.90908351887862 5.64521354074935
74.84793956827998 6.293275636688463
72.78679561768134 4.554119784170456
70.7256516670827 4.040215468249404
68.66450771648407 5.201758738543584
66.60336376588542 4.750452755303461
64.54221981528677 4.34571450714066
62.48107586468814 2.7250204577945505
60.419931914089496 5.279187108459899
58.358787963490855 3.8895117536270782
56.29764401289221 4.066953667047031
54.23650006229357 4.27392558859019
52.17535611169493 5.668676448494638
50.11421216109629 3.2297516762691787
48.05306821049765 3.497239892648907
45.991924259899015 4.899037702696268
43.930780309300374 5.749820622638236
41.86963635870173 5.863160874678885
39.80849240810309 5.313532310661976
37.74734845750445 3.7905041649922837
35.68620450690581 5.442368346383853
33.62506055630717 5.504610605113917
31.563916605708528 5.560040012523347
29.502772655109887 4.016573923689868
27.44162870451125 4.734899254982316
25.380484753912608 6.476578426905419
23.319340803313963 7.343165046946634
21.258196852715322 6.96580024197316
19.19705290211668 5.8972354578335215
17.13590895151804 7.2993904721025045
15.074765000919399 9.459615979461898
13.01362105032076 12.62287121790227
10.952477099722119 14.43001984372496
8.891333149123477 23.30148678906744
6.830189198524836 32.31696890923413
4.769045247926196 42.510990353789715
2.7079012973275556 57.70795990530194
0.6467573467289144 68.51963930291299
-1.4143866038697264 62.69272328187923
-3.4755305544683677 57.787755008321696
-5.536674505067008 53.085000613370305
-7.597818455665649 43.74339386384794
-9.658962406264289 39.28720770841207
-11.720106356862932 35.10410558398582
-13.78125030746157 29.408955966716146
-15.842394258060212 23.486924411397503
-17.90353820865885 21.462697370359795
-19.964682159257492 22.809474138989888
-22.025826109856133 21.38172922718201
-24.086970060454778 25.602736058059033
-26.148114011053416 24.4025060378589
-28.209257961652053 26.494737594176932
-30.270401912250694 24.97135377456425
-32.33154586284934 27.184605655741784
-34.39268981344798 25.748562538842286
-36.45383376404662 26.86254024167684
-38.514977714645255 27.73798214303009
-40.576121665243896 27.35763924586609
-42.63726561584254 26.04413035415915
-44.69840956644118 25.552354248200647
-46.75955351703982 21.264656234888275
-48.82069746763847 20.211073504364062
-50.88184141823711 20.1494995326739
-52.94298536883575 20.79792142194317
-55.00412931943439 19.820146809971003
-57.06527327003303 16.899488564662953
-59.12641722063167 18.113879615560712
-61.18756117123031 16.939323375586845
-63.24870512182895 17.09291811882927
-65.3098490724276 13.176943624683203
-67.37099302302624 13.965008523379577
-69.43213697362488 13.04617994134054
-71.49328092422351 11.5433613374883
-73.55442487482216 12.244313034074189
-75.6155688254208 11.496114940366573
-77.67671277601944 10.508613492491756
-79.73785672661808 10.133808665850998
-81.79900067721672 10.297141540569891
-83.86014462781536 5.98277258590711
-85.92128857841399 7.24401315763546
-87.98243252901264 7.539668738033003
-90.04357647961127 5.697114158995824
-92.10472043020992 4.386775531746835
-94.16586438080856 7.355434725503139
-96.2270083314072 3.5533488134712483
-98.28815228200585 6.8550820828411565
-100.34929623260449 7.476980306534944
-102.41044018320314 5.90265386682114
-104.47158413380177 7.9244963678528535
-106.53272808440042 4.914238793687606
-108.59387203499905 3.9772860218336628
-110.65501598559769 3.9174246089435183
-112.71615993619633 1.402672512320648
-114.77730388679497 2.511001037055998
-116.83844783739362 2.8315072093302667
-118.89959178799225 1.052285179444682
-120.9607357385909 2.284744110395824
-123.02187968918953 1.9937076910272473
-125.08302363978817 2.220690869262221
-127.14416759038681 3.4487180125282015
-129.20531154098546 -1.031054216652607
-131.26645549158408 3.5965402716427253
-133.32759944218276 1.9675030916130851
-135.38874339278138 0.5700179104068072
-137.44988734338003 1.2190151082720542
-139.51103129397865 0.4965450622165704
-141.5721752445773 -0.9804350527266311
-143.63331919517594 -0.876725621533072
-145.6944631457746 -1.419835498159784
-147.7556070963732 -0.38543885250512905
-149.81675104697186 -1.7997320791183176
-151.87789499757048 -1.3533988292512467
-153.93903894816916 0.7466562627796919
-156.0001828987678 -3.4146300649370955
-158.06132684936642 -0.7698736518836296
-160.12247079996507 -0.6616782687798812
-162.18361475056372 -0.8635429866120484
-164.24475870116237 -1.285902149711689
-166.305902651761 -0.025425319058298635
-168.36704660235964 2.1342691493907058
-170.42819055295826 0.6570340605296592
-172.48933450355693 -0.08674305916067442
-174.55047845415555 -2.3615254965898806
-176.6116224047542 1.558696798668122
-178.67276635535282 -2.0666930523197435
-180.73391030595147 -3.4509979986303008
-182.79505425655012 0.24051644580193998
-184.85619820714876 1.2428736471601582
-186.91734215774738 -1.4923228854069959
-188.97848610834603 -1.0677997583200451
-191.03963005894468 1.01142314341193
-193.10077400954333 -1.9820587773490728
-195.16191796014198 -2.0026062881506634
-197.2230619107406 -2.3927403084394507
-199.28420586133925 0.2291037343740009
-201.3453498119379 -0.9803000638861152
-203.40649376253654 -0.7771752920806831
-205.46763771313516 -3.197317150778276
-207.5287816637338 -0.10685782969170898
-209.58992561433243 -1.7634204105838691
-211.6510695649311 -2.415314124634668
-213.71221351552973 -0.954933767793953
-215.77335746612837 1.7731980603917694
-217.834501416727 0.2988691296419916
-219.89564536732567 0.9637338261704482
-221.9567893179243 -1.0225005055660492
-224.01793326852294 -0.7889664655247894
-226.07907721912156 -0.26121144227872767
-228.1402211697202 -2.310095455811298
-230.20136512031885 -0.769519687987471
-232.2625090709175 -0.5151616319531748
-234.32365302151615 -1.485228127811378
-236.38479697211477 -1.0533139363696267
-238.44594092271342 -0.06688491894038473
-240.50708487331207 -2.6797094574640417
-242.56822882391072 -2.5855305427369397
-244.62937277450933 -1.8547657004564113
-246.69051672510798 -3.921581467201515
-248.7516606757066 -0.7733183139986554
-250.81280462630528 -1.5730282594707787
-252.8739485769039 -0.31575326447616003
-254.93509252750255 -0.9883052856891781
-256.9962364781012 -0.35043563885411994
-259.05738042869984 -1.293310909582921
-261.1185243792985 -1.7282551499099197
-263.1796683298971 0.14443157874471388
