# BEGINHEADER
# This file contains data from the SALSA 2m radio telescope.
# DATE=2021-11-23T20:16:0025
# GLON and GLAT given in degrees
# GLON=77.88402996106204
# GLAT=0.10161376838992534
# DATA in two columns below. Col. 1 is velocity relative to LSR [km/s]. Col. 2 is uncalibrated antenna temperature [K].
# ENDHEADER
265.1177642617534 7.449670497588457
263.05662031115475 12.331997728318267
260.99547636055615 11.412113531874796
258.9343324099575 12.053491633449983
256.87318845935886 9.430571565906943
254.8120445087602 11.300921040043685
252.7509005581616 13.31851523017242
250.68975660756294 14.262322673138938
248.6286126569643 13.356151040619418
246.56746870636564 13.720646013389059
244.50632475576703 12.918765023250812
242.44518080516838 12.456559146469765
240.38403685456976 12.607158126776689
238.32289290397108 14.480711526996997
236.26174895337246 12.237813426923372
234.2006050027738 15.509305668756253
232.1394610521752 15.921923699287435
230.07831710157654 13.075591508110488
228.01717315097787 13.78212361280626
225.95602920037925 14.4607029054301
223.8948852497806 12.76554831018093
221.83374129918198 13.442734085576902
219.7725973485833 12.347310143849281
217.71145339798468 13.865643870074189
215.65030944738604 20.654300268070205
213.58916549678742 14.949478364467963
211.52802154618877 15.2522541357211
209.46687759559012 15.215437039450817
207.40573364499147 15.375971013843563
205.34458969439285 15.773719209297022
203.2834457437942 11.247853253991998
201.22230179319558 17.381181030109712
199.1611578425969 14.714883389526545
197.10001389199826 12.835580342520446
195.0388699413996 12.593517660585055
192.977725990801 11.424862916834089
190.91658204020234 14.253090370860674
188.8554380896037 16.07101202049483
186.79429413900505 16.112308041685672
184.7331501884064 15.207552266373945
182.67200623780778 14.692007188497897
180.61086228720913 14.783460341452457
178.54971833661048 13.60522796322434
176.48857438601183 15.205937361579698
174.4274304354132 13.742387206046049
172.36628648481457 14.34417513776649
170.30514253421595 14.850699348815274
168.24399858361727 14.01802760897921
166.18285463301865 13.94858752790067
164.12171068242 13.896559654829055
162.06056673182138 15.714433886271125
159.99942278122273 13.298963769776272
157.93827883062409 12.304947644652584
155.87713488002544 12.389496993543373
153.8159909294268 16.68951232908531
151.75484697882817 18.837857455673355
149.6937030282295 13.01200029420221
147.63255907763087 16.08503105312201
145.57141512703222 14.919125372532434
143.5102711764336 12.745068224537036
141.44912722583496 14.109289344661116
139.3879832752363 17.616231930979595
137.32683932463766 16.52201952226135
135.26569537403904 13.425873699146766
133.2045514234404 11.730668870843578
131.14340747284177 16.732525750511584
129.08226352224312 13.819772961896906
127.02111957164446 14.341304627793964
124.95997562104583 14.95472507586509
122.89883167044718 13.547364299648372
120.83768771984855 17.583838669467756
118.77654376924991 14.740040766340423
116.71539981865126 10.724968282249549
114.65425586805263 15.17288089206867
112.59311191745398 17.020514218664463
110.53196796685535 15.478052145446004
108.4708240162567 14.478596181233515
106.40968006565807 15.094859064410397
104.34853611505943 14.052113757453322
102.28739216446078 12.837206952892249
100.22624821386215 16.568208089925864
98.16510426326352 10.899229007892913
96.10396031266488 14.973233414056807
94.04281636206622 14.71285034338727
91.98167241146758 13.511101505169862
89.92052846086894 14.037855851781192
87.8593845102703 13.978874752885835
85.79824055967167 16.983103463534796
83.73709660907302 13.119481026569128
81.67595265847439 14.206510975790449
79.61480870787574 13.830231789143676
77.5536647572771 12.077891561992901
75.49252080667846 11.754831099346692
73.43137685607982 17.82273963216715
71.37023290548119 12.175112456536517
69.30908895488254 16.279340648800765
67.2479450042839 16.958056336678688
65.18680105368526 16.209390160799572
63.12565710308662 16.53166456191428
61.064513152487976 11.28041818737235
59.003369201889335 15.291864604988305
56.942225251290694 13.576533806140388
54.88108130069205 14.740784858760083
52.81993735009342 13.638449300482835
50.75879339949478 13.349869866614293
48.69764944889614 15.959662473887585
46.63650549829749 13.052061993432869
44.57536154769885 17.158047437040626
42.514217597100206 15.940243504216866
40.453073646501565 13.692894167647745
38.39192969590293 14.890136951963017
36.33078574530429 14.307054891852836
34.26964179470565 15.673111754654908
32.20849784410701 17.745692523962212
30.147353893508363 18.066763244030753
28.086209942909726 18.39357525880993
26.025065992311085 27.610227040969498
23.963922041712443 33.267151710375046
21.9027780911138 35.465922401619345
19.84163414051516 48.944055988072456
17.78049018991652 62.221792905205184
15.71934623931788 81.98494248012649
13.658202288719238 101.94168806594969
11.597058338120597 116.75151890883552
9.535914387521956 134.29799533113172
7.474770436923316 142.10399227829583
5.413626486324675 146.39082915807376
3.3524825357260335 147.2582887431729
1.291338585127393 131.43976378610913
-0.7698053654712477 140.00173419893585
-2.8309493160698884 132.96846415780158
-4.892093266668529 124.5123070119361
-6.95323721726717 117.00247532897707
-9.014381167865812 102.3755144950406
-11.075525118464451 87.58661101989026
-13.13666906906309 76.22031995846785
-15.197813019661732 69.10278943576205
-17.258956970260375 62.43314277630493
-19.320100920859016 59.3266758740263
-21.381244871457653 54.26238357897061
-23.442388822056294 53.38959000985226
-25.50353277265494 54.919623336919926
-27.564676723253577 58.14432841943217
-29.625820673852218 48.95730591720604
-31.68696462445086 50.481834732374864
-33.7481085750495 51.537719237680136
-35.80925252564814 48.79021845080825
-37.87039647624678 47.09888294947303
-39.93154042684542 44.51890509699742
-41.992684377444064 46.989092994753584
-44.0538283280427 42.82060838708957
-46.11497227864134 44.33801597652886
-48.17611622923998 41.524623812052845
-50.23726017983863 39.34489568933452
-52.29840413043727 39.04769663008449
-54.35954808103591 37.795318589725625
-56.42069203163455 38.741882993027836
-58.481835982233186 42.00292523388919
-60.54297993283183 47.365296467594774
-62.60412388343047 47.73092350476612
-64.66526783402911 51.98483580776143
-66.72641178462776 51.62581070675334
-68.78755573522639 57.65463517911998
-70.84869968582504 54.35379333466711
-72.90984363642367 53.307980377568555
-74.97098758702232 56.62474468840464
-77.03213153762096 56.481573862708785
-79.09327548821959 55.04415222297556
-81.15441943881824 51.11261165448007
-83.21556338941687 47.247778125933486
-85.27670734001552 39.99408911352259
-87.33785129061415 39.848684113701175
-89.3989952412128 28.6177741661251
-91.46013919181144 25.399405927025754
-93.52128314241007 23.061655090066687
-95.58242709300872 23.54007080769023
-97.64357104360735 17.064293622217935
-99.70471499420601 17.339077248838738
-101.76585894480466 18.699088123748748
-103.8270028954033 18.009528525449532
-105.88814684600194 17.846112083313255
-107.94929079660058 17.671614177451616
-110.01043474719923 12.758562430802048
-112.07157869779786 16.014144093941088
-114.1327226483965 17.325064146213183
-116.19386659899514 13.46879551726354
-118.25501054959378 13.404041844454047
-120.31615450019243 12.998971653030761
-122.37729845079106 11.393793786226425
-124.43844240138971 11.187760494497347
-126.49958635198834 15.242379634082528
-128.560730302587 12.044074206107272
-130.62187425318564 12.17602525210346
-132.6830182037843 11.086912060070405
-134.7441621543829 13.079017725429923
-136.80530610498155 9.463441692444382
-138.86645005558017 14.717793539060652
-140.92759400617882 9.872391159739031
-142.98873795677747 9.115074726740962
-145.04988190737612 11.396648585086597
-147.11102585797474 9.089141445688526
-149.1721698085734 11.083905319892116
-151.23331375917203 10.543195612133694
-153.29445770977068 7.195903523334669
-155.3556016603693 10.033887393714188
-157.41674561096795 13.083591332035096
-159.4778895615666 8.440018985464404
-161.53903351216525 10.570473512216637
-163.6001774627639 11.107434238606348
-165.66132141336251 9.049534193745473
-167.72246536396116 12.362205494997177
-169.78360931455978 9.830602372316063
-171.84475326515846 9.74097769746002
-173.90589721575708 11.037882659150426
-175.96704116635573 13.121676048408709
-178.02818511695435 12.723316018593748
-180.08932906755302 9.022044319062308
-182.15047301815164 7.607923315384049
-184.2116169687503 8.168042365781787
-186.2727609193489 9.660199982608495
-188.33390486994756 7.531168234044609
-190.3950488205462 9.72914074266935
-192.45619277114486 9.153404869117024
-194.5173367217435 9.920871733939787
-196.57848067234212 9.972408286147868
-198.63962462294077 8.679899693698445
-200.7007685735394 9.557743284509277
-202.76191252413804 10.961893781183944
-204.82305647473666 12.613700624345583
-206.88420042533534 8.953926153141603
-208.94534437593396 10.266634462099411
-211.0064883265326 7.867435648860034
-213.06763227713122 7.312473743841424
-215.12877622772987 8.449268521979972
-217.18992017832852 8.514941245458138
-219.25106412892717 12.101917825846057
-221.3122080795258 6.833694523935104
-223.37335203012444 9.973465350897618
-225.43449598072306 6.441407726561582
-227.49563993132173 9.638462235619796
-229.55678388192035 10.208988692259554
-231.617927832519 7.9866002739537185
-233.67907178311762 5.8096590316524175
-235.7402157337163 12.231749860238898
-237.80135968431495 9.721736279407468
-239.86250363491357 8.099014099067965
-241.9236475855122 8.840562964621625
-243.98479153611083 11.37032655499
-246.0459354867095 10.663852059404585
-248.10707943730813 10.885710984989952
-250.16822338790678 8.644080424470538
-252.2293673385054 6.949177749998735
-254.29051128910405 9.920730441603371
-256.3516552397027 10.550643745157126
-258.4127991903013 10.52450208304768
-260.47394314089996 12.326995073018454
