# BEGINHEADER
# This file contains data from the SALSA 2m radio telescope.
# DATE=2021-11-24T15:27:0046
# GLON and GLAT given in degrees
# GLON=44.81314950894214
# GLAT=0.18670443081133384
# DATA in two columns below. Col. 1 is velocity relative to LSR [km/s]. Col. 2 is uncalibrated antenna temperature [K].
# ENDHEADER
263.98847431464156 -4.203187859164236
261.9273303640429 -9.456815271273927
259.86618641344427 -9.25543387767438
257.8050424628456 -12.481965219195628
255.743898512247 -10.700774904390244
253.68275456164832 -8.233327163055776
251.6216106110497 -11.583803524119242
249.56046666045106 -11.82390271321936
247.49932270985244 -10.680787334343817
245.4381787592538 -12.47414869932475
243.37703480865514 -11.152800437583705
241.3158908580565 -11.91882697758981
239.25474690745787 -12.260538001658118
237.19360295685922 -11.479330833197595
235.1324590062606 -11.591511086027893
233.07131505566193 -12.800639400332011
231.01017110506328 -12.605675362775429
228.94902715446466 -12.759122156811884
226.887883203866 -9.806770330198649
224.82673925326736 -11.473643156404329
222.76559530266871 -9.919459410446056
220.7044513520701 -11.694825173074864
218.64330740147145 -9.675088637636268
216.58216345087283 -10.590627761425274
214.52101950027415 -10.636534581543836
212.45987554967553 -12.061494872103724
210.39873159907688 -11.932817912729373
208.33758764847826 -11.91929479766227
206.2764436978796 -10.581687409179215
204.21529974728097 -8.738113937903032
202.15415579668232 -11.201516513302982
200.0930118460837 -12.259174661992342
198.03186789548505 -9.241178218139307
195.97072394488643 -10.664919564283027
193.90957999428778 -9.860406707150034
191.84843604368916 -11.156695687904541
189.7872920930905 -9.352297674310382
187.72614814249184 -9.547039459764381
185.66500419189322 -12.280379877845217
183.60386024129457 -10.496760536128564
181.54271629069595 -8.190220310724541
179.4815723400973 -8.271653296777634
177.42042838949865 -11.21099062378847
175.3592844389 -12.068416325284776
173.29814048830139 -9.837353483285195
171.23699653770274 -9.744033274372242
169.1758525871041 -11.25951374287956
167.11470863650544 -12.814261377187881
165.05356468590682 -10.254523740705146
162.99242073530817 -9.498692356073182
160.93127678470955 -10.775248631428587
158.87013283411088 -8.927980241178336
156.80898888351226 -9.74360225635468
154.7478449329136 -11.381789833629657
152.68670098231496 -10.511055577451604
150.62555703171634 -10.88857912543303
148.56441308111766 -9.757599039477915
146.50326913051904 -9.324112012530914
144.4421251799204 -12.76708051868869
142.38098122932178 -11.204033420020679
140.3198372787231 -9.922660441074148
138.25869332812448 -11.136439866041883
136.19754937752583 -10.863599089974077
134.1364054269272 -7.958681542032221
132.07526147632856 -11.597571174970057
130.01411752572992 -9.798185622827159
127.95297357513127 -10.016926847388584
125.89182962453263 -11.486546771109728
123.830685673934 -8.859579271036983
121.76954172333535 -10.093642524079238
119.70839777273672 -10.161585455592663
117.64725382213807 -9.24971198233658
115.58610987153943 -9.32104130868499
113.52496592094079 -9.868249219124316
111.46382197034215 -8.45258101108329
109.40267801974352 -10.422667072855765
107.34153406914487 -9.289871639313368
105.28039011854624 -9.102763423532627
103.21924616794759 -9.574055263859314
101.15810221734895 -6.789570183379073
99.0969582667503 -6.794409959454485
97.03581431615166 -6.683877271354762
94.97467036555301 -7.857228389267847
92.91352641495436 -7.46482673369055
90.85238246435573 -7.6971221128879455
88.7912385137571 -8.468559859537885
86.73009456315845 -5.825111261802469
84.66895061255981 -4.222810435115694
82.60780666196116 -3.053608857075207
80.54666271136253 -2.1039503511293063
78.48551876076388 3.386840720009941
76.42437481016525 4.885097995248043
74.36323085956661 11.042242675698565
72.30208690896796 18.46217486232935
70.24094295836933 22.242452652991865
68.17979900777068 26.382803862096136
66.11865505717205 33.02546523868177
64.0575111065734 37.00997530929633
61.99636715597476 38.397873468460936
59.93522320537612 41.638415846216525
57.87407925477748 44.298410959606926
55.81293530417884 41.38604581797262
53.7517913535802 41.422253507894084
51.69064740298156 39.87237383234219
49.62950345238292 36.36550075474116
47.568359501784286 37.18155572055147
45.50721555118564 36.46896342880237
43.446071600587 38.56196292246724
41.384927649988356 39.42071751506281
39.323783699389715 41.739264946697205
37.26263974879108 37.59627965942398
35.20149579819244 43.301295880337776
33.1403518475938 43.449728946737494
31.079207896995154 44.32284502076909
29.018063946396513 43.5914854888763
26.956919995797875 43.32129950966505
24.895776045199234 42.69250827960323
22.83463209460059 45.22819557688673
20.77348814400195 42.38354083870136
18.712344193403307 41.80257740526669
16.65120024280467 39.23047973040157
14.590056292206027 40.02671237701289
12.528912341607386 41.279137506447036
10.467768391008745 47.45215316949268
8.406624440410104 50.878885066021326
6.345480489811464 52.04945742896026
4.2843365392128225 47.381086367800116
2.223192588614183 38.124202115091954
0.16204863801554145 22.98481135730298
-1.8990953125830992 18.55631928805109
-3.9602392631817405 10.71563633967513
-6.021383213780381 5.539343226116969
-8.082527164379021 4.628587612969265
-10.143671114977662 4.147959306882797
-12.204815065576303 3.3703233228755267
-14.265959016174945 1.053385398814727
-16.327102966773584 1.441212232096753
-18.388246917372225 2.654961575840582
-20.449390867970866 2.2705643757937426
-22.510534818569507 1.2778585068524588
-24.571678769168148 4.098319526620806
-26.632822719766786 6.755607106312728
-28.693966670365427 5.162079732194878
-30.755110620964068 7.330647979773277
-32.81625457156271 9.752053500478809
-34.87739852216135 10.585910439962042
-36.93854247275999 11.553626922688018
-38.99968642335863 10.69203189141616
-41.06083037395727 12.390057320213028
-43.121974324555914 13.604396681518491
-45.18311827515455 11.450682019358162
-47.24426222575319 14.784267922403803
-49.30540617635183 13.50879359402152
-51.366550126950486 12.440773416583951
-53.42769407754913 12.86174264938817
-55.48883802814776 11.173503495584866
-57.5499819787464 12.661952712878298
-59.61112592934504 9.48762547193545
-61.672269879943684 7.018002569049263
-63.733413830542325 3.6769715647498544
-65.79455778114097 1.170984704685844
-67.85570173173961 1.5808749224024328
-69.91684568233825 -0.4220204612559837
-71.9779896329369 0.12756337658236636
-74.03913358353553 -3.6192480489854693
-76.10027753413416 -3.905227830051847
-78.16142148473281 -7.929866746832954
-80.22256543533145 -5.312937712508992
-82.2837093859301 -8.036848197111818
-84.34485333652873 -6.626254584272201
-86.40599728712738 -6.059580354459492
-88.46714123772601 -5.292031141858643
-90.52828518832465 -7.275693858764632
-92.5894291389233 -7.044248072035351
-94.65057308952193 -6.572147791731661
-96.71171704012058 -5.679165969420791
-98.77286099071922 -7.598844204411041
-100.83400494131786 -7.005478893056738
-102.89514889191649 -7.204888561153485
-104.95629284251514 -6.695388321694475
-107.01743679311377 -8.448519742133627
-109.07858074371242 -9.759662696714093
-111.13972469431106 -6.827975109995867
-113.20086864490969 -7.562407724770727
-115.26201259550834 -7.267368338176935
-117.32315654610697 -9.995577632223121
-119.38430049670562 -8.353994001904207
-121.44544444730425 -6.953533796589002
-123.50658839790289 -8.25293565426435
-125.56773234850154 -7.691519025991179
-127.62887629910017 -10.657403321957045
-129.69002024969882 -8.22852718185824
-131.75116420029747 -6.485084721704929
-133.81230815089611 -10.561313458295087
-135.87345210149473 -6.226291673035774
-137.93459605209338 -8.472685946538881
-139.995740002692 -8.37548096924548
-142.05688395329068 -6.494533374884074
-144.1180279038893 -5.722654296348768
-146.17917185448795 -5.30213088762916
-148.24031580508657 -8.194484886421705
-150.30145975568524 -5.997953757324792
-152.36260370628386 -9.461740297309841
-154.4237476568825 -7.095729511709801
-156.48489160748113 -5.500747872570757
-158.54603555807978 -7.911101055613739
-160.60717950867846 -8.151236330039586
-162.66832345927708 -6.530378940688169
-164.72946740987572 -9.337893738660526
-166.79061136047434 -8.331384454806976
-168.851755311073 -10.382369505568233
-170.91289926167164 -8.37175959844624
-172.9740432122703 -6.764847103495483
-175.0351871628689 -8.996253483510895
-177.09633111346756 -8.846865713629095
-179.15747506406618 -8.279842116203488
-181.21861901466485 -6.971249550574553
-183.27976296526347 -5.701776176753098
-185.34090691586212 -7.869218171182364
-187.40205086646074 -7.996545398778928
-189.46319481705942 -10.046404438068723
-191.52433876765804 -8.844154735966141
-193.58548271825669 -8.961671124980807
-195.64662666885533 -7.025526500042543
-197.70777061945395 -5.051935784545049
-199.76891457005263 -7.007490577235731
-201.83005852065128 -6.77835727289864
-203.89120247124993 -9.304221302869024
-205.95234642184855 -6.9971631277073945
-208.0134903724472 -8.650531057270648
-210.0746343230458 -8.022332468307605
-212.1357782736445 -8.826878209997197
-214.1969222242431 -8.286360810757785
-216.25806617484176 -7.292449476279656
-218.31921012544038 -7.147050049534386
-220.38035407603903 -4.490783832165457
-222.44149802663767 -7.428724382610883
-224.50264197723632 -8.48189848825162
-226.56378592783494 -7.367154171561145
-228.6249298784336 -7.1683574697975265
-230.68607382903224 -6.601678515920803
-232.7472177796309 -5.916646770736571
-234.80836173022954 -6.281975459200142
-236.86950568082815 -5.71608328825162
-238.9306496314268 -7.457400573533492
-240.99179358202545 -6.771335032047677
-243.0529375326241 -7.816848481390493
-245.11408148322272 -7.613006424756203
-247.17522543382137 -6.09221078365623
-249.23636938442 -5.735883355454941
-251.29751333501866 -6.677122092073757
-253.35865728561728 -7.958388411881925
-255.41980123621593 -9.444157874103665
-257.48094518681455 -8.395627980968198
-259.5420891374132 -11.092191955386745
-261.60323308801185 -11.588186533882029
