# BEGINHEADER
# This file contains data from the SALSA 2m radio telescope.
# DATE=2021-12-09T13:53:0013
# GLON and GLAT given in degrees
# GLON=29.875045208123108
# GLAT=0.20451470465950927
# DATA in two columns below. Col. 1 is velocity relative to LSR [km/s]. Col. 2 is uncalibrated antenna temperature [K].
# ENDHEADER
269.8310544763685 2.3221482799170983
267.7699105257699 5.477405404680025
265.7087665751712 7.435386376901802
263.64762262457253 8.414485162925263
261.58647867397394 6.828432312248633
259.5253347233753 8.443972701896302
257.46419077277665 10.299003648249133
255.403046822178 9.159247844192588
253.34190287157938 7.776097526367277
251.28075892098073 9.507742659039488
249.21961497038208 8.600464609431135
247.15847101978343 10.560884983085232
245.09732706918481 11.53189209699019
243.03618311858617 11.264516546408045
240.97503916798752 8.658842933588417
238.91389521738887 10.198849178918389
236.85275126679025 11.45811436125981
234.7916073161916 9.029883717151856
232.73046336559298 11.107605804333044
230.6693194149943 9.588317261765688
228.60817546439566 10.608579641087937
226.54703151379704 10.180826111560885
224.4858875631984 7.739630601622144
222.42474361259977 9.614626880980463
220.3635996620011 11.810975958924585
218.30245571140247 10.660893591021036
216.24131176080382 11.057554476608999
214.1801678102052 10.695905984868185
212.11902385960656 10.759821636496207
210.0578799090079 9.366363936980873
207.99673595840926 10.292662746634905
205.93559200781064 7.989322741227959
203.874448057212 11.070219239987841
201.81330410661334 9.595131153508188
199.7521601560147 9.980497897292558
197.69101620541608 9.403866086249508
195.62987225481743 9.378801465676379
193.5687283042188 11.952498058013873
191.50758435362013 9.49965338521381
189.44644040302148 7.417822940179909
187.38529645242286 7.532058301496195
185.32415250182422 10.53863671436709
183.2630085512256 9.35007015689477
181.20186460062692 9.725843530027415
179.1407206500283 10.9879377563135
177.07957669942965 8.0168940165802
175.01843274883103 10.856884112837427
172.95728879823236 8.649905794175343
170.89614484763374 10.106369586520303
168.8350008970351 9.54552407438288
166.77385694643647 9.094762770719266
164.71271299583782 8.762769009411421
162.65156904523917 10.005270206831764
160.59042509464052 10.114944114906649
158.5292811440419 8.783763438979562
156.46813719344325 10.240236588056232
154.40699324284464 10.92094397842445
152.34584929224596 7.192037900770182
150.2847053416473 10.670386842286916
148.2235613910487 12.399312997927074
146.16241744045004 10.363033003058968
144.1012734898514 9.051514655637941
142.04012953925275 8.26055997766103
139.97898558865413 9.008724570374863
137.91784163805548 11.283366952271184
135.85669768745686 10.014207780661065
133.79555373685818 9.13595181748297
131.73440978625956 8.54640649769734
129.6732658356609 12.103974134319618
127.61212188506228 10.314117427019877
125.55097793446363 11.230279132794223
123.489833983865 11.707070771390924
121.42869003326635 11.079567415427142
119.36754608266772 12.815676104816536
117.30640213206907 14.49936865539876
115.24525818147043 18.101282503546035
113.1841142308718 20.48013464715098
111.12297028027315 26.541810785014118
109.06182632967452 27.822490383587187
107.00068237907587 29.66177577756048
104.93953842847723 33.69232039215999
102.87839447787859 36.55637300137989
100.81725052727995 40.42553243270293
98.75610657668132 41.146808746497804
96.69496262608267 43.21380307868037
94.63381867548404 46.01423146132281
92.57267472488537 46.58471649543951
90.51153077428674 44.82012038658097
88.45038682368809 46.60698803831944
86.38924287308946 46.34360455061348
84.32809892249082 49.19841774223512
82.26695497189218 49.29946240548035
80.20581102129354 47.61407395479738
78.1446670706949 46.59651671304762
76.08352312009626 49.28638902688596
74.02237916949763 49.50635805934324
71.96123521889898 47.84569378976323
69.90009126830034 47.43844519837227
67.8389473177017 46.47049082927226
65.77780336710306 44.88827977854927
63.71665941650441 44.67382813162689
61.65551546590577 42.914606666022536
59.59437151530713 44.97890722050924
57.53322756470849 45.38316894696172
55.47208361410985 41.82876195935109
53.410939663511215 46.5136699292361
51.349795712912574 45.47125159632999
49.28865176231393 46.74393186488199
47.22750781171529 51.467727060161984
45.16636386111665 55.159612786882676
43.105219910518 57.973480482810466
41.04407595991936 55.294471301891065
38.98293200932073 52.45810211400472
36.921788058722086 53.049383485763414
34.860644108123445 54.07995285126938
32.799500157524804 56.75436753000998
30.738356206926163 59.09116514707793
28.677212256327522 64.28427565447754
26.61606830572888 68.04651529524119
24.554924355130236 73.66559903599206
22.4937804045316 75.59955219673616
20.432636453932954 76.80196241756511
18.371492503334313 83.0736802877784
16.310348552735675 81.9692348183992
14.249204602137034 83.73581613610529
12.188060651538391 84.85403635585602
10.126916700939752 78.94646727000668
8.065772750341111 74.52394508117759
6.004628799742471 71.87161386304194
3.94348484914383 77.65548237323851
1.882340898545189 82.62324525801647
-0.17880305205345154 71.81989961751881
-2.2399470026520927 57.31653597458181
-4.301090953250733 43.80656319840426
-6.362234903849374 34.11460505025075
-8.423378854448016 28.571131768004868
-10.484522805046655 25.349547480618835
-12.545666755645296 27.94856621078596
-14.606810706243937 26.20528005791967
-16.66795465684258 29.46726640456322
-18.72909860744122 28.838736090601902
-20.79024255803986 27.286908452932337
-22.8513865086385 26.720518838013522
-24.91253045923714 26.37145106596165
-26.973674409835777 28.212819004479236
-29.03481836043442 27.249827008555805
-31.095962311033063 30.85044354674532
-33.157106261631704 33.40077782491765
-35.218250212230345 31.339063464613663
-37.279394162828986 34.83476667007758
-39.34053811342763 31.99314887510815
-41.40168206402627 27.732568654168524
-43.4628260146249 26.498193336333177
-45.52396996522354 24.374235307707245
-47.585113915822184 21.84041279282405
-49.646257866420825 19.42599452741133
-51.707401817019466 18.31372008363436
-53.768545767618114 15.243929081364069
-55.829689718216756 11.29333300475853
-57.89083366881539 10.429925716373468
-59.95197761941403 9.196077025856619
-62.01312157001267 3.639208751364098
-64.07426552061132 5.67739888531534
-66.13540947120995 4.837346949219205
-68.1965534218086 6.63503330008945
-70.25769737240724 5.351637457227944
-72.31884132300588 3.8563955723395806
-74.37998527360452 1.219887079933011
-76.44112922420317 3.7541608092963945
-78.5022731748018 5.498482958067526
-80.56341712540043 5.871688006259507
-82.62456107599908 6.4360759411139545
-84.68570502659772 3.2460127228255415
-86.74684897719636 5.62075348063215
-88.807992927795 5.790311508744536
-90.86913687839365 4.989659950173983
-92.93028082899228 3.2066269341256732
-94.99142477959091 3.7034840617761686
-97.05256873018956 4.418408245212492
-99.1137126807882 5.446705549558759
-101.17485663138686 3.5939275140719142
-103.2360005819855 1.8979694096518234
-105.29714453258414 3.4152429635929216
-107.35828848318278 1.634703063393713
-109.41943243378141 3.13883497399668
-111.48057638438006 4.1348573776132636
-113.54172033497869 4.343962978930748
-115.60286428557734 3.077018802367536
-117.66400823617597 2.038592949774844
-119.72515218677461 1.7351888795908788
-121.78629613737326 5.317301376470723
-123.84744008797189 5.665833447970353
-125.90858403857054 3.318980332664178
-127.96972798916917 3.8955761011238894
-130.03087193976782 0.1421871905831781
-132.09201589036647 2.1556642888255038
-134.1531598409651 2.5998528107983714
-136.21430379156374 0.8610815391803412
-138.27544774216238 3.5749011814846248
-140.33659169276103 1.7088982084241333
-142.39773564335965 2.3362982628948155
-144.4588795939583 4.245662190845026
-146.52002354455695 2.1961618306593307
-148.5811674951556 2.71663150736351
-150.64231144575422 1.60637604737674
-152.70345539635287 2.456707433554864
-154.76459934695148 4.104154446000623
-156.82574329755016 1.4737698038659235
-158.8868872481488 3.617163171011807
-160.94803119874743 1.9394566134470679
-163.00917514934608 2.970107267575331
-165.0703190999447 3.6489465802277903
-167.13146305054337 1.213065408985083
-169.192607001142 3.23054375287358
-171.25375095174064 2.3102452272578944
-173.31489490233926 -0.5375016147816116
-175.3760388529379 0.267233957761632
-177.43718280353656 0.5903779148741404
-179.4983267541352 2.7048683320781444
-181.55947070473383 5.131461096912574
-183.62061465533247 2.961516056837114
-185.68175860593112 1.5906367054728
-187.74290255652977 2.2598467076816835
-189.8040465071284 2.6643180879221044
-191.86519045772704 1.2698811223197293
-193.92633440832566 3.9893185996744815
-195.98747835892433 2.161961659676692
-198.04862230952298 2.815798433286801
-200.1097662601216 2.9646722336993077
-202.17091021072025 2.3229408619081715
-204.23205416131887 1.7890248553042574
-206.29319811191755 2.0500934696141377
-208.35434206251617 3.8152262219577113
-210.41548601311482 2.3227983978875137
-212.47662996371344 2.316708779815344
-214.5377739143121 2.179624904593009
-216.59891786491073 1.569881182266002
-218.66006181550938 3.9423075955498312
-220.721205766108 3.2108663596262375
-222.78234971670665 -0.43032645496511546
-224.8434936673053 1.1341103588609063
-226.90463761790394 3.7649449606311656
-228.96578156850256 2.8182948085868658
-231.0269255191012 0.2537706019711145
-233.08806946969983 4.3718354220612605
-235.1492134202985 2.27818750551846
-237.21035737089716 2.0235504959560693
-239.27150132149578 2.4551353757166887
-241.33264527209442 3.6872890113893613
-243.39378922269307 1.6939550975832842
-245.45493317329172 6.393681303127538
-247.51607712389034 5.928170256389054
-249.577221074489 3.1520187968184756
-251.6383650250876 4.965087281193066
-253.69950897568629 5.146464455468071
-255.7606529262849 6.679367841995908
