# BEGINHEADER
# This file contains data from the SALSA 2m radio telescope.
# DATE=2021-11-29T15:47:0046
# GLON and GLAT given in degrees
# GLON=55.886859933197314
# GLAT=12.137565056298708
# DATA in two columns below. Col. 1 is velocity relative to LSR [km/s]. Col. 2 is uncalibrated antenna temperature [K].
# ENDHEADER
272.1199733838038 0.811988381620773
270.0588294332052 4.73389247956903
267.9976854826065 5.041907347832452
265.93654153200794 4.22486499516058
263.8753975814093 6.285867146826162
261.81425363081064 6.172239810483819
259.753109680212 6.344931387488034
257.69196572961334 6.510836583650515
255.6308217790147 7.676447549658281
253.56967782841605 6.511148656459498
251.50853387781743 5.45891949573745
249.44738992721878 6.425758896580006
247.38624597662013 7.0923639645643215
245.32510202602148 2.8588772505546403
243.26395807542286 4.45051070433189
241.20281412482422 5.851209861161347
239.14167017422557 6.49972452031208
237.08052622362692 9.154460364561388
235.0193822730283 8.304739257451153
232.95823832242965 5.208277265212711
230.89709437183103 5.079045310987126
228.83595042123235 7.885497183398346
226.77480647063373 3.233440195616033
224.7136625200351 1.6638320363216794
222.65251856943647 5.3948087967775455
220.59137461883782 7.78616384235194
218.53023066823914 7.951620879091202
216.46908671764052 7.530055021552736
214.40794276704187 7.203502066024779
212.34679881644325 4.696829070093691
210.2856548658446 8.753530355445875
208.22451091524596 6.4644691971736785
206.1633669646473 6.966173316962079
204.1022230140487 7.2887594824472
202.04107906345004 6.98532720853825
199.9799351128514 4.271897907177365
197.91879116225277 5.299578879548441
195.85764721165415 7.776549180842458
193.7965032610555 9.146496185993225
191.73535931045686 6.3316768792448235
189.6742153598582 6.674540533538569
187.6130714092596 6.910431426478203
185.55192745866094 8.217111926120435
183.4907835080623 5.764616479753437
181.42963955746364 6.384173606227188
179.368495606865 7.430570916641895
177.30735165626638 7.387605001898171
175.24620770566773 5.934317926539152
173.18506375506908 5.7983648317777226
171.12391980447043 6.027724348569899
169.0627758538718 3.2780126475949607
167.00163190327316 8.54945555737716
164.94048795267454 4.896645764391173
162.87934400207587 3.7928202669900175
160.81820005147725 7.791410757384811
158.7570561008786 7.244229760313144
156.69591215027998 8.139734876474906
154.63476819968133 5.406843596404456
152.57362424908268 6.356369926258743
150.51248029848404 8.590613257800685
148.45133634788542 5.876226509157474
146.39019239728677 6.926245626040082
144.32904844668812 6.332735412460234
142.26790449608947 5.20368006874048
140.20676054549082 6.497351032726297
138.1456165948922 7.77302641786694
136.08447264429356 5.758280601996307
134.0233286936949 8.37198189731981
131.96218474309626 8.211398202975598
129.90104079249764 7.4806033847529845
127.839896841899 5.7010769236083325
125.77875289130036 4.962419606390581
123.71760894070172 6.928997614814233
121.65646499010306 5.708670685816546
119.59532103950443 6.068476578409621
117.53417708890578 4.666302055377757
115.47303313830714 3.859994011900637
113.41188918770851 4.0168134316795
111.35074523710986 4.834513754356732
109.28960128651123 4.920691999966331
107.22845733591258 7.375339350433202
105.16731338531395 7.553903171697456
103.1061694347153 6.765225156244764
101.04502548411666 3.959927624650167
98.98388153351802 5.224498918590677
96.92273758291937 6.316966086977687
94.86159363232073 4.807193703433014
92.8004496817221 7.141704828904908
90.73930573112345 6.6627100436435605
88.67816178052482 6.881570715632372
86.61701782992617 5.498119564071267
84.55587387932752 6.201218361204127
82.49472992872887 7.911063305906893
80.43358597813024 6.8590310459799255
78.3724420275316 6.113493508860239
76.31129807693296 5.991535188171255
74.25015412633432 7.07915323736032
72.18901017573567 5.793937554622262
70.12786622513704 6.371965127347277
68.06672227453839 8.36215762583028
66.00557832393976 6.29050600591536
63.94443437334112 6.690507706735501
61.883290422742476 9.009047383228838
59.822146472143835 8.805028414406626
57.7610025215452 6.696802269590462
55.69985857094655 7.393066545588028
53.63871462034791 7.049652052785834
51.57757066974927 6.852552696563348
49.51642671915063 9.675668167953487
47.45528276855199 8.714288208563895
45.39413881795335 9.989627038680727
43.332994867354714 8.818170280347697
41.27185091675607 9.359516564908407
39.21070696615743 11.491068464559325
37.14956301555878 10.583236312899013
35.08841906496014 12.259085062835608
33.0272751143615 15.969595387483164
30.966131163762864 15.207214181559086
28.904987213164222 16.97713616637503
26.843843262565585 19.01008943708017
24.782699311966944 17.863895537329164
22.7215553613683 17.447234166328453
20.66041141076966 22.39385590409382
18.59926746017102 23.155756693640804
16.53812350957238 27.304191994234436
14.476979558973738 32.703908203360626
12.415835608375097 36.90944044397398
10.354691657776456 44.08882640519668
8.293547707177817 48.651811068787204
6.232403756579175 55.59110396698249
4.171259805980535 57.2484882085613
2.110115855381894 44.60108004290895
0.04897190478325368 35.52097395437291
-2.012172045815387 27.58784075229127
-4.073315996414028 22.26982053348581
-6.134459947012669 14.723383870977464
-8.19560389761131 12.475694993855907
-10.256747848209951 10.783638225322433
-12.31789179880859 10.833249384430916
-14.379035749407233 8.330424826365368
-16.440179700005874 7.952058298722428
-18.501323650604515 6.323167974602339
-20.562467601203156 6.632253579167314
-22.623611551801794 8.61306722548517
-24.684755502400435 5.317475662983737
-26.74589945299908 6.587353173544245
-28.807043403597717 5.949513376801008
-30.86818735419636 4.505763464657867
-32.929331304795 6.336564624124216
-34.99047525539364 5.318137253477736
-37.05161920599228 3.767992284984823
-39.112763156590916 3.7180078008597
-41.173907107189564 5.514446820923763
-43.235051057788205 5.634490271552299
-45.296195008386846 4.840513321437205
-47.35733895898549 5.389694591247614
-49.41848290958413 6.163990573903297
-51.47962686018277 6.17937870078241
-53.5407708107814 7.3192128060524
-55.601914761380044 8.28225535680745
-57.663058711978685 5.005987330376538
-59.72420266257733 4.302360909467288
-61.785346613175975 4.508228266218555
-63.846490563774616 7.121474475083448
-65.90763451437324 6.829112538505219
-67.96877846497189 7.17220473531672
-70.02992241557054 6.974108913269401
-72.09106636616919 7.733687520758368
-74.15221031676782 5.53373775759468
-76.21335426736646 5.269791701374866
-78.2744982179651 7.104179280205795
-80.33564216856374 6.911453319796285
-82.39678611916239 5.982026946109685
-84.45793006976102 5.932548784212838
-86.51907402035965 6.704492462622976
-88.5802179709583 5.618452325157038
-90.64136192155694 4.128601978805031
-92.70250587215558 1.4096217562078361
-94.76364982275422 3.737069830386111
-96.82479377335287 4.5335310420554045
-98.8859377239515 2.2531772305614384
-100.94708167455013 2.756076543582212
-103.00822562514877 3.812089391354112
-105.06936957574742 0.8496547668527519
-107.13051352634605 5.397008586704402
-109.1916574769447 1.990532671456201
-111.25280142754335 2.9113418554359027
-113.31394537814198 4.657873970114041
-115.37508932874063 1.1721654751956245
-117.43623327933926 0.2949249601717
-119.49737722993791 1.4617759503390277
-121.55852118053654 1.0723078589617356
-123.61966513113518 4.4444630003288275
-125.68080908173383 1.1501291757792986
-127.74195303233246 1.5520218972004802
-129.80309698293112 2.9934320702058623
-131.86424093352974 1.3991494136063674
-133.9253848841284 1.331560007589296
-135.986528834727 3.329033919774295
-138.0476727853257 1.1017498033698463
-140.1088167359243 0.8620762072717434
-142.16996068652296 3.991225247898524
-144.23110463712158 2.9157055304996735
-146.29224858772025 3.5078343536748906
-148.35339253831887 1.486304882953922
-150.41453648891752 2.754111515222336
-152.47568043951614 1.1565419144247493
-154.5368243901148 -0.6109029788649296
-156.59796834071344 3.282927144081824
-158.65911229131208 1.6232150036903392
-160.7202562419107 2.6846037723954983
-162.78140019250935 1.8311051844119162
-164.84254414310797 1.6622127463762384
-166.90368809370665 0.9773244188515805
-168.9648320443053 -1.5183709565024512
-171.02597599490392 0.3783085856820036
-173.08711994550256 -0.240139300173986
-175.1482638961012 0.9371230574191157
-177.20940784669986 3.685986480411863
-179.27055179729848 1.1324809159328617
-181.33169574789713 1.3044091311231238
-183.39283969849575 1.4118418605346212
-185.45398364909443 2.2690956297084464
-187.51512759969305 3.1903175249089575
-189.5762715502917 -0.06628198094567984
-191.6374155008903 0.9786092962134014
-193.69855945148896 1.4046451281820482
-195.7597034020876 1.7839057718334652
-197.82084735268626 1.5024802402531756
-199.8819913032849 -1.2499539214132436
-201.94313525388355 1.6217202013220464
-204.00427920448217 2.194469846904425
-206.06542315508082 2.503073831105956
-208.1265671056795 1.4734741051738705
-210.18771105627812 2.6203270581619282
-212.24885500687677 2.3955432979352653
-214.3099989574754 1.3228791744631925
-216.37114290807406 2.0656057171653237
-218.43228685867268 0.33848906418154057
-220.49343080927133 -0.6377880632826133
-222.55457475986995 0.7882923199130797
-224.6157187104686 2.0037512343933948
-226.67686266106725 -0.3882366059526678
-228.7380066116659 2.5132814981175216
-230.79915056226451 2.2186146277109255
-232.86029451286316 2.750235680767561
-234.92143846346178 0.41908857511814246
-236.98258241406046 0.9879729077785604
-239.04372636465908 -0.06546502943729038
-241.10487031525773 0.903759758253777
-243.16601426585635 3.9819667853606444
-245.22715821645502 2.174449501952511
-247.28830216705367 2.6414670867263785
-249.3494461176523 2.9931843798102467
-251.41059006825094 1.385598123787991
-253.47173401884956 5.3305892693902885
