# BEGINHEADER
# This file contains data from the SALSA 2m radio telescope.
# DATE=2021-11-24T15:54:0057
# GLON and GLAT given in degrees
# GLON=166.81379920326722
# GLAT=-0.2806868954689137
# DATA in two columns below. Col. 1 is velocity relative to LSR [km/s]. Col. 2 is uncalibrated antenna temperature [K].
# ENDHEADER
267.0647714446114 10.129522272944017
265.00362749401273 23.27121027812138
262.9424835434141 16.905487087243014
260.88133959281544 16.37258861328246
258.8201956422168 18.2320288850755
256.7590516916182 15.528490812595328
254.69790774101955 15.925505221168843
252.6367637904209 16.85778590691194
250.57561983982225 15.627360621209077
248.5144758892236 13.984881581069851
246.45333193862496 14.2038008414042
244.39218798802634 15.629065600981066
242.3310440374277 16.880141467736877
240.26990008682904 15.041709623096091
238.2087561362304 15.673576582009238
236.14761218563177 16.414407454436454
234.08646823503312 12.123631045587034
232.02532428443448 14.32226077048433
229.96418033383583 15.559838310500304
227.9030363832372 15.344916825068095
225.84189243263856 14.745984680107526
223.78074848203994 13.092316269977484
221.71960453144126 14.677941121168141
219.65846058084264 14.505045285629876
217.597316630244 17.09769153104879
215.53617267964538 14.985905312614337
213.47502872904673 15.573929382704343
211.41388477844808 16.403837015972574
209.35274082784943 17.468688711498846
207.29159687725078 17.136578130183207
205.23045292665216 16.86069829395672
203.1693089760535 15.800391110659358
201.10816502545487 14.219455673268683
199.04702107485622 18.530743846624194
196.9858771242576 15.827701398283194
194.92473317365895 15.551312360590961
192.8635892230603 13.893248710570662
190.80244527246165 11.219870213847573
188.74130132186303 18.18283859552094
186.6801573712644 17.806059862081877
184.61901342066577 18.180404215818797
182.5578694700671 17.318490949172542
180.49672551946847 15.629917117078953
178.43558156886982 17.081202529096842
176.3744376182712 15.405676137226841
174.31329366767255 18.823567838731826
172.2521497170739 19.380170713064278
170.19100576647526 18.96954968326961
168.1298618158766 20.590391597784503
166.068717865278 17.464179317927282
164.0075739146793 18.427961765690736
161.9464299640807 17.05163859936695
159.88528601348204 17.321112682294054
157.82414206288342 19.201425374248636
155.76299811228478 17.737189504942215
153.70185416168613 20.857946943501187
151.64071021108748 16.934426366759922
149.57956626048886 18.41394256601423
147.5184223098902 20.27803537549532
145.4572783592916 19.572588027694355
143.39613440869292 19.117224347775046
141.3349904580943 19.84402815436389
139.27384650749565 20.206143264059897
137.21270255689703 19.97658263133439
135.15155860629835 18.662759203063093
133.0904146556997 18.282555131478663
131.02927070510108 19.291776106606793
128.96812675450244 21.347029888432125
126.9069828039038 19.917067905285055
124.84583885330517 17.59446487543835
122.78469490270652 18.39178420396564
120.72355095210789 20.47088832105174
118.66240700150925 20.32473193821954
116.6012630509106 18.371334716831363
114.54011910031197 20.23588634998049
112.4789751497133 18.285848602066118
110.41783119911467 18.771184345550704
108.35668724851602 16.269570209053068
106.29554329791739 19.17499696939916
104.23439934731876 20.617333566568703
102.17325539672011 18.156060679986844
100.11211144612147 18.306852902736704
98.05096749552284 19.882592424302878
95.9898235449242 18.29993752564002
93.92867959432556 16.51759104485008
91.86753564372692 16.795063284012162
89.80639169312828 19.049805215455496
87.74524774252964 19.151791328166695
85.684103791931 19.628529673543504
83.62295984133236 19.08337101119185
81.56181589073373 19.18676395354834
79.50067194013508 18.392104275346945
77.43952798953644 19.159438345284972
75.3783840389378 17.799029635153
73.31724008833915 18.977029781664566
71.25609613774051 18.77210677647881
69.19495218714187 18.195672059330978
67.13380823654323 19.06259332938292
65.07266428594458 19.608324242472086
63.01152033534595 19.97691682956963
60.95037638474731 16.69490985990704
58.88923243414867 17.991813071223536
56.828088483550026 16.67177219237347
54.766944532951385 18.0121881335868
52.705800582352744 17.453268706903053
50.64465663175411 18.522213796598066
48.58351268115546 19.796490102211674
46.52236873055682 19.11765735650442
44.46122477995817 18.75962473946235
42.40008082935953 15.70302991225134
40.3389368787609 19.69861119458947
38.277792928162256 16.420819044214177
36.216648977563615 17.184518040355563
34.155505026964974 18.864206864107143
32.09436107636633 18.742613712182116
30.033217125767692 15.4777734309101
27.97207317516905 17.2536824770937
25.91092922457041 17.577861167024558
23.849785273971772 21.720643709239393
21.78864132337313 21.647040441181638
19.72749737277449 19.85942528374579
17.66635342217585 21.984717830536283
15.60520947157721 23.681513201895463
13.544065520978567 22.27461116594461
11.482921570379927 27.41424902068598
9.421777619781288 38.37940716639794
7.360633669182645 47.728405193022375
5.299489718584005 51.63671523363162
3.238345767985364 57.62626260741771
1.1772018173867231 55.413845394216956
-0.8839421332119176 53.107195936126445
-2.9450860838105584 58.41770800157254
-5.0062300344091994 63.95726712457616
-7.06737398500784 62.897951121847726
-9.12851793560648 64.87127829986771
-11.189661886205121 64.37967977677954
-13.250805836803762 64.47552980784577
-15.311949787402401 62.934852767042365
-17.373093738001042 59.28516676690199
-19.434237688599687 54.43336911496945
-21.495381639198325 53.17228865314274
-23.556525589796966 51.20709889016272
-25.617669540395607 48.70512841149581
-27.67881349099425 45.48477929226014
-29.739957441592892 46.73932858011391
-31.801101392191534 41.97820354470489
-33.862245342790175 38.30100667873135
-35.923389293388816 35.94940652836811
-37.98453324398746 31.898236183777588
-40.0456771945861 30.180721456869552
-42.10682114518474 25.82164621060516
-44.16796509578337 23.908684892561
-46.229109046382014 26.700804533259824
-48.290252996980655 23.35848224289511
-50.35139694757929 18.950186064955684
-52.41254089817794 17.247204785241586
-54.47368484877658 19.604726247183752
-56.53482879937522 19.430107969350228
-58.59597274997386 18.89994236518023
-60.657116700572494 16.39555657441161
-62.718260651171136 18.391101234602207
-64.77940460176978 17.557439584054286
-66.84054855236842 14.548458244485836
-68.90169250296705 17.01042221609967
-70.9628364535657 19.4064061291912
-73.02398040416433 16.757296521333934
-75.08512435476298 17.22843613866584
-77.14626830536162 18.934624496571
-79.20741225596026 16.533821564132285
-81.26855620655891 16.12936683864244
-83.32970015715755 19.67014749777332
-85.3908441077562 16.064736028218398
-87.45198805835483 18.275008378638674
-89.51313200895348 18.16351810079793
-91.57427595955211 15.969577360211293
-93.63541991015076 19.29930150480592
-95.6965638607494 20.111611322567395
-97.75770781134803 17.27261162048488
-99.81885176194669 16.9088011777796
-101.87999571254532 18.37768814035006
-103.94113966314396 19.727831751566672
-106.0022836137426 18.0451636896688
-108.06342756434124 17.928218191653695
-110.12457151493989 15.923639143906161
-112.18571546553852 18.9227392195267
-114.24685941613717 16.272318206888535
-116.3080033667358 18.524455390374193
-118.36914731733444 17.51290089292704
-120.4302912679331 18.234546610491652
-122.49143521853173 21.644959839758144
-124.55257916913038 19.009568735904953
-126.61372311972902 20.958778027728886
-128.67486707032765 19.696685916380034
-130.7360110209263 19.747990813799188
-132.79715497152492 17.628449616802207
-134.85829892212357 18.025625950072534
-136.91944287272221 20.581890093154133
-138.98058682332086 20.249058541177785
-141.0417307739195 18.78318395051067
-143.10287472451813 17.78440850403592
-145.16401867511678 18.562068411751337
-147.22516262571543 19.70095489917757
-149.28630657631408 19.92218885092115
-151.3474505269127 20.562573919599288
-153.40859447751134 20.690374894334948
-155.46973842811 18.240371227774464
-157.53088237870864 20.690298063640785
-159.59202632930726 20.924151422109297
-161.6531702799059 17.431106499520396
-163.71431423050453 18.68083663549071
-165.7754581811032 17.375549783555986
-167.83660213170182 19.665154764376563
-169.89774608230047 20.55162896995998
-171.9588900328991 19.227806458854236
-174.02003398349774 19.788850551617294
-176.0811779340964 19.217616156817613
-178.14232188469504 20.121512477149913
-180.20346583529368 18.82002717862219
-182.2646097858923 20.39634212497606
-184.32575373649095 22.22782856053713
-186.3868976870896 20.378734380911542
-188.44804163768825 17.846391167920235
-190.50918558828687 19.276249646972353
-192.57032953888552 18.322690850416038
-194.63147348948416 20.70794583407305
-196.6926174400828 20.30294172445754
-198.75376139068143 19.826856370585144
-200.81490534128008 23.421375521247196
-202.8760492918787 23.095885443391715
-204.93719324247738 22.580350402627595
-206.998337193076 22.220858263653035
-209.05948114367465 24.049865704458718
-211.12062509427327 22.148542974931452
-213.1817690448719 21.49838217077675
-215.2429129954706 21.02765818974432
-217.3040569460692 22.82215813266957
-219.36520089666786 23.060154844554944
-221.42634484726648 20.541594548986584
-223.48748879786515 23.938915312573883
-225.54863274846377 21.89660210675026
-227.60977669906242 21.19860124340075
-229.67092064966104 22.58291341895599
-231.7320646002597 21.063085965058075
-233.79320855085834 20.40005201952249
-235.854352501457 19.423799786424983
-237.9154964520556 23.591685524173062
-239.97664040265425 21.116120294276357
-242.03778435325287 23.17531028328777
-244.09892830385155 21.08620426647517
-246.16007225445017 20.824170006200365
-248.22121620504882 22.924441711401776
-250.28236015564744 23.61274250898833
-252.34350410624612 20.123887125925453
-254.40464805684476 20.667908542785447
-256.4657920074434 20.11128153178582
-258.52693595804203 24.140406561001463
