# BEGINHEADER
# This file contains data from the SALSA 2m radio telescope.
# DATE=2021-11-25T15:08:0053
# GLON and GLAT given in degrees
# GLON=30.875682437807168
# GLAT=6.235309537881263
# DATA in two columns below. Col. 1 is velocity relative to LSR [km/s]. Col. 2 is uncalibrated antenna temperature [K].
# ENDHEADER
267.24685968325656 0.6445748218476198
265.18571573265785 4.990094903550057
263.12457178205926 5.8313871326592235
261.0634278314606 8.226077695422369
259.00228388086197 6.106229408994645
256.9411399302633 2.968449610761133
254.87999597966467 5.2497487794580495
252.81885202906605 3.5911057876372205
250.7577080784674 6.913777466639936
248.69656412786878 8.536980754737526
246.63542017727013 5.027343424500232
244.5742762266715 5.987127704697433
242.51313227607284 7.664884029291794
240.45198832547422 6.255805423761521
238.39084437487557 6.012151008965195
236.32970042427692 6.73749882781462
234.26855647367827 6.925402261035657
232.20741252307963 7.412152941458828
230.146268572481 5.754624903538801
228.08512462188236 8.663139949761486
226.0239806712837 6.285269704259472
223.96283672068506 7.327319801386225
221.90169277008644 7.2636808909610195
219.8405488194878 8.222977479876354
217.77940486888917 8.477510790373076
215.7182609182905 7.372500619060132
213.65711696769188 8.348930939453933
211.59597301709323 6.986875968286971
209.5348290664946 7.631826126801685
207.47368511589593 6.613898533235961
205.4125411652973 6.633960840316175
203.35139721469866 6.8569529555455295
201.29025326410004 7.417949183642032
199.2291093135014 8.151541417655503
197.16796536290275 8.751286468204674
195.10682141230407 7.922809742490731
193.04567746170542 8.483992877281644
190.9845335111068 4.464580174319098
188.92338956050816 6.074820456935959
186.86224560990954 6.373718924284234
184.80110165931086 6.858985816023067
182.73995770871224 7.656733897518567
180.6788137581136 8.230464719680626
178.61766980751497 8.619943593607113
176.55652585691632 9.953666824133892
174.49538190631768 6.765216603957125
172.43423795571903 7.148533459668978
170.3730940051204 8.965665693873293
168.31195005452176 8.331769743731616
166.2508061039231 6.363140155054332
164.18966215332446 7.4438351306370505
162.12851820272584 9.40663954882981
160.0673742521272 5.961048357700606
158.00623030152857 8.8111807808666
155.9450863509299 7.14359038031636
153.88394240033125 8.388782893138515
151.82279844973263 6.097765163832045
149.76165449913398 6.411681495933814
147.70051054853536 8.276497455299957
145.6393665979367 7.748159645756504
143.57822264733807 9.952709175188646
141.51707869673942 7.362572333165993
139.4559347461408 11.547961609775248
137.39479079554212 8.935075707486835
135.3336468449435 6.708101831394391
133.27250289434485 6.0946122854781155
131.21135894374623 8.144630392306073
129.15021499314759 6.2902288630210785
127.08907104254894 7.017913996965934
125.02792709195029 9.792982606582854
122.96678314135166 8.983378564163791
120.90563919075302 8.18371500188018
118.84449524015437 10.417572270703142
116.78335128955574 9.90852746320603
114.72220733895709 9.49312180034164
112.66106338835846 8.776428027423702
110.59991943775981 10.780006378777479
108.53877548716117 10.915163147186918
106.47763153656254 11.160025832526173
104.41648758596389 11.78791484912863
102.35534363536526 11.849385206895782
100.29419968476661 13.907698356664472
98.23305573416796 11.497830918953332
96.17191178356931 12.754647152364662
94.11076783297068 13.664135936515542
92.04962388237205 12.323391797247742
89.9884799317734 15.582155840490971
87.92733598117476 15.315976085258287
85.86619203057612 13.722144054323035
83.80504807997748 16.07452603070313
81.74390412937883 15.574349811009409
79.6827601787802 14.887441506496012
77.62161622818157 17.16327621146683
75.56047227758292 15.657797352594002
73.49932832698428 18.228898137797703
71.43818437638564 15.68134917688984
69.377040425787 15.50955515519239
67.31589647518837 15.36678347732151
65.25475252458972 18.214655560194366
63.19360857399107 17.58888671671719
61.13246462339243 18.166573711722158
59.071320672793796 17.58204593207373
57.010176722195155 18.29764311348736
54.949032771596514 19.83247393347406
52.88788882099787 23.832233612971503
50.826744870399224 21.879667185408884
48.76560091980058 22.38156482138522
46.70445696920195 25.218567846356944
44.64331301860331 23.84466786328076
42.58216906800467 26.540591774385934
40.521025117406026 26.561522731796277
38.459881166807385 26.810583941423832
36.398737216208744 27.8619766728435
34.3375932656101 33.08652859074868
32.27644931501146 35.66126361286005
30.21530536441282 35.6329714510051
28.154161413814183 42.719115481803996
26.09301746321554 43.37483281911567
24.0318735126169 51.77236074233059
21.97072956201826 55.11436683472947
19.909585611419622 61.11234037558117
17.84844166082098 69.47979919429919
15.78729771022234 72.23880771739826
13.726153759623697 72.73959181753492
11.665009809025056 70.26062835414413
9.603865858426415 72.56792500235125
7.542721907827774 79.56494640821533
5.481577957229134 81.54487622249555
3.420434006630493 76.90193254508227
1.3592900560318524 75.69818137745028
-0.7018538945667884 58.63459864801961
-2.762997845165429 39.604663298149866
-4.824141795764071 24.542926725990704
-6.885285746362711 18.095805073896734
-8.946429696961351 16.136150681456705
-11.007573647559992 13.141240232302328
-13.068717598158631 13.583045869267883
-15.129861548757274 12.253725944450434
-17.191005499355914 16.46203174386228
-19.252149449954555 14.944708046631844
-21.313293400553192 12.782589683143202
-23.374437351151837 13.480325450006577
-25.43558130175048 13.31303167954521
-27.49672525234912 16.125663407916957
-29.55786920294776 16.132291956180445
-31.619013153546405 16.36035513047354
-33.680157104145046 16.906018227803447
-35.74130105474369 16.348973704134988
-37.80244500534232 17.17304072247416
-39.86358895594096 19.793648349440378
-41.9247329065396 19.752476946035973
-43.985876857138244 18.35479873210326
-46.04702080773689 16.456162784821483
-48.10816475833553 17.44512559063262
-50.16930870893417 17.70517521544464
-52.23045265953281 12.236604006131959
-54.29159661013145 14.072291787714095
-56.35274056073009 11.654181426757958
-58.41388451132873 9.571309450100523
-60.47502846192737 9.85773717714821
-62.536172412526014 8.091144647252499
-64.59731636312465 6.13287956752725
-66.6584603137233 8.350550671754261
-68.71960426432194 7.4143139543895575
-70.78074821492058 5.431066876222164
-72.84189216551921 4.538877502695637
-74.90303611611786 4.412470059315241
-76.9641800667165 1.1351654246112972
-79.02532401731514 4.5040395672245666
-81.08646796791378 4.424556482019698
-83.14761191851242 6.577401733916946
-85.20875586911106 5.505219593668201
-87.26989981970969 3.0467918674110774
-89.33104377030834 2.790111395116
-91.39218772090697 3.736458273456829
-93.45333167150562 2.09234813773097
-95.51447562210427 2.209541884639003
-97.57561957270292 4.447266473030667
-99.63676352330155 4.584336484978529
-101.69790747390019 5.490770607135264
-103.75905142449884 4.560532959400048
-105.82019537509747 2.519149246817025
-107.88133932569612 3.060531946669955
-109.94248327629475 3.8115940386090568
-112.0036272268934 5.119926044641157
-114.06477117749203 3.846087935411255
-116.12591512809067 -0.03579280539108243
-118.18705907868932 1.9993197985547075
-120.24820302928795 3.5500865029424102
-122.3093469798866 3.0547255244245317
-124.37049093048523 4.656004064350978
-126.43163488108387 3.7188089990796596
-128.49277883168253 3.132236272203666
-130.55392278228115 4.317357858199218
-132.6150667328798 2.3809117239498874
-134.67621068347844 2.7414158210821697
-136.7373546340771 3.1444965949839716
-138.7984985846757 1.9976080850637605
-140.85964253527436 1.568129761893418
-142.92078648587298 3.2409772019236365
-144.98193043647166 1.6330885117254008
-147.04307438707028 1.4172301005423422
-149.10421833766893 4.71054571129606
-151.16536228826754 2.9339514438786876
-153.22650623886622 0.6139300206281426
-155.28765018946487 3.2486851146662583
-157.3487941400635 3.463048669014749
-159.40993809066214 0.30181180600292373
-161.47108204126076 3.1449090998378804
-163.53222599185943 -0.015102557276433075
-165.59336994245805 1.2953193682772737
-167.6545138930567 -0.23216966119992008
-169.71565784365532 0.8590218896027129
-171.77680179425397 1.3367893624574554
-173.83794574485262 -0.13817587460946054
-175.89908969545127 2.6865106263788254
-177.9602336460499 1.178661353514781
-180.02137759664853 1.2933515109330773
-182.08252154724715 -0.03832553512632813
-184.14366549784583 2.3406107854780194
-186.20480944844445 2.5735279664388933
-188.2659533990431 1.1334059990653838
-190.32709734964172 1.2771484095259606
-192.3882413002404 -0.3724293454122327
-194.44938525083904 1.6869340529016483
-196.51052920143766 2.360988504485087
-198.57167315203628 0.6601386865323022
-200.63281710263493 0.12458053276475686
-202.69396105323358 2.9824705326914267
-204.7551050038322 2.2352253691803243
-206.81624895443085 -0.12299649543257371
-208.87739290502947 0.7342163761513314
-210.93853685562814 2.4729945148601398
-212.99968080622676 1.257484635012127
-215.0608247568254 0.5242624288656061
-217.12196870742403 1.4438144127695838
-219.1831126580227 0.6838624129054793
-221.24425660862133 0.06969244571855576
-223.30540055921998 1.4850018976974804
-225.3665445098186 0.2212553719531351
-227.42768846041724 0.8791673353563937
-229.4888324110159 1.9785857394249418
-231.54997636161454 2.7998349612939712
-233.6111203122132 4.33945302309695
-235.6722642628118 0.16241139727391446
-237.73340821341046 0.8346354251660117
-239.7945521640091 3.3735830261190545
-241.85569611460775 1.40253131531981
-243.91684006520637 0.2888376285614729
-245.97798401580502 3.249650532878179
-248.03912796640367 1.3986944496740874
-250.10027191700232 1.4354690942415769
-252.16141586760094 2.1747549594390985
-254.22255981819958 3.7418525247435905
-256.2837037687982 3.2660509895686087
-258.34484771939685 1.7867728294944731
