# BEGINHEADER
# This file contains data from the SALSA 2m radio telescope.
# DATE=2021-11-25T15:58:0021
# GLON and GLAT given in degrees
# GLON=134.59938063060832
# GLAT=0.7839274465032036
# DATA in two columns below. Col. 1 is velocity relative to LSR [km/s]. Col. 2 is uncalibrated antenna temperature [K].
# ENDHEADER
266.925955939033 1.0396570343588811
264.86481198843427 3.649081278981804
262.8036680378357 4.603491704440623
260.74252408723703 3.0275947700854937
258.6813801366384 4.864315308318083
256.62023618603973 5.110841190550431
254.5590922354411 3.7015034996626395
252.4979482848425 6.512284546455455
250.43680433424382 6.818994749498328
248.3756603836452 5.7423019878923
246.31451643304655 3.9497326780561535
244.25337248244793 4.6913146533352545
242.19222853184928 5.550954469851967
240.13108458125063 6.244451249434744
238.06994063065198 5.263617387142413
236.00879668005336 6.185416915135521
233.94765272945472 6.959284315054062
231.88650877885607 7.023976201952262
229.82536482825742 5.614218930874149
227.76422087765877 6.851225749324956
225.70307692706015 5.0670407453689235
223.6419329764615 6.577446675550303
221.58078902586288 7.643644640859267
219.5196450752642 5.5066098545729085
217.4585011246656 7.698092964476025
215.39735717406694 6.92341345743263
213.33621322346832 8.533539757424823
211.27506927286964 6.856112107887057
209.21392532227102 7.092084418341528
207.15278137167238 6.153812678680083
205.09163742107376 9.328028590828438
203.0304934704751 9.384925210294696
200.96934951987646 6.641843805080694
198.9082055692778 7.90850424127813
196.8470616186792 7.523762054590562
194.78591766808054 8.80275985800791
192.7247737174819 7.72339780063729
190.66362976688325 7.697196856448824
188.6024858162846 8.558939771497128
186.54134186568598 7.548545176458445
184.48019791508733 6.947474796896621
182.41905396448868 9.166677683998826
180.35791001389003 8.785618517357486
178.29676606329141 8.24210505109811
176.23562211269277 8.488500774248816
174.17447816209415 5.938158650829467
172.11333421149547 9.06845954352741
170.05219026089685 8.372458709423292
167.9910463102982 7.707902638791709
165.92990235969958 7.803682718298665
163.86875840910093 6.901678230679872
161.8076144585023 6.968497692527563
159.74647050790364 7.945158967119053
157.68532655730502 7.400049740274841
155.62418260670637 6.790665360709454
153.5630386561077 8.262560084822816
151.50189470550907 8.034362362387773
149.44075075491043 6.374668989324539
147.3796068043118 7.85084713049478
145.31846285371316 7.1229565930784355
143.2573189031145 8.62542164195522
141.19617495251586 7.542397763730932
139.13503100191724 8.866104576754442
137.0738870513186 8.839477921624123
135.01274310071997 6.401887824254511
132.9515991501213 7.096605619761902
130.89045519952268 7.875042493891358
128.82931124892403 7.434601910723354
126.76816729832538 8.11050425941136
124.70702334772675 9.947619379410813
122.64587939712811 7.82801560830039
120.58473544652946 8.348000462625718
118.52359149593083 8.12395933264893
116.46244754533218 6.592742779379732
114.40130359473355 7.296176722157387
112.3401596441349 8.255214678933365
110.27901569353627 8.695721593550946
108.21787174293763 5.813830383282828
106.15672779233898 6.987209143870376
104.09558384174035 7.977632841129656
102.0344398911417 6.773790044534879
99.97329594054307 7.769219648879282
97.91215198994443 7.219850839106545
95.85100803934577 7.879882616429361
93.78986408874714 8.224824416832783
91.72872013814849 7.408152788700667
89.66757618754986 9.172017607605428
87.6064322369512 8.239990072456571
85.54528828635257 7.233370514977894
83.48414433575394 7.66622456927079
81.42300038515529 7.052837423596293
79.36185643455666 7.093391531235905
77.30071248395801 6.888694284359136
75.23956853335937 6.548633239370898
73.17842458276073 6.334900956059119
71.11728063216209 7.231741412889064
69.05613668156346 7.5946524249046075
66.99499273096481 8.205167857360538
64.93384878036616 8.180512362425926
62.87270482976753 7.615384962530198
60.81156087916889 7.413286670452663
58.750416928570246 8.757729121288618
56.689272977971605 9.596566955156572
54.628129027372964 8.465708800009818
52.56698507677432 8.123863089460917
50.50584112617568 7.3358751438239205
48.44469717557704 6.2631943518265905
46.3835532249784 7.619617002477698
44.32240927437976 6.752490806264921
42.26126532378112 7.987934317523239
40.200121373182476 6.620037054225667
38.138977422583835 7.188225269230242
36.077833471985194 8.161686917129524
34.01668952138656 7.07082938003033
31.955545570787915 7.503071744265993
29.894401620189274 9.13317730006912
27.833257669590633 7.392829617531774
25.772113718991992 9.38485134990857
23.710969768393355 9.864795056527827
21.649825817794714 9.147960017698287
19.588681867196073 9.367872642160288
17.52753791659743 10.167682844810534
15.46639396599879 10.31697571229976
13.405250015400151 9.974960832822491
11.344106064801508 12.003164663585073
9.282962114202867 17.564457658277878
7.221818163604227 26.23913407771619
5.160674213005586 40.41957606066271
3.099530262406945 57.66569015603614
1.0383863118083043 76.11325138612884
-1.0227576387903363 84.60755209240607
-3.0839015893889767 86.6678889256913
-5.145045539987619 89.0020142489934
-7.206189490586259 83.31862509522614
-9.267333441184899 77.55658883357964
-11.328477391783542 74.83256315419136
-13.38962134238218 70.53057376487189
-15.45076529298082 66.86610780781449
-17.511909243579463 59.10346295799776
-19.5730531941781 53.40294783556845
-21.634197144776742 46.85329139316644
-23.695341095375387 45.492172387659814
-25.756485045974028 45.11223793018701
-27.81762899657267 47.05302614737414
-29.878772947171306 51.06962219347554
-31.939916897769947 55.71389523772352
-34.00106084836859 63.0924370022723
-36.06220479896723 69.38934797934807
-38.12334874956587 75.94780485134228
-40.18449270016451 80.20190070195501
-42.24563665076315 81.77669566620409
-44.306780601361794 82.7175816224653
-46.367924551960435 85.07783888875457
-48.429068502559076 84.27054727138982
-50.49021245315772 80.26704498457583
-52.55135640375636 79.66305174820991
-54.612500354355 73.20167515489233
-56.67364430495364 70.60345193042019
-58.73478825555228 63.9349421362701
-60.79593220615092 54.1080232531167
-62.85707615674956 45.68060481409139
-64.9182201073482 39.99481744833734
-66.97936405794685 35.92777551225271
-69.04050800854549 31.346297159218345
-71.10165195914412 28.96928819717889
-73.16279590974277 28.86176198207767
-75.2239398603414 30.92421200776411
-77.28508381094005 30.482796250514124
-79.34622776153869 28.66222146026678
-81.40737171213733 25.6871363939204
-83.46851566273597 22.721938982129267
-85.5296596133346 20.9167361361057
-87.59080356393325 19.93406180741568
-89.65194751453188 19.774092536969636
-91.71309146513053 21.230641000055442
-93.77423541572917 19.72649990487046
-95.8353793663278 19.299466299235643
-97.89652331692646 19.742939370324923
-99.9576672675251 15.835114843698337
-102.01881121812374 13.089306067104818
-104.07995516872238 9.139429005964962
-106.14109911932103 8.440274920585672
-108.20224306991966 6.630355745529465
-110.2633870205183 6.078627676265511
-112.32453097111694 6.928321209132119
-114.38567492171558 4.83656980466138
-116.44681887231422 4.100826994597799
-118.50796282291286 2.3868204841958534
-120.5691067735115 2.7382038616302844
-122.63025072411014 3.621834726271124
-124.69139467470877 3.899397693986452
-126.75253862530742 2.0696597735795956
-128.81368257590606 3.5501261028867934
-130.8748265265047 2.665165236271213
-132.93597047710335 3.8831266924581715
-134.99711442770197 4.4691386785574005
-137.05825837830062 4.231177660015994
-139.11940232889927 3.6420295795901927
-141.18054627949792 3.3227107242635685
-143.24169023009654 3.774671926240509
-145.30283418069519 3.7288221972149564
-147.36397813129383 0.9856945967499117
-149.42512208189248 1.9130784225920199
-151.4862660324911 3.834525876138234
-153.54740998308975 3.451172019553998
-155.6085539336884 1.7273984409734515
-157.66969788428705 1.6827771227400548
-159.7308418348857 1.627491239067465
-161.79198578548431 2.827916456990137
-163.85312973608296 2.1553126029774305
-165.91427368668158 1.9185468270445416
-167.97541763728026 2.388544874459667
-170.03656158787888 4.488295698461931
-172.09770553847753 2.7112274434935357
-174.15884948907615 3.563664091591219
-176.21999343967482 1.7291124394398183
-178.28113739027344 1.2184724203337367
-180.3422813408721 3.1926137922815956
-182.4034252914707 3.7822345074811787
-184.46456924206936 4.106245478968181
-186.525713192668 2.344825876916982
-188.58685714326666 1.3535917617998245
-190.64800109386528 0.8408328575110956
-192.70914504446392 2.1140975399424575
-194.77028899506257 2.603300882557014
-196.83143294566122 2.88257381424499
-198.89257689625987 2.3241001443028355
-200.9537208468585 3.3640316901844898
-203.01486479745714 3.8033098307665165
-205.07600874805578 3.0312417129842264
-207.13715269865443 1.1930049391998534
-209.19829664925305 2.721229275438897
-211.2594405998517 0.6223469962848832
-213.32058455045032 1.1367497413387502
-215.381728501049 4.588127971739456
-217.44287245164762 1.3948950772363122
-219.50401640224626 1.8481254448262374
-221.56516035284488 2.4940302734991606
-223.62630430344353 0.313997494918723
-225.68744825404218 0.22536706002217768
-227.74859220464083 0.9138065964605333
-229.80973615523945 2.163981268004314
-231.8708801058381 1.2478561383172495
-233.93202405643675 2.6064612382893864
-235.9931680070354 0.3396887800080277
-238.05431195763404 2.870418263656576
-240.11545590823266 2.464355074170655
-242.1765998588313 3.0629707795557097
-244.23774380942996 2.1908007688439293
-246.2988877600286 2.3361978122195803
-248.36003171062723 2.499369488078062
-250.42117566122587 0.0009783479421748003
-252.4823196118245 3.0070721547714587
-254.54346356242317 4.249004201417032
-256.6046075130218 3.7157793803680343
-258.66575146362044 2.7633711303427058
