# BEGINHEADER
# This file contains data from the SALSA 2m radio telescope.
# DATE=2021-11-24T15:22:0003
# GLON and GLAT given in degrees
# GLON=20.877681016534236
# GLAT=0.2126063144238248
# DATA in two columns below. Col. 1 is velocity relative to LSR [km/s]. Col. 2 is uncalibrated antenna temperature [K].
# ENDHEADER
263.3467386427197 -5.697670582581856
261.28559469212104 -11.15051671790222
259.2244507415224 -8.11014095406813
257.16330679092374 -10.718883357382289
255.1021628403251 -8.056551275551048
253.04101888972647 -9.42160091514357
250.97987493912782 -10.663315903289162
248.9187309885292 -8.08729694979823
246.85758703793056 -9.583069369628106
244.7964430873319 -12.305635042565184
242.73529913673326 -13.245576861939288
240.67415518613464 -10.044633920227348
238.613011235536 -10.236113530341985
236.55186728493737 -10.29408572247257
234.4907233343387 -8.983795477083575
232.42957938374005 -12.335254962735242
230.36843543314143 -10.558842920172552
228.30729148254278 -11.2699399390541
226.24614753194413 -10.486289380581095
224.18500358134548 -9.58815315034321
222.12385963074686 -12.046459594775566
220.06271568014822 -10.327116760326271
218.0015717295496 -12.065001575368473
215.94042777895092 -12.23758737659731
213.8792838283523 -10.27268196423102
211.81813987775365 -11.424147093753563
209.75699592715503 -11.321403850438866
207.69585197655638 -7.867844011440749
205.63470802595774 -10.453497753387655
203.5735640753591 -11.030118224249534
201.51242012476047 -12.006189819338916
199.45127617416182 -12.042922820833294
197.3901322235632 -10.822159292207415
195.32898827296455 -9.527651524809594
193.2678443223659 -8.391888111939265
191.20670037176728 -8.675067364563832
189.1455564211686 -9.840819071477775
187.08441247057 -10.572659871528286
185.02326851997134 -11.791441377775717
182.96212456937272 -10.15055949824247
180.90098061877407 -11.039613794745799
178.83983666817542 -8.581558875388865
176.77869271757677 -10.150082485250023
174.71754876697815 -10.258782437383392
172.6564048163795 -8.450807927592338
170.59526086578086 -8.480246508187605
168.5341169151822 -9.536965009813622
166.4729729645836 -10.032334587915441
164.41182901398494 -8.439171444669276
162.35068506338632 -8.883252830397597
160.28954111278765 -9.6876401324106
158.22839716218903 -11.690334836909809
156.16725321159038 -6.945268662654933
154.10610926099173 -8.45527483073564
152.0449653103931 -8.873325344565407
149.98382135979443 -8.638092216011135
147.9226774091958 -6.658725578664355
145.86153345859717 -6.658264346920369
143.80038950799855 -9.70719202028538
141.73924555739987 -7.204659129444441
139.67810160680125 -9.582497000102062
137.6169576562026 -9.193684756759344
135.55581370560398 -7.346506828505697
133.49466975500533 -6.473057974415526
131.43352580440668 -7.244292929388581
129.37238185380804 -4.078419949372947
127.3112379032094 -3.326607702178502
125.25009395261077 -1.9337679567285029
123.18895000201212 -1.321957336755295
121.12780605141349 -1.036229853267976
119.06666210081484 -3.4878439597425026
117.0055181502162 0.6451255038129088
114.94437419961756 1.8493406436753599
112.88323024901892 1.0429041362903775
110.82208629842029 -1.010115454471645
108.76094234782164 1.272460827694129
106.699798397223 0.8014162848513063
104.63865444662436 2.645463740499746
102.57751049602572 2.971752034069946
100.51636654542708 0.10139236486974604
98.45522259482841 2.5535746333099363
96.39407864422978 2.398665110906069
94.33293469363113 6.125001579845888
92.2717907430325 1.2990458585335376
90.21064679243386 5.012340024512915
88.14950284183521 7.185319785287107
86.08835889123658 4.091330556873785
84.02721494063793 4.938973101182962
81.9660709900393 7.75090498573682
79.90492703944065 7.481285766206983
77.84378308884202 7.426859038263633
75.78263913824338 7.80349257966542
73.72149518764473 5.873512015160385
71.6603512370461 8.619858443851097
69.59920728644745 11.147735133796376
67.53806333584882 9.68797170759323
65.47691938525017 11.62821238149929
63.41577543465153 14.857662470035867
61.35463148405289 14.098959339419578
59.29348753345425 14.717555050370557
57.23234358285561 15.216816617519292
55.17119963225697 13.930037098521868
53.11005568165833 19.833324459353275
51.04891173105968 20.607309980738652
48.98776778046104 21.26298598601748
46.9266238298624 23.64117745614338
44.86547987926376 23.867419436076272
42.804335928665125 22.633867891799696
40.743191978066484 24.030867887635168
38.68204802746784 26.45277472032978
36.6209040768692 28.01919490164293
34.55976012627056 26.69420507136083
32.49861617567192 28.521975033090865
30.43747222507328 30.937953445203824
28.376328274474638 35.22728049148309
26.315184323875997 39.10855176234979
24.25404037327736 38.82908790120344
22.192896422678718 47.32578303136067
20.131752472080077 52.10077809156598
18.07060852148144 54.248875085033546
16.009464570882795 52.002981191580425
13.948320620284154 50.161462199152766
11.887176669685513 49.33904973528296
9.826032719086871 48.54839974033636
7.764888768488231 49.34397463126108
5.70374481788959 50.55639450766249
3.64260086729095 51.5112715875429
1.5814569166923091 52.009280676155576
-0.47968703390633183 41.49599878884126
-2.540830984504973 31.85045426321511
-4.601974935103613 23.431635462612217
-6.6631188857022545 18.663100449464807
-8.724262836300895 16.79349536923119
-10.785406786899536 15.307572407570762
-12.846550737498175 13.82942956927933
-14.907694688096816 12.601528913589892
-16.968838638695456 11.010283860326226
-19.029982589294097 13.692298964553475
-21.091126539892738 12.919871975750077
-23.15227049049138 12.088773971221393
-25.213414441090023 12.1794150022898
-27.274558391688664 10.81328209606065
-29.335702342287302 11.724220451111812
-31.396846292885947 10.279789569275103
-33.45799024348459 9.742275773023612
-35.51913419408323 8.281699270672055
-37.58027814468187 4.343034622676687
-39.641422095280504 2.4121844027372084
-41.702566045879145 -1.9373584852078796
-43.763709996477786 -3.300108691035464
-45.824853947076434 -2.124791555169457
-47.885997897675075 -5.441084775202672
-49.947141848273716 -4.057572782797127
-52.00828579887236 -6.1593318786664275
-54.06942974947099 -9.13816160939554
-56.13057370006963 -7.3416837866695595
-58.191717650668274 -7.379924504019728
-60.252861601266915 -7.059782172947544
-62.314005551865556 -7.223338251971731
-64.3751495024642 -7.2329492634829045
-66.43629345306285 -7.66071313724039
-68.49743740366148 -7.644398410169015
-70.55858135426013 -7.915247042727321
-72.61972530485876 -5.574821184021659
-74.6808692554574 -6.241777811630886
-76.74201320605604 -8.944470120680187
-78.80315715665468 -7.817543757407688
-80.86430110725333 -7.058135902696467
-82.92544505785196 -8.328626217163874
-84.98658900845061 -7.7180566002863396
-87.04773295904924 -7.1397917086928215
-89.10887690964788 -9.297479983860763
-91.17002086024652 -8.895815467232119
-93.23116481084516 -7.936337265184824
-95.29230876144382 -8.341541496743956
-97.35345271204245 -6.628494286869411
-99.41459666264109 -9.16361832360803
-101.47574061323972 -6.894210598151489
-103.53688456383837 -9.414243763875945
-105.598028514437 -7.793350819517873
-107.65917246503564 -8.412072062779046
-109.72031641563429 -5.178688736801539
-111.78146036623292 -5.91862937934558
-113.84260431683157 -7.20253917353793
-115.9037482674302 -5.355472834515347
-117.96489221802885 -8.951234992782542
-120.02603616862748 -6.1653027277241685
-122.08718011922612 -8.818892385246878
-124.14832406982477 -10.017909598238385
-126.2094680204234 -5.216889845167666
-128.27061197102205 -8.121654475596682
-130.3317559216207 -7.6889422158040235
-132.39289987221935 -7.124796380415515
-134.45404382281797 -8.436972233299345
-136.5151877734166 -7.258495729035816
-138.57633172401523 -8.295006110888046
-140.6374756746139 -7.533696710008048
-142.69861962521253 -6.112276242249193
-144.75976357581118 -8.376238825518309
-146.8209075264098 -7.535189019025425
-148.88205147700845 -6.922075141879259
-150.9431954276071 -8.074070511718174
-153.00433937820574 -4.7114786764919865
-155.0654833288044 -5.658356825054695
-157.126627279403 -8.959392232563037
-159.1877712300017 -5.009826411234229
-161.2489151806003 -5.047547603213161
-163.31005913119895 -7.828204605930158
-165.37120308179757 -6.904871488569007
-167.43234703239622 -7.113206690866864
-169.49349098299487 -7.862750599356428
-171.55463493359352 -8.507796625526803
-173.61577888419214 -7.735096424621916
-175.6769228347908 -7.021870988902577
-177.7380667853894 -7.478150693822091
-179.79921073598808 -7.170889733455454
-181.8603546865867 -5.261334468478097
-183.92149863718535 -8.776351054319745
-185.98264258778397 -5.748225800454268
-188.04378653838265 -5.873626750759904
-190.10493048898127 -7.797787200069243
-192.16607443957992 -6.813081541472551
-194.22721839017856 -6.058830893011825
-196.28836234077718 -5.891739062867686
-198.34950629137586 -7.146653889496019
-200.4106502419745 -4.154526604295479
-202.47179419257316 -7.353643733316605
-204.53293814317178 -8.359789946055196
-206.59408209377042 -6.531818441491479
-208.65522604436904 -7.472985834316352
-210.71636999496772 -7.819748059323039
-212.77751394556634 -6.4829699448957525
-214.838657896165 -5.648600254419548
-216.8998018467636 -7.911130613706722
-218.96094579736226 -8.793150172783987
-221.0220897479609 -8.675312188112338
-223.08323369855955 -8.078302666225682
-225.14437764915817 -3.584702610402552
-227.20552159975682 -7.700107805989038
-229.2666655503555 -6.46513706258465
-231.32780950095412 -5.541315037544848
-233.38895345155277 -6.417532354000435
-235.45009740215139 -7.795187032868607
-237.51124135275003 -6.977983762212564
-239.57238530334868 -5.572131613302355
-241.63352925394733 -7.3080107073896015
-243.69467320454595 -6.483403038212391
-245.7558171551446 -9.644291554680995
-247.81696110574322 -7.638414956884585
-249.8781050563419 -8.22730598424615
-251.9392490069405 -8.692671837930456
-254.00039295753916 -6.018787620902902
-256.0615369081378 -8.491522593581474
-258.12268085873643 -9.991867524198291
-260.1838248093351 -6.6813772797384265
-262.2449687599337 -10.57822464345785
