# BEGINHEADER
# This file contains data from the SALSA 2m radio telescope.
# DATE=2021-12-09T14:25:0012
# GLON and GLAT given in degrees
# GLON=137.84267060247507
# GLAT=-0.16127316917345602
# DATA in two columns below. Col. 1 is velocity relative to LSR [km/s]. Col. 2 is uncalibrated antenna temperature [K].
# ENDHEADER
260.92421122097926 2.175033136227446
258.8630672703806 6.179839999952627
256.80192331978196 5.466326141321259
254.74077936918334 7.2974967692839146
252.6796354185847 6.163078830226993
250.61849146798605 6.4299186911774
248.55734751738743 8.455348414885368
246.49620356678878 7.841413821379349
244.43505961619016 6.640949645926368
242.37391566559148 7.176554622993863
240.31277171499286 5.336084744845514
238.25162776439421 5.7298413320940735
236.1904838137956 6.985888034789893
234.12933986319692 7.582992359359756
232.0681959125983 3.683114337325313
230.00705196199965 7.475473578749544
227.94590801140103 8.925756246128579
225.88476406080238 5.537381474377666
223.82362011020373 9.191174615327052
221.7624761596051 8.393715815159556
219.70133220900644 8.487306957256688
217.64018825840782 10.996837150522506
215.57904430780917 7.354683384377083
213.51790035721052 6.389789673881632
211.45675640661187 7.2180274580772945
209.39561245601325 6.026114550749668
207.3344685054146 6.972080185185225
205.27332455481599 8.786619397812636
203.2121806042173 6.632996833144887
201.1510366536187 7.063223539631438
199.08989270302004 7.92889523350881
197.02874875242142 9.874193175132604
194.96760480182274 6.287199562897814
192.90646085122413 6.627752196750559
190.84531690062548 9.032714062501986
188.78417295002686 8.220625257430845
186.7230289994282 7.639874835894411
184.66188504882956 8.667292398493796
182.6007410982309 8.21006127384363
180.53959714763226 9.662396351129695
178.47845319703364 7.232326177162241
176.417309246435 6.216119969740172
174.35616529583635 10.223737213285865
172.2950213452377 7.345395134181652
170.23387739463908 5.648865450332479
168.17273344404043 6.47169870117108
166.11158949344178 6.192333898311642
164.05044554284314 9.232816882039957
161.98930159224452 7.238233738938485
159.92815764164587 8.439142701762174
157.86701369104725 7.421350728988767
155.80586974044857 8.49219586844424
153.74472578984995 10.479080293830213
151.6835818392513 9.574528340445438
149.62243788865268 5.049426546460919
147.56129393805404 6.161268545627003
145.5001499874554 10.147850879568953
143.43900603685674 6.798072654735199
141.3778620862581 6.30160862584897
139.31671813565947 8.586670251933045
137.2555741850608 6.525209548967121
135.19443023446217 7.633176964903243
133.13328628386353 8.382303038983371
131.0721423332649 8.418771843816767
129.01099838266626 5.850004543328645
126.94985443206762 6.306773793547824
124.88871048146896 5.4023538755088785
122.82756653087033 8.619978922306846
120.7664225802717 7.17463496323625
118.70527862967305 6.2461142072371745
116.64413467907441 7.591707643734355
114.58299072847576 7.320834376617489
112.52184677787713 6.218463062200546
110.46070282727848 5.325331355920272
108.39955887667985 6.525818912771052
106.33841492608121 7.6459936300777995
104.27727097548257 7.173670450752619
102.21612702488393 6.1693985717691815
100.15498307428528 5.68347115830446
98.09383912368666 6.09401059075612
96.03269517308802 4.5062352454976695
93.97155122248938 4.899249356105089
91.91040727189073 9.66997141269762
89.8492633212921 6.7219645324274495
87.78811937069347 6.552947167595092
85.72697542009482 5.405698231191672
83.66583146949617 7.684477252151284
81.60468751889752 7.336146000305404
79.54354356829889 4.797148055819054
77.48239961770024 6.394992026060212
75.4212556671016 6.656135112451823
73.36011171650297 5.66237594698971
71.29896776590432 6.443363978277014
69.23782381530569 3.1383314002548026
67.17667986470704 6.353714840305226
65.1155359141084 7.51220972135272
63.054391963509765 7.302488807327118
60.993248012911124 6.64036058722703
58.93210406231248 7.221238200605113
56.87096011171384 4.473432068542236
54.809816161115194 4.44320544317478
52.74867221051656 6.5582071794296795
50.68752825991792 7.836372978201723
48.62638430931927 4.977555779526463
46.56524035872063 4.6027548925312285
44.50409640812199 6.001014048052057
42.442952457523354 4.409137987845348
40.38180850692471 7.143713247743306
38.32066455632607 5.101926845151241
36.259520605727424 4.953826680330526
34.19837665512878 6.4450547573642964
32.13723270453015 5.492574510809299
30.076088753931504 5.097970771851937
28.014944803332863 4.569253561251851
25.953800852734226 8.515673199893318
23.892656902135585 8.185719250512877
21.83151295153694 6.113171360952367
19.7703690009383 7.8974503987570355
17.70922505033966 7.3498558200049064
15.648081099741018 7.818047855544247
13.58693714914238 10.520312861295766
11.52579319854374 8.537713344482677
9.464649247945099 12.57453381895049
7.403505297346458 22.002167552131475
5.342361346747817 33.726245295026516
3.2812173961491755 50.49443785815707
1.2200734455505349 70.22766820995702
-0.8410705050481058 80.21879912288121
-2.9022144556467464 81.17026413978313
-4.963358406245388 84.53258673608443
-7.024502356844027 83.38745332880742
-9.08564630744267 74.99557894108807
-11.146790258041309 74.15862653443058
-13.207934208639951 71.47632398949318
-15.269078159238592 68.2821857449399
-17.330222109837234 66.37092447497669
-19.391366060435875 56.98046572970458
-21.452510011034516 48.83974174657895
-23.513653961633153 47.32224075606475
-25.574797912231798 46.25918219085982
-27.63594186283044 46.65694422807286
-29.697085813429076 49.91452017727664
-31.758229764027718 55.77653941965318
-33.81937371462636 63.500356520886875
-35.880517665225 73.2942075660067
-37.94166161582364 80.25013675000639
-40.002805566422275 78.76961868760795
-42.06394951702092 79.60464276352508
-44.125093467619564 79.00277257998599
-46.186237418218205 78.42596935072366
-48.247381368816846 76.69897661812827
-50.30852531941548 73.19497858825977
-52.36966927001412 66.63947580694533
-54.43081322061276 61.52065851157152
-56.4919571712114 55.876673548239985
-58.55310112181004 47.114902282480365
-60.614245072408686 41.5497069827516
-62.67538902300733 35.79046016015038
-64.73653297360596 30.69736390483635
-66.7976769242046 25.856617287924152
-68.85882087480324 24.558080098652965
-70.91996482540189 24.832148905187626
-72.98110877600054 26.931468420647917
-75.04225272659917 28.060093808744632
-77.10339667719782 27.352927215639408
-79.16454062779646 26.091429418213345
-81.22568457839509 25.14669784638235
-83.28682852899374 17.877132054663797
-85.34797247959237 15.034358243732411
-87.40911643019102 17.468109114588525
-89.47026038078965 17.208983104784977
-91.53140433138829 15.87020365246122
-93.59254828198694 18.071078683458968
-95.65369223258557 13.750382232966258
-97.71483618318422 12.068203694964122
-99.77598013378287 11.300411666580743
-101.8371240843815 9.847149541823157
-103.89826803498015 7.6122688228740625
-105.95941198557878 5.900892925354225
-108.02055593617744 3.651940480057289
-110.08169988677608 2.702048932027642
-112.14284383737471 2.979200650817776
-114.20398778797336 2.2044990305488033
-116.265131738572 4.3411213479584365
-118.32627568917064 2.4616793129310204
-120.38741963976928 2.5821091659819047
-122.44856359036793 -1.3943947346839949
-124.50970754096656 2.340170156089482
-126.5708514915652 1.6157152052120611
-128.63199544216386 1.3183795873059458
-130.69313939276248 0.6554888401495912
-132.75428334336112 2.0311647611744412
-134.81542729395977 1.5060627775412523
-136.87657124455842 2.944321195540584
-138.93771519515704 2.252577799167306
-140.9988591457557 2.435578477047427
-143.0600030963543 2.5889850787805546
-145.12114704695298 1.7389660073487037
-147.1822909975516 1.9370258343150717
-149.24343494815025 -0.4611853806619937
-151.30457889874887 2.4378738629344756
-153.36572284934755 1.4511279143260085
-155.42686679994617 0.39695345499917795
-157.48801075054482 1.1293193255221923
-159.54915470114344 -0.8180751136716441
-161.61029865174208 1.2573171459493129
-163.67144260234073 0.9469373404401797
-165.73258655293938 0.8428560909002046
-167.79373050353803 -0.06477640964031335
-169.85487445413665 -0.1422522842178837
-171.9160184047353 -1.950151400445156
-173.97716235533395 1.5383085832850312
-176.0383063059326 0.9715112066008948
-178.0994502565312 0.9741002424164799
-180.16059420712986 1.638824749909991
-182.22173815772848 0.8308015607921759
-184.28288210832716 0.38524822527995994
-186.34402605892578 2.498014608830779
-188.40517000952443 2.039351905649292
-190.46631396012305 2.026889759185072
-192.52745791072172 1.879918143448382
-194.58860186132034 1.7660600188708853
-196.649745811919 3.125603996566896
-198.7108897625176 2.5695804805831437
-200.77203371311626 4.136213764473022
-202.8331776637149 1.661595759846072
-204.89432161431355 0.6185952797603289
-206.9554655649122 0.520716629315519
-209.01660951551082 0.979103407856154
-211.07775346610947 1.7212001287044987
-213.13889741670812 3.3636602418768757
-215.20004136730677 1.885670703921066
-217.2611853179054 1.445436246644642
-219.32232926850403 -1.081974053063579
-221.38347321910268 -0.094155705122073
-223.44461716970133 3.9763799006944573
-225.50576112029995 0.2536283800600906
-227.5669050708986 0.4433814806493511
-229.62804902149722 1.8457172942921443
-231.6891929720959 0.5018314002540787
-233.75033692269452 1.591662404930375
-235.81148087329316 2.491413919540499
-237.87262482389178 1.2107955444753655
-239.93376877449043 -0.13159023912803466
-241.99491272508908 -1.251440524317296
-244.05605667568773 0.8510881585535612
-246.11720062628638 0.9529873726106343
-248.178344576885 -0.348488295276388
-250.23948852748367 2.370072398730994
-252.3006324780823 1.113871973473376
-254.36177642868094 3.7057373153510973
-256.42292037927956 3.6712054279277724
-258.4840643298782 3.373297811848854
-260.54520828047686 4.956339993782237
-262.60635223107545 3.5351720522715264
-264.66749618167415 3.775762262032218
