# BEGINHEADER
# This file contains data from the SALSA 2m radio telescope.
# DATE=2021-11-29T15:53:0015
# GLON and GLAT given in degrees
# GLON=79.86342475936773
# GLAT=12.081813055761796
# DATA in two columns below. Col. 1 is velocity relative to LSR [km/s]. Col. 2 is uncalibrated antenna temperature [K].
# ENDHEADER
272.0004975456187 1.167996564292559
269.93935359502 7.135074676982814
267.87820964442136 6.838667363839024
265.81706569382277 7.518999402398028
263.75592174322406 8.632879566842313
261.6947777926255 6.82770990498501
259.6336338420268 8.549020653825018
257.5724898914282 7.150705659645893
255.51134594082953 11.327877971984927
253.45020199023088 7.158424463136054
251.38905803963226 3.4776749686385253
249.3279140890336 6.193109280197147
247.266770138435 7.375844744638572
245.20562618783632 8.441611062135397
243.1444822372377 9.165299761522004
241.08333828663905 9.549634699731854
239.02219433604043 10.121558018982169
236.96105038544178 9.045181774950661
234.89990643484313 11.073753582429706
232.83876248424448 11.76245751395823
230.77761853364584 10.585390798469298
228.71647458304722 7.241996963638494
226.65533063244854 5.221150945165886
224.59418668184992 7.733706140586722
222.53304273125127 10.465631654056452
220.47189878065265 10.423116612777147
218.410754830054 9.273454946003255
216.34961087945535 9.902500983541191
214.2884669288567 7.1247428383585625
212.2273229782581 9.441860610837306
210.16617902765944 8.940122273471266
208.10503507706082 7.804204224224428
206.04389112646214 6.94960607428391
203.98274717586352 8.722071216949992
201.92160322526487 10.746956019198084
199.86045927466625 8.706194842150271
197.79931532406758 11.127324862701427
195.73817137346896 8.124601056404442
193.6770274228703 8.550068226437038
191.61588347227166 8.213582000004477
189.55473952167304 10.601450252827428
187.49359557107437 8.391159760308671
185.43245162047575 8.372915988596162
183.3713076698771 10.608283359707373
181.31016371927848 5.612846869160549
179.24901976867983 9.846022851453949
177.18787581808118 7.606231350851718
175.12673186748253 9.104947936666223
173.0655879168839 11.0601813966282
171.00444396628527 12.361827596724709
168.94330001568662 11.201995984652125
166.88215606508797 10.561321523415378
164.82101211448935 9.832187091320836
162.7598681638907 9.677442326502147
160.69872421329208 7.231285792329199
158.6375802626934 8.00656397073728
156.57643631209476 8.56015357705676
154.51529236149614 10.287317696922083
152.4541484108975 9.632966387953639
150.39300446029887 9.873821910929188
148.3318605097002 9.078568130698617
146.27071655910157 9.659063706135203
144.20957260850292 9.452724145930476
142.1484286579043 8.088722613433566
140.08728470730566 7.129051488079742
138.026140756707 9.6186464033962
135.96499680610836 6.354256293690181
133.90385285550974 9.096723287246812
131.8427089049111 5.434883350906656
129.78156495431244 10.05611594116358
127.7204210037138 11.141728147488463
125.65927705311516 9.686092366031922
123.59813310251653 7.731122487034684
121.53698915191788 7.882963206012127
119.47584520131925 7.7356738636223135
117.4147012507206 8.904165910596445
115.35355730012196 8.439127143797595
113.29241334952331 6.944267044444034
111.23126939892468 9.070189532697896
109.17012544832605 9.224923226661026
107.1089814977274 8.043128317177196
105.04783754712876 8.858298083507275
102.98669359653012 6.890959238386169
100.92554964593148 9.127449028465358
98.86440569533285 8.961249466808155
96.80326174473419 12.286765623258457
94.74211779413555 8.063452662094448
92.6809738435369 7.503379549584153
90.61982989293827 8.74572732087529
88.55868594233962 7.3350953331141
86.49754199174099 8.173230473189705
84.43639804114235 6.921933706240767
82.3752540905437 7.719360093820023
80.31411013994507 8.217664189707627
78.25296618934642 10.07296390224178
76.19182223874779 9.376717291520318
74.13067828814914 5.327825583400356
72.06953433755051 8.214918641765562
70.00839038695187 5.672877887999469
67.94724643635323 6.0705764737974635
65.88610248575459 7.000121617623104
63.82495853515594 8.68257293062733
61.7638145845573 8.127710199073283
59.70267063395866 6.2495805146413455
57.64152668336002 5.450436363094487
55.58038273276138 7.2577113076548825
53.51923878216274 5.448620161600602
51.4580948315641 4.728264557145422
49.396950880965456 6.054155639705273
47.335806930366815 6.746374619915418
45.27466297976817 5.356778108070865
43.21351902916953 6.52266839920883
41.15237507857089 8.226637216062725
39.09123112797225 7.021024187094851
37.03008717737361 8.129970698094038
34.968943226774975 8.752913647638126
32.907799276176334 9.329862563050025
30.84665532557769 11.235264597974645
28.78551137497905 13.378423021970516
26.724367424380407 12.811725604237367
24.663223473781766 13.548866076462888
22.602079523183125 13.283397783194516
20.540935572584484 16.563598151658812
18.479791621985846 15.770510942842245
16.418647671387205 23.183883345824228
14.357503720788563 25.868252063311388
12.29635977018992 26.98056769013798
10.23521581959128 31.206491090868557
8.17407186899264 32.39763775606718
6.112927918393999 38.018315888419615
4.051783967795358 39.31540813733237
1.9906400171967173 40.48928038830575
-0.0705039334019235 40.87007177269814
-2.1316478840005644 34.76573695382254
-4.192791834599205 35.04519586114833
-6.2539357851978465 28.74728626269699
-8.315079735796488 22.9381447067719
-10.376223686395127 24.943225304502867
-12.437367636993768 20.95454618625831
-14.498511587592407 17.632600754400205
-16.55965553819105 17.453208984941874
-18.62079948878969 16.06211912294408
-20.68194343938833 13.439917299436365
-22.743087389986968 13.796669733022254
-24.804231340585613 10.987357207399292
-26.865375291184254 10.662179172014387
-28.926519241782895 10.703696533271613
-30.987663192381532 11.008405275455182
-33.04880714298017 8.936082029200215
-35.109951093578815 8.073573907530166
-37.171095044177456 8.873248953541154
-39.2322389947761 10.732333573605475
-41.29338294537474 7.616561026861102
-43.35452689597338 9.519757495533913
-45.41567084657202 8.747399987948034
-47.47681479717066 6.844514007497396
-49.5379587477693 8.784884948125235
-51.59910269836794 7.318751363460639
-53.660246648966584 5.706314896888428
-55.721390599565225 6.767439570970402
-57.78253455016387 8.647105297298253
-59.84367850076251 7.56818468789014
-61.90482245136114 7.89865887005451
-63.96596640195978 7.417765301759775
-66.02711035255844 9.124230545121087
-68.08825430315707 9.483880549004665
-70.1493982537557 8.127377530585871
-72.21054220435435 8.931197427828298
-74.27168615495299 8.554489550070976
-76.33283010555164 7.848974367620086
-78.39397405615027 7.189962626640602
-80.45511800674892 8.53267729007071
-82.51626195734755 9.469599115643513
-84.57740590794619 7.200454848052287
-86.63854985854483 8.069294141968395
-88.69969380914347 8.689007759452071
-90.76083775974212 9.28027684716354
-92.82198171034075 5.821862759226923
-94.88312566093938 6.627034609746241
-96.94426961153805 7.0643303693216
-99.00541356213668 7.635212441134121
-101.06655751273533 7.639324965535011
-103.12770146333396 5.373621356781055
-105.18884541393261 4.622983694269284
-107.24998936453125 6.641268891832328
-109.31113331512988 6.211893374147925
-111.37227726572853 5.118601115569919
-113.43342121632716 7.107505404500036
-115.49456516692581 6.320496869526433
-117.55570911752444 6.749354772487132
-119.61685306812309 5.919152433732136
-121.67799701872173 4.065478650486847
-123.73914096932036 5.3600879856450705
-125.80028491991901 4.506981990586113
-127.86142887051764 6.621059851606501
-129.9225728211163 5.929171974362643
-131.98371677171494 2.9976492499011127
-134.0448607223136 5.2638260092709
-136.1060046729122 5.6699598042752655
-138.16714862351085 4.268349982193824
-140.22829257410947 4.218172728596011
-142.28943652470815 3.974943446268164
-144.35058047530677 3.3455883933510076
-146.41172442590542 4.9479310376897
-148.47286837650404 4.170746713000177
-150.5340123271027 2.90818144308732
-152.59515627770134 6.092350776530907
-154.65630022829998 2.6860640373519074
-156.71744417889863 4.92403825449035
-158.77858812949725 5.073961891057757
-160.83973208009593 5.15910267875287
-162.90087603069455 4.100122727069446
-164.9620199812932 2.299828488379288
-167.02316393189182 4.14060276217291
-169.08430788249046 4.919771852317054
-171.1454518330891 3.212384325979637
-173.20659578368776 4.17127920840135
-175.26773973428638 3.0021263026047165
-177.32888368488503 3.474869932092435
-179.39002763548365 3.19404887469257
-181.45117158608232 2.6310494465389027
-183.51231553668094 1.3133393874232628
-185.5734594872796 2.5452015628964895
-187.6346034378782 4.498342277708969
-189.6957473884769 2.584286191802071
-191.75689133907554 1.046517649825139
-193.81803528967416 3.612623425879978
-195.8791792402728 3.4676738678960852
-197.94032319087142 3.7631435259055004
-200.0014671414701 3.405569251650225
-202.06261109206872 4.335101193155179
-204.12375504266737 5.4243696874866245
-206.184898993266 4.252921140330725
-208.24604294386464 1.7822901235195643
-210.30718689446329 2.9780665494694234
-212.36833084506193 3.5604729175937364
-214.42947479566055 2.649774288281096
-216.4906187462592 2.2395068233656072
-218.55176269685785 4.231176879657913
-220.6129066474565 3.7226299039364874
-222.67405059805512 3.896213593241411
-224.73519454865377 3.0366429872120793
-226.79633849925239 2.5742675665606605
-228.85748244985106 3.738757253617082
-230.9186264004497 2.8883720802408406
-232.97977035104833 3.820692582833039
-235.04091430164698 4.892387547879562
-237.1020582522456 3.879513713114466
-239.16320220284427 3.95946011400717
-241.2243461534429 2.876177512537573
-243.28549010404154 1.6682765933673593
-245.34663405464016 5.314316659053269
-247.4077780052388 3.3988639650332084
-249.46892195583746 5.358669755284548
-251.5300659064361 5.55851495224509
-253.59120985703473 2.7186814246095476
