# BEGINHEADER
# This file contains data from the SALSA 2m radio telescope.
# DATE=2021-11-24T16:10:0042
# GLON and GLAT given in degrees
# GLON=129.91441925543066
# GLAT=5.835794712860332
# DATA in two columns below. Col. 1 is velocity relative to LSR [km/s]. Col. 2 is uncalibrated antenna temperature [K].
# ENDHEADER
269.92727600481857 -3.7143775904368503
267.8661320542199 -12.385358670032279
265.80498810362127 -11.407223965562538
263.7438441530226 -12.49685583286327
261.682700202424 -12.353716344602343
259.6215562518253 -11.259148267793512
257.5604123012267 -13.389407338989482
255.49926835062806 -12.589082581640103
253.43812440002944 -12.998480309600264
251.3769804494308 -10.97466473301527
249.31583649883214 -14.934411670768592
247.2546925482335 -14.56510224364242
245.19354859763487 -13.60982632475737
243.13240464703622 -13.809795725002353
241.0712606964376 -13.076644744922179
239.01011674583893 -12.52239786232199
236.9489727952403 -13.99298415003678
234.88782884464166 -12.574365214778904
232.826684894043 -10.473238453980226
230.76554094344436 -14.188411710069854
228.70439699284572 -10.890925548206166
226.6432530422471 -12.093708781991118
224.58210909164845 -11.75069280647327
222.52096514104983 -12.864331625059018
220.45982119045115 -13.422215475984451
218.39867723985253 -12.064973989763638
216.33753328925388 -12.463009704749743
214.27638933865526 -10.395843494112244
212.21524538805662 -12.876067671018872
210.15410143745797 -12.602548393342891
208.09295748685932 -11.283733878482153
206.0318135362607 -13.523541342109194
203.97066958566205 -12.09806748179314
201.9095256350634 -14.023849539424123
199.84838168446475 -14.149053857696886
197.78723773386614 -14.012929757570559
195.7260937832675 -9.402160448433582
193.66494983266884 -10.749916112188814
191.6038058820702 -13.279418721514977
189.54266193147154 -12.280739412048076
187.48151798087292 -12.072383088810637
185.42037403027427 -11.422437258119391
183.35923007967565 -11.438321917397428
181.29808612907698 -12.095415914083208
179.23694217847836 -11.328028153581498
177.1757982278797 -10.522991265464057
175.1146542772811 -12.383733967035171
173.05351032668244 -10.075497871264957
170.9923663760838 -10.177959473467414
168.93122242548515 -12.150396691599854
166.87007847488653 -11.627283156370185
164.80893452428788 -13.642082149884127
162.74779057368923 -11.518196336000708
160.68664662309058 -10.977405363577589
158.62550267249196 -9.36764115722831
156.5643587218933 -11.134305359853691
154.50321477129467 -11.676199638239767
152.44207082069602 -9.10958252602138
150.38092687009737 -10.03909299039407
148.31978291949875 -11.919289324752112
146.2586389689001 -12.661017215880886
144.19749501830148 -11.25094432479311
142.1363510677028 -10.057345169686972
140.07520711710418 -10.756307465053338
138.01406316650554 -12.301109992285236
135.95291921590692 -10.10620858278808
133.89177526530824 -12.897069646662176
131.83063131470962 -11.681745761748898
129.76948736411097 -12.538339541246959
127.70834341351234 -10.512998318083975
125.64719946291369 -9.737545888772745
123.58605551231506 -10.943299523692518
121.52491156171641 -11.87391050480739
119.46376761111777 -10.917140919103938
117.40262366051914 -11.043611515025722
115.34147970992049 -12.470462329670408
113.28033575932186 -11.66428662029957
111.21919180872321 -11.847702632344662
109.15804785812458 -10.932517027983042
107.09690390752593 -11.325177712389209
105.0357599569273 -11.04697589593227
102.97461600632866 -10.242302686868156
100.91347205573001 -10.02416397158304
98.85232810513136 -9.60938508336714
96.79118415453271 -11.484512271207754
94.73004020393408 -11.079137787996869
92.66889625333543 -13.032497433973369
90.6077523027368 -10.672689314899378
88.54660835213816 -11.946719997078556
86.48546440153952 -11.093731867491266
84.42432045094088 -11.026701855633082
82.36317650034223 -9.548276560211159
80.3020325497436 -9.36785172468974
78.24088859914495 -12.148736328966457
76.17974464854632 -9.850718285763282
74.11860069794768 -8.463671800180329
72.05745674734904 -13.00048216251116
69.9963127967504 -10.020468565269882
67.93516884615175 -9.50498784575183
65.87402489555312 -10.972994808209805
63.81288094495447 -9.269957152817286
61.75173699435583 -10.467941376799075
59.69059304375719 -10.023639659185577
57.62944909315855 -10.197627736834313
55.568305142559915 -12.374826326052888
53.50716119196127 -12.047117442844966
51.44601724136263 -9.910551474988585
49.384873290763984 -6.837234592983855
47.32372934016534 -10.399745606330534
45.2625853895667 -9.899223614133861
43.20144143896806 -10.713049141138912
41.14029748836943 -9.207253087740696
39.079153537770786 -9.992978471962664
37.018009587172145 -9.794201072504755
34.956865636573504 -9.790137800694016
32.89572168597486 -8.039677793064365
30.83457773537622 -12.225225425580472
28.77343378477758 -10.321737905124959
26.712289834178936 -10.292179480619678
24.6511458835803 -9.051453984120464
22.590001932981657 -6.095374375932548
20.528857982383016 -8.005917413250101
18.467714031784375 -5.179762421455877
16.406570081185734 -5.212833202827205
14.345426130587093 -4.956725228183774
12.284282179988452 -5.050397489702136
10.22313822938981 -0.8765621221697427
8.16199427879117 2.62387729505659
6.1008503281925295 14.317585277873905
4.039706377593889 24.261172370523497
1.9785624269952484 35.80424760633389
-0.0825815236033924 42.07958798603262
-2.143725474202033 40.76822541899338
-4.204869424800674 43.165118268747214
-6.266013375399315 42.649030950204924
-8.327157325997955 44.57732318774076
-10.388301276596597 45.076326161690055
-12.449445227195236 42.10646508001281
-14.510589177793877 34.30115880136105
-16.571733128392516 26.7711798057845
-18.632877078991157 17.873561938931644
-20.6940210295898 10.194542718529101
-22.755164980188443 7.499190819347308
-24.81630893078708 5.663659251495424
-26.87745288138572 6.942089167467455
-28.938596831984363 9.96606953704007
-30.999740782583004 13.570927896639482
-33.060884733181645 13.106406343859694
-35.122028683780286 18.33826702929263
-37.18317263437893 17.96008941096028
-39.24431658497757 16.531692669200204
-41.3054605355762 15.593521019737677
-43.36660448617484 16.576622004162413
-45.42774843677349 19.028627370111842
-47.48889238737213 20.17682705042325
-49.550036337970774 24.182999270084352
-51.611180288569415 24.17616516357447
-53.672324239168056 25.92016032076581
-55.73346818976669 22.92885164453672
-57.79461214036533 20.25071726926946
-59.85575609096397 16.32085184294459
-61.91690004156261 14.862917830064317
-63.978043992161254 13.05565050910539
-66.0391879427599 6.23299484060068
-68.10033189335854 5.4096979280492805
-70.16147584395718 6.279876906855376
-72.22261979455583 6.024366898745472
-74.28376374515446 4.751900356131096
-76.3449076957531 4.824536406832852
-78.40605164635174 5.810720468482243
-80.46719559695038 3.1829837452485976
-82.52833954754902 1.6075807812730658
-84.58948349814766 3.0642569845432197
-86.6506274487463 1.5495533327022548
-88.71177139934494 3.1172762670988674
-90.77291534994357 -0.8247444641230478
-92.83405930054222 -0.44584322010381117
-94.89520325114087 -2.532592617401589
-96.95634720173952 -1.3274756630512634
-99.01749115233815 -1.0327997645440428
-101.0786351029368 -2.319310532854646
-103.13977905353543 -1.6030632927908541
-105.20092300413407 -3.4216343953166137
-107.26206695473272 -4.898599923980483
-109.32321090533135 -6.238074355878988
-111.38435485593 -6.15908377728022
-113.44549880652863 -5.423806880327553
-115.50664275712728 -4.142826887280516
-117.56778670772592 -4.022313040084022
-119.62893065832455 -8.252292002651117
-121.6900746089232 -10.824400530377135
-123.75121855952183 -9.14630887852482
-125.81236251012048 -8.679422593786693
-127.87350646071911 -6.704676014156613
-129.93465041131776 -7.746891568507385
-131.9957943619164 -8.712027634072221
-134.05693831251503 -8.29285727298113
-136.11808226311368 -7.507960964550691
-138.17922621371233 -7.945859454889779
-140.24037016431097 -8.689257778444317
-142.3015141149096 -8.303902112462016
-144.36265806550824 -9.249989906939273
-146.42380201610686 -10.413772904424848
-148.48494596670554 -10.500495267888358
-150.54608991730416 -9.891165161964356
-152.6072338679028 -6.959922582702039
-154.66837781850145 -8.394727446281037
-156.7295217691001 -7.400455934524754
-158.79066571969875 -7.66963067119599
-160.85180967029737 -9.572216473814832
-162.91295362089602 -7.7536179987742875
-164.97409757149464 -6.471398541073498
-167.03524152209332 -7.918791216921257
-169.09638547269194 -9.958749330348596
-171.15752942329058 -8.628145880196282
-173.2186733738892 -6.770632893442511
-175.27981732448785 -6.515952992017364
-177.3409612750865 -7.0052367094737304
-179.40210522568515 -8.828677591737549
-181.46324917628377 -9.704408809574941
-183.52439312688242 -9.17602566550992
-185.58553707748106 -9.268210901392527
-187.6466810280797 -8.772319960716855
-189.70782497867833 -8.374856579905392
-191.76896892927698 -8.61527175444617
-193.83011287987563 -9.324757738716636
-195.89125683047428 -9.00726648252987
-197.95240078107292 -7.516692049967535
-200.01354473167154 -6.2976923838322945
-202.0746886822702 -7.60645151512532
-204.1358326328688 -7.4704262644074975
-206.1969765834675 -8.831275106226817
-208.2581205340661 -9.489540140316295
-210.31926448466476 -7.908484858750562
-212.38040843526338 -7.593144468702403
-214.44155238586202 -8.68471448452611
-216.50269633646067 -8.716126325580362
-218.56384028705932 -8.394306945126871
-220.62498423765794 -7.357543070196806
-222.6861281882566 -8.928841544588828
-224.74727213885524 -7.30761350110442
-226.80841608945389 -6.884814194572249
-228.8695600400525 -8.533703400995122
-230.93070399065115 -8.60726548110593
-232.9918479412498 -9.75559496818523
-235.05299189184845 -7.92923932936132
-237.1141358424471 -8.189379886468945
-239.17527979304572 -7.054654770540717
-241.23642374364437 -8.158198346329801
-243.29756769424299 -9.913319614205584
-245.35871164484166 -8.457032825873984
-247.41985559544028 -10.456553209060008
-249.48099954603893 -8.954991417405562
-251.54214349663755 -9.87337722097386
-253.60328744723623 -10.944431027941768
-255.66443139783485 -9.864170274915177
