# BEGINHEADER
# This file contains data from the SALSA 2m radio telescope.
# DATE=2021-11-27T02:31:0026
# GLON and GLAT given in degrees
# GLON=188.82249353641376
# GLAT=-0.2373680240943973
# DATA in two columns below. Col. 1 is velocity relative to LSR [km/s]. Col. 2 is uncalibrated antenna temperature [K].
# ENDHEADER
265.78096651820584 3.4524858665478404
263.7198225676072 4.194071501096261
261.65867861700855 5.19872639459748
259.5975346664099 7.407813779145726
257.5363907158113 5.353689118840943
255.47524676521266 5.566825253905735
253.414102814614 5.926129423863618
251.35295886401536 6.213923993419052
249.29181491341672 5.454203030296451
247.2306709628181 6.103653173924878
245.16952701221945 6.002021730868829
243.10838306162083 7.7867245463578785
241.04723911102215 7.082504272457444
238.98609516042353 9.42086795282035
236.92495120982488 5.821509179274777
234.86380725922626 7.670900447427518
232.80266330862761 5.8681203948340945
230.74151935802897 10.158780315786988
228.68037540743032 10.198183637253084
226.61923145683167 8.237403322339468
224.55808750623305 10.073947123697096
222.49694355563437 7.509721910538962
220.43579960503575 7.781768111595402
218.3746556544371 6.687520035943095
216.3135117038385 9.377292282464646
214.25236775323984 8.033377091928346
212.1912238026412 10.0289944160014
210.13007985204254 8.729545809422264
208.06893590144392 8.680712400253949
206.00779195084527 5.75242924447115
203.94664800024665 7.097009888043324
201.88550404964798 7.8583375352364655
199.82436009904936 5.246122558719443
197.76321614845074 8.50371920240022
195.7020721978521 7.852715064358281
193.64092824725344 5.611007767922903
191.57978429665482 6.581545356355486
189.51864034605617 7.549875432800156
187.45749639545755 7.5050558765575985
185.39635244485888 8.62156859738153
183.33520849426023 9.44112840191524
181.2740645436616 6.624642366167889
179.21292059306296 5.90420173961502
177.15177664246434 7.081116828217075
175.09063269186566 7.332314677041142
173.02948874126704 7.540166003937316
170.9683447906684 10.490243112800075
168.90720084006978 9.092272489797736
166.8460568894711 8.837507862607715
164.78491293887248 10.110808516682445
162.72376898827383 9.158438695307291
160.6626250376752 8.288680147486563
158.60148108707656 7.699486853582962
156.54033713647792 8.923677370315023
154.47919318587927 6.858377166392076
152.41804923528065 6.760460174258543
150.356905284682 7.55796378368051
148.29576133408338 9.270466444445216
146.2346173834847 8.746005534895755
144.17347343288606 8.779900183359825
142.11232948228744 7.499700625144925
140.0511855316888 7.720100932499015
137.99004158109014 9.499435384298696
135.9288976304915 7.500863339066794
133.86775367989287 10.471000590242665
131.80660972929422 7.643425493510349
129.74546577869557 5.75040390862053
127.68432182809694 10.337082287129492
125.62317787749829 9.318420214842448
123.56203392689966 6.5827110040838255
121.50088997630102 6.825816448340332
119.43974602570238 9.554039942693821
117.37860207510374 6.523807656282596
115.3174581245051 6.900804052522201
113.25631417390646 9.072966473408048
111.19517022330781 6.389459286697027
109.13402627270918 7.3524052533333615
107.07288232211054 7.137063005786868
105.0117383715119 9.122574909477652
102.95059442091326 9.611216117271907
100.88945047031461 6.775787872329902
98.82830651971598 5.842392094967906
96.76716256911733 9.82486626956437
94.7060186185187 9.136834220071709
92.64487466792006 8.246392815305999
90.58373071732142 8.601822218187865
88.52258676672277 10.287852495045415
86.46144281612412 7.855091272489144
84.40029886552549 8.49815183811515
82.33915491492684 6.897869045434665
80.2780109643282 8.147252402338426
78.21686701372957 8.316329900476006
76.15572306313092 8.047353248252893
74.09457911253229 9.578584062808604
72.03343516193364 8.123042128101876
69.972291211335 7.280120945333687
67.91114726073637 8.73584096135951
65.85000331013772 6.420944640802825
63.78885935953908 8.173285928072113
61.72771540894044 7.510322646196913
59.6665714583418 8.345372429266213
57.60542750774316 7.524106477328202
55.54428355714452 10.271627904309968
53.483139606545876 8.728474974756407
51.421995655947235 5.871032170327182
49.360851705348594 8.16823073013852
47.29970775474996 6.072515351586837
45.23856380415132 9.187676278277403
43.17741985355268 6.136441610906993
41.11627590295403 8.045447652677767
39.05513195235539 8.679458821974253
36.99398800175675 10.85599984495023
34.932844051158106 10.852478497875024
32.87170010055947 12.938908589652195
30.810556149960828 16.992938330816163
28.74941219936219 18.771232860322513
26.688268248763546 23.74840726725471
24.627124298164905 35.22950391481673
22.565980347566263 42.13720647785114
20.504836396967622 55.0626852766319
18.44369244636898 74.46221577109752
16.38254849577034 91.239854296493
14.3214045451717 107.36405767690948
12.26026059457306 125.22531582273785
10.199116643974417 137.77451937399127
8.137972693375778 142.07323667444055
6.076828742777137 146.20686506705948
4.0156847921784955 143.17550482397445
1.9545408415798555 132.77823626345884
-0.10660310901878546 123.46047918631635
-2.1677470596174264 107.13792303367116
-4.228891010216067 91.47351907652497
-6.290034960814708 73.58574127164282
-8.351178911413347 55.79077907460276
-10.41232286201199 39.35137228123527
-12.47346681261063 33.14444700274196
-14.534610763209272 23.49439970846974
-16.59575471380791 21.81332860826355
-18.65689866440655 17.507217689970098
-20.718042615005192 15.266446663195119
-22.779186565603837 11.389359282627266
-24.840330516202474 9.43475171895613
-26.901474466801112 9.389747285768474
-28.962618417399753 8.028619279255981
-31.023762367998398 8.46442454421169
-33.084906318597035 6.51295976468537
-35.146050269195676 5.320122756172664
-37.20719421979432 5.688844005676648
-39.26833817039296 4.051182232209641
-41.3294821209916 5.384449136505719
-43.39062607159024 7.9973100850662275
-45.45177002218888 7.001091439636078
-47.51291397278752 7.432564796983958
-49.57405792338616 5.76334003986896
-51.6352018739848 5.639695736227501
-53.69634582458344 3.84287185862352
-55.75748977518209 4.540747686624673
-57.81863372578073 4.074097763192645
-59.87977767637937 1.9321301362415164
-61.94092162697801 4.766153973344978
-64.00206557757664 4.2017229424154845
-66.06320952817529 4.422650647109672
-68.12435347877394 3.8821610545385132
-70.18549742937257 3.1647427751922903
-72.24664137997121 5.441006017953369
-74.30778533056986 5.251749188712434
-76.36892928116849 2.142490656573357
-78.43007323176714 3.1236078414826745
-80.49121718236577 3.5941335468730675
-82.55236113296442 4.207350317815928
-84.61350508356306 5.635963153412479
-86.67464903416169 3.4552604046255966
-88.73579298476034 1.3654236001805646
-90.79693693535897 2.964781191393988
-92.85808088595762 5.130552461060176
-94.91922483655625 7.027542765349293
-96.9803687871549 3.3690779764849523
-99.04151273775354 4.007278357876657
-101.10265668835217 1.4732534083543718
-103.16380063895083 3.3075892553897606
-105.22494458954947 4.3285479577646475
-107.28608854014811 3.977922041408563
-109.34723249074675 2.6668516975970995
-111.4083764413454 2.2214560760878523
-113.46952039194403 4.898630628705371
-115.53066434254266 0.7711210913141923
-117.59180829314131 1.560394360193953
-119.65295224373995 2.2772276365985142
-121.7140961943386 1.6616215157336856
-123.77524014493723 1.9904547137518684
-125.83638409553586 1.5773642942190058
-127.89752804613451 3.9688034362383817
-129.95867199673316 4.258281283156645
-132.01981594733178 2.6973662865619117
-134.08095989793046 1.3803228388413848
-136.14210384852908 1.9947272154243179
-138.20324779912772 2.4835609520407376
-140.26439174972634 1.8259921696647692
-142.325535700325 1.764966876660117
-144.38667965092364 1.0565327243745217
-146.4478236015223 1.3912582338488906
-148.5089675521209 1.753965589007488
-150.57011150271956 1.8565142660865313
-152.6312554533182 2.0683163982309973
-154.69239940391685 3.4535664273606828
-156.75354335451547 -0.5872847125256708
-158.81468730511412 0.37717027844977985
-160.87583125571274 1.738210776310202
-162.93697520631142 3.2418187232597258
-164.99811915691006 1.6859884350541383
-167.05926310750868 0.217658766207065
-169.12040705810733 -1.1007006198465112
-171.18155100870595 1.0663606437057676
-173.24269495930463 2.281160488167449
-175.30383890990325 0.6537672081072705
-177.3649828605019 3.3342731525798452
-179.42612681110052 2.2321990926916913
-181.48727076169916 3.6750173655226335
-183.5484147122978 -0.9426173172244612
-185.60955866289646 1.4579409191658974
-187.67070261349508 1.8935102716961787
-189.73184656409373 0.9418883576220092
-191.79299051469238 1.1344814124966376
-193.85413446529103 3.386190828561317
-195.91527841588965 0.06947708796832697
-197.9764223664883 -0.5933934071106746
-200.03756631708697 3.025996221680584
-202.0987102676856 -1.4375351843140558
-204.15985421828427 1.0831585510088202
-206.2209981688829 1.6493293307937775
-208.28214211948153 2.1049360824581917
-210.34328607008015 2.131977637846866
-212.4044300206788 3.1001774405055
-214.46557397127745 -0.0454490943359883
-216.5267179218761 4.249653312493797
-218.58786187247472 2.5315627274908494
-220.64900582307337 -0.03519173640122387
-222.710149773672 -0.04234630032957106
-224.77129372427066 0.399593354283868
-226.83243767486928 2.3435332263042983
-228.89358162546793 2.447652730255826
-230.95472557606655 -2.4177347926977744
-233.01586952666523 -2.2848857197088708
-235.07701347726385 2.588235733702285
-237.1381574278625 1.3870553774465029
-239.19930137846114 1.7216419600840638
-241.26044532905976 1.9586954636617429
-243.32158927965844 3.191414432401931
-245.38273323025706 2.00826763960184
-247.4438771808557 1.274109133301169
-249.50502113145433 1.6288974539926018
-251.56616508205298 2.7990849292590103
-253.62730903265162 3.3465536585931726
-255.68845298325027 3.30793773378453
-257.7495969338489 0.19239661280421472
-259.8107408844475 2.1571052734945595
