# BEGINHEADER
# This file contains data from the SALSA 2m radio telescope.
# DATE=2021-11-24T15:53:0040
# GLON and GLAT given in degrees
# GLON=160.8473968164078
# GLAT=-0.18069174104921132
# DATA in two columns below. Col. 1 is velocity relative to LSR [km/s]. Col. 2 is uncalibrated antenna temperature [K].
# ENDHEADER
267.1082865458642 -1.0651211948569683
265.0471425952656 -1.7486392847179755
262.98599864466695 -3.3246138312094202
260.9248546940683 -4.205909226622161
258.86371074346965 -5.766667989039816
256.802566792871 -6.001499448194497
254.74142284227236 -3.4112986094878877
252.68027889167374 -5.103250597933468
250.6191349410751 -3.710562230359288
248.5579909904764 -5.370208681459651
246.4968470398778 -5.393706624710136
244.43570308927914 -6.87924417387464
242.37455913868052 -5.408973851026339
240.31341518808188 -6.2374395470356
238.25227123748323 -7.456203502804593
236.19112728688458 -6.00534087274432
234.12998333628596 -6.021441793177598
232.0688393856873 -6.385906536129947
230.0076954350887 -6.172841353226451
227.94655148449002 -3.8457173614452387
225.8854075338914 -5.380125596353873
223.82426358329275 -6.886103256763187
221.76311963269413 -5.60390731779134
219.70197568209548 -2.8479561193094702
217.64083173149683 -5.129529934047964
215.57968778089818 -4.5855987789164905
213.51854383029956 -5.1679467735196365
211.45739987970092 -2.2177390313799488
209.39625592910224 -4.481362428385775
207.33511197850362 -6.271794114575866
205.27396802790497 -5.51750482582498
203.21282407730635 -3.7553400976170663
201.1516801267077 -5.0921565193342895
199.09053617610905 -3.619528721211514
197.0293922255104 -6.007323026404709
194.9682482749118 -6.513688241399194
192.90710432431314 -2.9266435406756286
190.84596037371452 -3.425799698871102
188.78481642311584 -3.1334245373681116
186.72367247251722 -1.148989736006154
184.66252852191857 -6.379347992397914
182.60138457131995 -4.506155842976388
180.54024062072128 -4.751376826461025
178.47909667012266 -9.029678841720122
176.417952719524 -2.9117030369808092
174.3568087689254 -7.382455029803756
172.29566481832674 -5.881508954391489
170.23452086772807 -5.696580641817117
168.17337691712945 -4.198258550236071
166.1122329665308 -4.179372851225578
164.05108901593218 -4.4726770641888525
161.98994506533353 -4.341482202861815
159.92880111473488 -3.199065811448011
157.86765716413623 -3.818018202614514
155.8065132135376 -4.9997257769651196
153.74536926293896 -3.646279381124559
151.68422531234032 -2.9498884183445804
149.62308136174167 -3.8966933821232312
147.56193741114305 -3.5865882052691793
145.5007934605444 -1.9307298241157964
143.43964950994578 -5.173309203472562
141.3785055593471 -4.215072386373151
139.31736160874848 -0.9821433340916081
137.25621765814984 -2.253280496860961
135.19507370755122 -3.7156830586478238
133.13392975695257 -4.481922740270459
131.0727858063539 -2.506616075405644
129.01164185575527 -3.183081211035649
126.95049790515664 -3.294775406695811
124.88935395455799 -2.6318701521210697
122.82821000395936 -4.6230753922285235
120.76706605336072 -5.483385058030055
118.70592210276207 -4.2996821381257995
116.64477815216344 -2.9949088363350493
114.58363420156479 -4.055434317360849
112.52249025096614 -4.4168549988368
110.4613463003675 -4.419885662014635
108.40020234976886 -3.519536885047654
106.33905839917023 -4.488216836587633
104.27791444857158 -1.2986100866071812
102.21677049797295 -3.2000094466893696
100.1556265473743 -5.71404945072556
98.09448259677566 -2.1175874085574544
96.03333864617701 -5.269093564568067
93.97219469557838 -2.0559865523242924
91.91105074497975 -3.308124333867022
89.8499067943811 -2.783996678929416
87.78876284378246 -4.307728874959216
85.72761889318382 -2.329310828473841
83.66647494258518 -3.7676456963728997
81.60533099198653 -1.72737338850533
79.5441870413879 -3.1507797896048233
77.48304309078927 -4.035375287353271
75.42189914019062 -0.8609712806857918
73.36075518959197 -4.271193629412252
71.29961123899332 -3.854689099667914
69.23846728839469 -3.115051712557295
67.17732333779605 -1.587239805232486
65.1161793871974 -3.6423389768778702
63.055035436598764 -3.9609789129749355
60.99389148600012 -4.101126412529294
58.93274753540149 -3.12113873925268
56.87160358480285 -3.1628050390316718
54.81045963420421 -2.5746455180261454
52.749315683605566 -1.6530601452671614
50.688171733006925 -3.9587021532993263
48.627027782408284 -4.4583659910431015
46.56588383180965 -2.690816730114116
44.504739881211 -1.7592031813820581
42.44359593061236 -3.8517370322762865
40.38245198001372 -1.975941729838027
38.32130802941508 -3.1159540123404894
36.26016407881644 -1.1662076515706967
34.199020128217796 -1.4051185639778914
32.137876177619155 -0.8835736826850639
30.076732227020514 -1.3333891240178568
28.015588276421877 -4.066133831606164
25.954444325823236 -0.8479688676582413
23.893300375224594 -1.110870540788612
21.832156424625957 0.360192910970804
19.771012474027312 -0.9780779368833574
17.70986852342867 -0.7011237064922392
15.648724572830032 2.1002313817530274
13.58758062223139 4.1602279062874254
11.52643667163275 6.527710631709835
9.46529272103411 14.893531349898678
7.4041487704354685 27.7441297246367
5.3430048198368265 39.071125326859665
3.2818608692381863 37.395366130880994
1.2207169186395457 41.27644163612405
-0.8404270319590951 43.7848498128542
-2.901570982557736 46.27905497748137
-4.962714933156377 49.35029267056999
-7.023858883755017 49.976933634869816
-9.085002834353658 51.28127144200332
-11.146146784952299 48.29347383310979
-13.20729073555094 52.061382154087376
-15.26843468614958 56.143495688601355
-17.32957863674822 54.06419487033832
-19.39072258734686 49.945870132192155
-21.451866537945502 52.27845550528262
-23.513010488544143 47.170977880059425
-25.574154439142784 42.72250257574347
-27.635298389741425 42.263561820001506
-29.696442340340067 38.26483033617391
-31.757586290938708 34.91314516987423
-33.81873024153735 31.86863846132556
-35.87987419213599 27.28440740277183
-37.94101814273463 22.466623781187483
-40.00216209333327 22.377954645914865
-42.06330604393191 20.496274164879864
-44.12444999453055 13.37301872943067
-46.18559394512919 13.85636064265224
-48.24673789572783 11.820479046662802
-50.30788184632647 10.645997008298941
-52.369025796925115 11.28110329198494
-54.430169747523756 9.228556749603104
-56.4913136981224 6.450899736543211
-58.55245764872104 5.4087932633121465
-60.61360159931968 5.438900767553518
-62.67474554991832 2.7561787022621393
-64.73588950051696 5.503987140138147
-66.7970334511156 2.486692659988577
-68.85817740171424 -0.24795763656036254
-70.91932135231288 0.6380441392241122
-72.98046530291151 0.49063302466537057
-75.04160925351016 -1.1888023397093523
-77.1027532041088 -0.8848710433493556
-79.16389715470744 -1.1345094867806307
-81.22504110530609 -1.6201076295189318
-83.28618505590474 -1.4276881473789462
-85.34732900650337 -1.4486924464161377
-87.408472957102 -1.213569986116335
-89.46961690770065 -1.1900662554239718
-91.53076085829929 -2.170713696869593
-93.59190480889794 0.832744843183009
-95.65304875949657 -0.7286616906320911
-97.71419271009522 -1.5670768534357373
-99.77533666069385 -1.7571524345394482
-101.83648061129249 -2.8995659501634763
-103.89762456189113 -2.4478338282268757
-105.95876851248977 -0.7319372047811055
-108.01991246308842 -0.9742537811896504
-110.08105641368705 1.1185464910044467
-112.1422003642857 -0.7264556064918865
-114.20334431488433 -3.8141667685918197
-116.26448826548297 -2.871192977112071
-118.32563221608162 -0.008773520735191614
-120.38677616668026 -2.366332731413817
-122.44792011727891 -0.8861791471010124
-124.50906406787755 -0.2341652779422295
-126.57020801847618 -0.31353899416552317
-128.6313519690748 -1.1516234471187123
-130.69249591967346 -0.7864586361975807
-132.7536398702721 1.775818267768729
-134.81478382087073 0.44293893201525686
-136.87592777146938 -0.5683709242381114
-138.93707172206805 0.8026680209403719
-140.99821567266667 -0.9031517915155975
-143.05935962326532 0.3342531105186138
-145.12050357386394 -1.2343911981889513
-147.1816475244626 -1.1550452578926662
-149.24279147506124 -0.7741497265243693
-151.3039354256599 1.2980322666229245
-153.3650793762585 -0.28373994738251945
-155.42622332685715 -0.5742459549585793
-157.48736727745577 -0.9140655335543131
-159.54851122805445 -0.766583874522398
-161.60965517865307 2.2135420368936374
-163.67079912925172 2.323491527920838
-165.73194307985034 -0.14614756357057315
-167.793087030449 -1.880830323443332
-169.85423098104764 -0.9015941917552223
-171.91537493164628 0.7162408987858526
-173.9765188822449 -1.685142406239585
-176.03766283284355 1.4884096436752008
-178.09880678344223 -0.9817495606828405
-180.15995073404085 1.2589651221462101
-182.2210946846395 -0.3384675379863476
-184.28223863523812 -0.613498100567782
-186.34338258583676 -0.5746452443857869
-188.4045265364354 1.1648850026484896
-190.46567048703406 1.386457403149461
-192.52681443763268 -0.39713299618966524
-194.58795838823133 0.6969973729680575
-196.64910233882995 1.5576635315652876
-198.71024628942862 -0.3472453501090376
-200.77139024002724 1.0867525673547764
-202.8325341906259 0.5338756815166764
-204.8936781412245 1.231853884229755
-206.9548220918232 3.342839696667436
-209.0159660424218 -0.9438494291561196
-211.07710999302046 0.7092518971938274
-213.13825394361908 1.0334213513428276
-215.19939789421773 3.9113863292080904
-217.2605418448164 0.6993641420257215
-219.32168579541502 1.524099328143984
-221.38282974601367 0.3349010410560067
-223.4439736966123 0.9821867623447367
-225.50511764721094 0.24928770710736817
-227.56626159780959 -0.8526485086917136
-229.62740554840823 -0.6336449791951778
-231.68854949900685 -1.2681596097680266
-233.7496934496055 0.8931295723475254
-235.81083740020415 3.560244814764648
-237.8719813508028 0.5311933079764564
-239.93312530140142 1.5629118187812028
-241.99426925200007 3.640777556475816
-244.0554132025987 1.1038116753277984
-246.11655715319736 -1.0846156303802827
-248.17770110379598 2.372860651113269
-250.23884505439463 1.6454348964178847
-252.29998900499325 1.3396099330606057
-254.3611329555919 -2.1004087442394304
-256.4222769061906 0.014086525872042554
-258.4834208567892 -3.519502796270702
