# BEGINHEADER
# This file contains data from the SALSA 2m radio telescope.
# DATE=2021-11-23T20:13:0009
# GLON and GLAT given in degrees
# GLON=59.82340167534818
# GLAT=0.11965835646871967
# DATA in two columns below. Col. 1 is velocity relative to LSR [km/s]. Col. 2 is uncalibrated antenna temperature [K].
# ENDHEADER
264.3291174665088 5.4921782095207545
262.2679735159102 9.771040014052128
260.2068295653116 9.262844487980297
258.14568561471293 10.532915936467942
256.0845416641143 10.550663948046866
254.02339771351566 9.716612830352783
251.96225376291702 10.285786254067196
249.90110981231834 8.839407084982911
247.83996586171972 7.69789108997624
245.77882191112107 15.006410688138558
243.71767796052245 11.112604706472824
241.65653400992377 12.132216797558339
239.59539005932515 14.148929163367225
237.5342461087265 12.388048825523615
235.4731021581279 12.914228224066479
233.41195820752924 12.422982855709984
231.3508142569306 12.005770853926741
229.28967030633194 14.504601892217496
227.22852635573332 14.331514466461172
225.16738240513467 12.044577529138477
223.10623845453605 10.786560624005705
221.04509450393738 14.767895531672725
218.98395055333876 9.195638345171318
216.9228066027401 10.733483503618855
214.8616626521415 11.296603708520706
212.80051870154284 11.375464471677999
210.73937475094417 14.067940338845546
208.67823080034555 11.328074667340584
206.6170868497469 16.440811046422304
204.55594289914828 15.718957150489475
202.4947989485496 12.03799671928318
200.43365499795098 14.307691938548581
198.37251104735233 14.100879698309955
196.3113670967537 9.908720185652255
194.25022314615507 13.186667567680763
192.18907919555642 12.582036899901857
190.12793524495777 15.119229822883728
188.06679129435915 14.258415896489051
186.0056473437605 13.636131014778933
183.94450339316188 12.925002992448876
181.8833594425632 12.878034362303215
179.82221549196458 14.693990621106124
177.76107154136594 13.552832777938072
175.69992759076732 9.80835747410105
173.63878364016864 14.015193931711023
171.57763968957 14.39435219954318
169.51649573897137 12.306646770831788
167.45535178837272 12.255965575948697
165.3942078377741 14.463365326293689
163.33306388717543 14.559200233658123
161.2719199365768 13.150096357001022
159.21077598597816 8.786122745635135
157.14963203537954 13.83332447914776
155.0884880847809 14.149380482630448
153.02734413418224 14.964394689190614
150.9662001835836 12.887003287155316
148.90505623298498 13.09312736868944
146.84391228238633 13.507301440471
144.78276833178768 15.68332817555549
142.72162438118903 18.204481012902015
140.6604804305904 16.369185904294863
138.59933647999176 16.04150234869849
136.53819252939314 14.064896217254203
134.47704857879447 13.817978526033668
132.41590462819582 13.574428340638027
130.3547606775972 11.941376174001602
128.29361672699855 11.549966104363996
126.23247277639992 13.800664545903386
124.17132882580128 17.391068445065596
122.11018487520263 16.43605797258921
120.049040924604 11.311608836561062
117.98789697400535 14.977583942997251
115.92675302340672 15.959510462985932
113.86560907280807 11.300001514821492
111.80446512220942 11.851541111760739
109.74332117161079 11.83476902040563
107.68217722101214 14.443990671876966
105.6210332704135 13.373348155108186
103.55988931981486 12.850842189447677
101.49874536921622 14.575084909049192
99.43760141861759 13.385508133810625
97.37645746801893 15.818416291437284
95.3153135174203 9.678955384139655
93.25416956682166 11.321832318995945
91.19302561622301 16.42561960820132
89.13188166562438 12.233910172183064
87.07073771502573 17.280302619121326
85.0095937644271 12.505204828538691
82.94844981382845 13.22041639682278
80.88730586322981 11.829250682961913
78.82616191263118 14.910891032798045
76.76501796203252 14.839299229957751
74.70387401143388 11.5141740556208
72.64273006083523 13.934390347943092
70.5815861102366 17.521472591839995
68.52044215963795 16.15957536304862
66.45929820903932 16.078115693377338
64.39815425844068 16.85797855640502
62.337010307842036 16.84283572608178
60.2758663572434 17.98454120412506
58.21472240664476 22.75392924090529
56.15357845604612 23.842676288414914
54.09243450544748 25.45542996936973
52.03129055484884 26.678019004739742
49.970146604250196 24.908699922037417
47.909002653651555 30.636823948241485
45.847858703052914 38.476724095129015
43.78671475245427 41.291975443157135
41.72557080185563 48.739854538870986
39.66442685125699 54.70341110129239
37.60328290065835 63.243799310489564
35.54213895005971 71.79519897928418
33.48099499946107 76.2486653412242
31.419851048862427 78.94106532382736
29.35870709826379 84.01236778530797
27.297563147665148 86.28972868926739
25.236419197066507 88.2739343814898
23.175275246467862 90.62401446679209
21.114131295869225 89.51862007172002
19.052987345270584 93.86650929150956
16.991843394671942 95.23643499616061
14.930699444073301 101.05281142233821
12.869555493474662 110.71273691016685
10.808411542876021 116.8623734765082
8.747267592277382 118.37184459217896
6.686123641678741 108.75168801446063
4.624979691080099 105.95667245851476
2.5638357404814585 90.44420803280167
0.5026917898828177 79.88036586220909
-1.558452160715823 79.04680750742841
-3.619596111314464 67.18829390829207
-5.680740061913105 60.46088541045645
-7.741884012511745 54.873408714612765
-9.803027963110386 52.209666885366055
-11.864171913709026 50.748353023444814
-13.925315864307668 45.309521564415206
-15.98645981490631 45.258769440567065
-18.047603765504952 39.49610829222043
-20.10874771610359 36.5415303459163
-22.16989166670223 31.36945314374767
-24.231035617300872 24.221473752876506
-26.292179567899513 24.58425851645272
-28.353323518498154 26.645871203870396
-30.414467469096795 20.32485088599645
-32.47561141969543 16.864005049951174
-34.53675537029408 21.56557184629276
-36.597899320892715 21.994421147027797
-38.659043271491356 21.007516938884834
-40.72018722209 24.475357264224147
-42.78133117268864 23.386585134162875
-44.84247512328728 27.053670108937457
-46.90361907388592 31.2750415541125
-48.96476302448457 33.18902009290818
-51.0259069750832 37.46034400426314
-53.087050925681844 42.161723665022585
-55.148194876280485 42.71652842888235
-57.209338826879126 45.79687966649921
-59.27048277747777 49.1980803283324
-61.33162672807641 50.43592580731818
-63.39277067867505 48.55379102192425
-65.45391462927368 48.74042998779035
-67.51505857987233 46.919067301055705
-69.57620253047097 44.16522002832322
-71.6373464810696 37.327792741413305
-73.69849043166825 37.17970992535319
-75.75963438226688 35.49936620049148
-77.82077833286553 32.96207373363642
-79.88192228346418 29.60017950457847
-81.94306623406283 27.027924480718095
-84.00421018466146 21.960926911346956
-86.0653541352601 21.39587571968977
-88.12649808585874 21.28491442110582
-90.18764203645738 16.25098586851502
-92.24878598705602 15.042662687972419
-94.30992993765466 17.650009256776666
-96.3710738882533 16.150817642286217
-98.43221783885194 18.319649506292038
-100.49336178945057 11.998025839524065
-102.55450574004921 11.579233563388454
-104.61564969064786 15.391791562986509
-106.67679364124649 12.48867113756288
-108.73793759184512 14.57000255288823
-110.79908154244377 11.385664890570178
-112.8602254930424 9.33525975225797
-114.92136944364105 8.99949286118507
-116.98251339423969 11.35126724987304
-119.04365734483834 11.91745021132014
-121.10480129543699 10.728453172892287
-123.16594524603562 9.817068505949297
-125.22708919663427 10.132142599397229
-127.2882331472329 10.621998331760253
-129.34937709783154 8.316528005962928
-131.41052104843018 12.989375441222373
-133.4716649990288 11.308005088639542
-135.53280894962745 6.094848732283555
-137.59395290022613 10.091462685806066
-139.65509685082475 12.119128624432287
-141.7162408014234 6.87405161070538
-143.77738475202202 7.618482271365029
-145.8385287026207 7.843339095575191
-147.8996726532193 10.652874269434534
-149.96081660381796 10.306777859241988
-152.02196055441658 8.267284397637981
-154.08310450501523 8.23384166066633
-156.14424845561388 6.269669737028321
-158.20539240621252 8.918715090919036
-160.26653635681114 7.168685660129686
-162.3276803074098 5.985739112680065
-164.3888242580084 9.715780314784167
-166.4499682086071 8.456003194115368
-168.5111121592057 8.636104070579577
-170.57225610980436 7.457329152647588
-172.63340006040298 6.649318525998905
-174.69454401100162 6.314679124083495
-176.7556879616003 7.859511599912114
-178.81683191219892 6.663621063361341
-180.87797586279757 9.335183162114998
-182.9391198133962 7.082119818341588
-185.00026376399487 5.358101606993006
-187.06140771459349 6.295544197189926
-189.12255166519213 8.668393018723233
-191.18369561579075 8.299189858713605
-193.2448395663894 9.856359490111481
-195.30598351698805 8.697377746098635
-197.3671274675867 8.191222672869037
-199.42827141818532 5.093783655444617
-201.48941536878397 7.588905243611121
-203.5505593193826 10.527132470396852
-205.61170326998126 5.768956887091991
-207.67284722057988 10.469120005790916
-209.73399117117853 9.704026453919692
-211.79513512177715 6.817019676362471
-213.85627907237583 10.458580971868807
-215.91742302297448 7.812426395253556
-217.9785669735731 9.30958610764312
-220.03971092417174 7.074850075961195
-222.10085487477036 5.973899993327972
-224.16199882536904 6.08733605828462
-226.22314277596766 9.204781505002071
-228.2842867265663 8.138312232516617
-230.34543067716493 8.945181765790625
-232.40657462776358 9.482060375222199
-234.46771857836222 7.438847038668455
-236.52886252896087 8.727280141090029
-238.5900064795595 7.084106450018755
-240.65115043015814 9.440375536098509
-242.7122943807568 6.361914617727212
-244.77343833135544 5.312262112184381
-246.83458228195406 4.964186110371831
-248.8957262325527 8.819476068224757
-250.95687018315132 6.122034380602801
-253.01801413375 6.495024200611501
-255.07915808434865 7.56269182660815
-257.1403020349473 9.179017462525552
-259.2014459855459 8.31079173482818
-261.26258993614454 11.994555229195162
