# BEGINHEADER
# This file contains data from the SALSA 2m radio telescope.
# DATE=2021-12-09T14:13:0025
# GLON and GLAT given in degrees
# GLON=94.85597698220273
# GLAT=-0.007601122749308551
# DATA in two columns below. Col. 1 is velocity relative to LSR [km/s]. Col. 2 is uncalibrated antenna temperature [K].
# ENDHEADER
264.5603412317564 2.799870188881353
262.4991972811577 7.440582261179166
260.43805333055906 4.207354236954655
258.37690937996047 9.280001543626023
256.3157654293618 10.030432552965326
254.25462147876317 8.06685450035262
252.19347752816452 10.200798261674064
250.13233357756587 8.722407424862032
248.07118962696725 10.899982775122524
246.0100456763686 10.28237038824539
243.94890172576996 9.100575195670544
241.8877577751713 8.237280111674377
239.8266138245727 10.879834301768685
237.76546987397404 11.205103002954901
235.70432592337542 9.926452498669503
233.64318197277674 10.346574446085187
231.58203802217812 10.160603703050784
229.52089407157948 11.463335585874693
227.45975012098086 9.222711564273355
225.3986061703822 8.344009168880275
223.33746221978353 11.09384692559343
221.2763182691849 12.369884065921227
219.21517431858626 10.652689171656421
217.15403036798764 9.233879153876396
215.092886417389 8.636979531689835
213.03174246679035 9.61737491440399
210.9705985161917 11.358985059823546
208.90945456559308 9.792337187350567
206.84831061499443 10.262671463703988
204.78716666439578 10.031652097577437
202.72602271379714 10.621866098466684
200.66487876319852 9.855236745205465
198.60373481259987 9.500118517070767
196.54259086200125 6.898849698917481
194.4814469114026 12.72241096850676
192.42030296080398 12.443516624284193
190.35915901020533 10.64901706376208
188.2980150596067 11.200794404864284
186.23687110900804 11.90421954254914
184.17572715840942 12.437547898306084
182.11458320781077 8.196112580654791
180.05343925721212 11.060592787312737
177.99229530661347 12.467567254159745
175.93115135601482 8.71287282058285
173.8700074054162 9.370424060319124
171.80886345481755 9.719222163710192
169.74771950421894 11.504808805014989
167.68657555362026 9.21694721206846
165.62543160302164 8.037027798353249
163.564287652423 11.022812500011002
161.50314370182437 10.382591331613058
159.44199975122572 12.603547919468772
157.38085580062707 10.640844195889086
155.31971185002843 11.017537904501419
153.2585678994298 10.604003055211995
151.19742394883116 10.318763592907665
149.1362799982325 10.880260599443192
147.07513604763386 9.219360374866525
145.01399209703524 9.754694397189798
142.9528481464366 8.819008116779422
140.89170419583795 9.0945521214214
138.8305602452393 9.776657824943387
136.76941629464065 10.222315486407416
134.70827234404203 10.498277755426596
132.64712839344338 11.215451130139705
130.58598444284473 9.451770584812431
128.5248404922461 8.64558849890801
126.46369654164747 8.98031044417151
124.40255259104882 10.270935029882798
122.34140864045017 7.796153497352743
120.28026468985153 10.17694048504133
118.2191207392529 10.385575425560262
116.15797678865425 8.62228563011578
114.09683283805562 9.305508706525634
112.03568888745697 7.748102980450362
109.97454493685834 9.243619765081569
107.91340098625969 8.974989802381296
105.85225703566105 10.475554543007021
103.79111308506242 9.161972632757898
101.72996913446377 9.938478144876743
99.66882518386514 7.424387093533064
97.60768123326649 9.053589479437436
95.54653728266786 10.222253726895904
93.48539333206921 5.63578093948191
91.42424938147057 10.431488263850689
89.36310543087194 9.349627645915199
87.30196148027329 11.725646388433391
85.24081752967464 8.954507345808253
83.179673579076 10.63660525480649
81.11852962847736 7.736209045918734
79.05738567787871 8.568282064777591
76.99624172728008 11.788256161133381
74.93509777668145 6.501209183455272
72.8739538260828 9.325530421344167
70.81280987548416 7.367192197527132
68.75166592488551 9.141813288492171
66.69052197428688 6.44200193294352
64.62937802368823 8.51114348088541
62.5682340730896 9.57802773597161
60.50709012249096 10.273227797183496
58.44594617189232 9.177695580074415
56.384802221293675 7.961639316268229
54.323658270695034 6.456805818661125
52.26251432009639 6.0458401968247975
50.20137036949775 6.407547382390972
48.140226418899104 6.566666168092415
46.07908246830047 9.44979150876717
44.01793851770183 6.119909771187304
41.95679456710319 7.087833089699616
39.89565061650455 7.118194744214275
37.8345066659059 5.935406413965566
35.77336271530726 7.981403811599044
33.71221876470862 6.984413909337038
31.65107481410998 8.12681129603733
29.589930863511338 8.197361620638647
27.5287869129127 9.284213427211276
25.46764296231406 7.078983557272428
23.406499011715415 10.246757836055888
21.345355061116777 8.328532799724792
19.284211110518136 13.674426574633316
17.223067159919495 15.536976423728332
15.161923209320854 17.034705784569148
13.100779258722214 20.48942046162058
11.039635308123572 28.43477861623127
8.978491357524932 41.733831106124086
6.917347406926291 63.10764244910359
4.856203456327651 83.68283253981735
2.7950595057290104 93.41020243042561
0.7339155551303694 94.02614880222526
-1.327228395468271 92.48975683294286
-3.388372346066912 93.81285120940191
-5.449516296665553 92.48378231170805
-7.510660247264195 89.94242600287768
-9.571804197862836 87.50618627494927
-11.632948148461475 83.9639978132614
-13.694092099060118 76.3550039872853
-15.755236049658757 70.22096440281489
-17.8163800002574 66.4013711202129
-19.877523950856038 59.16139984422489
-21.93866790145468 50.59006247037498
-23.99981185205332 51.197488170285624
-26.06095580265196 46.39476583114427
-28.122099753250602 46.86313330813059
-30.183243703849243 48.73364525212249
-32.244387654447884 49.459152221999155
-34.305531605046525 55.46197330408264
-36.366675555645166 57.386475961515885
-38.4278195062438 59.62332586976259
-40.48896345684245 64.92439765298505
-42.55010740744109 62.8853767140563
-44.61125135803973 61.96687175775605
-46.67239530863837 59.366348010943724
-48.73353925923701 58.39357470750335
-50.79468320983565 59.12910901914909
-52.85582716043429 55.98217036819962
-54.91697111103292 56.50607244722252
-56.97811506163156 55.034151384120385
-59.03925901223021 53.85408972196025
-61.10040296282885 52.94462539013327
-63.16154691342749 57.50384992187294
-65.22269086402613 55.662899221245254
-67.28383481462477 56.367942293010515
-69.34497876522342 54.19408567938314
-71.40612271582206 52.66957611675389
-73.4672666664207 50.28871532782439
-75.52841061701933 43.399493436991044
-77.58955456761798 38.76079478096975
-79.65069851821661 35.13468057436149
-81.71184246881526 33.118772029619606
-83.7729864194139 30.81921222504204
-85.83413037001255 28.596646456607544
-87.89527432061118 27.174305995366343
-89.95641827120981 27.890911243937367
-92.01756222180846 28.634989572362205
-94.0787061724071 32.72881174739058
-96.13985012300574 32.662531395534636
-98.20099407360438 30.352585369343792
-100.26213802420303 27.06889228608345
-102.32328197480166 23.44113192831419
-104.3844259254003 19.58949121163689
-106.44556987599894 17.34134747768236
-108.50671382659759 15.427922152227568
-110.56785777719624 12.962993061882056
-112.62900172779487 10.28144828880114
-114.69014567839352 10.350334436744358
-116.75128962899215 8.907532690846425
-118.81243357959079 6.542475828179818
-120.87357753018944 6.208068714323776
-122.93472148078807 4.242281804977301
-124.99586543138672 2.5126151739303793
-127.05700938198535 5.339950164172461
-129.118153332584 3.1107294231469433
-131.17929728318262 2.8004558609047097
-133.2404412337813 3.700902640673764
-135.30158518437992 3.237869338259332
-137.36272913497857 4.765207148205723
-139.42387308557718 4.58276452131882
-141.48501703617586 3.763017299919137
-143.54616098677448 5.1931722846315935
-145.60730493737313 1.8517597693798755
-147.66844888797175 1.4450415092091198
-149.7295928385704 4.163953223930932
-151.79073678916905 4.529871967487058
-153.8518807397677 2.4805237239696005
-155.9130246903663 2.0396240365384126
-157.97416864096496 3.3474217152257775
-160.03531259156358 3.029101286980233
-162.09645654216226 3.1084919300004215
-164.15760049276088 1.9720610065008022
-166.21874444335953 1.9171991699509192
-168.27988839395817 3.323465275993866
-170.34103234455682 1.7293963919612172
-172.40217629515547 2.0349183921752143
-174.4633202457541 3.2614589010743815
-176.52446419635274 0.925753060046811
-178.58560814695136 1.7949936136362554
-180.64675209755003 2.3864055672551063
-182.70789604814865 0.7514220718870287
-184.7690399987473 2.8871869111607564
-186.83018394934592 -0.6998651239199803
-188.89132789994457 1.8904696967349186
-190.95247185054322 3.104820840775039
-193.01361580114187 1.3900786164013117
-195.0747597517405 3.6197291990321867
-197.13590370233914 1.9344356027916876
-199.19704765293778 2.18973010219168
-201.25819160353643 2.8838514300126974
-203.3193355541351 3.5504540816510235
-205.38047950473373 3.6800872046392374
-207.44162345533238 2.372541650521799
-209.502767405931 3.113976124858216
-211.56391135652967 2.5840109852824877
-213.6250553071283 4.467181994548133
-215.68619925772694 5.5118343440555995
-217.74734320832556 3.050114161285737
-219.8084871589242 0.3472688180281807
-221.86963110952286 1.3243683057582578
-223.9307750601215 2.8294826782088003
-225.99191901072012 2.4618183329561893
-228.05306296131877 3.327317269201352
-230.1142069119174 2.898913783349847
-232.17535086251607 4.087821058907925
-234.2364948131147 -0.5406625546021635
-236.29763876371334 1.53523669957697
-238.35878271431196 3.0542587373217285
-240.41992666491063 2.6475259286903614
-242.48107061550928 3.0979690062881526
-244.5422145661079 3.004721539662088
-246.60335851670655 2.537474276664493
-248.66450246730517 3.75448188364073
-250.72564641790385 0.2715514339289097
-252.78679036850247 2.7889880487706082
-254.8479343191011 4.638645363948974
-256.90907826969976 6.836402833912101
-258.97022222029835 5.740010099701824
-261.03136617089706 5.648604851678067
