# BEGINHEADER
# This file contains data from the SALSA 2m radio telescope.
# DATE=2021-11-24T16:18:0047
# GLON and GLAT given in degrees
# GLON=99.89362640331237
# GLAT=5.988193011798849
# DATA in two columns below. Col. 1 is velocity relative to LSR [km/s]. Col. 2 is uncalibrated antenna temperature [K].
# ENDHEADER
269.13020879358567 -7.730712818728665
267.0690648429871 -13.72758264921928
265.00792089238837 -11.671516008802138
262.9467769417898 -12.603421868132386
260.88563299119113 -12.082571302798952
258.8244890405925 -13.366371978381416
256.76334508999383 -10.866768615312694
254.70220113939519 -14.186071985235678
252.64105718879657 -13.479239402784378
250.57991323819792 -11.653289524456172
248.5187692875993 -13.842070177250328
246.45762533700062 -14.63834894226529
244.39648138640197 -13.39845536158567
242.33533743580335 -12.881388367672663
240.2741934852047 -13.102728880450057
238.21304953460609 -13.672843808472011
236.1519055840074 -12.53626039863157
234.0907616334088 -11.709176123288833
232.02961768281014 -13.823887737458364
229.96847373221152 -12.918412760990567
227.90732978161287 -12.223041640044661
225.84618583101422 -12.18111035969212
223.78504188041558 -13.436442781850483
221.72389792981696 -11.840697591710384
219.6627539792183 -13.978830191750252
217.6016100286197 -11.974908643674663
215.540466078021 -12.249651264408026
213.4793221274224 -13.488388735360555
211.41817817682374 -12.393577184504995
209.35703422622512 -12.970870364150574
207.29589027562645 -11.865105276423693
205.2347463250278 -10.51842338987583
203.17360237442918 -14.158203560402535
201.11245842383053 -15.369378797969206
199.0513144732319 -14.28498807857221
196.99017052263324 -14.187609572025242
194.92902657203462 -15.658369520624742
192.86788262143597 -11.194545385997499
190.80673867083735 -12.227426855201202
188.7455947202387 -12.951196337487314
186.68445076964005 -11.771298145039268
184.6233068190414 -12.278700252098783
182.56216286844278 -13.186660278987176
180.50101891784414 -13.163526273272486
178.4398749672455 -12.956902730399072
176.37873101664684 -11.297910637038418
174.31758706604822 -12.56354442609594
172.25644311544957 -12.82345781185323
170.19529916485095 -12.232916005193463
168.13415521425227 -14.465795532752209
166.07301126365363 -12.57197408864409
164.011867313055 -12.806064535978697
161.95072336245636 -11.701324838854795
159.88957941185774 -11.74778554570187
157.82843546125906 -14.622267502255177
155.76729151066044 -14.229438450784393
153.7061475600618 -9.913846908002242
151.64500360946317 -10.85816389186191
149.5838596588645 -13.165460703664479
147.52271570826588 -15.614544946415208
145.46157175766723 -13.726160748763178
143.4004278070686 -12.160401813079442
141.33928385646996 -12.07189468291264
139.2781399058713 -12.393497741128952
137.21699595527267 -12.12711080704198
135.15585200467405 -12.395834523708697
133.0947080540754 -14.361727064232154
131.03356410347675 -11.473509975263712
128.9724201528781 -12.712350805867455
126.91127620227947 -11.245259419282496
124.85013225168083 -13.902875095304854
122.78898830108218 -13.526756760401538
120.72784435048355 -11.917583169868687
118.66670039988492 -12.577599297801282
116.60555644928627 -13.688332185844336
114.54441249868763 -11.928221428947412
112.48326854808899 -16.346375343751454
110.42212459749035 -13.262513361547894
108.36098064689169 -11.49130234102609
106.29983669629306 -14.111796124592608
104.23869274569442 -13.46251214337073
102.17754879509577 -12.242794247500994
100.11640484449714 -11.620052543940117
98.05526089389849 -13.83522860911995
95.99411694329984 -12.364054463745946
93.93297299270121 -14.532317898234579
91.87182904210256 -13.401399796224933
89.81068509150393 -12.066111033026198
87.74954114090528 -13.197296973947964
85.68839719030665 -13.321223322527432
83.62725323970801 -10.933264863026006
81.56610928910936 -13.77840309356674
79.50496533851073 -11.690669662358589
77.44382138791208 -11.569753501014574
75.38267743731345 -10.922426431430306
73.3215334867148 -12.910031092010119
71.26038953611615 -12.332204394427096
69.19924558551752 -13.472361745494759
67.13810163491887 -11.56314149065382
65.07695768432023 -12.704748666982075
63.0158137337216 -13.529632875192506
60.95466978312295 -10.661468696574529
58.89352583252431 -11.914820955916388
56.83238188192567 -13.625202847416867
54.77123793132703 -13.03884440398705
52.71009398072839 -12.522267736278346
50.648950030129754 -13.134488969522907
48.58780607953111 -12.734415967233323
46.52666212893247 -10.429708712437668
44.46551817833383 -12.617473582795618
42.40437422773518 -13.57638722166675
40.34323027713654 -10.768866777656179
38.2820863265379 -12.158953223805725
36.220942375939266 -9.382039291602572
34.159798425340625 -10.377643503618321
32.098654474741984 -13.993980618175085
30.037510524143343 -10.805001131282427
27.9763665735447 -10.57326248629724
25.91522262294606 -10.715378857569926
23.854078672347423 -10.108024142919627
21.792934721748782 -11.023708931060497
19.73179077115014 -9.316626757525166
17.6706468205515 -9.65740936843484
15.609502869952859 -6.50545486161903
13.54835891935422 -5.254865704637722
11.487214968755577 1.2832545492990275
9.426071018156938 8.68635234691859
7.3649270675582965 21.635320620163924
5.3037831169596545 29.777816261873202
3.2426391663610143 41.80513415241197
1.1814952157623737 48.33058375375092
-0.8796487348362672 49.91567578675673
-2.9407926854349076 49.47301315507094
-5.001936636033549 46.64345809055381
-7.063080586632189 41.95067007558325
-9.12422453723083 35.10672476275573
-11.18536848782947 30.907654340269957
-13.246512438428113 26.284306244034973
-15.307656389026752 24.132368913291547
-17.36880033962539 19.942210159200897
-19.429944290224032 17.304345696508648
-21.491088240822677 13.723207317985649
-23.552232191421314 15.621361370050257
-25.61337614201996 10.596351808094466
-27.6745200926186 9.43475340536014
-29.73566404321724 8.506195623311722
-31.796807993815882 7.188769395016218
-33.857951944414516 8.502470909834694
-35.919095895013164 6.411533987839373
-37.980239845611806 6.561095436169151
-40.04138379621045 4.932213649665445
-42.10252774680909 5.57131334097951
-44.16367169740773 5.144807229921555
-46.22481564800636 4.302134514705618
-48.285959598605004 6.024438770838939
-50.347103549203645 6.320218338179569
-52.408247499802286 6.916292601810366
-54.469391450400934 5.538360542397002
-56.530535400999575 9.915443165876365
-58.591679351598216 12.184807963349781
-60.65282330219685 12.714346885052436
-62.71396725279549 14.413182855243445
-64.77511120339413 18.19256509298888
-66.83625515399277 17.182644680463994
-68.89739910459141 17.065437701626152
-70.95854305519005 14.414120695424037
-73.0196870057887 10.084356090351603
-75.08083095638733 8.884588394353047
-77.14197490698598 7.407770392505856
-79.20311885758461 9.445589342890779
-81.26426280818325 9.130044789734372
-83.32540675878191 7.313142471455647
-85.38655070938054 5.049629432017828
-87.44769465997919 6.73238293009447
-89.50883861057783 9.575656021567747
-91.56998256117647 7.956334594096667
-93.63112651177511 8.585651173348413
-95.69227046237374 4.978241270216339
-97.75341441297239 2.508157645173728
-99.81455836357102 4.996368059044628
-101.87570231416966 2.5639125165868784
-103.93684626476829 0.5737959745515523
-105.99799021536694 -0.04601851126827132
-108.05913416596557 -1.6114140932837786
-110.12027811656422 -1.8960336024504818
-112.18142206716286 -3.3411412945919197
-114.24256601776149 -3.1334784984967077
-116.30370996836014 -3.4265975990072275
-118.36485391895877 -4.258219060063896
-120.42599786955742 -4.47635316589844
-122.48714182015607 -5.888920570653864
-124.54828577075472 -7.197126855003029
-126.60942972135335 -8.620825354378633
-128.67057367195198 -8.076338345676778
-130.73171762255063 -9.49870071868874
-132.79286157314928 -8.286149386598028
-134.8540055237479 -8.096306960676682
-136.91514947434655 -11.280401563368253
-138.97629342494517 -11.369246237663207
-141.03743737554385 -9.991946536785557
-143.0985813261425 -10.675461931720209
-145.1597252767411 -10.468389658075013
-147.22086922733976 -10.655718981921217
-149.28201317793838 -10.378769480687364
-151.34315712853706 -9.94398593701371
-153.40430107913568 -10.702026173135147
-155.46544502973433 -9.650968967684541
-157.52658898033295 -9.77475178935593
-159.5877329309316 -10.411969968134885
-161.64887688153024 -11.016836683525407
-163.7100208321289 -9.170067275466831
-165.7711647827275 -9.693338468983104
-167.83230873332616 -10.5921495981297
-169.89345268392478 -8.666144340550963
-171.95459663452345 -9.026206733077673
-174.01574058512207 -9.100796164420858
-176.07688453572072 -8.97274892304417
-178.13802848631934 -10.710000854929122
-180.19917243691802 -11.133923959782532
-182.26031638751667 -10.373783503450163
-184.3214603381153 -10.550944761382674
-186.38260428871394 -9.822888294050085
-188.44374823931255 -9.930160580694494
-190.50489218991123 -10.439131231508627
-192.56603614050985 -9.434811973659823
-194.6271800911085 -10.250184878370849
-196.68832404170712 -9.489833644581443
-198.74946799230577 -7.23786212192181
-200.81061194290442 -9.17602283672625
-202.87175589350306 -10.144557084824365
-204.93289984410168 -7.853382160538876
-206.99404379470033 -9.78062617101299
-209.05518774529898 -8.715274491914082
-211.11633169589763 -9.313640887765164
-213.17747564649625 -8.270893722945662
-215.2386195970949 -10.867167760943103
-217.29976354769352 -11.449069096477437
-219.3609074982922 -9.69098754333651
-221.42205144889084 -8.305998027184613
-223.48319539948946 -9.82076135975677
-225.5443393500881 -9.14757571305637
-227.60548330068673 -7.216416633649636
-229.6666272512854 -10.354539484592166
-231.72777120188402 -10.392366258406787
-233.78891515248267 -10.88182976623583
-235.8500591030813 -9.163020799448642
-237.91120305367997 -9.835026339205118
-239.9723470042786 -9.806830747991219
-242.03349095487724 -10.295981174383522
-244.09463490547586 -10.868172396663498
-246.1557788560745 -9.774596684275565
-248.21692280667315 -8.667630705803866
-250.2780667572718 -9.281810024844857
-252.33921070787042 -11.381247940835284
-254.40035465846907 -9.802967276775602
-256.4614986090677 -13.245997787178053
