# BEGINHEADER
# This file contains data from the SALSA 2m radio telescope.
# DATE=2021-12-09T14:09:0039
# GLON and GLAT given in degrees
# GLON=88.85350463932379
# GLAT=0.01230892738667745
# DATA in two columns below. Col. 1 is velocity relative to LSR [km/s]. Col. 2 is uncalibrated antenna temperature [K].
# ENDHEADER
265.13755976179937 0.7733692373983709
263.0764158112008 1.239766157401782
261.01527186060207 5.475851696740732
258.9541279100034 6.795919709803107
256.89298395940483 3.917528334233323
254.83184000880618 4.974632279749603
252.77069605820753 6.291145792103839
250.70955210760889 5.648782913726928
248.64840815701024 5.284235882242925
246.58726420641162 3.7669137217428226
244.52612025581297 4.953877409348149
242.46497630521435 5.588335490545208
240.40383235461567 5.6953805285440815
238.34268840401705 5.232481164396445
236.2815444534184 5.039554692683127
234.22040050281979 9.9299451678348
232.15925655222114 5.141508038027793
230.0981126016225 6.040948110095583
228.03696865102384 8.89754146088215
225.97582470042522 8.947171455725535
223.91468074982657 8.881462628115898
221.85353679922792 9.516283121116619
219.79239284862928 5.7187042077438575
217.73124889803063 5.979771877967931
215.670104947432 8.855399445449223
213.60896099683336 9.307715184244918
211.5478170462347 6.088639469842536
209.48667309563606 4.507050097213147
207.42552914503744 5.728027742693012
205.3643851944388 9.139811308365681
203.30324124384018 8.442045367729232
201.2420972932415 5.921207195457964
199.18095334264288 7.6299113073379194
197.1198093920442 5.180571288227562
195.05866544144558 8.88002451434936
192.99752149084694 10.868538132477113
190.9363775402483 5.945538112235593
188.87523358964964 9.33345410396905
186.81408963905102 5.323613962025743
184.75294568845237 8.152168833624241
182.69180173785375 8.863064864302116
180.63065778725507 5.105698163305186
178.56951383665643 6.507992242297491
176.5083698860578 7.880847109643901
174.44722593545916 4.8090972254456865
172.38608198486054 8.096907995792634
170.32493803426186 5.797205797473481
168.26379408366324 6.031896533887367
166.2026501330646 7.026417545884449
164.14150618246597 8.499375802951619
162.08036223186733 7.188120278052371
160.01921828126868 8.24856373154519
157.95807433067003 7.413653313320804
155.8969303800714 7.113141430780276
153.83578642947276 5.812515131694826
151.7746424788741 6.034479377352227
149.71349852827547 7.4037436700151025
147.65235457767685 6.63488690307749
145.5912106270782 6.500643670346457
143.53006667647955 7.023682884488164
141.4689227258809 4.661597514790526
139.40777877528225 5.673143831696947
137.34663482468363 4.641114866266356
135.28549087408499 6.697458948544389
133.22434692348637 7.701504411299875
131.1632029728877 6.679524429805555
129.10205902228907 6.405248895112919
127.04091507169043 3.909887809993929
124.97977112109177 8.020340186398021
122.91862717049314 8.177522775808683
120.8574832198945 5.862265361929256
118.79633926929586 5.942330197899128
116.73519531869722 7.540868750877605
114.67405136809857 6.227765360698033
112.61290741749994 7.128864771951509
110.55176346690129 5.568715679781172
108.49061951630266 4.621805808305776
106.42947556570402 5.595157377536206
104.36833161510538 7.031823702457116
102.30718766450674 6.52946052072826
100.2460437139081 5.889730806307035
98.18489976330946 6.156013741584783
96.12375581271081 6.168290484179863
94.06261186211218 5.291757902627595
92.00146791151354 6.645329831445374
89.9403239609149 6.879538880055361
87.87918001031626 5.122475548197132
85.8180360597176 5.806688876873494
83.75689210911897 3.6305697587351498
81.69574815852032 4.778278095297066
79.63460420792168 4.5343765120433615
77.57346025732305 5.115909918493393
75.5123163067244 5.981774571775254
73.45117235612577 5.883970524282576
71.39002840552712 4.189653400414145
69.32888445492848 5.317979101468347
67.26774050432984 6.150751551745067
65.2065965537312 4.089087637975487
63.14545260313256 3.092595262010834
61.08430865253392 4.927419810416076
59.023164701935286 3.601596016351257
56.96202075133664 6.341011635044006
54.900876800738 4.0083778465013
52.839732850139356 5.4625684266204315
50.778588899540715 6.690101393115955
48.717444948942074 5.030450514134525
46.65630099834343 5.906411444670872
44.5951570477448 6.777429919126745
42.53401309714616 4.836828229823177
40.47286914654752 5.248917669340431
38.411725195948875 4.835492108511044
36.35058124535023 3.532867385748536
34.289437294751586 4.776231988591429
32.22829334415295 5.979197501413026
30.167149393554308 6.6919849895901935
28.106005442955666 7.472902315897286
26.04486149235703 3.8776456974401
23.98371754175839 6.764586567008421
21.922573591159747 8.776032379286
19.861429640561106 10.456207449648243
17.800285689962468 15.607604584422898
15.739141739363825 21.147211501537065
13.677997788765186 27.853500358163576
11.616853838166543 43.32007633405006
9.555709887567902 63.95998623231293
7.494565936969261 79.41020553761152
5.433421986370622 92.47867077504362
3.3722780357719806 95.78385582425189
1.3111340851733397 89.71693130151564
-0.750009865425301 89.16171072950331
-2.811153816023942 83.91300766081041
-4.872297766622583 79.23373731003078
-6.933441717221224 77.94479907085557
-8.994585667819866 75.57870426269936
-11.055729618418505 74.03734106324042
-13.116873569017146 69.34681305364137
-15.178017519615786 66.96235540037479
-17.239161470214427 64.57858571398629
-19.300305420813068 59.82993578768687
-21.36144937141171 55.854693388183264
-23.422593322010346 49.30837765854471
-25.483737272608995 43.01280922100053
-27.544881223207632 41.80869180704866
-29.606025173806273 37.829507443349044
-31.667169124404914 37.11536488076308
-33.728313075003555 37.79255319267482
-35.789457025602196 41.25959295389634
-37.85060097620083 43.05357603041507
-39.91174492679948 46.01370300563077
-41.97288887739812 46.42143029119166
-44.03403282799676 47.29089705371206
-46.0951767785954 46.78547609400941
-48.15632072919404 46.6501860037131
-50.217464679792684 47.210132996730835
-52.27860863039132 42.341998598771404
-54.33975258098996 39.85781230281501
-56.4008965315886 39.97795564158579
-58.46204048218724 38.60936325731607
-60.52318443278589 36.202504141861
-62.58432838338453 34.198279729140566
-64.64547233398316 35.06090100770972
-66.7066162845818 35.01122259723416
-68.76776023518046 39.4627241873679
-70.8289041857791 40.406219456385784
-72.89004813637773 43.962786920855116
-74.95119208697638 45.724120834831666
-77.01233603757501 49.17497812155216
-79.07347998817366 46.00798425418645
-81.1346239387723 41.55834266431863
-83.19576788937094 39.81449131482633
-85.25691183996958 37.703582999265166
-87.31805579056821 31.578870778773716
-89.37919974116686 29.362609890330553
-91.44034369176549 29.181027960916552
-93.50148764236414 26.33019842260464
-95.56263159296277 27.179057210075385
-97.62377554356142 21.002974593279163
-99.68491949416006 19.766340360988696
-101.74606344475869 15.60110019706363
-103.80720739535734 16.589334414411418
-105.86835134595597 12.064561384741083
-107.92949529655463 9.730358872888075
-109.99063924715327 8.57558191407801
-112.05178319775192 6.990141109268913
-114.11292714835055 7.207542137682776
-116.17407109894918 6.467506201507858
-118.23521504954783 5.1077848658689415
-120.29635900014647 6.432355800245264
-122.35750295074511 4.028143790267536
-124.41864690134375 2.549398565423935
-126.4797908519424 0.6027452792352699
-128.54093480254105 2.380070656496081
-130.60207875313966 3.344158507577006
-132.6632227037383 -0.1562656362851606
-134.72436665433696 1.1773795346622287
-136.78551060493558 2.700694474627855
-138.84665455553426 1.9487725371390074
-140.90779850613288 -0.596270245338938
-142.96894245673153 0.5364041132190025
-145.03008640733015 0.6784985686991672
-147.0912303579288 1.1084477380390607
-149.15237430852744 0.09496502497389923
-151.2135182591261 -0.5424518748123146
-153.2746622097247 1.3522729630022396
-155.33580616032336 -0.9502309893715187
-157.39695011092198 1.0628112412598987
-159.45809406152065 1.5629395857470008
-161.51923801211927 0.11404896570720939
-163.58038196271792 2.0270245808392446
-165.64152591331654 -0.5495499173678589
-167.70266986391522 -1.0229022913064756
-169.76381381451387 -1.5407980260558696
-171.8249577651125 -1.1725632425096786
-173.88610171571113 1.4343341414440987
-175.94724566630975 2.155034631407561
-178.00838961690843 0.3091880780601403
-180.06953356750705 1.1465324460534785
-182.1306775181057 1.2512866899044175
-184.19182146870432 0.6221747165150358
-186.25296541930297 1.4575727630134812
-188.31410936990162 -0.7501856218202756
-190.37525332050026 0.7725639514330013
-192.43639727109888 0.1473893122163244
-194.49754122169753 0.22769262645902505
-196.55868517229618 1.121452837466984
-198.6198291228948 -0.3324239278652353
-200.68097307349342 0.43802161463264033
-202.74211702409207 2.568516960464257
-204.80326097469074 1.4975503933719139
-206.86440492528936 -1.0550884316568103
-208.925548875888 -0.027829572354782433
-210.98669282648663 -1.7127178476097737
-213.04783677708528 1.3035477743618387
-215.10898072768393 -0.37579327508792204
-217.17012467828258 -0.4703722363517591
-219.2312686288812 -4.483142433940227
-221.29241257947984 1.7640259139234196
-223.3535565300785 0.7117608142181453
-225.41470048067714 -2.055762991049332
-227.47584443127576 2.529028104410076
-229.5369883818744 0.6782099568566892
-231.59813233247303 0.9677846787183716
-233.6592762830717 0.7961671157734159
-235.72042023367032 0.6518367113909982
-237.78156418426897 0.9872068505606998
-239.8427081348676 0.7563692087405123
-241.90385208546624 1.9148792760582076
-243.96499603606492 0.07332020685816566
-246.02613998666354 1.7428155804384318
-248.08728393726219 1.425318226100994
-250.1484278878608 0.6119339267177855
-252.20957183845945 0.2124509966083161
-254.2707157890581 0.690595425231835
-256.33185973965675 3.393983159160009
-258.3930036902554 2.0746037487978506
-260.454147640854 2.5916162961096902
