# BEGINHEADER
# This file contains data from the SALSA 2m radio telescope.
# DATE=2021-11-27T01:58:0000
# GLON and GLAT given in degrees
# GLON=205.8772085305215
# GLAT=-6.259693798787691
# DATA in two columns below. Col. 1 is velocity relative to LSR [km/s]. Col. 2 is uncalibrated antenna temperature [K].
# ENDHEADER
262.2987344937476 3.6980708962627054
260.23759054314894 9.649601078723842
258.1764465925503 8.460295939602007
256.11530264195164 9.559506068378417
254.054158691353 8.964935223471663
251.99301474075435 10.647522823146476
249.93187079015573 9.420767794997161
247.87072683955708 9.890752363833371
245.80958288895843 10.367257542404898
243.74843893835978 10.478862692159895
241.68729498776116 10.65474559190215
239.62615103716251 9.858102417825037
237.56500708656387 11.135949791896373
235.50386313596522 10.521045402195014
233.4427191853666 10.53751881116105
231.38157523476795 12.926979985346989
229.32043128416933 9.563572710016482
227.25928733357065 12.236777107592456
225.19814338297203 11.462302145134846
223.1369994323734 10.746027969743675
221.07585548177477 10.550391068840366
219.01471153117612 11.517900090783057
216.95356758057747 10.913981087382655
214.89242362997882 10.859246026569068
212.83127967938017 12.781461931065543
210.77013572878155 11.27557911242816
208.70899177818288 11.12832178948933
206.64784782758426 10.07468842174997
204.5867038769856 11.120534829282295
202.525559926387 11.68810964656225
200.46441597578834 10.85065048862494
198.4032720251897 11.07424861932436
196.34212807459102 11.671334388205926
194.2809841239924 10.963984740545454
192.21984017339375 12.581735221977626
190.15869622279513 10.799277342736533
188.09755227219648 10.950195407675228
186.03640832159783 11.160128056457703
183.97526437099918 12.438307259321276
181.91412042040056 11.292724416653767
179.85297646980192 10.468470267561521
177.7918325192033 10.809192934045958
175.73068856860462 14.140745180151685
173.66954461800597 10.694368658172756
171.60840066740735 10.146397178973
169.5472567168087 12.704218908978726
167.48611276621006 13.185102649325646
165.4249688156114 11.278133243031295
163.3638248650128 11.092996016383292
161.30268091441414 11.353887301444132
159.24153696381552 11.977773225129242
157.18039301321684 9.783779002974153
155.11924906261822 10.50383613512804
153.05810511201958 10.659714260898777
150.99696116142096 10.518422065477022
148.9358172108223 11.644558351325296
146.87467326022366 12.325710195249496
144.813529309625 10.745802739532891
142.7523853590264 10.16357133728561
140.69124140842774 11.117402882313622
138.63009745782907 10.568175039466878
136.56895350723045 10.454377347804373
134.5078095566318 11.222708656153538
132.44666560603318 10.44089231420059
130.38552165543453 11.537847483276073
128.32437770483588 10.71949851446116
126.26323375423725 12.349846703453444
124.20208980363861 11.473099129646176
122.14094585303998 11.103668498128714
120.07980190244132 12.239646568528594
118.01865795184268 12.176198698638677
115.95751400124404 12.68902485402757
113.8963700506454 11.82000964721788
111.83522610004675 11.198308737712496
109.77408214944812 11.202198639981091
107.71293819884949 10.722283966798003
105.65179424825084 11.079358944416418
103.5906502976522 8.841547672480969
101.52950634705356 12.899114314009301
99.46836239645492 10.958911119889743
97.40721844585629 9.53157214873832
95.34607449525765 10.37433295699084
93.284930544659 10.239851385822039
91.22378659406037 11.26789659199794
89.16264264346174 10.67636780724612
87.10149869286309 12.613884011848082
85.04035474226446 10.075809215590596
82.9792107916658 10.63631722616574
80.91806684106717 11.592090369719434
78.85692289046851 11.823176028205607
76.79577893986988 10.699849538038116
74.73463498927124 9.145378785145981
72.6734910386726 9.772824368432483
70.61234708807396 11.006730078292696
68.55120313747531 11.564377797392666
66.49005918687668 10.946081713338861
64.42891523627804 12.61300085233623
62.367771285679396 12.332124998187766
60.306627335080755 14.80830684927778
58.245483384482114 15.854458274664182
56.18433943388347 15.897342514431447
54.12319548328484 18.737678335589383
52.0620515326862 22.573554631611504
50.00090758208755 24.808284394765575
47.93976363148891 31.673118614183412
45.87861968089027 34.72857161986524
43.817475730291626 40.221067840019884
41.756331779692985 45.38267864959686
39.69518782909435 48.995144277401714
37.63404387849571 51.28645275084962
35.57289992789707 55.431556348575924
33.51175597729843 54.267021965726784
31.450612026699783 52.708485241748264
29.389468076101146 53.24935734500262
27.3283241255025 53.145490535934165
25.26718017490386 54.52187133033327
23.206036224305223 58.73887834775144
21.14489227370658 63.24745343375188
19.08374832310794 69.39748852617946
17.0226043725093 78.64681786666235
14.961460421910658 90.48384461943525
12.900316471312017 101.76979500330867
10.839172520713376 111.61754243331538
8.778028570114735 111.13936655263615
6.716884619516094 108.22377027344298
4.6557406689174545 92.64080788399212
2.594596718318813 74.2727697227432
0.533452767720172 51.43996607932579
-1.5276911828784687 38.502883238588396
-3.5888351334771094 31.219755481347743
-5.64997908407575 23.899521181962943
-7.711123034674392 20.16412252960773
-9.772266985273033 17.32545059233436
-11.833410935871672 14.792394903445038
-13.894554886470313 15.445064699868231
-15.955698837068953 13.127157898636174
-18.016842787667592 11.739852061349279
-20.077986738266233 12.421181695586215
-22.139130688864878 11.95716147318607
-24.200274639463515 11.700476955548586
-26.261418590062156 11.283568574929186
-28.322562540660797 10.298576725631824
-30.38370649125944 11.341766497210264
-32.44485044185808 9.07516791143839
-34.50599439245672 9.46537646575855
-36.56713834305536 11.161186613570699
-38.628282293654 10.638664906916544
-40.689426244252644 9.69243339951537
-42.75057019485128 10.24891297503859
-44.81171414544992 9.3819245593787
-46.87285809604857 10.028089963046366
-48.93400204664721 8.286776127736227
-50.99514599724585 6.760333998520492
-53.05628994784449 10.199143457645071
-55.11743389844313 7.912085073149859
-57.178577849041766 8.0047546339527
-59.23972179964041 7.994605741831637
-61.30086575023905 8.62966393400181
-63.36200970083769 8.13368271433201
-65.42315365143634 8.821758730208934
-67.48429760203497 8.208846502501057
-69.5454415526336 7.324331829233023
-71.60658550323225 7.229700454129221
-73.66772945383089 9.17105665194471
-75.72887340442955 8.5569336317461
-77.79001735502818 8.567891730967201
-79.85116130562682 7.532949865354044
-81.91230525622547 6.385203338864486
-83.9734492068241 7.519696910824225
-86.03459315742275 8.837525411902089
-88.09573710802138 6.796900293980606
-90.15688105862002 6.367046212491884
-92.21802500921866 7.261855255034512
-94.2791689598173 6.862861124940683
-96.34031291041595 8.144786784286701
-98.40145686101458 7.867397558296125
-100.46260081161323 8.458826573990688
-102.52374476221188 6.8855516315656855
-104.58488871281051 7.6278379883437255
-106.64603266340916 7.459501373282018
-108.70717661400779 6.284011813207893
-110.76832056460643 6.296833511399671
-112.82946451520509 6.782968160166206
-114.89060846580372 8.133162777228275
-116.95175241640237 6.354465279835971
-119.012896367001 6.139624175904603
-121.07404031759965 6.130483600280105
-123.13518426819829 5.956693150905175
-125.19632821879692 5.777184442326984
-127.25747216939557 5.381250639012467
-129.3186161199942 6.600374409122974
-131.37976007059282 6.421129390072928
-133.4409040211915 5.058823621257174
-135.50204797179015 6.845557007323098
-137.56319192238877 6.369721470883939
-139.62433587298742 5.415407195519394
-141.68547982358604 6.404404935937766
-143.7466237741847 5.967841022582638
-145.80776772478333 6.01166649705942
-147.86891167538198 4.427375465439531
-149.9300556259806 3.978189288902326
-151.99119957657928 6.800834816888896
-154.0523435271779 5.915874860577623
-156.11348747777654 5.136866177630459
-158.17463142837516 5.282964571945569
-160.2357753789738 4.60777552884849
-162.29691932957246 5.357728903033678
-164.3580632801711 6.741013260738994
-166.41920723076973 4.922062471940844
-168.48035118136838 5.458876268627487
-170.541495131967 4.582529134773684
-172.60263908256567 4.683289315750554
-174.66378303316432 5.261015211284995
-176.72492698376294 5.581254076304808
-178.7860709343616 5.303568287694667
-180.8472148849602 6.202574838587016
-182.9083588355589 6.054245578226276
-184.9695027861575 5.297811432725918
-187.03064673675615 5.211269322405206
-189.09179068735477 5.674897289332623
-191.15293463795345 4.737933677089111
-193.21407858855207 4.065547410801147
-195.27522253915072 4.849667802219355
-197.33636648974934 6.070635350004591
-199.397510440348 3.768547086670901
-201.4586543909466 4.759807009943609
-203.51979834154525 4.005632745801541
-205.58094229214387 3.6593754023114577
-207.64208624274252 4.486845239492806
-209.70323019334117 4.147414555952743
-211.76437414393982 4.812772909200967
-213.82551809453847 5.0885996870628
-215.8866620451371 3.8905329919568317
-217.94780599573576 3.524003285250217
-220.00894994633438 6.500121232345909
-222.07009389693303 6.85528077038163
-224.13123784753165 4.920091186361154
-226.1923817981303 3.2583795836952496
-228.25352574872895 3.8492804001164527
-230.3146696993276 4.924187310243036
-232.37581364992622 6.8213104470240244
-234.43695760052486 5.46970060320926
-236.49810155112348 3.402920022886956
-238.55924550172216 3.7758368016776127
-240.62038945232078 4.08123481997914
-242.68153340291943 5.24005527251059
-244.74267735351805 4.35076017164489
-246.80382130411672 5.400531102746273
-248.86496525471537 6.2801633555114424
-250.926109205314 5.707182707234768
-252.98725315591264 5.325861195024427
-255.04839710651126 7.83938905490448
-257.10954105710994 7.556041747260139
-259.1706850077086 8.001243050993617
-261.2318289583072 7.677690550194903
-263.2929729089058 8.537347445742014
